22/08/2007 2454335.74   -1.3 12.570 0.100                           1
02/09/2007 2454347.50  +10.5 12.471 0.030 12.306 0.030 12.077 0.030 2
05/09/2007 2454349.50  +12.5 12.518 0.020 12.307 0.020 12.154 0.030 3
18/09/2007 2454361.62  +24.6              12.760 0.040              4
19/09/2007 2454363.60  +26.6 13.069 0.020 12.723 0.030 12.651 0.030 5
08/10/2007 2454382.60  +45.6 13.733 0.040 13.434 0.040 13.377 0.040 1
10/10/2007 2454383.39  +46.4              13.440 0.050              4
14/10/2007 2454388.60  +51.6 13.913 0.040 13.507 0.040 13.681 0.040 1
17/10/2007 2454391.60  +54.6 14.020 0.040 13.657 0.040 13.674 0.040 1
24/10/2007 2454398.60  +61.6 14.239 0.040 13.807 0.040 13.877 0.040 1
28/10/2007 2454402.60  +65.6 14.411 0.040 13.911 0.040 13.957 0.040 1
03/11/2007 2454407.32  +70.3              14.030 0.030              4
20/11/2007 2454424.44  +87.4              14.490 0.030              4
05/12/2007 2454439.70 +102.7 15.396 0.040 14.795 0.030 15.309 0.030 3
16/12/2007 2454450.70 +113.7 15.860 0.040 15.120 0.030 15.415 0.030 3
20/12/2007 2454454.35 +117.4              15.240 0.040              4
09/01/2008 2454474.20 +137.2              15.590 0.040              4
09/01/2008 2454474.72 +137.7 16.306 0.100 15.552 0.100 15.603 0.100 5
16/02/2008 2454512.22 +175.2              16.250 0.040              4
20/02/2008 2454516.23 +179.2              16.320 0.040              4
05/09/2008 2454715.13 +378.1 19.214 0.060                           4
06/09/2008 2454716.14 +379.1              18.196 0.029              4
08/09/2008 2454718.04 +381.0                           19.280 0.200 4
