Mar 30.89 2449077.39  9.95  10.77  10.70  10.60  10.51
Mar 31.06 2449077.56 10.02  10.85  10.76  10.64  10.55
Mar 31.98 2449078.48 10.55  11.21  11.02  10.83  10.69
Apr 01.90 2449079.40 11.05  11.57  11.30  11.05  10.84
Apr 02.99 2449080.49 11.48  11.91  11.62  11.32  11.03
Apr 03.16 2449080.66        11.93  11.64  11.26  10.97
Apr 03.90 2449081.40 11.76  12.14  11.79  11.41  11.19
Apr 04.09 2449081.59 11.80  12.19  11.81  11.47  11.23
Apr 04.95 2449082.45 11.85  12.28  11.90  11.52  11.27
Apr 05.08 2449082.58 11.88  12.29  11.92  11.51  11.28
Apr 05.91 2449083.41 11.93  12.27  11.86  11.47  11.23
Apr 05.97 2449083.47 11.94  12.27  11.88  11.44  11.26
Apr 06.10 2449083.60 11.93  12.26  11.86  11.45  11.24
Apr 06.99 2449084.49 11.95  12.21  11.80  11.38  11.17
Apr 08.02 2449085.52 11.90  12.07  11.64  11.24  11.09      I
Apr 08.10 2449085.60 11.89  12.06  11.63  11.25  11.10
Apr 08.98 2449086.48 11.78  11.95  11.50  11.11  10.96
Apr 10.07 2449087.57 11.70  11.82  11.39  11.04  10.91
Apr 10.16 2449087.66 11.69  11.82  11.36  11.02  10.94
Apr 10.89 2449088.39 11.63  11.73  11.28  10.83  10.78
Apr 10.93 2449088.43 11.63  11.72  11.29  10.83  10.74
Apr 11.01 2449088.51 11.65  11.73  11.28  10.86  10.82
Apr 11.06 2449088.56 11.66  11.74  11.32  10.85  10.81
Apr 11.93 2449089.43        11.64  11.17
Apr 12.87 2449090.37        11.51  11.10
Apr 13.00 2449090.50        11.53  11.08
Apr 13.88 2449091.38        11.48  11.01
Apr 14.04 2449091.54        11.46  11.00
Apr 14.88 2449092.38        11.42  10.94
Apr 14.98 2449092.48        11.40  10.93
Apr 15.88 2449093.38        11.38  10.89
Apr 16.05 2449093.55        11.39  10.90
Apr 16.89 2449094.39        11.37  10.87
Apr 17.00 2449094.50        11.38  10.85
Apr 17.93 2449095.43        11.40  10.90
Apr 21.96 2449099.46        11.73  10.99  10.54  10.40
Apr 23.91 2449101.41        12.04  11.16  10.66  10.49
Apr 24.89 2449102.39        12.22  11.24  10.82  10.60
Apr 25.91 2449103.41 12.94  12.36  11.35  10.77  10.62
Apr 27.91 2449105.41 13.33  12.64  11.51  10.88  10.73
Apr 28.87 2449106.37 13.45  12.78  11.63  10.94  10.81
Apr 29.90 2449107.40 13.63  12.82  11.68  10.98  10.79
May 30.88 2449108.38 13.70  12.94  11.72  11.03  10.86
May 05.89 2449113.39 14.10  13.26  12.01  11.28  11.05
May 14.90 2449122.40 14.43  13.51  12.26  11.56  11.28
May 15.90 2449123.40 14.37  13.54  12.32  11.60  11.30
May 16.88 2449124.38        13.58  12.32
May 22.88 2449130.38 14.41  13.63  12.45  11.76  11.46
May 24.91 2449132.41 14.44  13.71  12.48  11.81  11.49       P
May 25.88 2449133.38 14.43  13.70  12.49  11.83  11.52
