Apr 03.2  2449080.7  11.46  12.01  11.65  11.35  11.06
Apr 06.2  2449083.7  11.81  12.20  11.80  11.45  11.23
Apr 07.2  2449084.7  11.82  12.12  11.69  11.34  11.14
Apr 08.2  2449085.7  11.78  11.98  11.56  11.21  11.04
Apr 10.2  2449087.7  11.62: 11.80  11.31  10.99  10.86  CP
Apr 11.2  2449088.7  11.50  11.64  11.21  10.89  10.76  
Apr 12.2  2449089.7  11.40  11.57  11.09  10.79  10.69  
Apr 13.2  2449090.7  11.30  11.47  11.00  10.70  10.61  
Apr 14.2  2449091.7  11.31  11.43  10.95  10.66  10.57  
Apr 16.2  2449093.7  11.16  11.35  10.84  10.54  10.44  
Apr 17.2  2449094.7  11.22  11.31  10.79  10.46  10.43  CP
Apr 18.2  2449095.7  11.34  11.35  10.76  10.44  10.35  CP
Apr 19.2  2449096.7  11.34  11.38  10.75  10.45  10.38  
Apr 20.3  2449097.7  11.49  11.48  10.83  10.49  10.39  
Apr 22.2  2449099.7  11.58  11.71  10.95  10.57  10.47  CP
Apr 23.2  2449100.7  12.12  11.87  11.03  10.61  10.45  
Apr 27.2  2449104.7  13.36: 12.49  11.36  10.86  10.64  
Apr 27.3  2449104.8  13.40  12.53  11.40  10.90         
Apr 28.3  2449105.7  13.56  12.65  11.51  11.00  10.76  
Apr 29.2  2449106.7  13.39  12.72  11.55  11.00  10.77  
Apr 29.3  2449106.8  13.38  12.71  11.54  10.99  10.76  
May 01.2  2449108.7  14.12  12.82  11.66  11.10  10.85  
May 02.2  2449109.7  14.15  12.94  11.71  11.14  10.87  
May 03.2  2449110.7  13.62  12.96  11.79  11.20  10.95  CP
May 08.2  2449115.7         13.26  12.01  11.42  11.11  
May 09.3  2449116.7  14.19  13.31  12.04  11.44  11.13  
May 14.3  2449121.8         13.46  12.22  11.61  11.26  
May 15.3  2449122.8         13.46  12.22  11.63  11.28  
May 16.3  2449123.7         13.47  12.22  11.64  11.29  
May 19.3  2449126.7         13.55  12.29  11.72  11.37  CP
May 21.3  2449128.8                12.36  11.80  11.43  CP
May 22.3  2449129.8         13.56  12.39  11.82  11.45  
May 23.3  2449130.8         13.57  12.39  11.81  11.47  
Jun 03.3  2449141.8  14.04  13.68  12.59  12.03  11.67  CP
Jun 09.2  2449147.8  14.29  13.79  12.73  12.21  11.79  
Jun 27.2  2449165.7  14.47  13.98  13.08  12.60  12.16  P
Jun 29.2  2449167.7  14.30+        13.11+        12.21+ 
Jun 30.2  2449168.7  14.34  13.95+        12.65+        
Jul 01.2  2449169.7  14.29+        13.11+        12.19+ 
Jul 02.2  2449170.7  14.26  13.96+        12.69+        
Jul 03.2  2449171.7                13.13+        12.31+ P
Jul 04.2  2449172.7  14.36  13.96+        12.72+        P
Jul 05.2  2449173.7  14.35+        13.20+        12.30+ 
Jul 06.2  2449174.7  14.24  13.99+        12.80+        P
Jul 11.2  2449179.7  14.49+        13.32+        12.47+ 
Jul 12.2  2449180.7         14.14  13.34  12.88  12.49  CP
Jul 13.2  2449181.7  14.50+
