#Modelname texp[d] Lbol Luvoir then U B V R I J H K @ 10pc
#           luc365A_trimmed_mixed1000_2    2.36  2.4744e+41  1.9819e+41  -14.749  -14.684  -15.026  -15.101  -14.928  -15.194  -15.214  -15.352
#           luc365A_trimmed_mixed1000_3    2.60  2.2360e+41  1.7370e+41  -14.401  -14.437  -14.944  -15.078  -14.885  -15.223  -15.245  -15.391
#           luc365A_trimmed_mixed1000_4    2.86  2.1129e+41  1.5993e+41  -14.071  -14.233  -14.904  -15.088  -14.917  -15.266  -15.288  -15.444
            luc365A_trimmed_mixed1000_5    3.15  2.0960e+41  1.5583e+41  -13.793  -14.106  -14.912  -15.130  -14.991  -15.321  -15.342  -15.508
            luc365A_trimmed_mixed1000_6    3.47  2.1397e+41  1.5737e+41  -13.584  -14.034  -14.947  -15.188  -15.079  -15.377  -15.397  -15.573
             luc365A_trimmed_mixed1000_7    3.82  2.2141e+41  1.6204e+41  -13.442  -13.999  -14.999  -15.251  -15.165  -15.424  -15.447  -15.630
            luc365A_trimmed_mixed1000_8    4.20  2.3094e+41  1.6892e+41  -13.355  -13.994  -15.059  -15.315  -15.249  -15.468  -15.492  -15.677
             luc365A_trimmed_mixed1000_9    4.62  2.4198e+41  1.7742e+41  -13.302  -14.011  -15.123  -15.380  -15.334  -15.510  -15.535  -15.715
           luc365A_trimmed_mixed1000_10    5.08  2.5300e+41  1.8609e+41  -13.261  -14.037  -15.181  -15.437  -15.417  -15.543  -15.578  -15.743
            luc365A_trimmed_mixed1000_11    5.59  2.5290e+41  1.8494e+41  -13.140  -13.987  -15.174  -15.444  -15.449  -15.560  -15.621  -15.765
           luc365A_trimmed_mixed1000_12    6.15  2.5513e+41  1.8509e+41  -13.009  -13.942  -15.176  -15.461  -15.487  -15.597  -15.682  -15.807
            luc365A_trimmed_mixed1000_13    6.76  2.6376e+41  1.9003e+41  -12.909  -13.940  -15.206  -15.501  -15.542  -15.660  -15.762  -15.874
           luc365A_trimmed_mixed1000_14    7.44  2.8304e+41  2.0323e+41  -12.878  -14.007  -15.280  -15.579  -15.629  -15.753  -15.865  -15.970
            luc365A_trimmed_mixed1000_15    8.18  3.1581e+41  2.2709e+41  -12.937  -14.149  -15.403  -15.697  -15.749  -15.873  -15.990  -16.091
           luc365A_trimmed_mixed1000_16    9.00  3.6551e+41  2.6455e+41  -13.103  -14.362  -15.569  -15.853  -15.898  -16.015  -16.135  -16.236
            luc365A_trimmed_mixed1000_17    9.90  4.3383e+41  3.1715e+41  -13.362  -14.622  -15.770  -16.033  -16.066  -16.170  -16.292  -16.395
           luc365A_trimmed_mixed1000_18   10.89  5.2271e+41  3.8691e+41  -13.693  -14.915  -15.988  -16.225  -16.240  -16.330  -16.452  -16.560
            luc365A_trimmed_mixed1000_19   11.98  6.3230e+41  4.7425e+41  -14.061  -15.219  -16.208  -16.416  -16.412  -16.488  -16.610  -16.723
           luc365A_trimmed_mixed1000_20   13.18  7.6242e+41  5.7961e+41  -14.439  -15.522  -16.421  -16.598  -16.576  -16.639  -16.757  -16.879
            luc365A_trimmed_mixed1000_21   14.50  9.0941e+41  7.0008e+41  -14.795  -15.807  -16.618  -16.765  -16.727  -16.778  -16.892  -17.024
           luc365A_trimmed_mixed1000_22   15.95  1.0678e+42  8.3121e+41  -15.111  -16.063  -16.794  -16.914  -16.865  -16.903  -17.012  -17.156
            luc365A_trimmed_mixed1000_23   17.55  1.2294e+42  9.6574e+41  -15.375  -16.281  -16.945  -17.044  -16.989  -17.012  -17.117  -17.274
           luc365A_trimmed_mixed1000_24   19.31  1.3806e+42  1.0909e+42  -15.575  -16.450  -17.066  -17.152  -17.099  -17.106  -17.213  -17.379
            luc365A_trimmed_mixed1000_25   21.24  1.5101e+42  1.1952e+42  -15.707  -16.566  -17.157  -17.236  -17.195  -17.188  -17.308  -17.472
           luc365A_trimmed_mixed1000_26   23.36  1.6104e+42  1.2715e+42  -15.771  -16.628  -17.219  -17.300  -17.281  -17.261  -17.403  -17.557
            luc365A_trimmed_mixed1000_27   25.70  1.6472e+42  1.2891e+42  -15.725  -16.594  -17.232  -17.337  -17.354  -17.311  -17.463  -17.617
           luc365A_trimmed_mixed1000_28   28.27  1.6259e+42  1.2595e+42  -15.585  -16.503  -17.208  -17.339  -17.403  -17.321  -17.502  -17.650
            luc365A_trimmed_mixed1000_29   31.10  1.5147e+42  1.1569e+42  -15.365  -16.326  -17.109  -17.277  -17.403  -17.262  -17.508  -17.621
           luc365A_trimmed_mixed1000_30   34.21  1.3196e+42  9.7919e+41  -15.046  -16.026  -16.897  -17.134  -17.347  -17.189  -17.479  -17.542
            luc365A_trimmed_mixed1000_31   37.63  1.1037e+42  7.9384e+41  -14.699  -15.695  -16.629  -16.939  -17.220  -17.081  -17.402  -17.423
           luc365A_trimmed_mixed1000_32   41.39  9.3087e+41  6.5802e+41  -14.409  -15.431  -16.395  -16.742  -17.091  -16.923  -17.307  -17.279
            luc365A_trimmed_mixed1000_33   45.53  8.1690e+41  5.7738e+41  -14.233  -15.278  -16.230  -16.580  -17.000  -16.757  -17.204  -17.133
           luc365A_trimmed_mixed1000_34   50.08  7.3518e+41  5.2792e+41  -14.172  -15.208  -16.114  -16.441  -16.935  -16.589  -17.066  -16.977
            luc365A_trimmed_mixed1000_35   55.09  6.4601e+41  4.6564e+41  -14.288  -15.077  -15.935  -16.262  -16.817  -16.469  -16.892  -16.868
           luc365A_trimmed_mixed1000_36   60.60  5.5933e+41  4.1154e+41  -14.450  -15.004  -15.780  -16.064  -16.645  -16.281  -16.657  -16.667
            luc365A_trimmed_mixed1000_37   66.66  4.9197e+41  3.7275e+41  -14.591  -14.955  -15.658  -15.883  -16.489  -16.052  -16.436  -16.431
           luc365A_trimmed_mixed1000_38   73.33  4.3649e+41  3.3799e+41  -14.615  -14.878  -15.536  -15.730  -16.355  -15.830  -16.251  -16.208
            luc365A_trimmed_mixed1000_39   80.66  3.7750e+41  2.9754e+41  -14.589  -14.773  -15.385  -15.544  -16.190  -15.577  -16.026  -15.954
           luc365A_trimmed_mixed1000_40   88.73  3.2006e+41  2.5527e+41  -14.509  -14.643  -15.207  -15.337  -16.003  -15.325  -15.788  -15.670
            luc365A_trimmed_mixed1000_41   97.60  2.6732e+41  2.1444e+41  -14.387  -14.485  -15.008  -15.113  -15.801  -15.096  -15.547  -15.360
           luc365A_trimmed_mixed1000_42  107.40  2.1874e+41  1.7525e+41  -14.219  -14.288  -14.774  -14.865  -15.581  -14.892  -15.304  -15.016
            luc365A_trimmed_mixed1000_43  118.10  1.7794e+41  1.4232e+41  -14.016  -14.072  -14.532  -14.617  -15.373  -14.704  -15.073  -14.641
           luc365A_trimmed_mixed1000_44  129.90  1.3964e+41  1.1025e+41  -13.726  -13.773  -14.232  -14.340  -15.138  -14.532  -14.845  -14.226
            luc365A_trimmed_mixed1000_45  142.90  1.0874e+41  8.4735e+40  -13.399  -13.455  -13.924  -14.063  -14.909  -14.353  -14.628  -13.799
           luc365A_trimmed_mixed1000_46  157.20  8.3721e+40  6.4431e+40  -12.968  -13.065  -13.630  -13.814  -14.688  -14.218  -14.393  -13.166
            luc365A_trimmed_mixed1000_47  172.90  6.3082e+40  4.7824e+40  -12.543  -12.682  -13.279  -13.519  -14.436  -13.965  -14.119  -12.750
           luc365A_trimmed_mixed1000_48  190.20  4.6872e+40  3.5158e+40  -12.090  -12.303  -12.912  -13.214  -14.162  -13.648  -13.781  -12.366
