#Modelname texp[d] Lbol Luvoir then U B V R I J H K @ 10pc
#               luc464B_1e4s_mixed1000_1    2.13  3.2943e+41  2.5847e+41  -15.206  -14.930  -15.114  -15.328  -15.308  -15.465  -15.530  -15.634
#               luc464B_1e4s_mixed1000_2    2.35  2.8739e+41  2.1821e+41  -14.806  -14.684  -14.994  -15.259  -15.234  -15.484  -15.567  -15.714
#               luc464B_1e4s_mixed1000_3    2.59  2.5661e+41  1.8922e+41  -14.393  -14.468  -14.899  -15.199  -15.172  -15.495  -15.580  -15.747
                luc464B_1e4s_mixed1000_4    2.85  2.3648e+41  1.6962e+41  -13.965  -14.276  -14.835  -15.163  -15.136  -15.518  -15.596  -15.783
                luc464B_1e4s_mixed1000_5    3.14  2.2646e+41  1.5871e+41  -13.550  -14.124  -14.810  -15.155  -15.134  -15.556  -15.621  -15.829
                luc464B_1e4s_mixed1000_6    3.45  2.2355e+41  1.5395e+41  -13.195  -14.011  -14.815  -15.170  -15.151  -15.600  -15.648  -15.880
                luc464B_1e4s_mixed1000_7    3.80  2.2537e+41  1.5331e+41  -12.916  -13.928  -14.844  -15.203  -15.177  -15.646  -15.676  -15.932
                luc464B_1e4s_mixed1000_8    4.18  2.3166e+41  1.5683e+41  -12.745  -13.890  -14.901  -15.254  -15.213  -15.691  -15.704  -15.981
                luc464B_1e4s_mixed1000_9    4.60  2.4409e+41  1.6598e+41  -12.708  -13.909  -14.994  -15.333  -15.269  -15.738  -15.730  -16.032
             luc464B_1e4s_mixed1000_10nt    5.06  2.6058e+41  1.7941e+41  -12.728  -13.933  -15.111  -15.434  -15.361  -15.777  -15.745  -16.071
             luc464B_1e4s_mixed1000_11nt    5.57  2.7629e+41  1.9269e+41  -12.813  -13.989  -15.211  -15.516  -15.439  -15.805  -15.774  -16.101
             luc464B_1e4s_mixed1000_12nt    6.13  2.9090e+41  2.0376e+41  -12.895  -14.058  -15.298  -15.566  -15.497  -15.847  -15.847  -16.136
             luc464B_1e4s_mixed1000_13nt    6.74  3.1969e+41  2.2637e+41  -13.113  -14.210  -15.411  -15.666  -15.614  -15.922  -15.957  -16.200
             luc464B_1e4s_mixed1000_14nt    7.41  3.6744e+41  2.6350e+41  -13.382  -14.442  -15.568  -15.803  -15.784  -16.042  -16.103  -16.305
             luc464B_1e4s_mixed1000_15nt    8.15  4.3312e+41  3.1475e+41  -13.694  -14.728  -15.751  -15.957  -15.964  -16.186  -16.265  -16.439
             luc464B_1e4s_mixed1000_16nt    8.97  5.1606e+41  3.7991e+41  -14.021  -15.032  -15.942  -16.118  -16.142  -16.337  -16.429  -16.588
             luc464B_1e4s_mixed1000_17nt    9.87  6.1738e+41  4.6032e+41  -14.349  -15.335  -16.136  -16.282  -16.317  -16.491  -16.589  -16.742
             luc464B_1e4s_mixed1000_18nt   10.86  7.3994e+41  5.5826e+41  -14.669  -15.624  -16.330  -16.452  -16.491  -16.645  -16.748  -16.898
             luc464B_1e4s_mixed1000_19nt   11.95  8.8683e+41  6.7617e+41  -14.977  -15.898  -16.524  -16.624  -16.665  -16.801  -16.907  -17.056
             luc464B_1e4s_mixed1000_20nt   13.15  1.0618e+42  8.1764e+41  -15.277  -16.162  -16.717  -16.797  -16.838  -16.954  -17.064  -17.213
             luc464B_1e4s_mixed1000_21nt   14.47  1.2519e+42  9.6993e+41  -15.546  -16.396  -16.893  -16.949  -16.988  -17.103  -17.215  -17.363
             luc464B_1e4s_mixed1000_22nt   15.92  1.4694e+42  1.1469e+42  -15.802  -16.614  -17.060  -17.103  -17.148  -17.240  -17.355  -17.505
             luc464B_1e4s_mixed1000_23nt   17.51  1.7035e+42  1.3389e+42  -16.020  -16.804  -17.216  -17.251  -17.308  -17.364  -17.482  -17.635
             luc464B_1e4s_mixed1000_24nt   19.26  1.9030e+42  1.4980e+42  -16.168  -16.931  -17.333  -17.363  -17.436  -17.465  -17.593  -17.745
             luc464B_1e4s_mixed1000_25nt   21.19  2.0222e+42  1.5857e+42  -16.226  -16.974  -17.397  -17.427  -17.525  -17.532  -17.685  -17.826
             luc464B_1e4s_mixed1000_26nt   23.31  2.0291e+42  1.5749e+42  -16.166  -16.912  -17.400  -17.444  -17.576  -17.560  -17.762  -17.872
             luc464B_1e4s_mixed1000_27nt   25.64  1.8881e+42  1.4340e+42  -15.911  -16.677  -17.316  -17.418  -17.586  -17.537  -17.789  -17.866
             luc464B_1e4s_mixed1000_28nt   28.20  1.6952e+42  1.2588e+42  -15.564  -16.388  -17.180  -17.351  -17.567  -17.479  -17.792  -17.804
             luc464B_1e4s_mixed1000_29nt   31.02  1.4921e+42  1.0857e+42  -15.188  -16.081  -17.009  -17.248  -17.528  -17.383  -17.759  -17.703
             luc464B_1e4s_mixed1000_30nt   34.12  1.3232e+42  9.4430e+41  -14.860  -15.790  -16.828  -17.127  -17.501  -17.310  -17.704  -17.623
             luc464B_1e4s_mixed1000_31nt   37.53  1.1704e+42  8.2871e+41  -14.640  -15.577  -16.646  -16.984  -17.437  -17.182  -17.620  -17.507
             luc464B_1e4s_mixed1000_32nt   41.28  1.0276e+42  7.3282e+41  -14.602  -15.438  -16.474  -16.808  -17.348  -17.027  -17.463  -17.326
             luc464B_1e4s_mixed1000_33nt   45.41  9.0253e+41  6.5571e+41  -14.665  -15.362  -16.329  -16.620  -17.226  -16.845  -17.263  -17.110
                             he464Bx1_34   49.95  8.1508e+41  6.0480e+41  -14.754  -15.315  -16.238  -16.489  -17.105  -16.661  -17.100  -16.872
                             he464Bx1_35   54.95  7.2115e+41  5.5017e+41  -14.819  -15.289  -16.136  -16.335  -16.943  -16.397  -16.871  -16.636
                             he464Bx1_36   60.45  6.3953e+41  4.9924e+41  -14.853  -15.248  -16.033  -16.186  -16.783  -16.122  -16.652  -16.413
                             he464Bx1_37   66.50  5.6272e+41  4.4647e+41  -14.854  -15.185  -15.915  -16.025  -16.608  -15.850  -16.429  -16.180
                             he464Bx1_38   73.20  4.8744e+41  3.9087e+41  -14.815  -15.094  -15.775  -15.844  -16.412  -15.588  -16.199  -15.928
                             he464Bx1_39   80.50  4.1474e+41  3.3448e+41  -14.732  -14.971  -15.609  -15.639  -16.200  -15.342  -15.964  -15.651
                             he464Bx1_40   88.55  3.4678e+41  2.7968e+41  -14.610  -14.817  -15.415  -15.406  -15.973  -15.112  -15.722  -15.343
                             he464Bx1_41   97.41  2.8449e+41  2.2897e+41  -14.444  -14.634  -15.197  -15.150  -15.739  -14.897  -15.481  -14.999
                             he464Bx1_42  107.20  2.3068e+41  1.8446e+41  -14.249  -14.426  -14.958  -14.877  -15.499  -14.695  -15.245  -14.632
                             he464Bx1_43  117.90  1.8386e+41  1.4586e+41  -14.006  -14.189  -14.698  -14.594  -15.252  -14.500  -15.018  -14.249
                             he464Bx1_44  129.70  1.4358e+41  1.1279e+41  -13.712  -13.920  -14.411  -14.305  -14.988  -14.311  -14.795  -13.857
                             he464Bx1_45  142.70  1.1105e+41  8.6051e+40  -13.379  -13.622  -14.104  -14.022  -14.727  -14.115  -14.568  -13.451
                             he464Bx1_46  157.00  8.4327e+40  6.4761e+40  -13.000  -13.292  -13.767  -13.751  -14.469  -13.890  -14.320  -13.063
                             he464Bx1_47  172.70  6.3103e+40  4.8228e+40  -12.572  -12.938  -13.404  -13.490  -14.215  -13.608  -14.025  -12.692
                             he464Bx1_48  190.00  4.6362e+40  3.5496e+40  -12.102  -12.561  -13.012  -13.231  -13.959  -13.251  -13.660  -12.327
