## SN 	 z 	 E_B_V_total 	 d [Mpc] 	 t_0 
## SN2016coi 	 0.0036 	 0.08 	 17.2 	 57532.5 
###############BgVrRiIJH#######################
# t-t_0 	 Lbol [erg/s] 	 log(Lbol) 	 M_ni
7.519999999996799 	 1.0636924457264498e+42 	 42.02681607492143 	 0.026694963860903153
8.269999999996799 	 1.1203083468340616e+42 	 42.04933757168635 	 0.029845518514773507
9.19999999999709 	 1.2699440396855598e+42 	 42.103784584112475 	 0.03636119913894403
9.25 	 1.2554681070051909e+42 	 42.09880568468925 	 0.03608410401247356
9.269999999996799 	 1.2591749479734275e+42 	 42.10008607455666 	 0.03624584201538002
10.099999999998545 	 1.4168815006226074e+42 	 42.15133353000914 	 0.043409039365865626
10.169999999998254 	 1.4277558241208478e+42 	 42.15465394042034 	 0.04396919941146145
10.19999999999709 	 1.416892400293143e+42 	 42.15133687090148 	 0.043731382299199525
10.19999999999709 	 1.416892400293143e+42 	 42.15133687090148 	 0.043731382299199525
11.19999999999709 	 1.4893512307206634e+42 	 42.17299712862936 	 0.04942217992856044
11.19999999999709 	 1.4893512307206634e+42 	 42.17299712862936 	 0.04942217992856044
12.540000000000873 	 1.67654044955506e+42 	 42.22441403602708 	 0.061049956409814254
14.19999999999709 	 1.785474817651474e+42 	 42.25175372927978 	 0.07245312326691775
15.19999999999709 	 1.8349590117532426e+42 	 42.26362636767901 	 0.07918999567021671
15.510000000002037 	 1.83541053262904e+42 	 42.2637332196041 	 0.08069065383251045
16.25 	 1.9343683328768654e+42 	 42.28653917383441 	 0.08879142297496323
17.18000000000029 	 1.986881710788877e+42 	 42.2981720121119 	 0.09607999250171931
17.220000000001164 	 1.957271226853645e+42 	 42.2916510117408 	 0.09485544881858253
18.099999999998545 	 2.0025066699608672e+42 	 42.301573971309274 	 0.10172250011000236
18.30000000000291 	 1.988564355707083e+42 	 42.29853965057782 	 0.10207050132682033
20.12000000000262 	 1.999854560690654e+42 	 42.300998412770866 	 0.11229616330066375
21.150000000001455 	 1.9891296835408498e+42 	 42.29866309836335 	 0.11707587200571051
21.19999999999709 	 2.0076230588612332e+42 	 42.30268217519426 	 0.11842662130148346
21.470000000001164 	 1.9592887438735555e+42 	 42.29209844346299 	 0.11695503789544395
22.19999999999709 	 1.9954810618206238e+42 	 42.300047610453376 	 0.12288994273327937
22.19999999999709 	 1.9954810618206238e+42 	 42.300047610453376 	 0.12288994273327937
23.19999999999709 	 1.931492096298719e+42 	 42.28589293534345 	 0.1238887716201094
24.099999999998545 	 1.9327445270390638e+42 	 42.2861744521508 	 0.12834226011701894
24.169999999998254 	 1.9232689321816645e+42 	 42.28404001621784 	 0.12804824624463568
24.19999999999709 	 1.9078218057262225e+42 	 42.280537808311564 	 0.12716215733958453
25.279999999998836 	 1.8265586780059367e+42 	 42.26163362843671 	 0.12659301167365927
25.540000000000873 	 1.8060164057106038e+42 	 42.25672169109223 	 0.12630535805424573
26.19999999999709 	 1.7739606308707855e+42 	 42.24894397739802 	 0.12686421025505598
27.510000000002037 	 1.6638359082127516e+42 	 42.221110492825055 	 0.12406957745087993
28.19999999999709 	 1.6989576761321357e+42 	 42.230182560004295 	 0.12934588100048494
28.540000000000873 	 1.6433650745444093e+42 	 42.215734052934664 	 0.1263611258575527
29.19999999999709 	 1.6060304104351654e+42 	 42.20575376445396 	 0.12582211530424953
29.55000000000291 	 1.5756901645259388e+42 	 42.19747082415266 	 0.12463974890017118
30.12999999999738 	 1.6166042280139805e+42 	 42.20860371030364 	 0.1298780339951059
30.19999999999709 	 1.5961267115452413e+42 	 42.20306736567417 	 0.128468997088713
30.5199999999968 	 1.507002597733331e+42 	 42.17811400094123 	 0.12230848289504359
31.19999999999709 	 1.5091065388756082e+42 	 42.17871990088394 	 0.12460062981957996
32.18000000000029 	 1.493986369192688e+42 	 42.17434663508888 	 0.1262991143120015
32.19999999999709 	 1.4833404111553714e+42 	 42.17124082852086 	 0.12545787250747112
32.48999999999796 	 1.4212381003825286e+42 	 42.15266684148834 	 0.12101749367006309
33.169999999998254 	 1.455505503028908e+42 	 42.16301385177454 	 0.12585500260980914
33.19999999999709 	 1.435082545557248e+42 	 42.15687688228881 	 0.12417160724398854
34.099999999998545 	 1.402225614920871e+42 	 42.14681789624983 	 0.12371201556262569
35.19999999999709 	 1.360183468940634e+42 	 42.13359749232203 	 0.12273879591149707
36.099999999998545 	 1.3092928590188837e+42 	 42.11703679920957 	 0.12023381765885627
36.19999999999709 	 1.2733991602647826e+42 	 42.1049645591351 	 0.11715969864008158
36.54000000000087 	 1.2779443922690584e+42 	 42.10651195659537 	 0.11833036221665148
37.19999999999709 	 1.2806105932825796e+42 	 42.107417090011296 	 0.12001869316804667
37.19999999999709 	 1.2806105932825796e+42 	 42.107417090011296 	 0.12001869316804667
38.19999999999709 	 1.2346354223551674e+42 	 42.09153873295241 	 0.11776368251897236
38.19999999999709 	 1.2346354223551674e+42 	 42.09153873295241 	 0.11776368251897236
38.4800000000032 	 1.2236487457440624e+42 	 42.087656769379976 	 0.11727504732250917
39.099999999998545 	 1.1833749274430559e+42 	 42.07312236349729 	 0.11459758487540458
39.23999999999796 	 1.1892646270307151e+42 	 42.07527850160942 	 0.11543340130496081
40.19999999999709 	 1.1457094368111314e+42 	 42.05907449024068 	 0.11293322967269352
41.08999999999651 	 1.1338568291198007e+42 	 42.05455822012244 	 0.11331140062583463
41.4800000000032 	 1.0714444748933518e+42 	 42.02996966966413 	 0.10770427775936076
42.19999999999709 	 1.1033442055425006e+42 	 42.04271101855804 	 0.11209255432073335
42.19999999999709 	 1.1033442055425006e+42 	 42.04271101855804 	 0.11209255432073335
43.080000000001746 	 1.0682814424621074e+42 	 42.028685684158866 	 0.1099028235593905
43.19999999999709 	 1.05989915958858e+42 	 42.02526454779543 	 0.10922407148278593
43.51000000000204 	 1.0109604594990414e+42 	 42.00473416987667 	 0.10463116382687945
46.470000000001164 	 9.12265416828745e+41 	 41.96012121145798 	 0.09817257817124643
47.099999999998545 	 9.117291455792309e+41 	 41.959865838272144 	 0.09888864379812524
47.4800000000032 	 8.81610236885122e+41 	 41.94527662438079 	 0.09606962518941757
48.099999999998545 	 9.095619461885761e+41 	 41.95883228225792 	 0.09986373265773646
49.099999999998545 	 8.77416099358807e+41 	 41.94320559883864 	 0.09748563691367064
50.099999999998545 	 8.360562002634216e+41 	 41.92223547198916 	 0.09397393676769611
51.16000000000349 	 8.158534384842642e+41 	 41.911612148246036 	 0.0928116133325426
51.19999999999709 	 8.213164875692723e+41 	 41.9145105411866 	 0.09347497535059768
52.099999999998545 	 7.778605838953838e+41 	 41.89090176527943 	 0.08941806645910412
52.099999999998545 	 7.778605838953838e+41 	 41.89090176527943 	 0.08941806645910412
53.099999999998545 	 7.596624908907931e+41 	 41.88062068320129 	 0.08828340247877614
57.19999999999709 	 7.021229190536666e+41 	 41.84641314972757 	 0.08517433150973072
58.099999999998545 	 6.637618734114578e+41 	 41.822012302844264 	 0.081257388598272
59.099999999998545 	 6.682824752048585e+41 	 41.82496007249341 	 0.08263394690953563
59.099999999998545 	 6.682824752048585e+41 	 41.82496007249341 	 0.08263394690953563
59.099999999998545 	 6.682824752048585e+41 	 41.82496007249341 	 0.08263394690953563
#t_peak = 21.19999999999709
#L_peak = 2.0076230588612332e+42
#M_ni = 0.11842662130148346
