#SN & Type & log$(L\mathrmp)$ &$M_\mathrmNi$ (M$_\odot$) &$t_\mathrmp$ (days) & $t_-1/2$ (days) & $t_+1/2$ (days) & Width (days)  \\
##
##
SN1993J  IIb  42.231  0.068 0.066   0.087  0.015 0.012   19.148 0.033   10.313  0.017   12.808  0.116   23.121  0.118 
SN1994I  Ic  42.271  0.346 0.328   0.064  0.080 0.034   12.252 0.211   5.541  0.137   8.522  0.509   14.063  0.527 
SN1996cb  IIb  41.871  0.123 0.123   0.034  0.015 0.011   16.993 1.650   10.737  0.000   15.444  0.017   26.181  0.017 
SN1998bw  GRB-SN  42.780  0.031 0.023   0.260  0.022 0.016   15.861 0.177   9.734  0.372   15.858  0.779   25.593  0.863 
SN1999dn  Ib  42.134  0.084 0.061   0.052  0.023 0.015   13.916 2.841   -  21.827  3.638   -
SN1999ex  Ib  42.335  0.082 0.082   0.106  0.022 0.019   18.349 0.036   9.226  0.053   15.958  0.606   25.183  0.608 
SN2002ap  Ic-BL  42.217  0.010 0.006   0.060  0.001 0.001   13.011 0.000   6.466  0.060   15.506  0.165   21.972  0.175 
SN2003bg  IIb  42.226  0.027 0.014   0.076  0.012 0.009   16.624 1.656   10.504  0.146   28.374  1.318   38.878  1.326 
SN2003jd  Ic-BL  42.795  0.090 0.089   0.219  0.054 0.042   12.504 0.179   9.372  0.505   14.067  0.317   23.439  0.596 
#SN2004aw  Ic  42.448  0.030 0.044   -  -  -  21.273  1.340   -
SN2004fe*  Ic  42.152  0.031 0.030   0.057  0.010 0.009   14.680 1.653   9.276  0.101   -  -
#2004gq  Ib  42.087  0.010 0.006   -  -  -  18.582  0.465   -
#2005az*  Ic  41.981  0.013 0.015   -  -  -  27.282  0.146   -
SN2005bf  Ib  42.170  0.025 0.023   0.073  0.006 0.005   18.325 0.351   -  -  -
#2005hg*  Ib  42.233  0.010 0.013   -  -  -  17.943  0.237   -
#2005hl*  Ib  41.993  0.008 0.005   -  -  -  21.656  0.667   -
SN2005hm*  Ib  41.958  -0.013 0.041   0.048  0.002 0.008   19.927 1.669   12.591  0.250   14.682  1.455   27.274  1.476 
#2005kl*  Ic  41.485  0.008 0.008   -  -  -  20.115  0.027   -
SN2005kr*  Ic-BL  42.759  0.072 0.038   0.187  0.059 0.035   11.405 1.669   7.207  0.252   -  -
SN2005ks*  Ic-BL  42.291  0.066 0.078   0.068  0.020 0.017   12.368 1.656   7.815  0.142   -  -
#2005kz*  Ic  42.004  0.034 0.031   -  -  -  -  -
#2005mf*  Ic  42.121  0.033 0.024   -  -  -  17.281  0.493   -
SN2006T*  IIb  42.145  0.011 0.011   0.054  0.007 0.007   14.148 1.651   8.940  0.051   14.433  0.031   23.372  0.059 
SN2006aj  GRB-SN  42.685  0.020 0.019   0.138  0.007 0.006   9.587 0.040   6.779  0.155   -  -
SN2006el*  IIb  42.041  0.024 0.016   -  -  -  15.594  0.660   -
SN2006ep*  Ib  41.942  0.012 0.013   0.042  0.005 0.005   18.002 1.653   11.375  0.101   15.034  0.013   26.409  0.102 
SN2006fe*  Ic  42.263  0.025 0.026   0.079  0.013 0.012   15.830 1.711   10.002  0.455   19.197  1.431   29.199  1.502 
SN2006fo*  Ib  42.164  0.019 0.019   -  -  -  19.017  0.124   -
SN14475*  Ic-BL  42.558  0.047 0.048   0.110  0.029 0.024   10.501 1.760   6.635  0.613   18.037  1.403   24.672  1.531 
SN2006jo*  Ib  42.371  0.020 0.020   0.071  0.013 0.011   10.366 1.651   6.550  0.067   10.081  0.472   16.630  0.476 
SN2006lc*  Ib  41.954  0.005 0.008   0.034  0.004 0.004   13.837 1.651   8.743  0.050   14.036  0.050   22.779  0.071 
SN2006nx*  Ic-BL  42.847  0.051 0.021   0.276  0.067 0.040   14.279 1.698   9.022  0.401   -  -
#2007C  Ib  42.588  0.085 0.084   -  -  -  12.373  0.186   -
#2007D*  Ic-BL  42.121  0.085 0.082   -  -  -  -  -
SN2007Y  Ib  41.750  0.064 0.072   0.028  0.005 0.005   18.757 0.350   9.284  0.569   15.327  0.285   24.610  0.636 
#2007ag*  Ib  41.884  0.015 0.014   -  -  -  20.052  0.673   -
#2007cl*  Ic  42.077  0.010 0.010   -  -  -  15.616  0.259   -
SN2007gr  Ic  42.087  0.042 0.043   0.045  0.005 0.005   13.146 0.229   8.530  0.025   15.270  0.081   23.800  0.085 
#2007kj*  Ib  42.017  0.009 0.008   -  -  -  -  -
SN2007ms*  Ic  42.319  0.008 0.017   0.122  0.011 0.013   22.231 1.666   14.047  0.231   24.625  0.434   38.672  0.491 
SN2007nc*  Ib  42.065  0.064 0.016   0.055  0.015 0.007   17.734 1.800   11.205  0.718   19.059  4.382   30.264  4.440   
#2007qv*  Ic  42.514  0.023 0.022   -  -  -  -  -
SN2007qx*  Ic  42.118  0.197 0.041   0.054  0.045 0.013   15.094 2.758   9.537  2.211   -  -
SN2007ru  Ic-BL  42.810  0.038 0.009   0.194  0.018 0.005   10.242 0.047   -  14.640  0.485   -
SN2007sj*  Ic  41.961  0.022 0.021   0.036  0.006 0.005   14.542 1.658   9.188  0.164   -  -
SN2007uy  Ib  42.675  0.270 0.260   0.241  0.214 0.110   19.075 0.284   -  15.360  1.160   -
SN2008D  Ib  42.125  0.252 0.240   0.069  0.055 0.030   19.293 0.229   13.239  0.194   17.042  0.722   30.281  0.747 
SN2008ax  IIb  42.099  0.025 0.024   0.065  0.004 0.004   19.283 0.127   10.144  0.085   15.279  0.318   25.423  0.329 
#2008bo  IIb  41.757  0.011 0.011   -  -  -  9.240  0.010   -
SN2008hw  GRB-SN  43.156  0.050 0.050   0.496  0.064 0.057   12.307 0.100   -  -  -
SN2009bb  Ic  42.685  0.123 0.121   0.171  0.057 0.042   12.631 0.095   6.637  0.059   13.060  0.357   19.697  0.362 
#2009er*  Ib  42.724  0.013 0.012   -  -  -  14.225  0.049   -
SN2009iz*  Ib  42.085  0.010 0.010   0.070  0.006 0.006   21.828 1.650   13.793  0.000   23.220  0.169   37.013  0.169 
SN2009jf  Ib  42.478  0.022 0.027   0.169  0.010 0.011   21.267 0.164   11.212  0.444   19.901  0.631   31.113  0.771 
SN2010as  IIb  42.524  0.088 0.087   0.117  0.027 0.022   12.442 0.122   9.661  0.024   16.541  0.415   26.202  0.415 
SN2010bh  GRB-SN  42.365  0.053 0.053   0.082  0.011 0.010   12.737 0.099   3.287  0.303   9.286  0.884   12.573  0.934 
SN2010ma  GRB-SN  43.060  0.234 0.071   0.346  0.444 0.136   10.331 4.338   -  12.450  0.482   -
SN2011bm  Ic  42.705  0.031 0.037   0.427  0.033 0.036   34.586 0.151   -  43.446  1.544   -
SN2011dh  IIb  42.084  0.008 0.012   0.052  0.001 0.001   15.712 0.017   9.638  0.034   14.525  0.119   24.163  0.124 
SN2011ei  IIb  41.969  0.089 0.088   0.044  0.010 0.008   17.732 0.033   10.247  0.033   16.893  0.360   27.140  0.362 
#2011fu  IIb  42.338  0.008 0.012   -  -  -  18.016  0.283   -
SN2011hs  IIb  41.903  0.011 0.012   0.021  0.001 0.001   8.588 0.057   7.718  0.023   11.199  0.263   18.917  0.264 
SN2011kl  \mathrma   GRB-SN  43.324  0.166 0.157  - 15.169 0.071   6.889  0.142   12.712  0.355   19.601  0.382 
SN2012ap  Ic-BL  42.472  0.162 0.158   0.109  0.052 0.035   13.192 0.308   8.648  1.337   15.546  0.174   24.193  1.348 
SN2012bz  GRB-SN  42.795  0.029 0.032   0.240  0.026 0.013   13.491 0.224   9.838  0.066   17.110  0.177   26.947  0.189 
#2013cq  GRB-SN  42.960  0.050 0.100   -  -  -  -  -
SN2013cu  IIb  42.661  0.007 0.006   0.125  0.003 0.002   9.009 0.082   6.890  0.031   12.516  0.163   19.406  0.166 
SN2013df  IIb  42.198  0.034 0.037   0.091  0.008 0.008   21.793 0.103   13.897  0.101   11.727  0.310   25.624  0.326 
#2013dx  GRB-SN  42.831  0.027 0.032   -  -  11.697  1.768   14.389  0.841   26.086  1.958 
SN2013ge  Ibc  42.132  0.019 0.024   0.068  0.009 0.009   18.878 1.697   11.928  0.395   19.953  0.285   31.881  0.487 
#PTF09dh/2009dr*  Ic-BL 42.892  0.035 0.03  -  -  -  18.546  0.247   - 
#PTF10gvb*  Ic-BL  42.775  0.067 0.067   -  -  18.179  19.629   14.344  0.483   32.522  19.635 
#PTF10inj*  Ib  42.438  0.157 0.143   -  -  -  36.035  0.490   -
#PTF10qif*  Ib  42.455  0.123 0.118   -  -  -  13.452  1.764   -
PTF10vgv*  Ic  42.493  0.065 0.063   0.094  0.029 0.022   10.347 1.687   6.538  0.354   9.969  0.000   16.507  0.354 
PTF11bli*  Ibc  42.071  0.018 0.018   0.065  0.008 0.007   20.627 1.658   13.033  0.164   -  -
PTF11jgj*  Ic  42.088  0.022 0.018   0.072  0.010 0.009   22.072 2.170   13.947  1.409   -  -
PTF11klg*  Ic  42.105  0.144 0.125   0.057  0.030 0.018   16.393 1.678   10.358  0.303   14.530  0.039   24.887  0.306 
#PTF11qiq*  Ib  42.161  0.500 0.010   -  -  -  17.000  1.000   -
#PTF11rka*  Ic  42.723  0.050 0.045   -  -  -  45.781  3.909   -
PTF12gzk  Ic  42.708  0.031 0.029   0.226  0.023 0.020   16.345 0.455   -  23.643  0.065   -
#PTF12os*  IIb  41.409  0.007 0.010   -  -  -  17.095  0.492   -
SNiPTF13bvn  Ib  41.997  0.012 0.011   0.043  0.001 0.001   15.953 0.098   8.990  0.024   13.582  0.098   22.572  0.101 
iPTF14dby*  Ic-BL  42.373  0.043 0.042   0.140  0.025 0.022   22.462 1.678   14.193  0.303   20.615  0.884   34.808  0.934 
