2449077.39 13300  5.07 31100 38.07  LP  UBVRI
2449077.56 13000  4.67 29100 33.90  LP  UBVRI
2449078.48 10600  2.78 18200 15.13  LP  UBVRI
2449079.40  9100  1.82 13900  7.93  LP  UBVRI
2449080.49  8400  1.29 12200  5.05  LP  UBVRI
2449080.70  8200  1.24 11900  4.81  L   UBVRI
2449081.40  8200  1.07 11700  4.01  LP  UBVRI
2449081.59  8000  1.01 11300  3.70  LP  UBVRI
2449082.45  7900  0.95 11300  3.48  LP  UBVRI
2449082.58  8000  0.95 11400  3.44  LP  UBVRI
2449083.41  7700  0.95 10800  3.35  LP  UBVRI
2449083.47  8000  0.96 11400  3.47  LP  UBVRI
2449083.60  7900  0.97 11000  3.43  LP  UBVRI
2449083.70  8000  1.02 11300  3.71  L   UBVRI
2449084.49  7700  1.00 10700  3.43  LP  UBVRI
2449084.70  7800  1.10 10900  3.80  L   UBVRI
2449085.52  7800  1.14 10900  3.89  LP  UBVRI
2449085.60  7800  1.14 10900  3.90  LP  UBVRI
2449085.70  7800  1.21 10900  4.19  L   UBVRI
2449086.48  7700  1.26 10700  4.29  LP  UBVRI
2449087.57  7900  1.39 11000  4.87  LP  UBVRI
2449087.66  8000  1.40 11200  5.00  LP  UBVRI
2449088.39  8100  1.59 11400  5.53  LP  UBVRI
2449088.43  7900  1.58 11100  5.45  LP  UBVRI
2449088.51  8100  1.57 11500  5.57  LP  UBVRI
2449088.56  8200  1.56 11700  5.63  LP  UBVRI
2449088.70  7900  1.63 11100  5.72  L   UBVRI
2449089.70  7900  1.77 11000  6.23  L   UBVRI
2449090.70  8000  1.93 11200  6.93  L   UBVRI
2449091.67  7800  1.97 10800  6.74  KP  UBVRI
2449091.70  7900  1.99 11000  6.99  L   UBVRI
2449092.65  7600  2.04 10500  6.79  KP  UBVRI
2449093.69  7600  2.10 10500  6.95  KP  UBVRI
2449093.70  7800  2.21 10800  7.61  L   UBVRI
2449094.70  7900  2.28 11100  7.94  L   UBVRI
2449095.65  7300  2.10  9800  6.63  KP  UBVRI
2449095.70  7300  2.21  9900  7.11  L   UBVRI
2449095.74  7200  2.11  9600  6.54  KP  UBVRI
2449096.65  7100  2.05  9500  6.32  KP  UBVRI
2449096.70  7300  2.18  9800  6.91  L   UBVRI
2449097.65  6800  1.95  9000  5.73  KP  UBVRI
2449097.70  7000  2.04  9400  6.18  L   UBVRI
2449098.78  6500  1.81  8400  5.10  KP  UBVRI
2449099.65  6200  1.71  7900  4.53  KP  UBVRI
2449099.70  6800  1.79  8900  5.27  L   UBVRI
2449100.70  6100  1.64  7700  4.23  L   UBVRI
2449101.65  5700  1.44  7000  3.50  KP  UBVRI
2449102.67  5500  1.29  6800  3.07  KP  UBVRI
2449103.41  5600  1.26  7000  3.01  LP  UBVRI
2449103.75  5400  1.21  6600  2.79  KP  UBVRI
2449105.41  5400  1.10  6600  2.51  LP  UBVRI
2449105.70  5100  1.07  6200  2.40  L   UBVRI
2449106.37  5400  1.01  6600  2.29  LP  UBVRI
2449106.70  5100  1.05  6200  2.36  L   UBVRI
2449106.80  5100  1.06  6200  2.38  L   UBVRI
2449107.40  5200  1.00  6300  2.21  LP  UBVRI
2449108.38  5200  0.94  6300  2.07  LP  UBVRI
2449108.70  5000  0.95  6000  2.08  L   UBVRI
2449109.70  4800  0.93  5800  1.98  L   UBVRI
2449110.70  5100  0.87  6100  1.93  L   UBVRI
2449113.39  4900  0.76  6000  1.64  LP  UBVRI
2449116.70  4800  0.71  5700  1.52  L   UBVRI
2449122.40  4800  0.61  5800  1.29  LP  UBVRI
2449123.40  4800  0.59  5800  1.25  LP  UBVRI
2449130.38  4900  0.51  5900  1.11  LP  UBVRI
2449132.41  4800  0.50  5800  1.06  LP  UBVRI
2449133.38  4800  0.49  5800  1.05  LP  UBVRI
2449141.80  5000  0.43  6000  0.97  L   UBVRI
2449147.80  4900  0.38  5900  0.85  L   UBVRI
2449165.70  5100  0.28  6200  0.64  L   UBVRI
2449147.70  5300  0.40  6600  0.94  L   BVRI
2449150.70  5300  0.39  6600  0.91  L   BVRI
2449151.70  5400  0.38  6700  0.90  L   BVRI
2449152.80  5300  0.37  6600  0.88  L   BVRI
2449154.80  5400  0.36  6700  0.85  L   BVRI
2449156.80  5600  0.36  7100  0.87  L   BVRI
2449157.80  5600  0.35  7100  0.85  L   BVRI
2449162.70  5500  0.32  6900  0.77  L   BVRI
2449163.70  5500  0.30  6900  0.73  L   BVRI
2449164.70  5400  0.30  6800  0.71  L   BVRI
2449165.70  5400  0.29  6700  0.70  L   BVRI
2449167.70  5400  0.28  6700  0.67  L   BVRI
2449168.70  5500  0.28  6900  0.68  L   BVRI
2449169.70  5600  0.28  7100  0.67  L   BVRI
2449170.70  5600  0.28  7000  0.67  L   BVRI
2449171.70  5800  0.28  7500  0.71  L   BVRI
2449172.70  5700  0.26  7300  0.66  L   BVRI
2449173.70  5700  0.26  7200  0.66  L   BVRI
2449174.70  5700  0.25  7300  0.64  L   BVRI
2449179.70  5900  0.24  7600  0.63  L   BVRI
2449182.70  5600  0.22  7100  0.52  L   BVRI
2449183.70  5800  0.21  7400  0.55  L   BVRI
2449184.70  5700  0.21  7200  0.52  L   BVRI
2449185.70  5900  0.21  7700  0.54  L   BVRI
2449186.70  5800  0.20  7400  0.52  L   BVRI
