#Table 3
#Landolt-system BVRI Magnitudes of SN 2010as from PROMPT
#UT date	JD	B	V	R	I	
# 0.yyyy-mm-dd	 0.-2400000	 0.mag	 0.mag	 0.mag	 0.mag	
2010-03-20.20	55275.70	18.166 0.066	16.948 0.029	16.560 0.025	16.294 0.030	
2010-03-21.20	55276.70	17.730 0.057	16.779 0.026	16.330 0.022	16.007 0.026	
2010-03-22.20	55277.70	17.523 0.046	16.564 0.024	16.113 0.020	15.736 0.023	
2010-03-24.10	55279.60	17.210 0.043	16.239 0.024	15.790 0.019	15.550 0.020	
2010-03-25.20	55280.70	16.995 0.039	16.118 0.022	15.719 0.018	15.377 0.018	
2010-03-25.20	55280.70	16.974 0.038	16.130 0.019	15.703 0.017	15.372 0.020	
2010-03-26.30	55281.80	16.859 0.035	15.991 0.021	15.545 0.017	15.314 0.018	
2010-03-28.20	55283.70	16.704 0.032	15.856 0.017	15.445 0.014	15.137 0.017	
2010-03-28.20	55283.70	16.722 0.033	15.858 0.020	15.440 0.016	15.158 0.016	
2010-03-29.20	55284.70	16.634 0.035	 99	99 	 99	99 	 99	99 	
2010-03-30.20	55285.70	16.605 0.030	15.744 0.016	15.308 0.015	15.021 0.016	
2010-03-30.20	55285.70	16.632 0.030	15.719 0.020	15.303 0.016	15.033 0.016	
2010-03-31.20	55286.70	16.580 0.031	15.709 0.016	15.253 0.014	14.964 0.016	
2010-04-01.20	55287.70	16.580 0.031	15.678 0.016	15.183 0.014	14.895 0.016	
2010-04-02.20	55288.70	16.593 0.035	 99	99 	 99	99 	 99	99 	
2010-04-03.20	55289.70	16.656 0.032	15.646 0.016	15.130 0.013	 99	99 	
2010-04-04.20	55290.70	16.815 0.036	15.680 0.016	15.153 0.013	14.849 0.015	
2010-04-06.20	55292.70	17.013 0.039	15.761 0.016	15.182 0.013	14.824 0.015	
2010-04-08.20	55294.70	17.250 0.043	15.859 0.019	15.189 0.015	14.829 0.014	
2010-04-09.20	55295.70	17.351 0.044	 99	99 	 99	99 	 99	99 	
2010-04-10.20	55296.70	17.469 0.045	15.989 0.020	15.329 0.015	14.918 0.015	
2010-04-12.30	55298.80	17.647 0.054	 99	99 	 99	99 	 99	99 	
2010-04-15.20	55301.70	17.940 0.059	16.409 0.022	15.620 0.016	15.103 0.017	
2010-04-19.20	55305.70	18.289 0.067	16.609 0.025	15.804 0.018	15.195 0.018	
2010-04-21.20	55307.70	18.405 0.067	16.775 0.027	15.922 0.019	15.276 0.019	
2010-04-26.20	55312.70	18.724 0.090	16.870 0.028	16.149 0.021	15.396 0.020	
2010-05-08.30	55324.80	18.950 0.084	 99	99 	 99	99 	 99	99 	
2010-05-12.10	55328.60	18.992 0.102	17.385 0.037	16.726 0.028	15.972 0.028	
2010-05-19.10	55335.60	19.000 0.087	 99	99 	 99	99 	 99	99 	
2010-05-30.10	55346.60	 99	99 	17.710 0.044	17.226 0.036	16.450 0.033	
2010-06-05.10	55352.60	19.194 0.096	 99	99 	 99	99 	 99	99 	
2010-06-12.00	55359.50	19.345 0.118	 99	99 	 99	99 	 99	99 	
2010-07-12.00	55389.50	 99	99 	18.412 0.060	18.189 0.059	17.199 0.044	
#Note. Uncertainties in parentheses are given in thousandth of a magnitude.
