#Table 4
#Sloan-system g'r'i'z' Magnitudes of SN 2010as from PROMPT
#UT date	JD	g'	r'	i'	z'	
#(yyyy-mm-dd 	(-2400000 	(mag 	(mag 	(mag 	(mag 	
2010-03-19.73	55275.24	17.544 034 	 99	99	 99	99	 99	99	
2010-03-20.91	55276.40	17.316 035 	16.493 021 	 99	99	 99	99	
2010-03-21.75	55277.25	17.039 028 	 99	99	 99	99	 99	99	
2010-03-23.66	55279.15	16.689 022 	16.026 016 	15.979 019 	16.115 032 	
2010-03-24.74	55280.24	16.546 020 	15.920 015 	15.863 017 	15.970 029 	
2010-03-25.79	55281.29	16.426 020 	15.796 015 	15.758 016 	15.817 027 	
2010-03-26.73	55282.22	16.362 018 	15.725 014 	15.689 016 	15.719 026 	
2010-03-27.73	55283.24	16.271 019 	15.641 013 	15.630 015 	15.651 025 	
2010-03-28.74	55284.24	16.233 018 	15.582 013 	15.511 015 	15.532 025 	
2010-03-29.75	55285.25	16.179 017 	15.516 014 	15.486 016 	15.497 024 	
2010-03-30.73	55286.23	16.151 017 	15.461 013 	15.387 016 	15.437 025 	
2010-03-31.73	55287.22	16.140 017 	15.448 013 	15.408 015 	15.390 025 	
2010-04-01.72	55288.22	16.145 018 	15.384 020 	15.346 026 	15.357 051 	
2010-04-02.72	55289.22	16.146 018 	15.400 013 	15.335 018 	15.374 028 	
2010-04-03.71	55290.21	16.203 017 	15.381 012 	15.276 013 	15.321 022 	
2010-04-04.71	55291.21	 99	99	15.394 012 	15.265 014 	15.345 024 	
2010-04-05.71	55292.21	16.327 019 	15.442 013 	15.300 013 	15.311 021 	
2010-04-06.71	55293.21	16.371 020 	15.457 012 	15.277 014 	15.354 022 	
2010-04-07.73	55294.23	16.471 024 	 99	99	 99	99	 99	99	
2010-04-08.71	55295.21	16.587 022 	15.517 012 	15.353 014 	15.354 024 	
2010-04-10.70	55297.20	16.762 022 	15.649 015 	 99	99	 99	99	
2010-04-11.70	55298.20	16.825 024 	15.702 013 	15.446 015 	15.481 023 	
2010-04-14.69	55301.19	17.113 026 	15.881 015 	15.594 015 	15.615 025 	
2010-04-18.67	55305.17	17.334 028 	16.101 016 	15.689 016 	15.848 027 	
2010-04-20.67	55307.17	17.512 031 	16.238 017 	15.796 017 	15.836 028 	
2010-04-25.66	55312.16	17.758 036 	16.433 021 	16.047 020 	15.988 031 	
2010-05-04.62	55321.12	 99	99	16.852 025 	16.267 021 	 99	99	
2010-05-07.71	55324.21	18.099 043 	 99	99	16.394 027 	16.369 030 	
2010-05-11.74	55328.24	18.169 046 	 99	99	 99	99	 99	99	
2010-05-18.60	55335.10	18.272 045 	 99	99	 99	99	 99	99	
2010-06-04.62	55352.12	18.376 048 	 99	99	 99	99	 99	99	
2010-06-06.60	55354.10	 99	99	 99	99	16.980 032 	16.983 050 	
2010-06-11.59	55359.09	 99	99	17.496 033 	17.177 033 	17.300 061 	
2010-06-22.52	55370.02	 99	99	17.644 040 	17.383 043 	 99	99	
#Note. Uncertainties in parentheses are given in thousandth of a magnitude.
