## SN 	 z 	 E_B_V_total 	 d [Mpc] 	 t_0 
## SNiPTF13bvn 	 0.0045 	 0.0715 	 23.88 	 56458.0 
###############BVRI#######################
# t-t_0 	 Lbol [erg/s] 	 log(Lbol) 	 M_ni
3.088999999999942 	 1.1254649002123848e+41 	 41.051331955239 	 0.0019336966653662442
3.279999999998836 	 1.0965535309326615e+41 	 41.04002983767446 	 0.0019166841374898599
3.6960000000035507 	 1.3315531285548029e+41 	 41.12435849933513 	 0.002415618973273824
4.088999999999942 	 1.5614129557644248e+41 	 41.19351777858551 	 0.002932954755268561
4.328000000001339 	 1.6060966747668368e+41 	 41.205771682944004 	 0.0030809581440461656
5.065000000002328 	 2.0790728368846508e+41 	 41.317869704388215 	 0.004252061896106624
7.078000000001339 	 3.2838213170197873e+41 	 41.516379517770325 	 0.00795126938694224
7.220000000001164 	 3.3331945807965938e+41 	 41.52286066706576 	 0.008164646002774976
8.209999999999127 	 3.9360788489338704e+41 	 41.59506378978824 	 0.010436456448854506
9.078000000001339 	 4.482745086343934e+41 	 41.65154404318392 	 0.012715806308910069
11.078000000001339 	 5.231620769936167e+41 	 41.71863625529074 	 0.017210104843528803
11.30000000000291 	 5.469475574948928e+41 	 41.73794568724306 	 0.018279061857849936
12.269999999996799 	 5.946006642385586e+41 	 41.77422539002698 	 0.021258713750092768
13.25 	 5.99225343522313e+41 	 41.77759017304778 	 0.02287599431227072
14.25 	 6.36830924406127e+41 	 41.80402414451109 	 0.025923464589449653
15.209999999999127 	 6.658238772647803e+41 	 41.823359365435245 	 0.028751775271376838
16.19999999999709 	 6.670734235375517e+41 	 41.8241736385376 	 0.030532315588337775
17.0570000000007 	 6.973979387027482e+41 	 41.8434806593988 	 0.03349712491790626
18.0570000000007 	 7.101080941270185e+41 	 41.85132446295809 	 0.035990690423777866
18.19999999999709 	 6.738986031372329e+41 	 41.82859455616333 	 0.0344113874533478
19.19999999999709 	 7.090525361343105e+41 	 41.85067841474294 	 0.03808881659227521
19.241000000001804 	 6.685205204560453e+41 	 41.825114742613785 	 0.035984201231323246
21.19999999999709 	 6.2988270678805214e+41 	 41.799259685108694 	 0.037155819889543314
21.241000000001804 	 6.676094253197566e+41 	 41.82452245942642 	 0.03945274017626666
22.0570000000007 	 6.5877836926900176e+41 	 41.81873933084177 	 0.040327181976461436
22.19999999999709 	 6.373240986005503e+41 	 41.80436034040262 	 0.03924904298921423
22.241000000001804 	 6.3372660664426145e+41 	 41.80190194111011 	 0.039094453958725635
23.20300000000134 	 5.988120452863422e+41 	 41.77729052772442 	 0.038413248878046286
26.25 	 4.46315393921524e+41 	 41.64964186640557 	 0.031970999817415496
27.20300000000134 	 4.1567210541754216e+41 	 41.61875088120645 	 0.030702596753385058
28.19999999999709 	 3.5663604069346654e+41 	 41.55222522970692 	 0.02715159037100906
29.20300000000134 	 3.43046686351955e+41 	 41.5353532286296 	 0.026877734572790662
30.21600000000035 	 3.0823017202663723e+41 	 41.4888751486696 	 0.024819228964196662
30.2300000000032 	 3.1013196713854703e+41 	 41.49154653384887 	 0.024981524076255424
34.220000000001164 	 2.208045355847297e+41 	 41.344007990067986 	 0.019529803004940494
36.19999999999709 	 2.115363678145383e+41 	 41.32538504302735 	 0.0194625046708963
40.19999999999709 	 1.6588252144457534e+41 	 41.219800628097474 	 0.01635113431999596
41.21600000000035 	 1.688243173433525e+41 	 41.22743500228611 	 0.016903549291794537
42.2300000000032 	 1.6160441668904054e+41 	 41.208453225977344 	 0.016425098752467504
46.19999999999709 	 1.42204972895786e+41 	 41.15291478390033 	 0.015251149426622354
48.19000000000233 	 1.4151979244065018e+41 	 41.150817182946135 	 0.015554727188849435
50.14899999999761 	 1.2841999775273067e+41 	 41.10863265798059 	 0.014442702769120845
50.19000000000233 	 1.2782039190342949e+41 	 41.10660014478221 	 0.014382017358022412
52.146999999997206 	 1.3093181220663846e+41 	 41.11704517892096 	 0.015058897858326101
52.18000000000029 	 1.2860213432314432e+41 	 41.10924817634149 	 0.014796319242494574
52.96600000000035 	 1.281625941793609e+41 	 41.107761289520276 	 0.01487271092585037
54.163000000000466 	 1.2316790315173463e+41 	 41.090497547924144 	 0.01447769344586927
54.18000000000029 	 1.2370246359131322e+41 	 41.0923783488891 	 0.014543151751856869
55.059000000001106 	 1.2603117360988107e+41 	 41.100477980452865 	 0.01495483669366318
56.18000000000029 	 1.211254934769717e+41 	 41.08323555942014 	 0.014541051298579369
58.18000000000029 	 1.106953407551192e+41 	 41.044129341502696 	 0.013562178987489532
59.98700000000099 	 1.1401794222213151e+41 	 41.056973198660415 	 0.014222990400905418
60.18000000000029 	 1.0856493630984261e+41 	 41.03568958191943 	 0.013568567904017486
60.42700000000332 	 1.1646195409163864e+41 	 41.06618407277266 	 0.014590977016213407
61.01900000000023 	 1.052145650616667e+41 	 41.02207586422896 	 0.013258590229868798
62.18000000000029 	 1.0328130182100085e+41 	 41.014021703407415 	 0.013162891781832156
65.20999999999913 	 1.0129374679378298e+41 	 41.00558263571785 	 0.013290121571586357
66.0460000000021 	 1.0364489519171129e+41 	 41.01554791670806 	 0.013706737917695458
68.40699999999924 	 1.0022622679856487e+41 	 41.00098138084759 	 0.013552049207789124
70.18000000000029 	 8.840636962430176e+40 	 40.94648355678942 	 0.012152932339854492
70.39400000000023 	 9.10989425085368e+40 	 40.95951333564069 	 0.0125479737265172
71.03100000000268 	 9.217315365043634e+40 	 40.9646044468753 	 0.012771123979361143
72.01400000000285 	 9.660914982350793e+40 	 40.985018260263104 	 0.013507972537258378
72.16999999999825 	 8.888080036032362e+40 	 40.9488079567171 	 0.012445295860295271
73.19000000000233 	 8.572358634530826e+40 	 40.93310033196145 	 0.01211657488170928
#t_peak = 18.0570000000007
#L_peak = 7.101080941270185e+41
#M_ni = 0.035990690423777866
