   64.49   0.746440   20.426 0.059  142 0.99 g'
   64.93   0.751499   20.478 0.047  142 0.94 g'
   65.37   0.756632   20.507 0.055  142 0.85 g'
   65.82   0.761760   20.493 0.061  142 0.87 g'
   66.25   0.766805   20.476 0.057  142 0.74 g'
   66.69   0.771848   20.464 0.065  142 0.85 g'
   67.13   0.776936   20.462 0.049  142 0.79 g'
   67.58   0.782209   20.461 0.059  142 0.86 g'
   68.02   0.787229   20.502 0.053  142 0.80 g'
   68.46   0.792317   20.492 0.054  142 0.84 g'
   69.20   0.800883   20.462 0.045  460 0.82 g'
   70.00   0.810153   20.469 0.047  460 0.79 g'
   70.85   0.820019   20.429 0.041  460 0.77 g'
   71.60   0.828663   20.444 0.055  460 0.79 g'
   72.38   0.837725   20.430 0.055  460 0.86 g'
   73.16   0.846806   20.456 0.042  460 0.89 g'
   73.96   0.856003   20.432 0.055  460 1.08 g'
   74.76   0.865263   20.382 0.051  460 1.02 g'
   75.56   0.874504   20.364 0.081  460 1.19 g'
   76.35   0.883669   20.303 0.065  460 1.12 g'
   77.14   0.892841   20.304 0.069  460 1.23 g'
   77.95   0.902235   20.262 0.072  460 1.18 g'
   78.75   0.911515   20.170 0.082  460 1.49 g'
   79.56   0.920794   20.172 0.081  460 1.47 g'
   80.36   0.930069   20.166 0.084  460 1.58 g'
   81.17   0.939427   20.080 0.046  460 1.59 g'
   81.95   0.948452   20.002 0.052  460 2.11 g'
  151.49   1.753348   20.047 0.053  460 1.04 g'
  155.91   1.804496   20.073 0.058  460 1.24 g'
  160.33   1.855649   20.048 0.040  460 1.56 g'
  164.70   1.906235   20.138 0.050  460 1.40 g'
  239.81   2.775588   20.810 0.043  919 0.92 g'
  250.95   2.904470   20.852 0.055  919 1.30 g'
  329.17   3.809864   21.156 0.055 1133 1.10 g'
  415.47   4.808631   21.493 0.048 1838 1.08 g'
  501.08   5.799551   21.592 0.031 1838 0.98 g'
  588.10   6.806728   21.851 0.054 1838 1.18 g'
  669.18   7.745094   22.033 0.053  919 1.24 g'
  843.66   9.764627   22.393 0.027 1379 0.65 g'
 1101.93  12.753818   22.855 0.056 2420 1.07 g'
 1880.55  21.765609   23.260 0.090 2952 1.55 g'
 2401.32  27.793085   23.454 0.186 4502 1.48 g'
 3090.97  35.775066   23.803 0.120 3630 1.51 g'
 4258.44  49.287547   24.267 0.238 5384 1.77 g'
 4732.20  54.770785   24.467 0.352 5422 1.62 g'
 6241.88  72.243982 > 24.573       2758 1.66 g'
24277.46 280.989129   25.661 0.312 3752 1.22 g'
   64.49   0.746440   20.106 0.036  142 1.02 r'
   64.93   0.751499   20.111 0.037  142 0.93 r'
   65.37   0.756632   20.160 0.049  142 0.87 r'
   65.82   0.761760   20.113 0.038  142 0.86 r'
   66.25   0.766805   20.133 0.040  142 0.84 r'
   66.69   0.771848   20.109 0.030  142 0.94 r'
   67.13   0.776936   20.111 0.045  142 0.92 r'
   67.58   0.782209   20.131 0.035  142 0.72 r'
   68.02   0.787229   20.123 0.031  142 0.75 r'
   68.46   0.792317   20.097 0.027  142 0.78 r'
   69.20   0.800883   20.122 0.038  460 0.84 r'
   70.00   0.810153   20.121 0.031  460 0.88 r'
   70.85   0.820019   20.120 0.039  460 0.86 r'
   71.60   0.828663   20.102 0.018  460 0.62 r'
   72.38   0.837725   20.075 0.022  460 0.65 r'
   73.16   0.846806   20.105 0.021  460 0.70 r'
   73.96   0.856003   20.019 0.020  460 0.77 r'
   74.76   0.865263   19.996 0.019  460 0.77 r'
   75.56   0.874504   19.951 0.024  460 0.84 r'
   76.35   0.883669   19.901 0.020  460 0.80 r'
   77.14   0.892841   19.870 0.019  460 0.78 r'
   77.95   0.902235   19.827 0.023  460 0.88 r'
   78.75   0.911515   19.787 0.024  460 1.06 r'
   79.56   0.920794   19.752 0.021  460 0.98 r'
   80.36   0.930069   19.701 0.024  460 1.03 r'
   81.17   0.939427   19.656 0.046  460 1.07 r'
   81.95   0.948452   19.622 0.030  460 1.41 r'
  151.49   1.753348   19.659 0.016  460 0.81 r'
  155.91   1.804496   19.617 0.022  460 0.91 r'
  160.33   1.855649   19.653 0.015  460 1.14 r'
  164.70   1.906235   19.751 0.037  460 1.13 r'
  239.81   2.775588   20.347 0.029  919 0.95 r'
  250.95   2.904470   20.492 0.023  919 0.95 r'
  329.17   3.809864   20.737 0.026 1133 0.71 r'
  415.47   4.808631   21.084 0.031 1838 0.86 r'
  501.08   5.799551   21.188 0.024 1838 0.73 r'
  588.10   6.806728   21.461 0.027 1838 0.98 r'
  669.18   7.745094   21.668 0.076  919 1.25 r'
  843.66   9.764627   22.009 0.028 1379 0.69 r'
 1101.93  12.753818   22.425 0.038 2420 0.94 r'
 1880.55  21.765609   22.680 0.046 2952 1.25 r'
 2401.32  27.793085   23.005 0.093 4502 1.24 r'
 3090.97  35.775066   23.106 0.082 3630 1.20 r'
 4258.44  49.287547   23.598 0.134 5384 1.36 r'
 4732.20  54.770785   23.923 0.148 5422 1.19 r'
 6241.88  72.243982   24.450 0.278 2758 1.17 r'
24277.46 280.989129   25.044 0.184 3752 0.96 r'
   64.49   0.746440   19.914 0.043  142 0.90 i'
   64.93   0.751499   19.916 0.051  142 0.84 i'
   65.37   0.756632   19.899 0.032  142 0.80 i'
   65.82   0.761760   19.917 0.037  142 0.75 i'
   66.25   0.766805   19.929 0.036  142 0.71 i'
   66.69   0.771848   19.894 0.036  142 0.79 i'
   67.13   0.776936   19.892 0.039  142 0.76 i'
   67.58   0.782209   19.915 0.037  142 0.66 i'
   68.02   0.787229   19.914 0.038  142 0.67 i'
   68.46   0.792317   19.904 0.040  142 0.69 i'
   69.20   0.800883   19.921 0.022  460 0.78 i'
   70.00   0.810153   19.904 0.021  460 0.76 i'
   70.85   0.820019   19.902 0.023  460 0.74 i'
   71.60   0.828663   19.899 0.020  460 0.57 i'
   72.38   0.837725   19.884 0.022  460 0.61 i'
   73.16   0.846806   19.860 0.023  460 0.64 i'
   73.96   0.856003   19.835 0.024  460 0.72 i'
   74.76   0.865263   19.788 0.024  460 0.72 i'
   75.56   0.874504   19.748 0.025  460 0.78 i'
   76.35   0.883669   19.654 0.019  460 0.73 i'
   77.14   0.892841   19.634 0.017  460 0.75 i'
   77.95   0.902235   19.578 0.022  460 0.80 i'
   78.75   0.911515   19.533 0.028  460 0.97 i'
   79.56   0.920794   19.460 0.029  460 0.89 i'
   80.36   0.930069   19.408 0.025  460 0.94 i'
   81.17   0.939427   19.414 0.036  460 0.98 i'
   81.95   0.948452   19.400 0.024  460 1.28 i'
  151.49   1.753348   19.360 0.030  460 0.81 i'
  155.91   1.804496   19.392 0.033  460 0.95 i'
  160.33   1.855649   19.360 0.021  460 1.10 i'
  164.70   1.906235   19.434 0.029  460 1.12 i'
  239.81   2.775588   20.105 0.024  919 0.85 i'
  250.95   2.904470   20.201 0.029  919 0.92 i'
  329.17   3.809864   20.432 0.031 1133 0.74 i'
  415.47   4.808631   20.811 0.022 1838 0.82 i'
  501.08   5.799551   20.902 0.019 1838 0.72 i'
  588.10   6.806728   21.181 0.038 1838 0.90 i'
  669.18   7.745094   21.396 0.089  919 1.12 i'
  843.66   9.764627   21.754 0.042 1379 0.63 i'
 1101.93  12.753818   22.198 0.067 2420 0.86 i'
 1880.55  21.765609   22.398 0.073 2952 1.14 i'
 2401.32  27.793085   22.627 0.105 4502 1.18 i'
 3090.97  35.775066   22.811 0.102 3630 1.17 i'
 4258.44  49.287547   23.262 0.233 5384 1.33 i'
 4732.20  54.770785   23.378 0.160 5422 1.14 i'
 6241.88  72.243982   23.678 0.320 2758 1.12 i'
24277.46 280.989129   24.364 0.218 3752 0.94 i'
   64.49   0.746440   19.716 0.053  142 0.81 z'
   64.93   0.751499   19.745 0.053  142 0.77 z'
   65.37   0.756632   19.759 0.065  142 0.71 z'
   65.82   0.761760   19.734 0.062  142 0.70 z'
   66.25   0.766805   19.717 0.051  142 0.63 z'
   66.69   0.771848   19.721 0.053  142 0.72 z'
   67.13   0.776936   19.767 0.059  142 0.71 z'
   67.58   0.782209   19.692 0.041  142 0.63 z'
   68.02   0.787229   19.723 0.048  142 0.65 z'
   68.46   0.792317   19.742 0.043  142 0.67 z'
   69.20   0.800883   19.675 0.023  460 0.68 z'
   70.00   0.810153   19.663 0.052  460 0.68 z'
   70.85   0.820019   19.670 0.044  460 0.67 z'
   71.60   0.828663   19.681 0.055  460 0.53 z'
   72.38   0.837725   19.642 0.053  460 0.58 z'
   73.16   0.846806   19.634 0.053  460 0.64 z'
   73.96   0.856003   19.537 0.043  460 0.69 z'
   74.76   0.865263   19.547 0.035  460 0.72 z'
   75.56   0.874504   19.534 0.063  460 0.75 z'
   76.35   0.883669   19.416 0.044  460 0.70 z'
   77.14   0.892841   19.395 0.036  460 0.73 z'
   77.95   0.902235   19.323 0.026  460 0.78 z'
   78.75   0.911515   19.277 0.041  460 0.95 z'
   79.56   0.920794   19.237 0.044  460 0.88 z'
   80.36   0.930069   19.166 0.024  460 0.92 z'
   81.17   0.939427   19.136 0.024  460 0.94 z'
   81.95   0.948452   19.098 0.037  460 1.27 z'
  151.49   1.753348   19.132 0.017  460 0.77 z'
  155.91   1.804496   19.128 0.020  460 0.92 z'
  160.33   1.855649   19.149 0.024  460 1.08 z'
  164.70   1.906235   19.189 0.043  460 1.10 z'
  239.81   2.775588   19.889 0.053  919 0.76 z'
  250.95   2.904470   19.950 0.067  919 0.87 z'
  329.17   3.809864   20.221 0.045 1133 0.72 z'
  415.47   4.808631   20.604 0.041 1838 0.79 z'
  501.08   5.799551   20.713 0.038 1838 0.72 z'
  588.10   6.806728   20.941 0.054 1838 0.87 z'
  669.18   7.745094   21.174 0.077  919 1.04 z'
  843.66   9.764627   21.569 0.064 1379 0.61 z'
 1101.93  12.753818   22.028 0.085 2420 0.82 z'
 1880.55  21.765609   22.298 0.088 2952 1.10 z'
 2401.32  27.793085   22.360 0.138 4502 1.10 z'
 3090.97  35.775066   22.459 0.118 3630 1.12 z'
 4258.44  49.287547   23.000 0.319 5384 1.33 z'
 4732.20  54.770785   23.147 0.214 5422 1.13 z'
 6241.88  72.243982   23.470 0.443 2758 1.06 z'
24277.46 280.989129   24.022 0.279 3752 0.90 z'
   64.52   0.746718   19.313 0.128  240 1.38  J
   64.96   0.751794   19.411 0.128  240 1.49  J
   65.40   0.756904   19.323 0.145  240 1.29  J
   65.84   0.762041   19.455 0.166  240 1.36  J
   66.28   0.767086   19.332 0.167  240 1.32  J
   66.71   0.772126   19.314 0.147  240 1.38  J
   67.15   0.777215   19.349 0.147  240 1.36  J
   67.61   0.782483   19.327 0.110  240 1.24  J
   68.04   0.787512   19.313 0.098  240 1.14  J
   68.48   0.792610   19.339 0.130  240 1.23  J
   69.22   0.801194   19.312 0.137  480 1.31  J
   70.02   0.810466   19.324 0.155  480 1.36  J
   70.82   0.819633   19.106 0.159  480 1.33  J
   71.62   0.828972   19.239 0.172  480 1.08  J
   72.41   0.838035   19.353 0.163  480 1.13  J
   73.19   0.847117   19.198 0.149  480 1.17  J
   73.99   0.856314   19.226 0.099  480 1.18  J
   74.79   0.865581   19.121 0.150  480 1.09  J
   75.58   0.874812   19.140 0.115  480 1.21  J
   76.38   0.883978   18.998 0.136  480 1.14  J
   77.17   0.893158   18.910 0.121  480 1.09  J
   77.98   0.902545   19.022 0.121  480 1.17  J
   78.78   0.911825   18.911 0.106  480 1.26  J
   79.58   0.921103   18.910 0.116  480 1.23  J
   80.38   0.930378   18.890 0.102  480 1.20  J
   81.19   0.939736   18.782 0.115  480 1.20  J
   81.97   0.948770   18.719 0.097  480 1.63  J
  151.52   1.753657   18.722 0.124  480 1.17  J
  155.94   1.804812   18.786 0.077  480 1.18  J
  160.36   1.855967   18.746 0.105  480 1.36  J
  164.73   1.906554   18.749 0.107  480 1.42  J
  239.84   2.775900   19.657 0.133  960 1.51  J
  250.97   2.904789   19.647 0.111  960 1.25  J
  329.20   3.810145   19.875 0.077 1920 1.06  J
  415.49   4.808939   20.173 0.112 1920 1.25  J
  501.11   5.799862   20.254 0.115 1920 1.19  J
  588.13   6.807036   20.625 0.157 1920 1.47  J
  669.20   7.745412   20.698 0.229  960 1.61  J
  843.69   9.764943   21.226 0.212 1440 1.27  J
 1101.95  12.754108   21.833 0.237 2160 1.28  J
 1880.58  21.765933   21.792 0.237 2400 1.36  J
 2401.32  27.793085   22.154 0.321 3600 1.34  J
 3090.99  35.775376 > 22.250       3240 1.33  J
 4258.47  49.287829 > 21.542       4560 1.33  J
 4732.22  54.771095 > 22.055       4560 1.44  J
 6241.91  72.244301 > 21.522       2880 1.35  J
24277.49 280.989412 > 22.390       3600 1.25  J
   64.52   0.746718   18.986 0.154  240 1.46  H
   64.96   0.751794   19.111 0.164  240 1.33  H
   65.40   0.756904   18.995 0.165  240 1.32  H
   65.84   0.762041   19.099 0.159  240 1.41  H
   66.28   0.767086   18.993 0.166  240 1.42  H
   66.71   0.772126   19.135 0.169  240 1.51  H
   67.15   0.777215   18.966 0.188  240 1.41  H
   67.61   0.782483   19.165 0.160  240 1.24  H
   68.04   0.787512   18.994 0.167  240 1.18  H
   68.48   0.792610   18.993 0.149  240 1.21  H
   69.22   0.801194   19.018 0.132  480 1.38  H
   70.02   0.810466   18.985 0.143  480 1.34  H
   70.82   0.819633   18.973 0.153  480 1.32  H
   71.62   0.828972   18.944 0.130  480 1.12  H
   72.41   0.838035   18.887 0.112  480 1.11  H
   73.19   0.847117   18.857 0.115  480 1.14  H
   73.99   0.856314   18.915 0.108  480 1.14  H
   74.79   0.865581   18.919 0.118  480 1.10  H
   75.58   0.874812   18.844 0.115  480 1.16  H
   76.38   0.883978   18.777 0.106  480 1.15  H
   77.17   0.893158   18.704 0.112  480 1.14  H
   77.98   0.902545   18.590 0.109  480 1.14  H
   78.78   0.911825   18.574 0.106  480 1.23  H
   79.58   0.921103   18.571 0.103  480 1.19  H
   80.38   0.930378   18.441 0.086  480 1.21  H
   81.19   0.939736   18.498 0.098  480 1.15  H
   81.97   0.948770   18.374 0.101  480 1.55  H
  151.52   1.753657   18.309 0.117  480 1.17  H
  155.94   1.804812   18.313 0.114  480 1.16  H
  160.36   1.855967   18.351 0.104  480 1.33  H
  164.73   1.906554   18.404 0.121  480 1.28  H
  239.84   2.775900   19.010 0.137  960 1.52  H
  250.97   2.904789   19.106 0.121  960 1.18  H
  329.20   3.810145   19.390 0.120 1920 1.08  H
  415.49   4.808939   19.881 0.159 1920 1.27  H
  501.11   5.799862   19.987 0.150 1920 1.14  H
  588.13   6.807036   20.247 0.193 1920 1.34  H
  669.20   7.745412   20.365 0.291  960 1.81  H
  843.69   9.764943   20.711 0.405 1440 1.34  H
 1101.95  12.754108   20.817 0.250 2160 1.30  H
 1880.58  21.765933   21.762 0.274 2400 1.27  H
 2401.32  27.793085   21.856 0.358 3600 1.33  H
 3090.99  35.775376 > 21.850       3240 1.27  H
 4258.47  49.287829 > 21.046       4560 1.34  H
 4732.22  54.771095 > 21.615       4560 1.44  H
 6241.91  72.244301 > 20.913       2880 1.39  H
24277.49 280.989412 > 21.837       3600 1.34  H
   64.52   0.746718   18.920 0.245  240 1.43 Ks
   64.96   0.751794   18.547 0.179  240 1.33 Ks
   65.40   0.756904   18.757 0.255  240 1.34 Ks
   65.84   0.762041   18.714 0.199  240 1.29 Ks
   66.28   0.767086   18.896 0.242  240 1.31 Ks
   66.71   0.772126   18.702 0.203  240 1.32 Ks
   67.15   0.777215   18.861 0.275  240 1.30 Ks
   67.61   0.782483   18.643 0.214  240 1.29 Ks
   68.04   0.787512   18.635 0.217  240 1.25 Ks
   68.48   0.792610   18.564 0.196  240 1.32 Ks
   69.22   0.801194   18.680 0.219  480 1.36 Ks
   70.02   0.810466   18.722 0.206  480 1.34 Ks
   70.82   0.819633   18.702 0.202  480 1.39 Ks
   71.62   0.828972   18.500 0.175  480 1.25 Ks
   72.41   0.838035   18.454 0.171  480 1.33 Ks
   73.19   0.847117   18.525 0.177  480 1.27 Ks
   73.99   0.856314   18.515 0.169  480 1.36 Ks
   74.79   0.865581   18.475 0.170  480 1.30 Ks
   75.58   0.874812   18.476 0.188  480 1.42 Ks
   76.38   0.883978   18.431 0.173  480 1.28 Ks
   77.17   0.893158   18.247 0.191  480 1.30 Ks
   77.98   0.902545   18.470 0.182  480 1.26 Ks
   78.78   0.911825   18.261 0.187  480 1.43 Ks
   79.58   0.921103   18.054 0.187  480 1.39 Ks
   80.38   0.930378   17.999 0.154  480 1.42 Ks
   81.19   0.939736   17.965 0.171  480 1.43 Ks
   81.97   0.948770   17.922 0.211  480 1.62 Ks
  151.52   1.753657   17.843 0.147  480 1.32 Ks
  155.94   1.804812   17.866 0.146  480 1.35 Ks
  160.36   1.855967   18.014 0.164  480 1.45 Ks
  164.73   1.906554   18.095 0.176  480 1.47 Ks
  239.84   2.775900   18.713 0.173  960 1.35 Ks
  250.97   2.904789   18.985 0.208  960 1.31 Ks
  329.20   3.810145   19.102 0.179 1920 1.27 Ks
  415.49   4.808939   19.650 0.259 1920 1.33 Ks
  501.11   5.799862   19.937 0.320 1920 1.30 Ks
  588.13   6.807036   19.667 0.272 1920 1.41 Ks
  669.20   7.745412   19.860 0.351  960 1.49 Ks
  843.69   9.764943   20.486 0.458 1440 1.22 Ks
 1101.95  12.754108   20.573 0.516 2160 1.33 Ks
 1880.58  21.765933   20.698 0.747 2400 1.47 Ks
 2401.32  27.793085 > 20.320       3600 1.50 Ks
 3090.99  35.775376 > 20.223       3240 1.50 Ks
 4258.47  49.287829 > 19.190       4560 2.12 Ks
 4732.22  54.771095 > 20.333       4560 1.37 Ks
 6241.91  72.244301 > 20.061       2880 1.50 Ks
24277.49 280.989412 > 20.559       3600 1.31 Ks
