NIR photometry of the local sequences in the standard system.
ID, alpha (2000), delta (2000), Y, Yerr, J, Jerr, H, Herr
------------------------------------------------------------------
2004ew
101  00:38:07.05  +02:42:50.2  15.775 0.052  15.377 0.054  14.680 0.051   
102  00:38:03.82  +02:41:17.5  15.462 0.050  15.077 0.060  14.429 0.051   
103  00:38:05.86  +02:43:51.7  16.054 0.019  15.590 0.025  15.048 0.046   
104  00:38:03.19  +02:42:11.9  16.931 0.090  16.574 0.121  15.861 0.111   
105  00:38:11.02  +02:41:21.2  13.799 0.037  13.514 0.050  13.230 0.052   
2004ff 
101  04:58:40.81  -21:33:54.1  14.079 0.045  13.789 0.047  13.425 0.014   
102  04:58:36.53  -21:33:49.2  16.215 0.054  15.966 0.045  15.693 0.011   
103  04:58:40.07  -21:32:51.7  16.746 0.042  16.568 0.031  16.098 0.046   
104  04:58:41.95  -21:33:03.5  17.006 0.060  16.610 0.049  16.042 0.017   
105  04:58:43.96  -21:32:59.0  17.498 0.023  16.996 0.027  16.425 0.020   
106  04:58:44.86  -21:34:14.6  17.343 0.034  16.828 0.111  16.400 0.013   
107  04:58:42.40  -21:34:17.1  17.239 0.076  16.764 0.008  16.312 0.121   
108  04:58:43.89  -21:34:28.3   INDEF INDEF  17.357 0.123  17.048 0.191   
2004gq 
101  05:12:14.16  -15:40:39.8  14.437 0.042  14.114 0.049  13.630 0.036   
102  05:12:12.59  -15:40:09.1  14.600 0.047  14.165 0.046  13.522 0.040   
103  05:12:13.57  -15:40:05.5  15.131 0.054  14.862 0.046  14.562 0.056   
104  05:12:09.33  -15:39:37.5  17.037 0.158  16.890 0.063  16.472 0.046   
105  05:12:09.95  -15:40:58.1  16.268 0.039  15.802 0.047  15.172 0.029   
106  05:12:06.28  -15:41:41.7  16.433 0.071  16.131 0.058  15.520 0.093   
107  05:12:05.02  -15:41:43.2  14.607 0.040  14.380 0.047  14.138 0.044   
108  05:12:04.16  -15:39:23.8   INDEF INDEF   INDEF INDEF  16.182 0.089   
109  05:12:06.33  -15:39:50.7  17.358 0.081  17.237 0.195  16.350 0.097   
110  05:12:09.11  -15:41:56.3  17.570 0.098  17.320 0.150  16.625 0.011   
111  05:12:14.57  -15:42:10.8  17.639 0.112  17.043 0.080  16.363 0.108   
113  05:12:14.95  -15:41:55.2  17.743 0.128  17.201 0.103  16.659 0.128   
2004gt 
101  12:01:47.91  -18:51:15.9  13.379 0.040  13.147 0.045  12.845 0.037   
102  12:01:51.65  -18:50:33.8  15.732 0.064  15.339 0.038  14.833 0.056   
103  12:01:43.75  -18:49:56.9  16.617 0.053  16.363 0.046  15.992 0.065   
105  12:01:45.82  -18:51:34.6   INDEF INDEF   INDEF INDEF  17.171 0.149   
2004gv 
101  02:13:32.75  -00:42:11.2  13.487 0.040  13.247 0.053  12.917 0.044   
102  02:13:35.49  -00:42:02.0  16.061 0.055  15.824 0.049  15.460 0.046   
103  02:13:40.48  -00:42:44.7  18.110 0.052  18.019 0.086  17.096 0.125   
104  02:13:39.07  -00:40:53.6  17.500 0.055  17.000 0.067  16.375 0.172   
105  02:13:41.73  -00:41:15.9  16.500 0.033  16.114 0.044  15.462 0.024   
106  02:13:42.52  -00:41:08.7  15.401 0.041  15.082 0.017  14.599 0.022   
2005aw 
101  19:15:11.60  -54:08:42.3  15.013 0.024  14.706 0.031  14.275 0.043   
102  19:15:15.27  -54:10:23.5  15.931 0.013  15.620 0.026  15.364 0.036   
104  19:15:25.09  -54:07:59.9  16.602 0.073  16.289 0.066  15.879 0.030   
105  19:15:26.88  -54:08:17.6  16.867 0.133  16.376 0.039  16.121 0.108   
106  19:15:23.27  -54:08:40.3   INDEF INDEF  16.504 0.124  15.964 0.036   
107  19:15:20.43  -54:09:17.8  16.099 0.070  15.774 0.066  15.360 0.024   
108  19:15:14.11  -54:09:23.2  16.352 0.044  16.121 0.120  15.504 0.047   
109  19:15:12.03  -54:09:42.1  15.819 0.042  15.568 0.020  15.183 0.020   
110  19:15:28.69  -54:09:04.3  16.450 0.048  16.284 0.029  15.845 0.106   
111  19:15:25.19  -54:10:05.5  16.278 0.035  15.980 0.089  15.636 0.077   
112  19:15:28.25  -54:09:53.8  16.339 0.076  16.030 0.048  15.294 0.007   
113  19:15:22.23  -54:09:56.5  14.855 0.042  14.637 0.051  14.338 0.027   
114  19:15:21.59  -54:10:08.7  15.475 0.030  15.205 0.067  14.803 0.035   
2005em 
101  03:14:00.10  -00:15:19.5  13.020 0.011  12.745 0.013  12.337 0.014   
102  03:13:46.42  -00:17:32.1  14.321 0.013  13.979 0.006  13.449 0.016   
103  03:13:57.02  -00:16:06.7  15.225 0.018  14.828 0.026  14.215 0.031   
104  03:13:57.15  -00:14:08.2  15.238 0.018  14.987 0.019  14.617 0.034   
105  03:13:45.41  -00:12:45.8  15.655 0.031  15.377 0.016  14.865 0.027   
106  03:13:54.91  -00:16:56.7  15.724 0.027  15.351 0.024  14.646 0.019   
107  03:14:09.34  -00:12:41.9  15.732 0.030  15.236 0.030  14.664 0.040   
108  03:13:46.14  -00:18:28.9  16.166 0.035  15.929 0.026  15.589 0.033   
109  03:14:10.13  -00:17:15.1  16.620 0.050  16.156 0.096  15.546 0.052   
110  03:13:53.90  -00:13:15.7  16.862 0.071  16.549 0.061  16.112 0.175   
111  03:13:41.66  -00:13:57.1  17.178 0.069  16.743 0.125  16.126 0.091   
112  03:13:41.76  -00:11:43.9  17.440 0.080  16.854 0.102  16.279 0.008   
113  03:13:41.73  -00:14:31.4  17.651 0.078  17.108 0.126  16.363 0.139   
114  03:14:05.26  -00:10:02.4  17.586 0.058  17.171 0.066  16.485 0.117   
116  03:13:42.80  -00:12:41.7  17.847 0.076  17.398 0.034  16.711 0.132   
117  03:14:06.84  -00:10:39.4  17.895 0.015  17.497 0.028  16.839 0.145   
118  03:13:51.49  -00:13:18.9  17.751 0.125   INDEF INDEF   INDEF INDEF   
121  03:13:49.94  -00:14:24.5  16.159 0.038  15.770 0.042  15.036 0.048   
124  03:14:05.01  -00:16:57.3  17.939 0.149   INDEF INDEF   INDEF INDEF   
127  03:14:06.05  -00:13:43.4  15.674 0.029  15.429 0.024  15.106 0.043   
128  03:14:06.02  -00:14:56.1  15.784 0.012  15.459 0.026  14.943 0.061   
129  03:14:03.34  -00:15:39.6  15.112 0.014  14.768 0.013  14.223 0.025   
130  03:13:47.53  -00:16:32.0  13.472 0.017  13.227 0.016  12.854 0.012   
2006T 
101  09:54:40.39  -25:42:01.4  11.758 0.022  11.956 0.032   INDEF INDEF   
102  09:54:55.83  -25:43:56.5  12.566 0.027  12.330 0.043  12.068 0.029   
103  09:54:55.75  -25:39:19.6  14.223 0.024  13.826 0.043  13.152 0.027   
104  09:54:23.82  -25:45:02.6  14.543 0.029  14.276 0.052  13.896 0.033   
105  09:54:37.14  -25:45:36.6  14.571 0.026  14.258 0.050  13.866 0.024   
106  09:54:43.38  -25:39:01.9  14.750 0.035  14.456 0.033  14.054 0.032   
107  09:54:24.64  -25:37:47.7  14.854 0.035  14.638 0.024  14.312 0.038   
108  09:54:29.40  -25:47:02.8  14.951 0.028  14.687 0.082  14.399 0.032   
109  09:54:31.75  -25:44:21.2  15.352 0.026  14.883 0.031  14.227 0.034   
110  09:54:25.12  -25:38:47.8  15.280 0.033  14.969 0.032  14.486 0.067   
111  09:54:31.37  -25:43:34.3  15.867 0.019  15.522 0.029  14.917 0.059   
112  09:54:40.56  -25:45:27.6  15.842 0.042  15.361 0.057  14.701 0.034   
113  09:54:27.63  -25:47:10.4  15.848 0.053  15.404 0.048  14.767 0.048   
114  09:54:24.00  -25:39:18.7  15.718 0.046  15.493 0.077  15.150 0.039   
115  09:54:36.14  -25:46:50.6  16.028 0.048  15.616 0.040  15.004 0.046   
116  09:54:56.11  -25:41:30.7  16.226 0.060  15.961 0.092  15.680 0.072   
117  09:54:47.56  -25:42:14.8  16.456 0.083  16.017 0.097  15.412 0.087   
118  09:54:24.47  -25:44:08.7  16.572 0.075  16.162 0.097  15.752 0.117   
119  09:54:47.97  -25:38:56.1  16.823 0.078  16.299 0.147  15.702 0.068   
120  09:54:45.77  -25:45:18.5  16.800 0.043  16.371 0.127  15.679 0.085   
121  09:54:38.15  -25:42:25.3  16.767 0.090  16.422 0.036  15.931 0.106   
122  09:54:27.18  -25:39:30.4  16.908 0.118  16.532 0.138  15.870 0.119   
123  09:54:23.94  -25:40:39.2  16.915 0.112  16.554 0.107  15.839 0.079   
124  09:54:42.31  -25:41:38.8  16.957 0.125  16.493 0.121  15.918 0.151   
125  09:54:51.92  -25:39:02.4  17.003 0.083  16.461 0.091  15.838 0.141   
126  09:54:51.04  -25:44:40.4  14.030 0.017  13.750 0.028  13.412 0.031   
127  09:54:43.21  -25:42:23.4  13.453 0.024  13.209 0.044  12.872 0.025   
128  09:54:30.26  -25:43:10.8  17.061 0.125  16.743 0.077  16.195 0.147   
129  09:54:35.63  -25:42:18.6  16.433 0.053  16.170 0.039  15.833 0.117   
130  09:54:42.61  -25:42:48.2  15.171 0.045  14.823 0.050  14.309 0.036   
131  09:54:50.17  -25:42:13.2  15.613 0.047  15.280 0.061  14.826 0.045   
132  09:54:38.54  -25:41:02.9  16.032 0.034  15.651 0.045  15.154 0.055   
2006ba 
102  09:43:24.73  -09:38:56.0  15.271 0.060  14.866 0.048  14.238 0.027   
103  09:43:09.42  -09:37:57.8  15.950 0.032  15.429 0.046  14.887 0.070   
104  09:43:11.57  -09:35:45.5  16.224 0.041  15.756 0.049  15.082 0.051   
106  09:43:18.93  -09:37:58.2  16.421 0.039  16.104 0.035  15.620 0.103   
107  09:43:23.16  -09:39:19.4  16.868 0.109  16.405 0.078  15.591 0.174   
108  09:43:21.22  -09:38:06.0  17.677 0.090   INDEF INDEF   INDEF INDEF   
113  09:43:15.82  -09:36:57.5  17.885 0.120  17.752 0.066  17.233 0.003   
114  09:43:10.71  -09:37:55.8  17.339 0.090  17.016 0.033  16.399 0.074   
115  09:43:08.68  -09:37:28.0  17.605 0.138   INDEF INDEF   INDEF INDEF   
117  09:43:23.71  -09:35:60.0  17.468 0.123   INDEF INDEF   INDEF INDEF   
118  09:43:26.58  -09:35:43.2  16.397 0.061  16.103 0.065  15.920 0.166   
119  09:43:25.18  -09:34:56.9  15.402 0.037  15.112 0.038  14.705 0.045   
121  09:43:07.89  -09:39:06.4  14.365 0.019  14.070 0.043  13.684 0.021   
123  09:43:31.11  -09:36:20.3  16.880 0.106  16.341 0.067  15.676 0.038   
125  09:43:36.92  -09:37:09.4  13.933 0.020  13.669 0.046  13.293 0.044   
126  09:43:19.55  -09:38:46.0  11.715 0.016   INDEF INDEF   INDEF INDEF   
127  09:43:09.08  -09:32:29.3  13.591 0.009  13.336 0.038  13.004 0.031   
128  09:43:08.75  -09:41:01.1  13.082 0.013  12.844 0.050  12.503 0.040   
129  09:43:35.05  -09:35:14.4  16.258 0.035  15.825 0.041  15.224 0.073   
130  09:43:35.05  -09:37:20.5  16.480 0.068  16.028 0.053  15.439 0.099   
2006bf 
101  12:59:12.29  +09:42:14.7  13.222 0.004  12.769 0.012  12.186 0.009   
102  12:59:04.53  +09:37:52.6  14.259 0.021  13.831 0.021  13.222 0.010   
103  12:59:12.74  +09:36:34.7  14.813 0.013  14.464 0.012  13.940 0.016   
104  12:59:04.29  +09:43:17.5  14.811 0.003  14.491 0.023  14.065 0.017   
105  12:59:02.99  +09:41:38.1  14.958 0.011  14.613 0.027  14.160 0.004   
106  12:59:13.44  +09:40:21.0  15.126 0.009  14.732 0.030  14.098 0.003   
107  12:59:10.56  +09:44:38.8  15.348 0.030   INDEF INDEF   INDEF INDEF   
108  12:58:47.13  +09:44:00.5  15.114 0.013  14.877 0.027  14.524 0.022   
109  12:58:47.78  +09:38:04.5  15.717 0.022  15.483 0.015  15.126 0.028   
110  12:58:51.90  +09:42:14.5  16.232 0.015  15.804 0.009  15.239 0.046   
111  12:58:57.36  +09:41:09.7  16.313 0.036  15.960 0.040  15.358 0.060   
112  12:59:01.37  +09:37:46.4  16.417 0.044  15.975 0.031  15.432 0.033   
113  12:59:11.69  +09:38:03.9  16.641 0.069  16.256 0.067  15.570 0.038   
114  12:59:00.37  +09:41:05.2  16.713 0.039  16.191 0.032  15.739 0.131   
115  12:59:09.51  +09:39:41.0  16.795 0.056  16.297 0.048  15.715 0.010   
116  12:58:52.09  +09:35:15.5  16.792 0.014  16.382 0.022  15.736 0.079   
117  12:59:15.40  +09:42:36.2  16.832 0.051  16.421 0.045  15.869 0.078   
118  12:59:14.59  +09:42:05.4  17.209 0.056  16.644 0.099  16.127 0.100   
119  12:59:11.53  +09:39:23.9  17.094 0.075  16.825 0.173  16.477 0.149   
120  12:58:58.86  +09:34:29.7  17.278 0.179  16.923 0.086  16.344 0.133   
121  12:58:47.80  +09:40:59.6  17.386 0.088  17.005 0.037  16.425 0.099   
122  12:58:58.30  +09:40:37.9  17.629 0.161   INDEF INDEF   INDEF INDEF   
123  12:59:06.37  +09:38:30.0  17.741 0.133   INDEF INDEF   INDEF INDEF   
124  12:58:46.68  +09:40:59.4   INDEF INDEF  17.303 0.045  17.024 0.118   
125  12:59:06.18  +09:39:27.3  17.874 0.070   INDEF INDEF   INDEF INDEF   
128  12:58:45.61  +09:38:44.7  18.082 0.106   INDEF INDEF   INDEF INDEF   
129  12:58:49.27  +09:39:06.0   INDEF INDEF  18.186 0.135  17.361 0.149   
2006ep 
101  00:41:50.29  +25:30:46.6  12.875 0.017  12.651 0.040  12.308 0.011   
102  00:41:44.17  +25:30:04.8  14.315 0.016  13.946 0.043  13.380 0.019   
103  00:41:38.08  +25:32:19.6  14.768 0.022  14.515 0.052  14.241 0.017   
104  00:41:24.08  +25:27:13.7  15.095 0.033  14.849 0.042  14.544 0.032   
105  00:41:24.05  +25:28:21.1  15.300 0.028  15.041 0.015  14.756 0.030   
106  00:41:49.69  +25:30:00.5  15.580 0.022  15.134 0.044  14.569 0.050   
107  00:41:20.92  +25:29:12.3  15.678 0.053  15.292 0.047  14.793 0.012   
108  00:41:22.66  +25:27:40.8  15.729 0.051  15.425 0.043  14.971 0.055   
109  00:41:32.97  +25:33:34.7  15.975 0.058  15.613 0.038  15.165 0.083   
110  00:41:20.40  +25:33:04.0  16.228 0.049  15.618 0.045  15.056 0.029   
111  00:41:42.27  +25:31:44.3  16.743 0.108  16.508 0.080  16.107 0.119   
112  00:41:23.01  +25:30:45.9  16.854 0.056  16.579 0.078  16.030 0.125   
113  00:41:29.49  +25:32:20.2  17.296 0.131  17.017 0.140  16.353 0.012   
114  00:41:26.03  +25:27:22.2  17.314 0.091  17.081 0.147  16.277 0.006   
115  00:41:50.73  +25:31:31.8  17.434 0.011  17.262 0.159  16.163 0.141   
116  00:41:40.31  +25:33:08.8  17.442 0.019  17.044 0.164  16.282 0.131   
118  00:41:47.96  +25:30:19.0  17.535 0.019   INDEF INDEF   INDEF INDEF   
119  00:41:21.17  +25:30:47.4  16.471 0.047  16.108 0.077  15.577 0.074   
120  00:41:33.32  +25:29:00.6  15.055 0.027  14.838 0.041  14.587 0.042   
121  00:41:26.15  +25:31:57.8  15.050 0.015  14.819 0.043  14.593 0.027   
122  00:41:25.99  +25:32:40.8  13.227 0.013  12.951 0.042  12.544 0.007   
123  00:41:48.90  +25:32:00.3  15.380 0.020  15.056 0.038  14.529 0.034   
124  00:41:39.71  +25:29:48.0  16.287 0.066  15.835 0.086  15.279 0.077   
125  00:41:30.49  +25:28:28.7  17.518 0.028   INDEF INDEF   INDEF INDEF   
126  00:41:36.77  +25:31:11.3  17.572 0.136  17.404 0.054  16.418 0.145   
127  00:41:19.75  +25:28:08.6  17.116 0.062  16.661 0.129  15.915 0.112   
128  00:41:44.80  +25:32:10.0  15.849 0.033  15.431 0.048  14.874 0.015   
129  00:41:38.12  +25:27:14.3  15.264 0.062  14.982 0.055  14.628 0.029   
130  00:41:39.11  +25:31:58.8  15.609 0.047  15.237 0.034  14.641 0.026   
2006ir 
101  23:04:51.25  +07:37:05.3  12.659 0.019  12.414 0.005  12.128 0.016   
102  23:04:40.11  +07:39:58.5  14.333 0.018  13.984 0.009  13.468 0.018   
103  23:04:30.19  +07:39:02.6  14.905 0.017  14.429 0.012  13.861 0.015   
104  23:04:43.22  +07:38:49.8  15.023 0.023  14.700 0.008  14.291 0.046   
105  23:04:31.79  +07:33:47.2  15.480 0.028  15.049 0.026  14.407 0.032   
106  23:04:33.18  +07:37:53.9  15.641 0.036  15.342 0.048  15.076 0.026   
107  23:04:33.01  +07:35:25.3  15.902 0.039  15.422 0.048  14.787 0.043   
108  23:04:33.86  +07:33:34.6  15.943 0.031  15.462 0.038  14.816 0.095   
109  23:04:30.47  +07:37:29.8  15.971 0.036  15.489 0.065  14.865 0.041   
110  23:04:55.68  +07:35:50.8  16.085 0.043  15.630 0.022  15.004 0.013   
111  23:04:56.46  +07:36:14.7  16.301 0.044   INDEF INDEF   INDEF INDEF   
112  23:04:35.20  +07:39:38.4  16.219 0.029  15.827 0.029  15.214 0.125   
113  23:04:42.48  +07:39:22.7  16.309 0.067  15.813 0.035  15.198 0.007   
114  23:04:29.89  +07:39:15.5  16.456 0.055  15.949 0.040  15.375 0.145   
115  23:04:34.24  +07:35:37.7  16.483 0.076  16.144 0.103  15.808 0.085   
116  23:04:52.59  +07:34:18.7  16.687 0.051  16.557 0.084  15.907 0.027   
117  23:04:43.31  +07:36:38.4  16.910 0.118  16.484 0.095  16.031 0.094   
118  23:04:50.36  +07:35:55.9  16.893 0.147  16.310 0.058  15.828 0.147   
119  23:04:26.87  +07:36:53.4  17.169 0.100  16.573 0.124   INDEF INDEF   
120  23:04:37.15  +07:33:31.0  17.228 0.117  16.589 0.103  15.905 0.127   
121  23:04:37.66  +07:35:49.8  17.211 0.105  16.860 0.100  16.024 0.134   
122  23:04:46.24  +07:37:20.9  17.327 0.061  16.831 0.123  16.012 0.149   
123  23:04:26.77  +07:35:14.0  17.419 0.151  16.764 0.175  16.106 0.036   
125  23:04:31.68  +07:37:44.8  17.550 0.135   INDEF INDEF   INDEF INDEF   
127  23:04:50.23  +07:34:00.7  15.191 0.022  14.700 0.021  14.074 0.042   
128  23:04:39.77  +07:38:04.9  15.691 0.044  15.388 0.066  15.059 0.050   
129  23:04:47.74  +07:36:07.0  16.374 0.062  15.936 0.052  15.303 0.071   
130  23:04:54.51  +07:38:34.3  16.243 0.046  15.738 0.057  15.209 0.068   
2006lc 
103  22:44:33.09  -00:09:47.7  14.407 0.014  14.093 0.047  13.741 0.032   
105  22:44:20.80  -00:09:14.3  15.358 0.029  14.864 0.038  14.261 0.024   
108  22:44:18.90  -00:09:48.3  16.097 0.026  15.785 0.051  15.489 0.010   
109  22:44:29.08  -00:10:03.9  16.222 0.041  15.865 0.041  15.459 0.064   
111  22:44:27.54  -00:11:18.2  16.497 0.072  15.996 0.039  15.338 0.061   
126  22:44:28.18  -00:11:11.5  17.005 0.039  16.494 0.066  16.001 0.098   
131  22:44:30.05  -00:09:02.2  17.567 0.067  17.140 0.147  16.443 0.066   
132  22:44:19.93  -00:08:46.5  17.921 0.061  17.501 0.008  16.797 0.147   
133  22:44:20.39  -00:10:25.8  18.010 0.170  17.667 0.105  16.662 0.145   
134  22:44:22.12  -00:10:28.4  17.962 0.084   INDEF INDEF  16.717 0.027   
135  22:44:29.64  -00:09:06.9  18.380 0.043  17.795 0.104  17.190 0.140   
136  22:44:24.73  -00:10:30.8  18.089 0.038   INDEF INDEF   INDEF INDEF   
137  22:44:21.15  -00:09:31.4  18.318 0.148   INDEF INDEF   INDEF INDEF   
2007C 
101  13:08:42.47  -06:44:44.3  12.934 0.032  12.547 0.012  11.923 0.014   
102  13:08:48.07  -06:50:35.6  13.798 0.011  13.454 0.012  12.910 0.003   
103  13:08:39.66  -06:46:16.6  13.906 0.027  13.576 0.012  13.006 0.027   
104  13:09:00.55  -06:49:43.3  14.080 0.016  13.676 0.011  13.051 0.026   
105  13:09:07.62  -06:44:17.2  14.199 0.040  13.978 0.011  13.627 0.037   
106  13:08:57.81  -06:49:35.1  14.998 0.034  14.633 0.016  14.005 0.026   
107  13:08:42.07  -06:43:11.9  15.317 0.028  15.008 0.024  14.402 0.003   
108  13:08:39.11  -06:46:25.8  16.176 0.023  15.701 0.031  15.158 0.058   
109  13:08:39.52  -06:49:08.7  16.187 0.063  15.738 0.023  15.060 0.034   
110  13:08:42.96  -06:46:05.8  16.276 0.064  15.861 0.038  15.092 0.049   
111  13:08:50.09  -06:50:25.4  16.246 0.044  15.967 0.047  15.290 0.095   
112  13:08:50.84  -06:45:37.1  16.404 0.019  16.163 0.024  15.656 0.070   
113  13:08:49.94  -06:44:34.4  16.491 0.053  16.151 0.049  15.623 0.086   
114  13:08:58.41  -06:47:36.7  16.761 0.088  16.379 0.034  15.797 0.115   
115  13:08:56.54  -06:43:10.1  17.116 0.090  16.826 0.090  16.279 0.054   
116  13:08:41.93  -06:45:24.3  17.223 0.056  17.011 0.097  16.423 0.027   
117  13:08:45.22  -06:44:38.8  17.341 0.163  17.084 0.184  16.420 0.009   
118  13:08:52.85  -06:46:51.9  17.529 0.071  17.162 0.062  16.528 0.041   
119  13:08:52.42  -06:42:49.7  17.327 0.082  16.993 0.063  16.243 0.098   
120  13:08:52.79  -06:47:48.0  17.608 0.003  17.375 0.033  16.789 0.197   
121  13:09:08.91  -06:46:28.7  13.068 0.025  12.745 0.013  12.235 0.028   
123  13:08:41.08  -06:46:53.8  16.128 0.043  15.647 0.049  15.046 0.032   
125  13:08:52.54  -06:45:30.8  17.802 0.033  17.670 0.037  17.245 0.046   
126  13:08:56.93  -06:45:27.2  17.010 0.033  16.666 0.032  15.923 0.191   
127  13:09:08.41  -06:44:48.7  14.549 0.029  14.346 0.011  14.023 0.023   
128  13:08:51.21  -06:44:49.7  17.435 0.036  17.172 0.096  16.400 0.078   
129  13:08:47.88  -06:44:59.2  17.186 0.057  16.763 0.078  16.316 0.126   
130  13:08:55.64  -06:50:10.6  13.550 0.008  13.181 0.004  12.564 0.023   
131  13:08:58.69  -06:49:49.6  15.116 0.020  14.691 0.021  14.064 0.029   
2007Y 
101  03:02:28.44  -22:53:08.1  15.563 0.076  15.338 0.036  15.009 0.144   
102  03:02:29.07  -22:56:43.7  15.002 0.074  14.601 0.048  14.043 0.085   
103  03:02:29.44  -22:55:35.7  15.015 0.021  14.578 0.014  13.957 0.111   
104  03:02:31.60  -22:55:33.5  15.407 0.003  14.955 0.018  14.271 0.102   
105  03:02:57.16  -22:54:03.4  16.028 0.126  15.666 0.092  15.014 0.153   
106  03:02:50.06  -22:58:04.4  16.360 0.076  16.125 0.148  15.421 0.016   
107  03:02:51.19  -22:55:58.8  16.855 0.098  16.181 0.191  15.737 0.153   
108  03:02:55.60  -22:55:41.7   INDEF INDEF  16.031 0.130  15.578 0.163   
109  03:02:52.14  -22:55:16.2  16.812 0.084  16.316 0.152  15.654 0.124   
110  03:02:49.39  -22:57:34.5  16.655 0.078  16.142 0.082  15.558 0.091   
111  03:02:32.49  -22:56:21.0  17.178 0.130  16.575 0.181  15.378 0.151   
112  03:02:42.40  -22:54:59.3  15.094 0.010  14.579 0.053  14.000 0.037   
113  03:02:42.37  -22:51:38.5  15.360 0.029  14.900 0.095  14.362 0.003   
2007ag 
101  10:01:28.12  +21:38:32.6  12.322 0.019  12.060 0.029  11.562 0.016   
102  10:01:31.82  +21:35:04.3  12.474 0.011  12.052 0.032  11.490 0.016   
103  10:01:57.64  +21:33:59.7  12.989 0.019  12.778 0.030  12.432 0.025   
104  10:01:39.68  +21:37:55.4  14.842 0.013  14.614 0.036  14.204 0.035   
105  10:01:30.77  +21:34:24.9  14.897 0.034  14.490 0.042  13.871 0.068   
106  10:01:52.41  +21:34:48.6  15.411 0.005  15.037 0.044  14.496 0.077   
107  10:01:41.36  +21:36:35.8  15.485 0.017  15.055 0.034  14.499 0.052   
108  10:01:35.62  +21:34:15.9  15.803 0.065  15.584 0.055  15.285 0.119   
109  10:01:45.10  +21:37:53.1  16.042 0.051  15.720 0.067  15.214 0.065   
110  10:01:41.91  +21:39:02.0  16.318 0.021  15.967 0.110   INDEF INDEF   
111  10:01:36.38  +21:39:25.9  16.509 0.056  15.976 0.078  15.571 0.114   
112  10:01:46.66  +21:39:20.6  16.495 0.016  16.151 0.010  15.494 0.015   
113  10:01:31.56  +21:33:45.6  16.689 0.061  16.346 0.089  15.617 0.189   
114  10:01:47.33  +21:38:27.7  16.852 0.078  16.386 0.128  15.642 0.093   
115  10:01:49.64  +21:39:08.2  16.947 0.025  16.683 0.034  16.126 0.145   
116  10:01:33.55  +21:36:47.7  17.291 0.051  16.710 0.088  16.157 0.042   
118  10:01:31.19  +21:38:27.1  17.433 0.003  16.889 0.100  16.181 0.141   
119  10:01:51.87  +21:38:41.9  17.321 0.116  16.844 0.091  16.042 0.127   
120  10:01:50.74  +21:35:06.5  17.265 0.062   INDEF INDEF   INDEF INDEF   
122  10:01:34.37  +21:39:36.0  17.455 0.117   INDEF INDEF   INDEF INDEF   
124  10:01:31.48  +21:37:14.3   INDEF INDEF   INDEF INDEF  11.683 0.017   
125  10:01:58.46  +21:35:52.8  15.242 0.030  15.014 0.030  14.577 0.122   
126  10:01:54.61  +21:35:51.8  16.198 0.055  15.875 0.114  15.233 0.072   
127  10:01:51.40  +21:38:20.1  17.009 0.142  16.420 0.135  15.875 0.151   
128  10:01:38.47  +21:34:26.5  12.106 0.018  11.905 0.036  11.600 0.023   
129  10:01:47.81  +21:34:24.7  15.991 0.040  15.598 0.043  15.076 0.132   
130  10:01:28.53  +21:36:39.5  15.928 0.086  15.621 0.066  15.071 0.085   
2007hn 
101  21:02:42.18  -04:05:59.1  13.018 0.013  12.717 0.003  12.524 0.113   
102  21:02:40.71  -04:06:49.9  14.667 0.010  14.187 0.003  13.632 0.025   
103  21:02:57.33  -04:06:15.9  15.783 0.020   INDEF INDEF   INDEF INDEF   
104  21:02:42.52  -04:04:20.0  16.367 0.051  15.873 0.028  15.424 0.088   
105  21:02:45.28  -04:07:38.7  16.497 0.026   INDEF INDEF   INDEF INDEF   
106  21:02:38.43  -04:03:27.7  16.674 0.015   INDEF INDEF   INDEF INDEF   
107  21:02:41.94  -04:08:10.4  17.012 0.003   INDEF INDEF   INDEF INDEF   
108  21:02:37.12  -04:05:06.5  16.803 0.055   INDEF INDEF   INDEF INDEF   
109  21:03:08.05  -04:07:13.8  17.028 0.014   INDEF INDEF   INDEF INDEF   
110  21:02:52.70  -04:06:37.3  17.308 0.014  16.937 0.003  16.596 0.008   
111  21:02:55.00  -04:03:06.2  17.610 0.029   INDEF INDEF   INDEF INDEF   
112  21:02:48.47  -04:05:46.2  17.775 0.061  17.300 0.108   INDEF INDEF   
113  21:02:44.67  -04:05:35.2  14.672 0.003  14.378 0.017  14.072 0.072   
114  21:02:47.39  -04:06:03.2  17.347 0.054  16.905 0.091  16.314 0.162   
115  21:02:52.26  -04:05:11.1  15.693 0.020  15.404 0.004  15.029 0.021   
116  21:02:52.27  -04:03:44.0  12.164 0.004   INDEF INDEF   INDEF INDEF   
117  21:02:53.21  -04:03:53.9  13.577 0.014   INDEF INDEF   INDEF INDEF   
118  21:03:04.88  -04:04:46.6  13.844 0.007   INDEF INDEF   INDEF INDEF   
119  21:03:08.13  -04:05:21.3  15.886 0.032   INDEF INDEF   INDEF INDEF   
120  21:03:08.35  -04:05:45.8  14.334 0.005   INDEF INDEF   INDEF INDEF   
121  21:03:03.15  -04:06:06.5  13.970 0.003   INDEF INDEF   INDEF INDEF   
122  21:02:44.09  -04:03:17.6  14.157 0.004   INDEF INDEF   INDEF INDEF   
123  21:03:05.02  -04:03:40.1  14.783 0.005   INDEF INDEF   INDEF INDEF   
124  21:03:08.70  -04:04:09.5  15.057 0.003   INDEF INDEF   INDEF INDEF   
125  21:03:03.65  -04:03:10.9  16.250 0.016   INDEF INDEF   INDEF INDEF   
126  21:02:50.99  -04:07:24.0  14.715 0.008   INDEF INDEF   INDEF INDEF   
128  21:02:45.74  -04:03:43.4  16.017 0.021   INDEF INDEF   INDEF INDEF   
129  21:02:43.07  -04:03:44.9  15.965 0.051   INDEF INDEF   INDEF INDEF   
130  21:02:43.81  -04:04:54.1  14.846 0.008  14.439 0.009  13.959 0.063   
2007kj 
101  00:01:16.21  +13:07:19.0  13.318 0.010  13.069 0.008  12.749 0.020   
102  00:01:35.79  +13:06:02.5  14.867 0.024  14.607 0.023  14.164 0.026   
103  00:01:16.28  +13:08:49.6  15.056 0.018  14.411 0.008  13.846 0.010   
104  00:01:23.82  +13:04:31.1  15.103 0.013  14.637 0.030  14.054 0.035   
105  00:01:32.02  +13:08:39.3  16.410 0.074  15.978 0.035  15.612 0.105   
106  00:01:26.72  +13:07:08.8  16.802 0.067  16.414 0.105   INDEF INDEF   
107  00:01:41.59  +13:04:47.9  17.080 0.051  16.845 0.091  16.180 0.014   
108  00:01:18.82  +13:06:01.5  17.429 0.037  16.758 0.044  16.009 0.154   
109  00:01:20.35  +13:08:18.2  17.404 0.083   INDEF INDEF   INDEF INDEF   
110  00:01:16.10  +13:06:44.4  17.851 0.096  17.710 0.007  17.007 0.139   
111  00:01:16.48  +13:07:02.7  14.051 0.007  13.770 0.008  13.417 0.028   
112  00:01:23.15  +13:06:54.3  18.061 0.116  17.425 0.072  17.132 0.156   
113  00:01:22.65  +13:07:26.3  16.265 0.036  15.826 0.029  15.150 0.061   
114  00:01:19.94  +13:07:49.3  16.632 0.027  16.060 0.026  15.636 0.085   
115  00:01:13.09  +13:08:02.4  13.708 0.009  13.351 0.009  12.844 0.009   
116  00:01:11.50  +13:08:51.3  15.881 0.005  15.374 0.023  14.824 0.046   
117  00:01:12.88  +13:09:08.9  16.116 0.109  15.821 0.051  15.292 0.039   
118  00:01:28.64  +13:06:21.7  16.924 0.109  16.629 0.045  15.680 0.075   
119  00:01:36.78  +13:06:16.5  15.579 0.045  15.327 0.021  15.134 0.066   
120  00:01:29.09  +13:06:55.8  11.323 0.013  11.069 0.007  10.722 0.004   
122  00:01:11.85  +13:09:37.1  14.401 0.015  14.134 0.016  13.783 0.010   
123  00:01:20.60  +13:04:00.5  13.970 0.003  13.532 0.009  12.885 0.010   
124  00:01:32.71  +13:07:44.1  15.975 0.043  15.484 0.082  14.825 0.033   
125  00:01:40.31  +13:03:31.0  13.587 0.003  13.297 0.014  12.941 0.028   
126  00:01:28.58  +13:10:13.2  13.895 0.003  13.426 0.010  12.766 0.013   
128  00:01:32.05  +13:10:05.4  16.322 0.039  15.740 0.078  15.256 0.092   
129  00:01:33.56  +13:10:19.1  16.535 0.066  16.143 0.034  15.721 0.063   
130  00:01:14.15  +13:03:04.4  14.128 0.008  13.675 0.006  13.075 0.009   
2007rz 
101  04:31:04.87  +07:40:12.9  14.009 0.012  13.738 0.028  13.406 0.037   
102  04:31:32.72  +07:39:07.8  14.565 0.015  14.090 0.027  13.458 0.015   
103  04:31:06.94  +07:40:49.7  16.367 0.005  15.932 0.032  15.307 0.071   
104  04:31:05.66  +07:37:35.3  16.424 0.017  16.115 0.034  15.631 0.082   
105  04:31:03.09  +07:39:39.9  16.921 0.063  16.545 0.060  16.112 0.105   
106  04:31:02.88  +07:38:36.3  17.317 0.086  16.720 0.091  16.221 0.075   
107  04:31:16.85  +07:38:52.8  17.530 0.119  17.094 0.116  16.389 0.128   
108  04:31:05.63  +07:39:32.9  17.420 0.059  17.097 0.026  16.398 0.187   
109  04:31:09.53  +07:35:41.0  17.533 0.076  17.155 0.056  16.842 0.116   
110  04:31:11.78  +07:36:25.8  17.671 0.120  17.116 0.189  16.477 0.076   
111  04:31:08.42  +07:37:29.4  17.808 0.041  17.286 0.112  16.736 0.131   
112  04:31:12.77  +07:37:05.3  18.119 0.182  17.653 0.182  17.022 0.156   
114  04:31:08.41  +07:36:32.6  17.935 0.100  17.408 0.152  16.826 0.127   
115  04:31:18.45  +07:38:24.9  17.152 0.064  16.710 0.075  16.016 0.173   
116  04:31:17.40  +07:37:56.7  17.486 0.050  17.099 0.148  16.171 0.144   
117  04:31:25.90  +07:36:18.8  16.526 0.043  16.244 0.062  15.872 0.096   
118  04:31:24.66  +07:37:35.9  14.601 0.016  14.380 0.025  14.179 0.035   
119  04:31:25.88  +07:38:32.4  16.370 0.049  15.929 0.033  15.333 0.099   
120  04:31:25.28  +07:39:03.9  13.558 0.019  13.228 0.021  12.810 0.022   
121  04:31:21.03  +07:38:59.0  16.610 0.044  16.196 0.046  15.658 0.168   
122  04:31:10.99  +07:39:45.9  15.186 0.018  14.836 0.028  14.349 0.037   
123  04:31:10.06  +07:40:10.3  16.985 0.086  16.800 0.082   INDEF INDEF   
124  04:31:17.55  +07:40:22.4  14.677 0.020  14.379 0.013  14.005 0.042   
125  04:31:18.95  +07:40:16.6  16.048 0.041  15.600 0.034   INDEF INDEF   
126  04:31:29.93  +07:39:42.2  15.802 0.029  15.392 0.044  14.798 0.039   
127  04:31:10.19  +07:35:41.1  16.718 0.051  16.103 0.037  15.597 0.126   
128  04:31:04.86  +07:39:12.4  17.637 0.063  17.185 0.079  16.415 0.090   
129  04:31:06.30  +07:39:53.4  17.283 0.033  16.738 0.034  16.156 0.051   
130  04:31:23.82  +07:37:09.9  17.826 0.070  17.368 0.159  16.708 0.190   
2008aq 
101  12:50:40.68  -10:56:02.0  13.698 0.015  13.374 0.091  12.905 0.008   
102  12:50:41.65  -10:48:50.5  12.523 0.004  12.177 0.011  11.669 0.016   
103  12:50:37.78  -10:55:36.7  14.252 0.014  13.970 0.088  13.617 0.012   
104  12:50:51.58  -10:48:09.9  13.153 0.008   INDEF INDEF   INDEF INDEF   
105  12:50:49.73  -10:46:30.9  13.217 0.005   INDEF INDEF   INDEF INDEF   
106  12:50:29.87  -10:48:50.2  13.433 0.005  13.093 0.007  12.635 0.016   
107  12:50:40.97  -10:56:21.3  15.113 0.011  14.804 0.101  14.440 0.027   
108  12:50:50.91  -10:52:12.4  15.170 0.006  14.664 0.005  14.008 0.014   
109  12:50:26.12  -10:56:10.9  16.395 0.051  15.843 0.129  15.170 0.039   
110  12:50:45.29  -10:55:14.2  16.404 0.029  15.989 0.116  15.303 0.040   
111  12:50:44.28  -10:49:00.7  15.036 0.012  14.739 0.011  14.397 0.029   
112  12:50:45.46  -10:52:55.4  16.267 0.043  15.801 0.041  15.103 0.054   
113  12:50:27.23  -10:53:44.8  16.280 0.040  15.816 0.083  15.184 0.041   
114  12:50:39.18  -10:47:49.4  15.302 0.009  15.018 0.017  14.574 0.035   
115  12:50:24.07  -10:54:58.1  16.722 0.024  16.504 0.163  16.181 0.106   
116  12:50:19.97  -10:51:37.3  16.984 0.067  16.500 0.136  16.040 0.094   
117  12:50:52.66  -10:52:29.5  16.542 0.068   INDEF INDEF   INDEF INDEF   
118  12:50:45.30  -10:54:48.2  17.066 0.079  16.595 0.065  16.019 0.117   
119  12:50:39.00  -10:53:12.6  16.574 0.054  16.159 0.073  15.487 0.093   
120  12:50:35.45  -10:54:24.7  17.104 0.088  16.572 0.110  15.988 0.085   
121  12:50:25.34  -10:52:06.1  16.596 0.036  16.157 0.037  15.568 0.081   
122  12:50:37.45  -10:50:18.9  16.638 0.061  16.211 0.044  15.599 0.094   
123  12:50:29.18  -10:52:18.7  16.705 0.022  16.285 0.044  15.644 0.098   
124  12:50:27.31  -10:52:28.6  16.523 0.035  16.331 0.049  15.994 0.100   
125  12:50:39.34  -10:47:26.6  15.664 0.013  15.417 0.017  15.037 0.038   
126  12:50:41.94  -10:53:31.6  17.043 0.061  16.476 0.054  15.908 0.109   
127  12:50:25.70  -10:54:35.2  17.555 0.134  16.926 0.080  16.452 0.110   
128  12:50:33.93  -10:50:26.4  17.115 0.032  16.686 0.060  16.018 0.105   
129  12:50:25.63  -10:46:47.2  16.582 0.053  16.118 0.044  15.475 0.045   
130  12:50:25.78  -10:52:39.9  17.556 0.053  17.336 0.032  16.969 0.186   
2009K 
101  04:36:56.03  -00:13:56.3  12.101 0.013   INDEF INDEF  11.307 0.015   
102  04:36:53.71  -00:11:26.2  13.333 0.013  13.064 0.025  12.740 0.013   
103  04:37:02.19  -00:12:51.6  13.414 0.006   INDEF INDEF   INDEF INDEF   
104  04:36:39.56  -00:07:32.9  13.941 0.016  13.710 0.026  13.382 0.015   
105  04:36:43.48  -00:04:28.1  14.533 0.016  14.185 0.029  13.647 0.012   
106  04:36:50.09  -00:06:31.5  14.291 0.019  13.904 0.031  13.258 0.010   
107  04:36:35.68  -00:12:03.0  13.926 0.011  13.685 0.014  13.346 0.027   
108  04:36:59.57  -00:10:10.5  14.432 0.017  14.089 0.043  13.654 0.013   
109  04:36:59.37  -00:13:46.2  13.972 0.023  13.682 0.022  13.370 0.011   
110  04:37:01.67  -00:13:05.6  14.185 0.011  13.768 0.014  13.208 0.024   
111  04:36:53.74  -00:03:20.8  15.034 0.016   INDEF INDEF   INDEF INDEF   
112  04:36:32.71  -00:09:47.6  14.793 0.008  14.553 0.022  14.180 0.033   
113  04:36:38.15  -00:07:04.8  14.851 0.025  14.439 0.021  13.782 0.018   
114  04:36:45.50  -00:07:30.1  14.968 0.026  14.532 0.031  13.908 0.018   
115  04:36:33.25  -00:10:39.3  15.016 0.018  14.591 0.021  13.917 0.021   
116  04:37:00.48  -00:04:49.9  15.489 0.019  15.019 0.029  14.383 0.030   
117  04:36:45.48  -00:12:20.1  14.875 0.012  14.615 0.023  14.220 0.039   
118  04:36:47.34  -00:06:35.5  15.382 0.038  14.986 0.027  14.290 0.030   
119  04:36:40.56  -00:10:59.6  15.490 0.027  15.147 0.025  14.648 0.051   
120  04:36:29.64  -00:04:06.3  15.888 0.034  15.552 0.074  14.960 0.053   
121  04:36:30.31  -00:07:47.2  15.914 0.038  15.530 0.034  14.891 0.047   
122  04:36:44.06  -00:09:31.4  16.059 0.040  15.555 0.051  14.958 0.044   
2009Z 
101  14:02:17.38  -01:20:36.5  13.223 0.024  12.951 0.019  12.553 0.050   
102  14:02:14.10  -01:22:11.8  11.655 0.048  11.226 0.025  10.728 0.128   
103  14:01:58.16  -01:19:14.8  13.709 0.021  13.288 0.018  12.594 0.017   
104  14:01:49.01  -01:15:51.2  14.197 0.017  13.809 0.025  13.157 0.026   
105  14:02:06.81  -01:22:24.6  14.250 0.020  13.982 0.020  13.602 0.026   
106  14:01:50.48  -01:24:49.0  14.513 0.030  14.188 0.022  13.616 0.015   
107  14:02:02.70  -01:19:19.6  14.628 0.020  14.286 0.021  13.754 0.032   
108  14:02:03.70  -01:21:58.9  14.692 0.023  14.115 0.021  13.545 0.033   
109  14:02:08.69  -01:20:50.5  14.745 0.024  14.506 0.021  14.147 0.034   
110  14:02:10.34  -01:25:28.3  14.849 0.023  14.451 0.026  13.765 0.046   
111  14:02:11.45  -01:17:29.7  14.970 0.027  14.648 0.018  14.135 0.026   
112  14:01:49.43  -01:17:52.3  14.990 0.020  14.642 0.021  14.101 0.032   
113  14:01:52.58  -01:21:35.1  15.020 0.026  14.593 0.026  13.904 0.039   
114  14:02:10.16  -01:19:44.6  15.066 0.023  14.704 0.021  14.105 0.059   
115  14:02:05.43  -01:20:20.3  15.422 0.026  14.966 0.027  14.338 0.059   
116  14:01:59.28  -01:20:37.1  15.640 0.031  15.150 0.029  14.611 0.036   
117  14:01:47.79  -01:18:27.0  15.736 0.035  15.422 0.119  15.011 0.083   
118  14:01:50.14  -01:20:12.6  15.927 0.033  15.742 0.041  15.552 0.113   
119  14:01:54.00  -01:15:55.5  16.001 0.038  15.512 0.037  14.861 0.078   
120  14:02:01.62  -01:24:39.9  15.969 0.029  15.733 0.047  15.278 0.117   
121  14:02:00.71  -01:20:12.2  16.112 0.039  15.743 0.042  15.164 0.079   
122  14:02:15.57  -01:17:47.1  16.171 0.036  15.807 0.048  15.194 0.107   
123  14:02:08.52  -01:19:51.0  16.279 0.050  15.992 0.048  15.543 0.103   
124  14:02:09.99  -01:15:30.9  17.104 0.070  16.590 0.048  16.009 0.107   
125  14:01:50.75  -01:22:26.5  17.074 0.064  16.790 0.069  16.446 0.123   
2009bb 
101  10:31:42.92  -39:57:50.9  12.212 0.022  11.958 0.012  11.659 0.049   
102  10:31:46.79  -39:54:36.5  12.758 0.017  12.546 0.007  12.299 0.034   
103  10:31:44.11  -39:55:25.2  13.004 0.018  12.653 0.015  12.142 0.037   
104  10:31:41.49  -39:57:10.0  13.084 0.019  12.731 0.013  12.248 0.038   
105  10:31:24.77  -39:58:30.3  13.192 0.018  12.955 0.021  12.639 0.034   
106  10:31:55.98  -39:56:54.3  13.201 0.018  12.824 0.008  12.318 0.047   
107  10:31:45.37  -40:00:42.9  13.530 0.021  13.246 0.014  12.892 0.005   
108  10:31:36.18  -39:54:44.7  13.399 0.013  13.138 0.014  12.831 0.048   
109  10:31:34.70  -40:02:29.0  13.671 0.019  13.284 0.022  12.683 0.016   
110  10:31:35.33  -39:53:17.3  13.557 0.018  13.256 0.011  12.825 0.051   
111  10:31:31.42  -40:02:11.4  13.703 0.018  13.428 0.006  13.085 0.016   
112  10:31:50.98  -39:57:50.1  13.678 0.018  13.322 0.012  12.807 0.040   
113  10:32:05.75  -39:56:54.1  13.738 0.007  13.469 0.010  13.165 0.025   
114  10:31:59.77  -39:55:46.5  13.813 0.014  13.399 0.016  12.824 0.038   
115  10:31:57.00  -40:02:08.0  13.941 0.025  13.647 0.011  13.341 0.016   
116  10:31:33.87  -40:00:10.1  14.022 0.022  13.731 0.016  13.380 0.022   
117  10:31:26.23  -39:56:48.0  14.129 0.018  13.872 0.017  13.524 0.048   
118  10:31:57.64  -40:00:07.3  14.261 0.020  13.964 0.021  13.668 0.032   
119  10:31:36.38  -39:52:42.2  14.192 0.014  13.777 0.013  13.195 0.059   
120  10:31:45.77  -39:56:32.0  14.283 0.019  14.032 0.021  13.705 0.052   
121  10:31:31.37  -39:54:03.5  14.217 0.012  13.975 0.012  13.691 0.030   
122  10:31:51.99  -39:54:27.6  14.277 0.017  13.954 0.012  13.518 0.040   
123  10:31:51.52  -39:54:42.6  14.382 0.008  14.077 0.012  13.688 0.036   
124  10:31:49.85  -40:00:17.1  14.438 0.026  13.968 0.024  13.308 0.005   
125  10:31:43.07  -39:59:33.1  14.502 0.020  14.217 0.018  13.845 0.045   
126  10:31:36.54  -40:02:11.4  14.747 0.028  14.460 0.005  14.116 0.019   
127  10:31:45.20  -39:56:16.9  14.708 0.025  14.209 0.014  13.625 0.042   
128  10:32:00.48  -39:55:12.0  15.063 0.024  14.782 0.026  14.426 0.028   
129  10:32:00.26  -39:52:35.8  15.240 0.029  14.903 0.006  14.648 0.031   
130  10:31:31.92  -39:57:23.0  15.674 0.024  15.183 0.021  14.613 0.024   
131  10:31:41.30  -39:53:13.1  15.630 0.034  15.124 0.023  14.493 0.032   
132  10:31:47.20  -40:02:22.6  15.815 0.021  15.540 0.014  15.356 0.039   
133  10:31:39.98  -39:58:04.4  15.377 0.017  14.996 0.039  14.556 0.058   
134  10:31:25.92  -39:57:05.3  15.369 0.030  15.074 0.025  14.670 0.028   
135  10:31:27.90  -39:55:53.3  15.606 0.017  15.289 0.070  14.803 0.052   
136  10:31:35.47  -39:56:40.1  15.784 0.036  15.370 0.016  14.747 0.045   
137  10:31:32.97  -39:58:26.7  16.378 0.032  15.960 0.034  15.285 0.090   
138  10:31:37.34  -39:57:52.5  16.410 0.072  16.010 0.039  15.447 0.072   
139  10:31:39.67  -39:57:42.2  16.271 0.020  16.001 0.069  15.692 0.108   
140  10:31:27.50  -39:57:14.1  16.486 0.066  16.189 0.043  15.894 0.130   
141  10:31:35.01  -39:58:32.4  16.689 0.088  16.283 0.039  15.826 0.073   
142  10:31:31.95  -39:58:28.8  16.921 0.072  16.568 0.100  16.181 0.068   
143  10:31:27.15  -39:57:56.6  16.894 0.096  16.558 0.100  16.301 0.151   
144  10:31:35.55  -39:58:00.3  17.298 0.069  16.959 0.158   INDEF INDEF   
145  10:31:34.53  -39:58:14.3  17.711 0.173  17.317 0.138   INDEF INDEF   
2009ca 
101  21:26:50.35  -40:54:34.6  12.179 0.015  11.834 0.037  11.337 0.008   
102  21:26:35.80  -40:53:13.2  12.373 0.020  12.089 0.019  11.697 0.014   
103  21:26:38.89  -40:46:36.2  12.471 0.027  12.054 0.024  11.426 0.003   
104  21:26:45.75  -40:51:51.5  12.612 0.020  12.305 0.012  11.848 0.011   
105  21:26:56.20  -40:48:51.8  13.046 0.022  12.789 0.003  12.396 0.030   
106  21:26:42.49  -40:56:18.6  13.266 0.021  13.013 0.012  12.679 0.013   
107  21:26:53.46  -40:52:08.1  13.294 0.021  13.018 0.015  12.640 0.011   
108  21:26:50.88  -40:52:49.3  13.986 0.017  13.584 0.014  12.980 0.014   
109  21:26:21.99  -40:56:27.2  14.407 0.023  13.983 0.010  13.314 0.018   
110  21:26:48.13  -40:50:33.4  14.979 0.032  14.554 0.028  13.911 0.020   
111  21:26:40.18  -40:48:13.1  14.989 0.021  14.761 0.019  14.437 0.009   
112  21:26:36.41  -40:52:06.6  15.057 0.025  14.805 0.015  14.458 0.019   
113  21:26:49.27  -40:55:21.9  15.172 0.028  14.902 0.023  14.561 0.019   
114  21:26:18.78  -40:47:28.8  15.125 0.021  14.678 0.033  14.128 0.014   
115  21:26:20.65  -40:49:32.8  15.359 0.029  15.007 0.027  14.564 0.029   
116  21:26:20.67  -40:48:26.5  15.440 0.020  15.065 0.012  14.581 0.011   
117  21:26:26.87  -40:52:20.2  15.558 0.030  15.247 0.022  14.856 0.044   
118  21:26:28.91  -40:48:11.1  15.541 0.021  15.088 0.016  14.392 0.023   
119  21:26:24.49  -40:50:47.8  15.617 0.029  15.375 0.027  14.986 0.050   
120  21:26:38.32  -40:52:50.2  15.889 0.038  15.400 0.030  14.796 0.075   
121  21:26:28.70  -40:49:52.2  16.019 0.049  15.792 0.056  15.502 0.094   
122  21:26:44.18  -40:47:38.8  16.064 0.038  15.778 0.040  15.476 0.043   
123  21:26:28.23  -40:55:51.2  16.293 0.059  15.915 0.043  15.387 0.094   
124  21:26:18.70  -40:51:01.1  16.404 0.005  16.130 0.034  15.786 0.127   
125  21:26:32.20  -40:56:17.3  16.701 0.067  16.323 0.060  16.097 0.030   
126  21:26:31.88  -40:54:52.1  16.809 0.058  16.536 0.106  15.881 0.080   
127  21:26:19.45  -40:51:19.1  16.776 0.032  16.645 0.059  16.303 0.135   
2009dt 
102  22:10:32.44  -36:06:32.4  12.273 0.030  11.900 0.014  11.384 0.042   
103  22:10:16.73  -36:03:41.3  12.803 0.044  12.491 0.015  12.071 0.039   
104  22:10:14.75  -36:01:41.8  12.193 0.023  11.952 0.026  11.627 0.025   
105  22:10:29.96  -36:09:25.5  13.783 0.039  13.524 0.005  13.256 0.037   
106  22:10:13.82  -36:09:07.7  13.883 0.033  13.428 0.013  12.725 0.044   
107  22:10:15.99  -36:05:38.2  14.146 0.033  13.793 0.018  13.315 0.032   
108  22:10:29.06  -36:06:26.6  14.507 0.034  14.248 0.023  13.945 0.053   
109  22:10:18.27  -36:09:23.8  15.058 0.040  14.565 0.012  14.062 0.075   
110  22:10:00.52  -36:07:27.4  14.670 0.043  14.372 0.051  13.985 0.043   
111  22:10:27.29  -36:04:38.5  15.019 0.048  14.580 0.040  14.014 0.044   
112  22:10:27.83  -36:07:23.5  15.154 0.042  14.716 0.014  14.099 0.036   
113  22:10:03.21  -36:04:12.0  15.368 0.025  15.119 0.085  14.712 0.051   
114  22:10:12.38  -36:09:22.8  15.935 0.059  15.646 0.039  15.143 0.057   
115  22:10:23.56  -36:06:30.1  15.420 0.025  14.979 0.034  14.358 0.045   
116  22:10:31.53  -36:03:28.0  15.513 0.050  15.083 0.031  14.536 0.037   
117  22:10:27.99  -36:06:58.8  15.535 0.026  15.143 0.044  14.483 0.028   
118  22:10:29.66  -36:01:22.8  14.819 0.018  14.476 0.035  13.985 0.027   
119  22:10:08.19  -36:08:17.4  16.471 0.155  16.106 0.122  16.101 0.076   
120  22:10:04.07  -36:06:24.1  15.947 0.045  15.562 0.047  14.930 0.072   
121  22:10:02.54  -36:09:33.5  16.570 0.041  16.188 0.071  15.550 0.109   
122  22:10:07.96  -36:04:36.2  16.301 0.054  15.806 0.065  15.257 0.071   
123  22:10:29.53  -36:07:11.6  16.481 0.030  16.044 0.085  15.470 0.092   
124  22:10:14.47  -36:04:53.1  16.692 0.091  16.173 0.070  15.622 0.101   
125  22:10:18.97  -36:04:12.8  16.703 0.105  16.210 0.065  15.621 0.198   
