Optical photometry of SE SNe in the Swope natural system.
JD  u, uerr, g, gerr, r, rerr, i, ierr, B, Berr, V, Verr
---------------------------------------------------------
2004ew
2453289.70  INDEF INDEF  18.666 0.013  17.655 0.011  17.382 0.011  19.256 0.015  18.063 0.021  
2453291.76  INDEF INDEF  18.838 0.012  17.745 0.009  17.475 0.008  19.473 0.018  18.244 0.021  
2453293.77  INDEF INDEF  18.834 0.019  17.821 0.014  17.561 0.009  INDEF  INDEF  INDEF  INDEF
2453294.83  INDEF INDEF  19.029 0.012  17.970 0.010  17.616 0.009  19.669 0.017  18.444 0.023  
2453295.79  INDEF INDEF  19.095 0.014  18.028 0.011  17.655 0.011  19.718 0.016  18.523 0.022  
2453298.82  INDEF INDEF  19.277 0.013  18.191 0.011  17.824 0.012  19.884 0.019  18.692 0.023  
2453300.81  INDEF INDEF  19.355 0.016  18.276 0.013  17.887 0.012  20.003 0.023  18.777 0.022  
2453301.80  INDEF INDEF  19.372 0.018  18.305 0.011  17.940 0.013  19.967 0.021  18.804 0.021  
2453302.84  INDEF INDEF  19.432 0.018  18.353 0.010  17.972 0.010  20.052 0.021  18.866 0.021  
2453303.81  INDEF INDEF  19.424 0.023  18.388 0.013  18.026 0.012  20.042 0.035  18.887 0.029  
2453304.84  INDEF INDEF  19.450 0.027  18.440 0.014  18.073 0.013  19.997 0.043  18.951 0.026  
2453307.77  INDEF INDEF  19.573 0.040  18.526 0.016  18.152 0.013  INDEF  INDEF  18.989 0.031  
2453308.80  INDEF INDEF  19.575 0.023  18.547 0.012  18.183 0.012  INDEF  INDEF  18.989 0.027  
2453314.77  INDEF INDEF  19.654 0.016  18.683 0.010  18.354 0.011  20.169 0.026  19.143 0.021  
2453315.74  INDEF INDEF  19.657 0.018  18.716 0.013  18.377 0.014  20.188 0.022  19.177 0.022  
2453320.82  INDEF INDEF  19.733 0.017  18.816 0.011  18.496 0.013  INDEF  INDEF  INDEF  INDEF  
2453324.76  INDEF INDEF  19.786 0.016  18.900 0.012  18.601 0.014  20.342 0.027  19.314 0.022  
2453329.77  INDEF INDEF  19.824 0.018  18.974 0.014  18.715 0.015  20.356 0.030  19.393 0.024  
2453331.70  INDEF INDEF  19.863 0.025  18.998 0.015  18.739 0.016  20.317 0.049  19.386 0.029  
2453341.69  INDEF INDEF  19.952 0.022  19.197 0.014  18.972 0.016  20.430 0.035  19.547 0.025  
2453344.69  INDEF INDEF  19.966 0.019  19.220 0.014  19.024 0.017  20.495 0.027  19.584 0.023  
2453349.68  INDEF INDEF  20.034 0.017  19.319 0.013  19.128 0.016  20.537 0.035  19.645 0.023  
2453365.70  INDEF INDEF  20.166 0.052  19.571 0.028  19.448 0.031  20.868 0.116  19.883 0.043  
2004ex
2453293.62  19.595 0.029  18.946 0.010  18.724 0.015  18.791 0.021  19.151 0.014  18.821 0.016  
2453294.61  19.621 0.030  18.834 0.010  18.535 0.012  18.594 0.017  19.093 0.014  18.672 0.013  
2453295.63  19.679 0.033  18.651 0.016  18.370 0.014  18.433 0.017  18.981 0.017  18.489 0.016  
2453298.72  19.515 0.028  18.309 0.012  17.908 0.011  18.005 0.016  18.656 0.016  18.070 0.012  
2453299.63  19.368 0.029  18.181 0.012  17.807 0.014  17.899 0.016  18.532 0.015  17.956 0.012  
2453300.67  19.311 0.033  18.071 0.013  17.688 0.014  17.751 0.016  18.422 0.016  17.829 0.013  
2453301.65  19.296 0.034  17.983 0.009  17.589 0.009  17.691 0.012  18.302 0.014  17.718 0.013  
2453302.67  19.239 0.043  17.909 0.010  17.482 0.013  17.588 0.012  18.224 0.016  17.652 0.014  
2453303.68  19.239 0.057  17.831 0.022  17.436 0.014  17.537 0.015  18.174 0.018  17.558 0.016  
2453307.68  19.228 0.061  17.815 0.012  17.294 0.009  17.350 0.011  18.140 0.020  17.487 0.014  
2453308.67  19.358 0.042  17.787 0.019  17.278 0.013  17.328 0.014  18.177 0.017  17.475 0.014  
2453309.72  19.282 0.052  17.825 0.018  17.291 0.013  17.304 0.013  INDEF  UBDEF  17.486 0.013  
2453310.72  19.390 0.044  17.867 0.009  17.285 0.011  17.293 0.014  18.257 0.014  17.508 0.013  
2453311.72  19.545 0.038  17.927 0.009  17.304 0.012  17.301 0.013  18.303 0.015  17.527 0.013  
2453312.65  19.717 0.032  17.986 0.010  17.339 0.013  17.292 0.015  INDEF  INDEF  INDEF  INDEF
2453314.68  20.051 0.042  18.162 0.008  17.409 0.007  17.352 0.009  18.651 0.013  17.697 0.012  
2453315.65  20.196 0.038  18.207 0.016  17.459 0.013  17.385 0.014  18.776 0.018  17.773 0.015  
2453320.64  21.173 0.074  18.750 0.013  17.804 0.013  17.592 0.014  INDEF  INDEF  INDEF  INDEF
2453323.65  INDEF  INDEF  19.045 0.014  17.978 0.016  17.752 0.015  19.666 0.033  18.430 0.017  
2453328.63  INDEF  INDEF  19.299 0.022  18.255 0.016  17.937 0.016  20.041 0.029  18.724 0.020  
2453337.65  INDEF  INDEF  19.628 0.038  18.575 0.020  18.227 0.019  20.258 0.070  18.995 0.029  
2453345.57  INDEF  INDEF  19.705 0.015  18.748 0.016  18.399 0.018  20.322 0.024  19.188 0.018  
2453349.54  INDEF  INDEF  19.718 0.042  18.810 0.033  18.477 0.022  20.359 0.025  19.219 0.043  
2453353.60  INDEF  INDEF  19.774 0.020  18.904 0.016  18.573 0.019  20.395 0.029  19.303 0.021  
2453356.55  INDEF  INDEF  19.827 0.032  18.987 0.024  18.654 0.025  20.431 0.037  19.327 0.026  
2453363.56  INDEF  INDEF  20.001 0.055  19.085 0.029  18.786 0.031  INDEF  INDEF  19.455 0.056  
2004fe 
2453309.67  19.183 0.028  18.244 0.014  18.001 0.013  18.235 0.015  18.452 0.015  18.062 0.017  
2453310.67  18.805 0.023  17.985 0.012  17.773 0.013  17.970 0.013  18.169 0.012  17.848 0.011  
2453311.67  18.513 0.017  17.765 0.014  17.573 0.009  17.747 0.012  17.959 0.010  17.614 0.011  
2453312.62  18.337 0.019  17.595 0.014  17.419 0.012  17.588 0.012  INDEF  INDEF  INDEF  INDEF 
2453314.62  18.145 0.014  17.372 0.009  17.185 0.007  17.326 0.009  17.571 0.009  17.241 0.010  
2453315.60  18.114 0.016  17.297 0.014  17.109 0.016  17.265 0.013  17.531 0.011  17.172 0.012  
2453320.60  18.687 0.017  17.375 0.014  16.945 0.014  17.036 0.011  INDEF  INDEF  INDEF  INDEF
2453321.66  18.936 0.020  17.472 0.010  16.972 0.010  17.047 0.010  17.814 0.009  17.182 0.009  
2453323.60  19.377 0.032  17.666 0.011  17.014 0.011  17.079 0.009  18.056 0.011  17.284 0.009  
2453324.62  19.632 0.035  17.786 0.016  17.056 0.010  17.081 0.008  18.214 0.012  17.358 0.010  
2453325.66  19.712 0.119  17.909 0.016  17.126 0.010  17.137 0.011  18.393 0.013  17.451 0.012  
2453327.57  20.261 0.050  18.181 0.017  17.259 0.010  17.205 0.011  18.657 0.013  17.640 0.010  
2453330.64  20.151 0.087  18.548 0.015  17.507 0.009  17.418 0.009  19.078 0.025  17.960 0.011  
2453337.57  20.937 0.162  19.075 0.020  18.054 0.010  17.878 0.012  19.609 0.041  18.536 0.017  
2453338.60  INDEF  INDEF  INDEF  INDEF  18.095 0.018  17.967 0.015  19.609 0.045  18.594 0.020  
2453339.59  INDEF  INDEF  INDEF  INDEF  18.181 0.011  18.024 0.013  19.651 0.026  18.688 0.016  
2453340.60  21.059 0.082  19.259 0.022  18.270 0.016  18.083 0.019  19.709 0.029  18.708 0.020  
2453344.58  INDEF  INDEF  19.407 0.025  18.458 0.016  18.280 0.015  19.891 0.029  18.892 0.024  
2453348.58  INDEF  INDEF  19.524 0.029  18.602 0.025  18.465 0.016  19.981 0.032  19.011 0.024  
2453352.60  INDEF  INDEF  19.623 0.018  18.719 0.015  18.613 0.016  20.080 0.031  19.138 0.027  
2453354.55  INDEF  INDEF  INDEF  INDEF  18.788 0.020  18.657 0.018  20.107 0.034  19.188 0.023  
2453357.55  INDEF  INDEF  19.739 0.034  18.893 0.021  18.740 0.017  20.126 0.038  19.273 0.025  
2453362.55  INDEF  INDEF  19.869 0.045  18.999 0.023  18.849 0.021  20.354 0.097  19.398 0.037  
2004ff
2453310.85  19.339 0.031  18.080 0.009  17.716 0.012  17.685 0.014  18.409 0.013  17.840 0.011  
2453311.81  19.385 0.034  18.031 0.009  17.657 0.012  17.638 0.014  18.393 0.022  17.806 0.011  
2453312.76  INDEF  INDEF  INDEF  INDEF  17.633 0.023  17.567 0.058  INDEF  INDEF   INDEF INDEF 
2453314.83  19.559 0.027  18.059 0.009  17.595 0.010  17.512 0.011  18.421 0.009  17.782 0.009  
2453315.85  19.628 0.026  18.111 0.009  17.600 0.011  17.511 0.013  18.466 0.016  17.799 0.010  
2453316.83  19.829 0.042  18.176 0.008  17.598 0.009  17.509 0.012  18.553 0.014  17.822 0.009  
2453320.75  20.671 0.048  18.546 0.012  17.788 0.012  17.555 0.014  INDEF  INDEF  INDEF  INDEF
2453321.81  20.843 0.055  18.675 0.014  17.868 0.015  17.624 0.014  19.191 0.016  18.191 0.011  
2453323.77  INDEF  INDEF  18.856 0.019  17.985 0.020  17.698 0.015  INDEF  INDEF  INDEF  INDEF  
2453324.81  21.574 0.181  19.013 0.015  18.081 0.012  17.770 0.013  19.557 0.023  18.445 0.016  
2453325.77  21.611 0.193  19.094 0.012  18.138 0.014  17.828 0.012  19.729 0.044  18.503 0.019  
2453327.74  21.785 0.119  19.255 0.016  18.279 0.013  17.889 0.012  19.873 0.023  18.706 0.014  
2453330.70  INDEF  INDEF  19.459 0.026  18.430 0.013  18.042 0.013  20.078 0.040  18.868 0.017  
2453331.81  INDEF  INDEF  19.532 0.022  18.514 0.014  18.114 0.012  20.206 0.028  18.996 0.017  
2453340.68  INDEF  INDEF  19.909 0.021  18.841 0.014  18.486 0.017  20.509 0.036  19.339 0.019  
2453344.81  INDEF  INDEF  20.024 0.019  19.004 0.017  18.599 0.014  20.496 0.037  19.480 0.019  
2453352.66  INDEF  INDEF  20.090 0.017  19.180 0.019  18.760 0.014  20.619 0.035  19.570 0.018  
2453363.75  INDEF  INDEF  20.280 0.039  19.369 0.024  18.990 0.020  20.697 0.072  INDEF  INDEF
2453372.62  INDEF  INDEF  20.325 0.020  19.521 0.016  19.247 0.016  20.821 0.033  19.947 0.027  
2453383.72  INDEF  INDEF  20.501 0.024  INDEF  INDEF  19.468 0.021  20.903 0.042  INDEF  INDEF
2004gq 
2453352.79  16.607 0.010  15.921 0.006  15.747 0.007  15.673 0.007  16.148 0.008  15.783 0.007  
2453353.64  16.491 0.010  15.815 0.007  15.645 0.008  15.577 0.009  16.049 0.007  15.697 0.006  
2453356.71  16.384 0.017  15.611 0.008  15.395 0.012  INDEF  INDEF  15.849 0.008  15.449 0.008  
2453357.66  16.425 0.012  15.573 0.006  15.334 0.008  15.259 0.008  15.826 0.009  15.409 0.009  
2453361.60  16.778 0.011  15.621 0.006  15.257 0.009  15.121 0.010  15.944 0.008  15.389 0.007  
2453369.75  18.352 0.027  16.334 0.008  15.507 0.008  15.193 0.008  16.846 0.011  15.845 0.008  
2453372.66  18.817 0.025  16.618 0.008  15.659 0.008  15.319 0.008  17.186 0.011  16.078 0.010  
2453373.66  19.000 0.031  16.701 0.006  15.730 0.006  15.369 0.005  17.284 0.013  16.148 0.006  
2453376.78  19.341 0.042  16.965 0.007  15.908 0.006  15.518 0.006  17.577 0.013  16.380 0.007  
2453377.69  19.303 0.035  17.018 0.008  15.963 0.006  15.576 0.008  17.638 0.014  16.423 0.007  
2453380.67  19.574 0.084  17.208 0.010  16.128 0.007  15.734 0.008  17.846 0.024  16.631 0.009  
2453381.66  19.497 0.037  17.271 0.012  16.159 0.012  15.758 0.011  17.895 0.016  16.629 0.014  
2453383.67  19.782 0.050  17.389 0.010  16.279 0.010  15.873 0.009  17.999 0.018  16.748 0.011  
2453384.69  INDEF  INDEF  17.524 0.050  16.292 0.017  15.929 0.027  18.038 0.062  16.772 0.022  
2453385.65  19.854 0.052  17.467 0.011  16.353 0.008  15.947 0.008  18.117 0.015  16.858 0.010  
2453386.66  19.873 0.050  17.494 0.013  16.365 0.012  15.971 0.011  18.120 0.017  16.883 0.012  
2453387.66  19.869 0.063  17.531 0.010  16.422 0.007  16.030 0.007  18.143 0.017  16.925 0.009  
2453388.70  19.862 0.090  17.571 0.010  16.458 0.006  16.055 0.007  18.169 0.017  16.961 0.009  
2453390.66  19.867 0.080  17.645 0.012  16.518 0.007  16.103 0.009  18.254 0.021  17.024 0.010  
2453394.60  19.984 0.110  17.718 0.013  16.630 0.009  16.226 0.010  18.389 0.032  17.120 0.012  
2453396.68  INDEF  INDEF  17.752 0.013  16.678 0.008  16.287 0.010  18.343 0.023  17.157 0.011  
2453398.65  20.044 0.084  17.792 0.013  16.730 0.009  16.331 0.010  18.367 0.025  17.226 0.010  
2453399.65  20.041 0.059  17.810 0.012  16.766 0.008  16.355 0.009  18.433 0.022  17.233 0.011  
2453407.61  19.974 0.060  17.923 0.016  16.917 0.013  16.523 0.020  18.509 0.024  17.370 0.011  
2453408.64  20.154 0.046  17.940 0.013  16.926 0.011  16.540 0.012  18.552 0.019  17.389 0.012  
2453409.64  20.065 0.036  17.941 0.018  16.936 0.014  16.560 0.012  18.541 0.019  17.406 0.011  
2453410.66  20.120 0.043  17.963 0.014  16.986 0.012  16.576 0.011  18.524 0.017  17.410 0.012  
2453412.61  INDEF  INDEF  17.974 0.012  16.994 0.008  16.618 0.009  18.579 0.021  17.464 0.011  
2453413.67  INDEF  INDEF  18.001 0.012  17.026 0.010  16.622 0.008  18.605 0.020  17.475 0.012  
2453415.60  INDEF  INDEF  18.035 0.012  17.055 0.010  16.684 0.011  18.621 0.022  17.494 0.012  
2453416.63  INDEF  INDEF  18.038 0.012  17.063 0.009  16.685 0.009  18.625 0.021  17.530 0.011  
2004gt
2453356.86  17.510 0.066  15.959 0.023  15.287 0.018  15.144 0.020  16.356 0.024  15.579 0.019  
2453357.83  INDEF  INDEF  INDEF  INDEF  15.213 0.016  15.095 0.016  INDEF  INDEF  15.476 0.018  
2453361.80  17.855 0.060  15.905 0.016  15.079 0.015  14.913 0.032  16.334 0.029  15.407 0.017  
2453362.83  17.921 0.063  15.888 0.017  15.095 0.016  14.905 0.022  16.358 0.025  15.420 0.018  
2453363.83  17.991 0.063  15.918 0.017  15.106 0.016  INDEF  INDEF  16.356 0.031  15.403 0.018  
2453365.80  18.170 0.069  15.955 0.014  INDEF  INDEF  14.910 0.026  16.450 0.022  15.449 0.017  
2453369.82  18.790 0.080  16.168 0.014  15.175 0.015  14.944 0.024  16.682 0.021  15.572 0.018  
2453372.79  18.949 0.091  16.397 0.013  15.295 0.012  14.994 0.012  16.929 0.020  15.751 0.015  
2453373.82  19.230 0.087  16.497 0.021  15.318 0.013  15.022 0.013  INDEF  INDEF  15.794 0.015  
2453377.81  19.695 0.099  16.721 0.032  15.512 0.014  15.172 0.016  17.317 0.025  16.054 0.018  
2453380.81  INDEF  INDEF  16.924 0.026  15.643 0.013  15.286 0.014  INDEF  INDEF  16.206 0.017  
2453381.80  INDEF  INDEF  17.011 0.063  15.693 0.020  15.284 0.030  17.593 0.037  16.280 0.020  
2453383.81  INDEF  INDEF  17.092 0.054  INDEF  INDEF  INDEF  INDEF  INDEF  INDEF  INDEF  INDEF  
2453384.78  INDEF  INDEF  17.171 0.026  15.864 0.014  15.444 0.028  INDEF  INDEF  16.410 0.023  
2453386.87  INDEF  INDEF  INDEF  INDEF  15.915 0.020  15.539 0.041  17.822 0.032  16.654 0.032  
2453388.78  INDEF  INDEF  17.243 0.031  16.017 0.014  15.625 0.014  17.947 0.033  16.640 0.018  
2453390.77  INDEF  INDEF  17.357 0.026  16.103 0.017  15.699 0.026  17.915 0.049  16.685 0.024  
2453400.83  INDEF  INDEF  17.613 0.032  16.400 0.014  16.070 0.017  18.018 0.028  16.912 0.017  
2453402.75  INDEF  INDEF  17.555 0.036  16.434 0.017  16.047 0.034  18.108 0.034  16.922 0.021  
2453407.85  INDEF  INDEF  17.612 0.049  16.512 0.018  16.247 0.028  18.104 0.034  17.014 0.020  
2453408.87  INDEF  INDEF  INDEF  INDEF  16.564 0.018  16.212 0.031  INDEF  INDEF  INDEF  INDEF
2453409.83  INDEF  INDEF  INDEF  INDEF  16.643 0.051  INDEF  INDEF  18.168 0.048  17.074 0.037  
2004gv 
2453356.64  19.235 0.031  18.215 0.011  17.953 0.012  17.994 0.014  18.441 0.013  18.059 0.014  
2453357.60  19.066 0.027  18.036 0.010  17.779 0.011  17.838 0.013  18.283 0.012  17.917 0.010  
2453361.57  18.422 0.024  17.558 0.009  17.346 0.009  17.372 0.011  17.828 0.013  17.446 0.011  
2453362.65  18.345 0.028  17.502 0.009  17.256 0.009  17.314 0.008  17.729 0.013  17.370 0.013  
2453363.60  18.318 0.026  17.443 0.009  17.201 0.008  17.255 0.009  17.703 0.013  17.311 0.009  
2453365.56  18.383 0.025  17.409 0.009  17.121 0.009  17.147 0.010  17.676 0.013  17.248 0.009  
2453369.56  18.811 0.024  17.564 0.010  17.086 0.009  17.071 0.011  17.840 0.011  17.298 0.009  
2453372.56  19.550 0.043  17.770 0.009  17.132 0.008  17.072 0.009  18.147 0.012  17.414 0.011  
2453373.59  INDEF  INDEF  17.866 0.007  17.172 0.006  17.091 0.006  18.315 0.012  17.491 0.008  
2453376.60  20.472 0.061  18.163 0.010  17.307 0.007  17.159 0.008  18.656 0.015  17.667 0.011  
2453380.56  21.037 0.111  18.497 0.012  17.498 0.009  17.308 0.010  19.053 0.018  17.983 0.012  
2453381.55  21.299 0.160  18.563 0.019  17.556 0.012  17.323 0.014  19.150 0.018  18.049 0.013  
2453383.59  21.280 0.130  18.722 0.013  17.660 0.012  17.418 0.014  19.314 0.021  18.145 0.014  
2453384.55  21.478 0.175  18.767 0.023  17.726 0.011  INDEF  UBDEF  19.365 0.057  18.221 0.021  
2453385.55  INDEF  INDEF  18.851 0.028  17.756 0.010  17.519 0.012  19.391 0.024  18.256 0.013  
2453386.56  INDEF  INDEF  18.877 0.017  17.782 0.011  17.559 0.011  19.476 0.025  18.325 0.016  
2453395.58  INDEF  INDEF  19.198 0.035  18.201 0.016  17.955 0.018  19.873 0.112  18.696 0.035  
2453399.55  INDEF  INDEF  19.293 0.019  18.288 0.011  18.083 0.014  19.812 0.030  18.776 0.016  
2005Q 
2453401.57  18.214 0.022  17.467 0.009  17.192 0.009  17.318 0.028  17.710 0.010  17.329 0.009  
2453402.59  18.210 0.015  17.440 0.008  17.157 0.006  17.254 0.009  17.655 0.011  17.290 0.008  
2453403.59  18.189 0.016  17.395 0.007  17.111 0.006  17.213 0.010  17.633 0.011  17.250 0.008  
2453404.57  18.171 0.020  17.384 0.010  17.082 0.009  17.184 0.010  17.587 0.011  17.220 0.009  
2453408.55  18.366 0.045  17.377 0.012  17.001 0.010  17.115 0.013  17.649 0.017  17.192 0.012  
2453409.55  18.418 0.028  17.399 0.010  17.015 0.010  17.118 0.015  17.687 0.015  17.185 0.013  
2453411.55  18.634 0.035  17.535 0.012  17.053 0.009  17.137 0.015  17.878 0.018  17.308 0.013  
2453412.54  18.774 0.040  17.639 0.013  17.087 0.010  17.147 0.015  17.977 0.020  17.334 0.014  
2453414.54  18.996 0.053  17.798 0.014  17.188 0.013  17.214 0.015  18.180 0.022  17.448 0.015  
2453415.54  19.246 0.052  17.888 0.015  17.208 0.011  17.264 0.015  18.297 0.021  17.548 0.016  
2453417.55  19.428 0.063  18.119 0.020  17.302 0.011  17.353 0.017  18.515 0.025  17.694 0.026  
2453419.54  INDEF  INDEF  18.271 0.025  17.390 0.013  17.415 0.017  18.684 0.032  17.872 0.021  
2453430.55  20.711 0.157  18.964 0.030  17.905 0.016  17.849 0.023  19.461 0.033  18.452 0.025  
2005aw
2453456.88  18.739 0.042  16.519 0.008  15.770 0.005  15.796 0.007  17.200 0.009  16.001 0.007  
2453457.86  18.805 0.045  16.568 0.007  15.727 0.005  15.774 0.007  17.236 0.009  15.992 0.007  
2453458.89  18.849 0.041  16.557 0.008  15.733 0.006  15.741 0.007  17.247 0.009  15.994 0.007  
2453459.90  19.007 0.043  16.596 0.009  15.727 0.007  15.741 0.008  17.313 0.009  16.020 0.006  
2453460.88  19.198 0.050  16.639 0.008  15.736 0.006  15.738 0.007  17.353 0.012  16.039 0.007  
2453464.90  19.594 0.043  16.912 0.008  15.829 0.006  15.820 0.009  17.637 0.010  16.224 0.008  
2453465.89  19.868 0.049  16.995 0.008  15.862 0.006  15.840 0.010  17.708 0.011  16.298 0.008  
2453466.90  19.748 0.094  17.049 0.013  15.901 0.006  15.865 0.008  17.785 0.015  16.353 0.010  
2453467.92  INDEF  INDEF  17.112 0.007  15.939 0.005  15.894 0.007  17.839 0.026  16.412 0.008  
2453474.92  INDEF  INDEF  INDEF  INDEF  16.308 0.006  INDEF  INDEF  18.409 0.024  16.867 0.008  
2453475.92  INDEF  INDEF  17.665 0.012  INDEF  INDEF  INDEF  INDEF  18.418 0.014  16.930 0.009  
2453476.91  INDEF  INDEF  17.737 0.011  16.423 0.008  16.271 0.009  18.495 0.016  17.002 0.010  
2453477.93  INDEF  INDEF  INDEF  INDEF  INDEF  INDEF  INDEF  INDEF  18.479 0.044  INDEF  INDEF
2453478.92  INDEF  INDEF  17.849 0.024  16.530 0.016  16.382 0.025  18.607 0.048  17.109 0.017  
2453483.84  INDEF  INDEF  18.076 0.018  INDEF  INDEF  16.598 0.011  18.815 0.023  17.370 0.014  
2453484.88  INDEF  INDEF  18.132 0.018  INDEF  INDEF  16.587 0.016  18.870 0.029  17.343 0.021  
2453487.89  INDEF  INDEF  18.179 0.022  INDEF  INDEF  16.730 0.009  INDEF  INDEF  17.481 0.017  
2453489.82  INDEF  INDEF  18.222 0.016  16.986 0.011  16.762 0.014  19.053 0.087  17.537 0.023  
2453490.85  INDEF  INDEF  18.263 0.013  17.019 0.009  16.819 0.014  18.970 0.022  17.603 0.012  
2453491.84  INDEF  INDEF  18.312 0.016  17.046 0.011  16.863 0.014  18.999 0.020  INDEF  INDEF
2453512.88  INDEF  INDEF  18.511 0.013  17.460 0.008  17.194 0.009  19.108 0.019  17.942 0.011  
2005bf 
2453467.67  18.650 0.019  18.060 0.006  18.055 0.006  18.200 0.010  18.221 0.008  18.026 0.009  
2453468.59  18.440 0.015  17.948 0.008  17.967 0.008  18.095 0.009  18.105 0.008  17.937 0.009  
2453472.59  17.987 0.012  17.612 0.007  17.621 0.008  17.706 0.009  17.765 0.007  17.614 0.007  
2453473.60  17.925 0.012  17.555 0.008  17.574 0.008  17.641 0.009  17.725 0.008  17.553 0.008  
2453474.56  17.934 0.012  17.521 0.006  17.503 0.008  17.583 0.009  17.694 0.008  17.496 0.009  
2453475.64  18.002 0.013  17.523 0.007  17.469 0.008  INDEF  INDEF  17.680 0.009  17.481 0.009  
2453476.56  18.101 0.015  17.539 0.009  17.443 0.011  17.513 0.013  17.715 0.009  17.471 0.011  
2453477.56  18.247 0.014  17.563 0.010  17.407 0.009  17.463 0.011  17.752 0.010  17.483 0.010  
2453478.58  18.346 0.017  17.579 0.009  17.376 0.011  17.430 0.012  17.790 0.009  17.470 0.010  
2453479.52  18.439 0.025  17.559 0.014  17.304 0.013  17.348 0.012  17.777 0.010  17.406 0.016  
2453480.54  18.529 0.020  17.541 0.009  17.285 0.009  17.306 0.009  17.770 0.011  17.376 0.010  
2453481.52  18.574 0.028  17.508 0.010  17.222 0.009  17.273 0.009  INDEF  INDEF  17.345 0.010  
2453482.53  18.578 0.049  17.461 0.031  17.142 0.027  17.162 0.024  17.708 0.024  17.278 0.022  
2453483.54  18.460 0.038  17.388 0.009  17.122 0.009  17.151 0.010  17.628 0.011  17.222 0.011  
2453484.60  18.334 0.038  17.331 0.011  17.074 0.010  17.107 0.011  17.587 0.013  17.168 0.013  
2453489.52  17.874 0.013  16.935 0.006  16.735 0.006  16.784 0.007  17.143 0.006  16.823 0.006  
2453490.51  INDEF  INDEF  16.813 0.007  16.652 0.009  16.715 0.010  17.030 0.007  16.737 0.008  
2453491.49  17.496 0.013  16.725 0.009  16.590 0.011  16.682 0.014  16.927 0.010  16.646 0.011  
2453493.52  17.258 0.034  16.587 0.019  INDEF  INDEF  INDEF  INDEF  16.801 0.024  16.529 0.020  
2453495.54  17.165 0.014  16.560 0.006  INDEF  INDEF  INDEF  INDEF  16.744 0.008  16.479 0.009  
2453496.55  17.144 0.019  16.504 0.009  INDEF  INDEF  INDEF  INDEF  16.716 0.010  16.465 0.009  
2453497.47  17.113 0.013  16.508 0.006  INDEF  INDEF  INDEF  INDEF  16.694 0.008  16.440 0.007  
2453499.46  17.110 0.013  16.506 0.008  INDEF  INDEF  INDEF  INDEF  16.720 0.009  16.437 0.008  
2453500.47  17.144 0.014  16.530 0.009  INDEF  INDEF  INDEF  INDEF  16.734 0.011  16.436 0.010  
2453501.46  17.215 0.016  16.568 0.007  INDEF  INDEF  INDEF  INDEF  16.781 0.009  16.462 0.008  
2453502.47  17.276 0.014  16.599 0.007  INDEF  INDEF  INDEF  INDEF  16.818 0.010  16.478 0.009  
2453503.47  17.361 0.013  16.639 0.007  INDEF  INDEF  INDEF  INDEF  16.862 0.009  16.502 0.010  
2453504.48  17.422 0.016  16.673 0.006  INDEF  INDEF  INDEF  INDEF  16.916 0.009  16.518 0.007  
2453506.49  17.611 0.015  16.763 0.007  INDEF  INDEF  INDEF  INDEF  17.026 0.016  16.563 0.011  
2453507.50  INDEF  INDEF  INDEF  INDEF  16.407 0.039  16.395 0.023  17.053 0.062  16.672 0.050  
2453508.65  INDEF  INDEF  INDEF  INDEF  16.493 0.009  16.385 0.011  17.155 0.014  16.660 0.012  
2453509.47  INDEF  INDEF  INDEF  INDEF  16.492 0.008  16.414 0.009  17.227 0.010  16.681 0.009  
2453510.52  INDEF  INDEF  INDEF  INDEF  16.525 0.020  16.496 0.038  17.259 0.026  16.701 0.020  
2453511.48  INDEF  INDEF  INDEF  INDEF  16.567 0.010  16.478 0.011  17.391 0.011  16.787 0.010  
2453512.65  18.295 0.061  17.144 0.015  16.601 0.009  16.473 0.009  17.537 0.016  16.854 0.010  
2453513.46  INDEF  INDEF  INDEF  INDEF  16.641 0.008  16.506 0.009  17.545 0.012  16.910 0.011  
2453516.46  18.654 0.022  17.446 0.015  INDEF  INDEF  INDEF  INDEF  17.845 0.010  17.104 0.009  
2453517.45  18.772 0.064  17.530 0.030  INDEF  INDEF  INDEF  INDEF  17.957 0.013  17.178 0.010  
2453520.46  19.238 0.036  17.848 0.012  INDEF  INDEF  INDEF  INDEF  18.291 0.014  17.435 0.012  
2453521.45  19.319 0.043  17.881 0.017  INDEF  INDEF  INDEF  INDEF  18.356 0.014  17.506 0.014  
2453522.45  INDEF  INDEF  INDEF  INDEF  17.215 0.013  16.942 0.013  18.422 0.025  17.579 0.016  
2453523.47  INDEF  INDEF  INDEF  INDEF  17.303 0.011  17.029 0.012  18.575 0.017  17.685 0.016  
2453524.46  INDEF  INDEF  INDEF  INDEF  17.381 0.019  17.077 0.029  18.690 0.018  17.746 0.013  
2453525.45  INDEF  INDEF  INDEF  INDEF  17.438 0.011  17.146 0.013  18.757 0.034  17.787 0.027  
2453526.45  INDEF  INDEF  INDEF  INDEF  17.486 0.011  17.222 0.013  18.916 0.045  17.922 0.017  
2453527.50  INDEF  INDEF  INDEF  INDEF  17.560 0.013  17.329 0.015  18.955 0.016  18.001 0.014  
2453528.47  INDEF  INDEF  INDEF  INDEF  INDEF  INDEF  INDEF  INDEF  19.000 0.014  18.086 0.012  
2453529.49  20.202 0.047  18.632 0.011  INDEF  INDEF  INDEF  INDEF  19.096 0.016  18.150 0.014  
2453530.48  20.182 0.038  18.677 0.015  INDEF  INDEF  INDEF  INDEF  19.166 0.016  18.205 0.017  
2453538.48  INDEF  INDEF  INDEF  INDEF  INDEF  INDEF  INDEF  INDEF  19.545 0.041  18.536 0.015  
2453539.46  INDEF  INDEF  INDEF  INDEF  INDEF  INDEF  INDEF  INDEF  INDEF  INDEF  18.586 0.019  
2453542.46  INDEF  INDEF  INDEF  INDEF  INDEF  INDEF  INDEF  INDEF  INDEF  INDEF  18.660 0.020  
2453565.48  INDEF  INDEF  INDEF  INDEF  INDEF  INDEF  18.386 0.118  20.486 0.064  19.569 0.026  
2453569.48  INDEF  INDEF  INDEF  INDEF  INDEF  INDEF  INDEF  INDEF  20.740 0.150  19.750 0.044  
2005bj 
2453473.86  20.117 0.056  18.263 0.008  17.518 0.009  17.528 0.012  18.735 0.011  17.771 0.008  
2453474.89  20.208 0.052  18.317 0.010  17.503 0.009  17.496 0.012  18.812 0.013  17.789 0.010  
2453475.89  20.367 0.044  18.360 0.011  17.529 0.011  17.498 0.014  18.864 0.013  17.817 0.011  
2453476.88  20.438 0.100  18.445 0.011  17.543 0.011  17.499 0.015  18.947 0.017  17.865 0.011  
2453477.90  20.664 0.063  18.517 0.015  17.573 0.011  17.513 0.013  19.046 0.014  17.926 0.010  
2453478.88  20.774 0.068  18.593 0.012  17.613 0.012  17.531 0.014  19.067 0.070  17.988 0.022  
2453479.89  INDEF  INDEF  18.659 0.012  17.659 0.013  17.553 0.013  19.249 0.017  18.046 0.011  
2453480.91  INDEF  INDEF  18.740 0.018  17.725 0.013  17.622 0.024  19.220 0.115  18.107 0.028  
2453484.81  INDEF  INDEF  INDEF  INDEF  INDEF  INDEF  INDEF  INDEF  INDEF  INDEF  18.443 0.137  
2453487.87  INDEF  INDEF  19.255 0.078  18.053 0.027  17.817 0.030  19.840 0.133  18.619 0.044  
2453489.79  INDEF  INDEF  19.357 0.038  18.154 0.016  17.907 0.016  20.003 0.050  18.662 0.020  
2453490.82  INDEF  INDEF  19.412 0.018  18.212 0.011  17.953 0.014  20.136 0.036  18.703 0.014  
2453491.81  INDEF  INDEF  19.479 0.016  18.255 0.013  17.989 0.017  20.124 0.029  18.767 0.013  
2453512.83  INDEF  INDEF  19.991 0.077  19.055 0.028  18.743 0.028  20.684 0.198  19.474 0.060  
2005em 
2453644.73  18.696 0.023  18.080 0.010  17.878 0.018  17.965 0.016  18.230 0.017  17.951 0.020  
2453650.86  19.263 0.028  18.158 0.008  17.753 0.021  17.823 0.022  18.455 0.019  17.868 0.027  
2453655.80  20.121 0.040  18.553 0.011  17.891 0.018  17.911 0.016  18.925 0.020  18.156 0.021  
2453658.74  20.296 0.094  18.897 0.021  18.032 0.019  17.941 0.016  19.220 0.031  18.371 0.024  
2453659.72  20.573 0.189  18.940 0.030  18.046 0.022  17.976 0.018  19.398 0.063  18.426 0.030  
2453663.77  INDEF  INDEF  19.428 0.041  18.375 0.029  18.215 0.038  19.928 0.085  18.729 0.039  
2453665.79  21.261 0.150  19.561 0.026  18.523 0.025  18.330 0.024  20.218 0.067  18.974 0.039  
2453669.76  INDEF  INDEF  19.868 0.024  18.802 0.021  18.574 0.019  20.278 0.036  19.223 0.028  
2453671.86  INDEF  INDEF  19.994 0.025  18.945 0.023  18.692 0.025  INDEF  INDEF  INDEF  INDEF
2453684.76  INDEF  INDEF  20.621 0.029  19.561 0.025  19.316 0.027  21.074 0.071  19.993 0.035  
2453695.80  INDEF  INDEF  INDEF  INDEF  INDEF  INDEF  INDEF  INDEF  INDEF  INDEF  20.595 0.070  
2453707.79  INDEF  INDEF  21.992 0.136  21.135 0.084  20.833 0.137  INDEF  INDEF  21.599 0.160  
2453722.69  INDEF  INDEF  INDEF  INDEF  INDEF  INDEF  21.589 0.153  INDEF  INDEF  INDEF  INDEF
2453726.73  INDEF  INDEF  INDEF  INDEF  INDEF  INDEF  21.587 0.171  INDEF  INDEF  INDEF  INDEF
2453736.64  INDEF  INDEF  INDEF  INDEF  INDEF  INDEF  22.118 0.192  INDEF  INDEF  INDEF  INDEF
2006T 
2453767.72  INDEF  INDEF  18.287 0.010  17.539 0.008  17.628 0.010  18.775 0.019  17.896 0.012  
2453768.77  19.868 0.104  18.004 0.013  17.174 0.008  17.276 0.012  18.559 0.018  17.551 0.010  
2453771.72  18.828 0.033  17.071 0.010  16.398 0.009  16.493 0.011  17.521 0.014  16.650 0.009  
2453772.71  18.601 0.026  16.841 0.009  16.220 0.010  16.318 0.011  17.265 0.016  16.459 0.010  
2453773.67  18.301 0.022  16.637 0.008  16.061 0.006  16.144 0.006  17.042 0.012  16.273 0.008  
2453774.71  18.039 0.019  16.471 0.008  15.917 0.008  16.024 0.008  16.851 0.012  16.118 0.008  
2453775.56  17.894 0.020  16.330 0.006  15.795 0.005  15.901 0.007  16.706 0.011  15.998 0.006  
2453778.71  17.629 0.019  16.093 0.011  INDEF  INDEF  15.642 0.012  16.461 0.014  15.764 0.013  
2453781.72  17.760 0.025  16.086 0.008  15.487 0.008  15.527 0.007  16.504 0.012  15.708 0.008  
2453783.63  18.090 0.026  16.206 0.009  15.494 0.010  15.505 0.008  16.659 0.012  15.752 0.008  
2453784.72  18.308 0.025  16.316 0.010  15.528 0.010  15.523 0.011  16.793 0.013  15.808 0.009  
2453785.74  18.540 0.031  16.408 0.010  15.565 0.011  15.520 0.011  16.934 0.013  15.871 0.009  
2453786.77  18.677 0.028  16.498 0.011  15.612 0.012  15.546 0.012  17.041 0.014  15.946 0.013  
2453788.77  19.162 0.029  16.726 0.011  15.716 0.011  15.629 0.011  17.290 0.014  16.107 0.013  
2453790.62  19.523 0.032  16.918 0.007  15.848 0.006  15.717 0.006  17.547 0.015  16.280 0.008  
2453795.64  20.245 0.065  17.369 0.008  16.168 0.006  15.918 0.006  18.036 0.019  16.700 0.007  
2453798.68  20.516 0.063  17.559 0.013  16.330 0.009  16.036 0.009  18.263 0.016  16.879 0.010  
2453799.70  20.491 0.066  17.616 0.010  16.394 0.009  16.070 0.006  18.310 0.016  16.936 0.007  
2453801.65  20.635 0.064  17.706 0.013  16.492 0.012  16.152 0.011  18.408 0.019  17.045 0.011  
2453802.68  20.565 0.077  17.775 0.012  16.541 0.010  16.205 0.010  18.461 0.018  17.093 0.010  
2453805.63  INDEF  INDEF  17.872 0.015  16.676 0.009  16.339 0.010  18.528 0.021  17.253 0.010  
2453809.64  INDEF  INDEF  18.013 0.020  16.839 0.011  16.477 0.011  18.644 0.034  17.368 0.011  
2453815.60  INDEF  INDEF  18.116 0.014  16.998 0.011  16.656 0.011  18.741 0.019  17.509 0.012  
2453819.62  INDEF  INDEF  18.159 0.013  17.096 0.010  16.770 0.011  18.778 0.018  17.592 0.013  
2453824.64  INDEF  INDEF  18.216 0.014  17.211 0.012  16.876 0.009  18.777 0.019  17.663 0.011  
2453831.60  INDEF  INDEF  18.283 0.016  17.331 0.013  17.030 0.013  18.816 0.021  17.754 0.014  
2453835.55  INDEF  INDEF  18.302 0.013  17.393 0.009  17.110 0.009  18.799 0.024  17.804 0.013  
2453840.58  INDEF  INDEF  18.366 0.019  17.483 0.012  17.212 0.009  18.842 0.026  17.865 0.013  
2453845.54  INDEF  INDEF  18.395 0.016  17.562 0.013  17.304 0.012  18.884 0.020  17.913 0.011  
2453853.57  INDEF  INDEF  18.485 0.013  17.710 0.010  17.508 0.010  18.974 0.020  18.067 0.012  
2453866.53  INDEF  INDEF  18.622 0.020  17.932 0.014  17.758 0.012  19.142 0.035  18.285 0.017  
2453867.50  INDEF  INDEF  18.649 0.023  17.947 0.017  17.788 0.015  19.129 0.032  18.300 0.020  
2453870.55  INDEF  INDEF  18.705 0.022  18.005 0.015  17.858 0.014  19.207 0.041  18.319 0.017  
2453871.52  INDEF  INDEF  18.710 0.019  18.023 0.015  17.866 0.012  19.147 0.027  18.310 0.014  
2453872.51  INDEF  INDEF  18.725 0.020  18.037 0.017  17.884 0.016  19.217 0.026  18.359 0.018  
2453890.54  INDEF  INDEF  18.981 0.024  18.341 0.016  18.265 0.016  19.467 0.034  18.625 0.018  
2006ba
2453823.61  19.701 0.114  18.300 0.030  17.839 0.020  17.702 0.018  18.569 0.027  18.034 0.026  
2453824.62  20.067 0.146  18.333 0.022  17.820 0.015  17.665 0.013  18.649 0.036  18.017 0.021  
2453832.61  INDEF  INDEF  19.093 0.036  18.121 0.020  17.772 0.018  19.489 0.045  18.459 0.022  
2453833.59  INDEF  INDEF  19.164 0.030  18.194 0.016  17.837 0.017  19.673 0.063  18.543 0.024  
2453840.56  INDEF  INDEF  19.666 0.048  18.547 0.025  18.148 0.021  20.220 0.106  19.068 0.039  
2453846.60  INDEF  INDEF  20.139 0.085  18.952 0.027  18.447 0.024  20.517 0.076  19.494 0.034  
2453858.52  INDEF  INDEF  20.523 0.102  19.379 0.039  18.881 0.029  INDEF  INDEF  19.814 0.068  
2453862.51  INDEF  INDEF  20.584 0.086  19.400 0.036  18.948 0.033  20.887 0.161  19.936 0.068  
2453867.48  INDEF  INDEF  20.581 0.107  19.488 0.039  19.041 0.035  INDEF  INDEF  19.998 0.076  
2453870.52  INDEF  INDEF  20.657 0.142  19.573 0.051  19.147 0.042  INDEF  INDEF  20.012 0.076  
2453871.49  INDEF  INDEF  20.637 0.103  19.621 0.050  19.186 0.040  INDEF  INDEF  20.100 0.068  
2453872.49  INDEF  INDEF  INDEF  INDEF  19.661 0.054  19.192 0.037  INDEF  INDEF  20.116 0.070  
2453890.52  INDEF  INDEF  INDEF  INDEF  19.874 0.051  19.579 0.048  INDEF  INDEF  20.374 0.081  
2453891.47  INDEF  INDEF  INDEF  INDEF  19.923 0.061  19.587 0.055  INDEF  INDEF  20.430 0.101  
2006bf 
2453823.75  INDEF  INDEF  19.377 0.017  18.375 0.014  18.201 0.017  19.851 0.029  18.778 0.017  
2453824.81  INDEF  INDEF  19.480 0.019  18.442 0.013  18.301 0.016  20.076 0.052  18.882 0.025  
2453831.78  INDEF  INDEF  20.083 0.025  18.881 0.017  18.604 0.022  20.700 0.055  19.437 0.024  
2453833.73  INDEF  INDEF  20.153 0.039  19.021 0.018  18.698 0.021  INDEF  INDEF  19.550 0.032  
2453835.72  INDEF  INDEF  20.146 0.061  19.140 0.028  18.805 0.025  INDEF  INDEF  19.697 0.043  
2453840.71  INDEF  INDEF  20.507 0.098  19.369 0.034  19.033 0.033  INDEF  INDEF  19.872 0.078  
2453846.75  INDEF  INDEF  20.728 0.066  19.615 0.029  19.236 0.032  INDEF  INDEF  20.103 0.054  
2453850.72  INDEF  INDEF  20.698 0.042  19.733 0.026  19.489 0.035  INDEF  INDEF  20.258 0.046  
2453861.65  INDEF  INDEF  21.020 0.072  19.910 0.037  19.626 0.038  INDEF  INDEF  20.307 0.064  
2453862.62  INDEF  INDEF  20.963 0.075  20.036 0.041  19.690 0.045  INDEF  INDEF  20.529 0.074  
2453867.65  INDEF  INDEF  INDEF  INDEF  20.235 0.077  INDEF  INDEF  INDEF  INDEF  INDEF  INDEF  
2453870.68  INDEF  INDEF  INDEF  INDEF  20.221 0.073  19.929 0.078  INDEF  INDEF  INDEF  INDEF 
2453891.64  INDEF  INDEF  INDEF  INDEF  20.512 0.097  20.431 0.103  INDEF  INDEF  INDEF  INDEF
2006ep 
2453979.78  18.784 0.040  18.048 0.008  17.786 0.008  17.731 0.009  18.313 0.013  17.858 0.009  
2453981.74  18.603 0.042  17.833 0.010  17.539 0.008  17.484 0.009  18.085 0.015  17.617 0.010  
2453986.74  18.765 0.107  17.669 0.018  17.242 0.010  17.134 0.010  17.961 0.029  17.424 0.014  
2453991.73  19.342 0.020  17.847 0.016  INDEF  INDEF  17.041 0.011  18.276 0.026  17.466 0.014  
2453994.78  19.854 0.123  18.151 0.008  17.296 0.005  17.082 0.006  18.646 0.015  17.650 0.009  
2453998.72  INDEF  INDEF  18.563 0.012  17.528 0.006  17.238 0.007  19.188 0.024  17.958 0.009  
2454001.70  21.146 0.126  18.851 0.013  17.718 0.007  17.362 0.008  19.514 0.021  18.214 0.010  
2454003.73  21.300 0.120  19.017 0.013  17.868 0.009  17.499 0.009  19.675 0.022  18.371 0.011  
2454008.72  INDEF  INDEF  19.435 0.017  18.232 0.009  17.826 0.010  20.154 0.035  18.776 0.015  
2454014.67  INDEF  INDEF  19.852 0.101  18.596 0.033  18.151 0.024   INDEF INDEF  19.070 0.072  
2454029.66  INDEF  INDEF  20.188 0.028  19.017 0.016  18.548 0.017  20.843 0.045  19.587 0.025  
2454038.62  INDEF  INDEF  20.195 0.042  19.188 0.020  18.718 0.017  20.831 0.095  19.674 0.031  
2454048.65  INDEF  INDEF  20.454 0.075  19.366 0.034  18.918 0.033  21.062 0.126  19.865 0.056  
2454056.57  INDEF  INDEF  INDEF  INDEF  19.464 0.027  19.077 0.027  21.205 0.092  20.027 0.047  
2454068.58  INDEF  INDEF  20.575 0.084  19.599 0.034  19.160 0.030  INDEF  INDEF  20.023 0.068  
2454076.59  INDEF  INDEF  INDEF  INDEF  INDEF  INDEF  19.361 0.055  INDEF  INDEF  INDEF  INDEF
2006fo 
2454003.86  18.933 0.037  17.765 0.013  17.391 0.011  17.333 0.013  18.029 0.019  17.599 0.017  
2454008.84  19.500 0.037  17.920 0.012  17.329 0.010  17.233 0.011  18.226 0.019  17.641 0.016  
2454014.75  INDEF  INDEF  INDEF  INDEF  INDEF  INDEF  INDEF  INDEF  18.714 0.042  17.850 0.016  
2454025.81  INDEF  INDEF  19.086 0.020  17.938 0.013  17.607 0.013  19.623 0.037  18.546 0.026  
2454029.73  INDEF  INDEF  19.313 0.023  18.097 0.012  17.739 0.012  19.755 0.041  18.767 0.028  
2454038.74  INDEF  INDEF  19.638 0.028  18.357 0.016  18.010 0.015  20.080 0.043  18.977 0.031  
2454042.65  INDEF  INDEF  INDEF  INDEF  18.456 0.019  18.106 0.018  20.163 0.096  INDEF  INDEF
2454049.69  INDEF  INDEF  INDEF  INDEF  18.590 0.021  18.268 0.023  20.229 0.061  INDEF  INDEF
2454068.67  INDEF  INDEF  INDEF  INDEF  18.816 0.019  18.645 0.023  INDEF  INDEF  19.349 0.039  
2454076.65  INDEF  INDEF  INDEF  INDEF  18.966 0.026  18.809 0.031  INDEF  INDEF  19.423 0.059  
2454085.67  INDEF  INDEF 19.967 0.030  19.085 0.022  18.859 0.031   20.346 0.052  INDEF  INDEF 
2454092.64  INDEF  INDEF 20.066 0.032  19.176 0.027  19.055 0.028   20.397 0.061  INDEF  INDEF
2006ir 
2454017.66  20.159 0.130  18.267 0.016  17.275 0.013  17.091 0.015  18.747 0.031  17.722 0.021  
2454018.60  20.323 0.080  18.355 0.013  17.311 0.009  17.153 0.011  18.831 0.020  17.753 0.012  
2454020.66  INDEF  INDEF  INDEF  INDEF  17.398 0.009  17.220 0.009  INDEF  INDEF  17.880 0.012  
2454025.58  INDEF  INDEF  18.691 0.017  17.598 0.009  17.382 0.011  19.201 0.023  18.069 0.012  
2454028.60  INDEF  INDEF  18.817 0.018  17.727 0.010  17.493 0.011  19.269 0.024  18.190 0.012  
2454044.56  INDEF  INDEF  INDEF  INDEF  18.168 0.026  17.973 0.022  INDEF  INDEF  18.719 0.047  
2454046.55  INDEF  INDEF  19.122 0.017  18.151 0.012  17.970 0.014  19.660 0.043  18.618 0.020  
2454076.53  INDEF  INDEF  19.595 0.044  18.663 0.017  18.568 0.022  INDEF  INDEF  19.152 0.027  
2454085.54  INDEF  INDEF  19.604 0.031  18.799 0.015  18.753 0.025  20.080 0.035  19.128 0.018  
2006lc 
2454033.60  20.370 0.165  18.696 0.017  18.032 0.013  17.981 0.019  19.086 0.027  18.331 0.015  
2454036.56  19.956 0.079  18.298 0.011  17.647 0.011  17.613 0.010  18.727 0.018  17.756 0.040  
2454038.57  19.806 0.067  18.155 0.011  17.488 0.008  17.407 0.010  18.596 0.021  17.791 0.012  
2454048.60  20.950 0.116  18.513 0.011  17.470 0.008  INDEF  INDEF  19.058 0.021  17.949 0.011  
2454052.54  INDEF  INDEF  18.983 0.018  17.804 0.013  17.495 0.013  19.652 0.029  18.356 0.015  
2454066.53  INDEF  INDEF  19.921 0.044  18.674 0.017  18.258 0.017  20.562 0.072  19.261 0.042  
2454079.57  INDEF  INDEF  20.243 0.042  19.043 0.019  18.636 0.025  20.713 0.087  19.640 0.035  
2007C 
2454118.80  18.954 0.053  16.748 0.005  15.770 0.004  15.510 0.005  17.354 0.010  16.177 0.005  
2454119.78  19.131 0.074  16.811 0.006  15.774 0.004  15.496 0.005  17.427 0.011  16.220 0.007  
2454121.84  19.345 0.059  17.004 0.006  15.837 0.005  15.537 0.006  17.651 0.011  16.341 0.004  
2454123.85  19.729 0.060  17.229 0.009  15.939 0.009  15.618 0.008  17.919 0.013  16.519 0.009  
2454127.87  20.626 0.080  17.725 0.010  16.229 0.008  15.850 0.009  18.480 0.017  16.910 0.009  
2454128.88  INDEF  INDEF  17.831 0.010  16.305 0.007  15.906 0.011  18.594 0.018  16.993 0.008  
2454131.87  INDEF  INDEF  18.067 0.013  16.521 0.011  16.088 0.012  18.890 0.023  17.257 0.012  
2454133.87  INDEF  INDEF  18.220 0.015  16.638 0.009  16.192 0.009  19.012 0.039  17.387 0.011  
2454143.84  INDEF  INDEF  18.665 0.015  17.148 0.015  16.724 0.014  19.432 0.028  17.890 0.011  
2454153.82  INDEF  INDEF  INDEF  INDEF   INDEF INDEF  INDEF  INDEF  19.602 0.030  18.127 0.014  
2454158.83  INDEF  INDEF  18.928 0.019  17.537 0.012  17.100 0.013  19.630 0.035  18.193 0.016  
2454160.86  INDEF  INDEF  18.918 0.017  17.549 0.009  17.165 0.010  19.704 0.036  18.202 0.013  
2454161.75  INDEF  INDEF  18.934 0.025  17.594 0.010  17.177 0.010  19.698 0.054  18.252 0.019  
2454163.77  INDEF  INDEF  18.931 0.029  17.611 0.012  17.231 0.012  19.623 0.066  18.288 0.022  
2454169.78  INDEF  INDEF  19.022 0.022  17.742 0.011  17.356 0.013  19.697 0.046  18.399 0.016  
2454179.77  INDEF  INDEF  19.143 0.020  17.928 0.013  17.567 0.013  19.760 0.037  18.549 0.019  
2454185.76  INDEF  INDEF  19.212 0.020  18.046 0.013  17.663 0.014  19.828 0.035  18.672 0.016  
2454197.76  INDEF  INDEF  19.371 0.028  18.269 0.016  17.901 0.016  20.084 0.066  18.872 0.028  
2454204.82  INDEF  INDEF  INDEF  INDEF  18.412 0.016  18.037 0.016  20.041 0.053  18.992 0.022  
2454243.61  INDEF  INDEF  20.145 0.035  19.065 0.019  18.680 0.018  20.737 0.079  19.719 0.039  
2007Y 
2454153.52  INDEF  INDEF  INDEF  INDEF  INDEF  INDEF  INDEF  INDEF  16.701 0.013  16.394 0.009  
2454154.52  16.959 0.014  16.275 0.008  16.219 0.007  16.327 0.009  16.466 0.009  16.208 0.008  
2454155.53  INDEF  INDEF  INDEF  INDEF  16.078 0.010  16.176 0.011  16.261 0.015  16.059 0.012  
2454158.53  16.101 0.069  15.707 0.011  15.722 0.008  15.798 0.009  15.837 0.014  15.689 0.008  
2454159.53  15.959 0.015  15.608 0.008  15.640 0.006  15.709 0.007  15.758 0.013  15.596 0.008  
2454160.53  15.965 0.069  15.559 0.010  15.552 0.006  15.610 0.008  15.690 0.013  15.528 0.006  
2454161.52  15.846 0.028  15.506 0.008  15.488 0.006  15.547 0.006  15.675 0.009  15.475 0.006  
2454163.52  15.892 0.018  15.437 0.008  15.364 0.010  15.413 0.009  15.630 0.009  15.380 0.007  
2454165.52  16.166 0.021  15.473 0.008  15.301 0.006  15.322 0.008  15.692 0.011  15.337 0.008  
2454166.53  16.470 0.069  15.535 0.010  15.290 0.007  15.316 0.008  15.749 0.013  15.361 0.007  
2454169.52  17.320 0.018  15.803 0.008  15.372 0.007  15.372 0.009  16.145 0.014  15.537 0.009  
2454170.52  17.689 0.069  15.939 0.011  15.450 0.008  15.398 0.009  16.299 0.013  15.634 0.009  
2454171.51  INDEF  INDEF   INDEF INDEF  15.522 0.006  15.435 0.008  16.487 0.011  15.742 0.009  
2454174.51  18.807 0.048  16.452 0.008  15.732 0.007  15.559 0.009  16.916 0.013  16.049 0.008  
2454179.50  INDEF  INDEF  16.879 0.008  16.020 0.005  15.739 0.006  17.425 0.016  16.406 0.008  
2454185.51  INDEF  INDEF  17.169 0.008  16.255 0.006  15.975 0.007  17.764 0.016  16.677 0.008  
2454190.50  INDEF  INDEF  17.303 0.012  16.418 0.007  16.127 0.008  17.867 0.023  16.780 0.010  
2454194.49  INDEF  INDEF  17.398 0.013  16.525 0.007  16.227 0.008  17.913 0.028  16.888 0.009  
2454197.49  INDEF  INDEF  17.451 0.010  INDEF  INDEF  INDEF  INDEF  18.014 0.016  INDEF  INDEF
2454204.49  INDEF  INDEF  INDEF  INDEF  INDEF  INDEF  INDEF  INDEF  INDEF  INDEF  17.090 0.010  
2007ag 
2454169.66  INDEF  INDEF  18.770 0.020  17.984 0.012  17.944 0.016  19.216 0.031  18.311 0.019  
2454174.64  INDEF  INDEF  19.193 0.020  18.087 0.011  17.953 0.017  19.670 0.033  18.591 0.019  
2454179.64  INDEF  INDEF  19.555 0.023  18.307 0.014  18.065 0.017  20.290 0.051  18.929 0.023  
2454182.74  INDEF  INDEF  19.778 0.029  INDEF  INDEF  INDEF  INDEF  INDEF  INDEF  INDEF  INDEF
2454199.57  INDEF  INDEF  20.379 0.037  19.060 0.018  18.880 0.026  20.982 0.085  19.720 0.033  
2454246.49  INDEF  INDEF  INDEF  INDEF  19.803 0.088  19.689 0.081  INDEF  INDEF  INDEF  INDEF 
2007hn 
2454349.66  20.718 0.120  18.699 0.015  18.177 0.012  18.211 0.016  19.049 0.021  18.365 0.015  
2454354.64  20.780 0.118  18.694 0.014  18.058 0.012  18.111 0.015  19.173 0.020  18.277 0.013  
2454362.57  INDEF  INDEF  19.212 0.021  18.261 0.012  18.080 0.016  19.667 0.039  18.645 0.017  
2454363.57  INDEF  INDEF  19.215 0.020  18.289 0.012  18.166 0.016  19.791 0.044  18.701 0.020  
2454365.62  INDEF  INDEF  19.348 0.031  18.335 0.021  18.254 0.018  19.901 0.059  18.811 0.029  
2454368.60  INDEF  INDEF  19.686 0.074  18.507 0.032  18.278 0.027  20.063 0.191  19.063 0.066  
2454378.58  INDEF  INDEF  20.148 0.034  18.887 0.018  18.658 0.024  INDEF  INDEF  19.591 0.033  
2454382.59  INDEF  INDEF  20.372 0.028  19.018 0.014  18.729 0.018  INDEF  INDEF  19.712 0.025  
2454383.57  INDEF  INDEF  20.327 0.028  19.075 0.015  18.892 0.019  INDEF  INDEF  19.692 0.024  
2454392.53  INDEF  INDEF  20.436 0.035  19.267 0.017  19.018 0.019  INDEF  INDEF  19.820 0.031  
2454394.56  INDEF  INDEF  INDEF  INDEF  19.331 0.036  18.920 0.040  INDEF  INDEF  19.939 0.074  
2454400.52  INDEF  INDEF  20.611 0.058  19.412 0.026  19.183 0.027  INDEF  INDEF  20.004 0.055  
2454411.52  INDEF  INDEF  20.640 0.034  19.677 0.023  19.567 0.032  INDEF  INDEF  20.077 0.070  
2454418.55  INDEF  INDEF  20.851 0.039  19.811 0.025  19.580 0.032  INDEF  INDEF  20.231 0.031  
2454427.53  INDEF  INDEF  INDEF  INDEF  19.805 0.043  19.790 0.052  INDEF  INDEF  20.269 0.087  
2007kj 
2454376.60  18.546 0.033  17.984 0.011  17.818 0.011  17.927 0.019  18.169 0.015  17.869 0.012  
2454380.66  18.328 0.033  17.772 0.011  17.622 0.011  17.725 0.017  17.962 0.013  17.686 0.011  
2454382.66  18.420 0.034  17.784 0.010  17.574 0.009  17.637 0.014  17.988 0.013  17.681 0.009  
2454383.64  18.590 0.040  17.843 0.011  17.547 0.012  17.608 0.016  18.044 0.013  17.690 0.010  
2454385.66  18.958 0.038  17.999 0.012  17.561 0.011  17.608 0.016  INDEF  INDEF  17.779 0.011  
2454392.63  INDEF  INDEF  18.964 0.017  18.101 0.013  17.944 0.019  19.423 0.034  18.455 0.016  
2454394.64  INDEF  INDEF  19.142 0.025  18.251 0.015  18.057 0.019  19.692 0.047  18.607 0.019  
2454395.61  INDEF  INDEF  19.189 0.028  18.266 0.017  18.055 0.021  19.733 0.070  18.709 0.026  
2454400.62  INDEF  INDEF  19.444 0.077  18.576 0.032  18.382 0.027  20.108 0.186  18.881 0.047  
2454409.61  INDEF  INDEF  19.762 0.023  18.900 0.018  18.678 0.025  20.278 0.053  19.268 0.025  
2454417.60  INDEF  INDEF  19.857 0.026  19.116 0.021  18.938 0.027  20.366 0.053  19.410 0.029  
2454421.59  INDEF  INDEF  19.904 0.032  19.201 0.021  19.060 0.029  20.373 0.072  19.560 0.034  
2454423.58  INDEF  INDEF  19.935 0.049  19.190 0.029  19.079 0.034  20.529 0.111  19.468 0.040  
2007rz 
2454445.70  INDEF  INDEF  18.543 0.016  17.474 0.017  17.159 0.010  19.184 0.030  17.934 0.015  
2454447.69  INDEF  INDEF  18.816 0.017  INDEF  INDEF  17.241 0.011  19.510 0.031  18.165 0.016  
2454449.73  INDEF  INDEF  19.084 0.023  17.833 0.017  17.429 0.012  19.619 0.047  18.422 0.019  
2454453.67  INDEF  INDEF  19.452 0.030  18.170 0.014  17.722 0.012  20.090 0.077  18.837 0.029  
2454455.64  INDEF  INDEF  19.567 0.046  18.269 0.020  17.852 0.018  20.354 0.137  18.981 0.038  
2454456.69  INDEF  INDEF  19.765 0.075  18.393 0.027  17.912 0.022  20.100 0.125  19.104 0.051  
2454457.66  INDEF  INDEF  19.758 0.079  18.492 0.026  17.967 0.019  20.318 0.179  19.038 0.051  
2454458.62  INDEF  INDEF  INDEF  INDEF  18.505 0.024  18.086 0.018  20.428 0.153  19.125 0.040  
2454464.68  INDEF  INDEF  INDEF  INDEF  18.781 0.030  18.406 0.021  INDEF  INDEF  19.454 0.039  
2454469.62  INDEF  INDEF  20.198 0.047  INDEF  INDEF  18.592 0.020  20.706 0.074  19.628 0.041  
2454480.63  INDEF  INDEF  INDEF  INDEF  19.300 0.024  18.893 0.027  INDEF  INDEF  19.958 0.043  
2008aq 
2454527.82  17.359 0.021  16.225 0.012  15.930 0.013  16.102 0.013  16.470 0.012  16.045 0.016  
2454541.86  19.015 0.044  16.914 0.007  16.066 0.009  15.995 0.012  17.445 0.013  16.454 0.010  
2454542.70  19.172 0.039  17.016 0.009  16.147 0.009  16.036 0.010  17.544 0.013  16.475 0.015  
2454543.72  19.290 0.058  17.112 0.011  16.189 0.009  16.057 0.011  17.666 0.014  16.569 0.013  
2454545.78  INDEF  INDEF  17.292 0.008  16.331 0.008  16.178 0.010  17.931 0.016  16.770 0.011  
2454560.72  INDEF  INDEF  17.976 0.010  17.006 0.009  16.707 0.009  18.616 0.017  17.433 0.011  
2454566.81  INDEF  INDEF  18.070 0.010  17.169 0.010  16.872 0.011  18.683 0.018  17.531 0.016  
2454570.72  INDEF  INDEF  18.111 0.009  17.266 0.009  16.963 0.009  18.690 0.016  17.641 0.012  
2454578.77  INDEF  INDEF  18.154 0.016  17.513 0.009  17.146 0.011  18.691 0.037  INDEF  INDEF
2454583.66  INDEF  INDEF  18.224 0.009  17.552 0.008  17.231 0.009  18.745 0.018  17.823 0.012  
2454589.74  INDEF  INDEF  18.325 0.011  17.676 0.010  17.375 0.009  18.801 0.018  17.939 0.013  
2454597.71  INDEF  INDEF  18.422 0.010  17.850 0.010  17.543 0.011  18.908 0.018  18.099 0.014  
2454599.63  INDEF  INDEF  18.454 0.013  17.885 0.011  17.600 0.012  18.879 0.021  18.075 0.018  
2454616.61  INDEF  INDEF  INDEF  INDEF  18.249 0.012  17.965 0.012  19.141 0.017  18.442 0.014  
2454626.62  INDEF  INDEF  18.819 0.013  18.535 0.012  18.302 0.015  19.263 0.022  18.623 0.017  
2454628.59  INDEF  INDEF  18.894 0.015  18.462 0.013  18.222 0.014  INDEF  INDEF  18.646 0.017  
2454644.57  INDEF  INDEF  19.124 0.016  18.856 0.015  18.692 0.017  19.567 0.023  18.985 0.020  
2454648.59  INDEF  INDEF  19.269 0.018  18.993 0.018  18.766 0.027  19.650 0.019  19.057 0.021  
2454653.55  INDEF  INDEF  19.346 0.016  18.990 0.017  18.734 0.019  19.741 0.022  19.178 0.020  
2008gc 
2454747.72  19.585 0.054  19.128 0.018  18.988 0.021  18.973 0.026  19.261 0.027  18.993 0.025  
2454749.70  19.834 0.093  19.241 0.023  19.024 0.021  18.998 0.027  19.486 0.037  19.098 0.025  
2454751.71  INDEF  INDEF  INDEF  INDEF  INDEF  INDEF  INDEF  INDEF  INDEF  INDEF  19.176 0.113  
2454752.74  INDEF  INDEF  19.298 0.124  19.103 0.090  18.958 0.051  19.643 0.059  19.186 0.040  
2454753.72  INDEF  INDEF  19.441 0.044  19.040 0.029  19.017 0.034  19.777 0.084  19.233 0.052  
2454755.79  INDEF  INDEF  19.586 0.039  19.189 0.027  19.038 0.029  19.990 0.068  19.267 0.038  
2454756.79  INDEF  INDEF  19.648 0.034  19.222 0.024  19.097 0.026  20.067 0.058  19.339 0.032  
2454759.72  INDEF  INDEF  19.840 0.035  19.308 0.023  19.129 0.024  20.293 0.046  19.474 0.030  
2454760.71  INDEF  INDEF  19.906 0.035  19.348 0.020  19.148 0.022  20.345 0.044  19.555 0.034  
2454768.68  INDEF  INDEF  20.367 0.049  19.695 0.027  19.380 0.027  20.942 0.061  19.931 0.041  
2454772.74  INDEF  INDEF  20.518 0.047  19.873 0.027  19.509 0.029  INDEF  INDEF  20.142 0.048  
2454777.72  INDEF  INDEF  20.620 0.055  20.017 0.032  19.646 0.032  INDEF  INDEF  20.259 0.053  
2454781.68  INDEF  INDEF  INDEF  INDEF  20.134 0.046  19.639 0.042  INDEF  INDEF  20.392 0.075  
2454789.81  INDEF  INDEF  INDEF  INDEF  20.269 0.037  19.899 0.042  INDEF  INDEF  20.561 0.063  
2008hh 
2454792.59  18.521 0.022  17.611 0.010  17.302 0.012  17.275 0.013  17.922 0.016  17.468 0.010  
2454793.60  18.622 0.022  17.668 0.011  17.303 0.010  17.249 0.012  18.012 0.016  17.485 0.013  
2454795.67  18.941 0.029  17.793 0.011  17.330 0.012  17.270 0.012  18.188 0.017  17.567 0.012  
2454797.62  19.406 0.034  17.978 0.010  17.377 0.009  17.285 0.010  18.385 0.019  17.652 0.011  
2454801.68  INDEF  INDEF  18.374 0.011  17.540 0.011  17.405 0.011  18.878 0.023  17.917 0.012  
2454802.63  20.030 0.055  18.474 0.012  17.585 0.010  17.421 0.012  18.997 0.023  18.000 0.013  
2454806.63  20.581 0.134  18.862 0.017  17.845 0.012  17.624 0.012  19.448 0.037  18.309 0.016  
2454808.60  INDEF  INDEF  19.026 0.026  17.944 0.015  17.700 0.013  19.460 0.054  18.416 0.022  
2454813.59  INDEF  INDEF  19.278 0.045  18.242 0.020  17.968 0.016  19.825 0.097  18.792 0.034  
2454817.56  INDEF  INDEF  19.466 0.021  18.406 0.016  18.177 0.015  20.035 0.048  18.917 0.022  
2454821.54  INDEF  INDEF  19.620 0.027  18.578 0.015  18.339 0.015  INDEF  INDEF  19.058 0.073  
2454827.54  INDEF  INDEF  INDEF  INDEF  18.732 0.036  18.510 0.030  20.292 0.087  19.258 0.030  
2009K 
2454848.64  17.923 0.023  17.372 0.011  17.044 0.011  16.940 0.015  17.590 0.013  17.204 0.011  
2454855.66  18.372 0.026  17.244 0.011  16.612 0.008  16.574 0.009  17.571 0.013  16.898 0.011  
2454856.63  18.334 0.028  17.130 0.011  16.527 0.010  16.501 0.012  17.460 0.014  16.804 0.011  
2454858.65  18.015 0.026  16.925 0.010  16.358 0.007  16.382 0.008  17.229 0.012  16.622 0.009  
2454866.63  17.474 0.019  16.372 0.009  15.944 0.008  15.981 0.009  16.651 0.012  16.127 0.010  
2454869.56  17.653 0.021  16.365 0.009  15.846 0.008  15.881 0.008  16.676 0.012  16.077 0.010  
2454871.61  17.898 0.026  16.438 0.010  15.826 0.008  15.828 0.011  16.794 0.013  16.086 0.010  
2454873.55  18.156 0.022  16.530 0.011  15.842 0.010  15.827 0.011  16.920 0.013  16.121 0.010  
2454874.61  18.346 0.031  16.577 0.009  15.860 0.008  15.813 0.009  16.996 0.016  16.157 0.009  
2009Z
2454869.81  18.544 0.035  17.767 0.011  17.654 0.011  17.748 0.012  18.008 0.014  17.644 0.012  
2454872.90  INDEF  INDEF  INDEF  INDEF  INDEF  INDEF  INDEF  INDEF  INDEF  INDEF  17.381 0.016  
2454873.82  18.367 0.032  17.550 0.011  17.315 0.012  17.426 0.013  17.818 0.017  17.359 0.014  
2454874.78  18.498 0.058  17.539 0.013  17.285 0.012  17.357 0.013  17.801 0.019  17.299 0.013  
2454879.89  INDEF  INDEF  17.511 0.011  INDEF  INDEF  17.171 0.015  17.817 0.016  17.259 0.011  
2454884.89  18.989 0.027  17.793 0.011  17.234 0.011  17.170 0.010  18.189 0.015  17.452 0.013  
2454885.78  19.076 0.030  17.891 0.013  17.288 0.013  17.207 0.012  18.280 0.016  17.506 0.013  
2454888.75  19.659 0.043  18.165 0.011  17.451 0.010  17.282 0.011  18.615 0.015  17.691 0.011  
2454896.83  20.790 0.082  18.890 0.014  17.922 0.011  17.663 0.012  19.435 0.023  18.285 0.014  
2454898.79  21.019 0.177  18.998 0.020  18.021 0.012  17.765 0.012  19.513 0.036  18.360 0.018  
2454900.79  INDEF  INDEF  19.052 0.028  18.127 0.016  17.852 0.016  19.589 0.061  18.487 0.023  
2454902.73  INDEF  INDEF  19.176 0.046  18.171 0.022  17.960 0.019  INDEF  INDEF  18.582 0.034  
2454908.77  INDEF  INDEF  19.372 0.021  18.433 0.013  18.163 0.013  19.901 0.045  18.777 0.020  
2454911.84  INDEF  INDEF  19.417 0.017  18.534 0.014  18.262 0.014  20.016 0.039  18.828 0.017  
2454914.77  INDEF  INDEF  19.530 0.019  18.607 0.013  18.334 0.014  20.040 0.039  18.929 0.017  
2454915.79  INDEF  INDEF  19.490 0.017  18.620 0.014  18.352 0.015  20.078 0.038  18.971 0.019  
2454917.86  INDEF  INDEF  19.554 0.020  18.646 0.014  18.431 0.018  20.109 0.043  18.954 0.020  
2454927.75  INDEF  INDEF  19.701 0.031  18.903 0.022  18.649 0.021  20.082 0.061  19.173 0.032  
2454928.78  INDEF  INDEF  19.696 0.039  18.889 0.028  18.693 0.024  20.128 0.077  19.115 0.043  
2009bb 
2454914.58  18.696 0.044  17.478 0.015  16.982 0.022  16.950 0.027  17.908 0.020  17.186 0.013  
2454915.57  18.263 0.028  17.093 0.018  16.612 0.016  16.559 0.017  17.473 0.012  16.794 0.011  
2454917.69  18.015 0.023  16.732 0.015  16.172 0.021  INDEF  INDEF  17.143 0.013  16.390 0.012  
2454920.57  18.081 0.024  16.558 0.011  15.937 0.019  15.908 0.015  17.047 0.013  16.161 0.012  
2454927.58  18.857 0.039  16.880 0.010  15.887 0.013  15.817 0.012  17.582 0.013  16.249 0.009  
2454928.55  19.144 0.050  16.984 0.011  15.924 0.012  15.831 0.013  17.734 0.016  16.338 0.011  
2454930.53  19.571 0.077  17.196 0.012  16.000 0.018  15.881 0.015  17.969 0.019  16.501 0.012  
2454931.54  19.616 0.102  17.320 0.013  16.068 0.016  15.931 0.014  18.115 0.022  16.596 0.010  
2454933.55  19.828 0.072  17.543 0.013  16.223 0.015  16.054 0.012  18.389 0.020  16.803 0.011  
2454937.60  20.262 0.093  17.990 0.028  16.583 0.034  16.359 0.021  18.873 0.025  17.192 0.011  
2454938.59  20.310 0.095  18.102 0.030  16.665 0.035  16.385 0.024  18.965 0.029  17.288 0.013  
2454942.58  20.538 0.108  18.373 0.025  16.933 0.022  16.706 0.020  19.299 0.035  17.585 0.012  
2454946.55  20.753 0.110  18.613 0.032  17.239 0.039  16.963 0.023  19.497 0.041  INDEF  INDEF
2454947.54  20.985 0.138  18.705 0.050  INDEF  INDEF  17.045 0.024  19.573 0.044  17.878 0.019  
2454960.53  INDEF  INDEF  19.072 0.032  17.684 0.034  17.524 0.026  19.859 0.071  18.333 0.023  
2454964.57  INDEF  INDEF  19.099 0.042  17.822 0.029  17.631 0.020  19.841 0.064  18.405 0.024  
2454966.53  INDEF  INDEF  19.117 0.047  17.868 0.050  17.713 0.026  20.038 0.064  18.507 0.024  
2454972.50  INDEF  INDEF  19.349 0.041  18.203 0.065  17.884 0.032  20.268 0.065  18.703 0.026  
2454976.50  INDEF  INDEF  INDEF  INDEF  INDEF  INDEF  17.917 0.053  INDEF  INDEF  18.686 0.064  
2009ca 
2454927.86  20.328 0.097  18.961 0.015  18.397 0.014  18.359 0.017  19.308 0.028  18.541 0.015  
2454928.87  20.423 0.086  18.984 0.021  18.410 0.014  18.381 0.017  19.396 0.023  18.593 0.016  
2454930.84  INDEF  INDEF  19.130 0.054  18.460 0.031  18.464 0.025  19.319 0.067  18.687 0.033  
2454931.87  INDEF  INDEF  19.100 0.041  18.453 0.021  18.465 0.022  19.377 0.057  18.639 0.026  
2454933.85  INDEF  INDEF  19.158 0.039  18.558 0.023  18.511 0.026  19.593 0.077  18.847 0.043  
2454937.86  INDEF  INDEF  19.284 0.022  18.639 0.019  18.599 0.022  19.671 0.047  18.897 0.022  
2454938.86  INDEF  INDEF  19.373 0.023  18.700 0.018  18.611 0.019  19.790 0.036  18.894 0.023  
2454946.83  INDEF  INDEF  19.700 0.020  18.904 0.017  18.808 0.021  20.142 0.037  19.205 0.023  
2454947.83  INDEF  INDEF  19.719 0.021  18.904 0.017  18.833 0.021  20.272 0.040  19.183 0.020  
2454956.83  INDEF  INDEF  20.068 0.022  19.238 0.017  19.073 0.018  20.510 0.053  19.468 0.046  
2454959.84  INDEF  INDEF  20.186 0.063  19.367 0.028  19.227 0.027  20.819 0.168  19.649 0.049  
2454963.85  INDEF  INDEF  20.414 0.050  19.505 0.028  19.299 0.028  INDEF  INDEF  INDEF  INDEF
2454964.81  INDEF  INDEF  20.475 0.069  19.491 0.028  19.323 0.026  20.907 0.119  19.745 0.036  
2454966.77  INDEF  INDEF  20.434 0.076  19.602 0.041  19.413 0.052  20.949 0.137  19.811 0.075  
2009dp 
2454947.80  INDEF  INDEF  18.434 0.041  17.629 0.038  17.582 0.042  19.052 0.050  17.920 0.036  
2454956.89  INDEF  INDEF  18.784 0.060  17.741 0.041  17.631 0.040  19.455 0.066  18.230 0.042  
2454959.79  INDEF  INDEF  18.909 0.053  17.843 0.034  17.650 0.039  19.495 0.103  18.274 0.042  
2454963.79  INDEF  INDEF  19.196 0.065  18.036 0.041  17.802 0.041  19.952 0.096  18.635 0.047  
2454964.76  INDEF  INDEF  19.225 0.065  18.098 0.041  17.869 0.045  20.090 0.104  18.699 0.046  
2454968.83  INDEF  INDEF  19.521 0.087  18.304 0.058  18.032 0.054  INDEF  INDEF  18.907 0.065  
2454972.77  INDEF  INDEF  INDEF  INDEF  18.402 0.068  18.162 0.063  INDEF  INDEF  18.941 0.072  
2454974.75  INDEF  INDEF  INDEF  INDEF  18.464 0.069  18.244 0.066  INDEF  INDEF  19.038 0.079  
2454976.74  INDEF  INDEF  INDEF  INDEF  18.433 0.070  INDEF  INDEF  INDEF  INDEF  INDEF  INDEF
2009dt 
2454956.92  INDEF  INDEF  INDEF  INDEF  INDEF  INDEF  INDEF  INDEF  INDEF  INDEF  17.449 0.015  
2454959.89  INDEF  INDEF  17.966 0.020  17.087 0.021  16.870 0.025  18.526 0.037  17.449 0.016  
2454963.88  INDEF  INDEF  18.179 0.021  17.114 0.022  16.866 0.026  18.794 0.038  17.570 0.013  
2454964.85  INDEF  INDEF  18.263 0.028  17.133 0.021  16.866 0.026  18.842 0.035  17.622 0.015  
2454966.81  INDEF  INDEF  18.386 0.024  17.199 0.023  16.923 0.028  19.029 0.037  17.700 0.017  
2454968.87  INDEF  INDEF  18.601 0.029  17.283 0.023  16.966 0.026  19.253 0.039  17.867 0.013  
2454970.88  INDEF  INDEF  18.767 0.028  17.386 0.022  17.069 0.026  19.457 0.044  18.012 0.016  
2454972.81  INDEF  INDEF  18.949 0.032  17.483 0.023  17.119 0.027  19.616 0.041  18.155 0.017  
2454974.81  INDEF  INDEF  19.114 0.033  17.615 0.024  17.209 0.027  19.880 0.046  18.325 0.019  
2454976.79  INDEF  INDEF  INDEF  INDEF  17.723 0.024  17.292 0.027  19.934 0.074  18.434 0.023  
