## SN 	 z 	 MW_E_B_V 	 host E_B_V d [Mpc] 	 t_0 
## SN1993J 	 -0.00011 	 0.069 	  0.1 	 3.63 	 49073.5
###############BVRIJH#######################
# t-t_0 	 Lbol [erg/s] 	 log(Lbol) 	 M_ni
3.389999999999418 	 1.760182477284174e+42 	 42.24555769325142 	 0.031071564963540663
3.5599999999976717 	 1.676345261788634e+42 	 42.224363471243606 	 0.03004486816498583
3.599999999998545 	 1.653457883669871e+42 	 42.218393137185785 	 0.02974059195649806
3.6600000000034925 	 1.6137044890556908e+42 	 42.20782400713772 	 0.02918114524854044
3.6999999999970896 	 1.601321426805201e+42 	 42.20447851485299 	 0.029060494552966228
3.6999999999970896 	 1.601321426805201e+42 	 42.20447851485299 	 0.029060494552966228
3.6999999999970896 	 1.601321426805201e+42 	 42.20447851485299 	 0.029060494552966228
4.480000000003201 	 1.4369992484866013e+42 	 42.157456541009516 	 0.027934968447608215
4.480000000003201 	 1.4369992484866013e+42 	 42.157456541009516 	 0.027934968447608215
5.0 	 1.2537552714130731e+42 	 42.098212772023125 	 0.025498205984816284
5.400000000001455 	 1.168816452531433e+42 	 42.067746316199106 	 0.024600986397389602
5.400000000001455 	 1.168816452531433e+42 	 42.067746316199106 	 0.024600986397389602
5.580000000001746 	 1.1086807499253104e+42 	 42.0448065069191 	 0.023695853907716686
5.69999999999709 	 1.0053113461693992e+42 	 42.00230058412755 	 0.021706456381115857
6.010000000002037 	 1.0102883352401336e+42 	 42.004445338666656 	 0.022392050216521214
6.489999999997963 	 9.268887933807989e+41 	 41.9670276313201 	 0.021383550723924394
6.6600000000034925 	 9.197117310605862e+41 	 41.9636517260112 	 0.021518533113902904
6.6600000000034925 	 9.197117310605862e+41 	 41.9636517260112 	 0.021518533113902904
6.69999999999709 	 8.79993752162004e+41 	 41.944479588728356 	 0.020657304500534445
6.69999999999709 	 8.79993752162004e+41 	 41.944479588728356 	 0.020657304500534445
7.029999999998836 	 8.101216991620747e+41 	 41.908550264933524 	 0.019539152283745212
7.400000000001455 	 8.147566444387562e+41 	 41.91102791087553 	 0.020250593400351572
7.400000000001455 	 8.147566444387562e+41 	 41.91102791087553 	 0.020250593400351572
7.5899999999965075 	 7.90628895545929e+41 	 41.897972682694565 	 0.019954047670658434
7.5899999999965075 	 7.90628895545929e+41 	 41.897972682694565 	 0.019954047670658434
8.44999999999709 	 7.584459678566105e+41 	 41.87992464682669 	 0.020492731950681253
8.44999999999709 	 7.584459678566105e+41 	 41.87992464682669 	 0.020492731950681253
8.580000000001746 	 7.528359352001477e+41 	 41.876700341140044 	 0.020548668899104564
8.580000000001746 	 7.528359352001477e+41 	 41.876700341140044 	 0.020548668899104564
8.669999999998254 	 7.639349032306005e+41 	 41.88305635285287 	 0.02099813754633196
8.690000000002328 	 7.532596972268285e+41 	 41.876944731351024 	 0.02073689620374753
8.739999999997963 	 7.597153964828337e+41 	 41.88065092795724 	 0.020995902399781614
8.769999999996799 	 7.525063962535219e+41 	 41.87651019575532 	 0.02084506547297654
8.809999999997672 	 7.511267610602274e+41 	 41.87571323525108 	 0.020871358168667642
8.830000000001746 	 7.577839588801098e+41 	 41.87954540769064 	 0.021088924534493386
8.839999999996508 	 7.588577224381769e+41 	 41.880160358040214 	 0.021135133429296352
8.849999999998545 	 7.703539245468759e+41 	 41.88669029941055 	 0.021471898075346142
9.040000000000873 	 7.701333950122582e+41 	 41.88656595595193 	 0.021782103864419408
9.410000000003492 	 7.89154278372269e+41 	 41.89716191537154 	 0.022959095020343965
9.470000000001164 	 7.844567837137558e+41 	 41.89456902298781 	 0.022926382008294166
9.470000000001164 	 7.844567837137558e+41 	 41.89456902298781 	 0.022926382008294166
9.5 	 7.80583029157193e+41 	 41.8924191049474 	 0.022864985481319693
9.519999999996799 	 7.722005780141204e+41 	 41.88773012236994 	 0.02265365450531783
9.599999999998545 	 7.92315824011808e+41 	 41.89889832967691 	 0.023384458644040266
9.599999999998545 	 7.92315824011808e+41 	 41.89889832967691 	 0.023384458644040266
9.599999999998545 	 7.92315824011808e+41 	 41.89889832967691 	 0.023384458644040266
9.69999999999709 	 8.048501335911307e+41 	 41.90571502047511 	 0.023933708952759945
9.69999999999709 	 8.048501335911307e+41 	 41.90571502047511 	 0.023933708952759945
10.089999999996508 	 8.198645316234041e+41 	 41.91374209869013 	 0.025099620310848485
10.489999999997963 	 8.30981642636847e+41 	 41.9195914298135 	 0.02619941511308773
10.489999999997963 	 8.30981642636847e+41 	 41.9195914298135 	 0.02619941511308773
10.569999999999709 	 8.485000144162482e+41 	 41.92865185403248 	 0.026908231829138544
10.599999999998545 	 8.559934871288921e+41 	 41.9324704603375 	 0.027205192718553775
10.599999999998545 	 8.559934871288921e+41 	 41.9324704603375 	 0.027205192718553775
10.720000000001164 	 8.591190637753685e+41 	 41.934053356098254 	 0.02754333636891543
10.720000000001164 	 8.591190637753685e+41 	 41.934053356098254 	 0.02754333636891543
10.80000000000291 	 8.68217544808711e+41 	 41.9386285577485 	 0.027996503256137197
11.169999999998254 	 8.888051446590044e+41 	 41.94880655976106 	 0.029430933140414933
11.5 	 9.08219696880192e+41 	 41.95819091636435 	 0.03078443193862478
11.519999999996799 	 9.257895763103991e+41 	 41.96651228664731 	 0.031424122032920145
11.519999999996799 	 9.257895763103991e+41 	 41.96651228664731 	 0.031424122032920145
11.580000000001746 	 9.284768109664582e+41 	 41.96777106155445 	 0.031648347763765926
11.580000000001746 	 9.284768109664582e+41 	 41.96777106155445 	 0.031648347763765926
11.580000000001746 	 9.284768109664582e+41 	 41.96777106155445 	 0.031648347763765926
11.599999999998545 	 9.180647821066145e+41 	 41.96287332773585 	 0.03133733635970501
11.599999999998545 	 9.180647821066145e+41 	 41.96287332773585 	 0.03133733635970501
11.599999999998545 	 9.180647821066145e+41 	 41.96287332773585 	 0.03133733635970501
11.690000000002328 	 9.28782748678355e+41 	 41.967914140167885 	 0.0319033710765055
11.720000000001164 	 9.14629410886774e+41 	 41.961245162472686 	 0.031483044284116024
11.739999999997963 	 9.238530474838676e+41 	 41.96560289574132 	 0.03184490444302195
11.739999999997963 	 9.238530474838676e+41 	 41.96560289574132 	 0.03184490444302195
11.819999999999709 	 9.45892309199291e+41 	 41.97584169434812 	 0.03278657487116086
12.12000000000262 	 9.639510775297543e+41 	 41.98405499313725 	 0.03411201082102326
12.480000000003201 	 1.0315799175255875e+42 	 42.01350287883938 	 0.037412163462848716
12.480000000003201 	 1.0315799175255875e+42 	 42.01350287883938 	 0.037412163462848716
12.599999999998545 	 1.0293354980658084e+42 	 42.012556950283134 	 0.037634433831794684
13.569999999999709 	 1.1087016748248106e+42 	 42.04481470358223 	 0.043217133882949905
13.660000000003492 	 1.0997307945576765e+42 	 42.0412863862975 	 0.04311727646014097
13.660000000003492 	 1.0997307945576765e+42 	 42.0412863862975 	 0.04311727646014097
13.680000000000291 	 1.1240291510291487e+42 	 42.05077757454882 	 0.04412675690222979
13.730000000003201 	 1.133814909227454e+42 	 42.05454216349693 	 0.04465429725873256
13.730000000003201 	 1.133814909227454e+42 	 42.05454216349693 	 0.04465429725873256
13.900000000001455 	 1.180691087153509e+42 	 42.07213628483315 	 0.04700928483301226
14.029999999998836 	 1.1579330987025731e+42 	 42.06368346811021 	 0.046485946511605286
14.389999999999418 	 1.2226694352662761e+42 	 42.08730905569122 	 0.0502094485869925
14.430000000000291 	 1.242470301489784e+42 	 42.0942860166784 	 0.05115003694065231
14.430000000000291 	 1.242470301489784e+42 	 42.0942860166784 	 0.05115003694065231
14.510000000002037 	 1.2274326395752464e+42 	 42.0889976677494 	 0.05078306660393214
14.510000000002037 	 1.2274326395752464e+42 	 42.0889976677494 	 0.05078306660393214
14.559999999997672 	 1.2160339659634939e+42 	 42.084945705713444 	 0.05046774349315936
14.559999999997672 	 1.2160339659634939e+42 	 42.084945705713444 	 0.05046774349315936
14.709999999999127 	 1.2567430834553975e+42 	 42.099246503746606 	 0.05264261668671206
14.709999999999127 	 1.2567430834553975e+42 	 42.099246503746606 	 0.05264261668671206
14.769999999996799 	 1.2285206426938724e+42 	 42.089382458278635 	 0.05165055326835675
15.430000000000291 	 1.3228675533553086e+42 	 42.12151636442457 	 0.05788166294512678
15.69999999999709 	 1.3512802343221816e+42 	 42.13074542422493 	 0.06007724392405428
16.139999999999418 	 1.3826679708353055e+42 	 42.140717902635465 	 0.0630674375616643
16.37000000000262 	 1.4079880604010762e+42 	 42.14859897204763 	 0.06507413893618343
16.5 	 1.4242829996163458e+42 	 42.15359629053718 	 0.06631505761241892
16.69999999999709 	 1.4656105742097364e+42 	 42.16601858971923 	 0.06901256077318398
16.69999999999709 	 1.4656105742097364e+42 	 42.16601858971923 	 0.06901256077318398
16.80000000000291 	 1.4586699925463e+42 	 42.16395704883162 	 0.06907098353816905
17.37999999999738 	 1.517431319684818e+42 	 42.18110904363072 	 0.07418271978285179
17.540000000000873 	 1.5318604519248477e+42 	 42.185219204122056 	 0.0755379564950295
17.62000000000262 	 1.5454875152329733e+42 	 42.18906550109306 	 0.07653787793948126
17.669999999998254 	 1.5395936486373584e+42 	 42.18740611080951 	 0.0764502256599689
17.69999999999709 	 1.5728288798325462e+42 	 42.19668147495192 	 0.07822575747261629
17.69999999999709 	 1.5728288798325462e+42 	 42.19668147495192 	 0.07822575747261629
17.80000000000291 	 1.5532476914696077e+42 	 42.19124071681098 	 0.07766408273871994
18.05000000000291 	 1.5559549923869962e+42 	 42.191997030416736 	 0.07883216249554209
18.37999999999738 	 1.595616238386454e+42 	 42.202928447420796 	 0.08223999614913499
18.4800000000032 	 1.625134225509724e+42 	 42.21088923669385 	 0.0841930051898786
18.650000000001455 	 1.6282642961914103e+42 	 42.21172489997665 	 0.08509025891125191
18.959999999999127 	 1.6231426999277646e+42 	 42.210356702861894 	 0.08615838716139065
19.37999999999738 	 1.688882891773234e+42 	 42.227599536356124 	 0.09152912653005355
19.55000000000291 	 1.6772177438200775e+42 	 42.22458944829532 	 0.09165221035918661
19.69000000000233 	 1.6865939969833416e+42 	 42.2270105502294 	 0.09278956659844015
19.69999999999709 	 1.7357732538843768e+42 	 42.239492992143205 	 0.09554113500964269
19.69999999999709 	 1.7357732538843768e+42 	 42.239492992143205 	 0.09554113500964269
19.80000000000291 	 1.682215017833032e+42 	 42.22588150578427 	 0.09303809973105277
19.9800000000032 	 1.679953344336521e+42 	 42.225297220667194 	 0.09371213992322418
20.389999999999418 	 1.7135442062155884e+42 	 42.23389531289069 	 0.09743869830559951
20.5 	 1.7388143525677766e+42 	 42.24025321629868 	 0.09937902920141727
20.69000000000233 	 1.740971051094619e+42 	 42.24079154971906 	 0.10037167595623964
20.69999999999709 	 1.7206339722415023e+42 	 42.23568849337079 	 0.09924436919944143
20.69999999999709 	 1.7206339722415023e+42 	 42.23568849337079 	 0.09924436919944143
20.69999999999709 	 1.7206339722415023e+42 	 42.23568849337079 	 0.09924436919944143
20.970000000001164 	 1.7157961420537967e+42 	 42.23446568698564 	 0.1001801002300132
21.43000000000029 	 1.7303387784758118e+42 	 42.23813114082743 	 0.10310816806550278
21.56999999999971 	 1.740767652956935e+42 	 42.24074080800842 	 0.10436389602165289
21.650000000001455 	 1.7624358617423447e+42 	 42.24611332118218 	 0.10602941767222811
21.69999999999709 	 1.7399140933822557e+42 	 42.24052780593141 	 0.1049004070703144
21.739999999997963 	 1.7763574968944502e+42 	 42.249530373213055 	 0.10728200907893781
21.80000000000291 	 1.733875100041306e+42 	 42.23901780979733 	 0.10498612866821178
21.9800000000032 	 1.7135519582046008e+42 	 42.23389727761295 	 0.10455421788139758
22.540000000000873 	 1.7314626602312778e+42 	 42.23841313023121 	 0.10814424685975646
22.599999999998545 	 1.7563865409489482e+42 	 42.24462010048086 	 0.10997105933209474
22.650000000001455 	 1.75337258314492e+42 	 42.24387421136514 	 0.11000685341585845
22.69999999999709 	 1.7677793775931915e+42 	 42.24742806323782 	 0.11113690163877284
22.69999999999709 	 1.7677793775931915e+42 	 42.24742806323782 	 0.11113690163877284
22.94999999999709 	 1.7169496952622285e+42 	 42.234757570996635 	 0.10903688714124407
23.599999999998545 	 1.7148930293648432e+42 	 42.23423703504616 	 0.11172869549856097
23.650000000001455 	 1.7271070614027945e+42 	 42.23731925982299 	 0.11274169169062274
23.69999999999709 	 1.6846785202718548e+42 	 42.22651703862435 	 0.11018373657846639
23.80000000000291 	 1.7059124515887944e+42 	 42.23195673916004 	 0.11200058414513223
23.94000000000233 	 1.6853590776521524e+42 	 42.2266924445718 	 0.11124183769533105
24.580000000001746 	 1.6303573517188364e+42 	 42.212282806164666 	 0.11020252422982012
24.599999999998545 	 1.6873906102792317e+42 	 42.227215628085595 	 0.11414084646962623
24.62999999999738 	 1.64304406785482e+42 	 42.21564921174274 	 0.11126256432911161
24.779999999998836 	 1.6610097378154737e+42 	 42.2203721785484 	 0.11309190880452691
25.459999999999127 	 1.6140467705290962e+42 	 42.20791611519919 	 0.11256806706630983
25.459999999999127 	 1.6140467705290962e+42 	 42.20791611519919 	 0.11256806706630983
25.650000000001455 	 1.5904972447680304e+42 	 42.20153292111199 	 0.11165422310661809
25.69999999999709 	 1.6176589946923473e+42 	 42.20888697689811 	 0.11375542859262736
25.69999999999709 	 1.6176589946923473e+42 	 42.20888697689811 	 0.11375542859262736
26.69999999999709 	 1.5024331317192787e+42 	 42.17679515210801 	 0.10921636715886344
26.69999999999709 	 1.5024331317192787e+42 	 42.17679515210801 	 0.10921636715886344
26.75 	 1.4787395960873482e+42 	 42.16989170209736 	 0.1076669874553364
26.80000000000291 	 1.4696597034799676e+42 	 42.167216786442296 	 0.10717756151296673
27.410000000003492 	 1.4339807054347236e+42 	 42.15654330783136 	 0.10660089782584513
27.459999999999127 	 1.428759512955282e+42 	 42.154959135029046 	 0.1063766486593561
27.459999999999127 	 1.428759512955282e+42 	 42.154959135029046 	 0.1063766486593561
27.459999999999127 	 1.428759512955282e+42 	 42.154959135029046 	 0.1063766486593561
27.459999999999127 	 1.428759512955282e+42 	 42.154959135029046 	 0.1063766486593561
27.529999999998836 	 1.4000452935159867e+42 	 42.146142085968144 	 0.10446321837542932
27.589999999996508 	 1.3889252861448372e+42 	 42.142678884551344 	 0.10382401807722083
27.599999999998545 	 1.3818131053330665e+42 	 42.140449307284655 	 0.10332393072325163
27.62000000000262 	 1.3814750747060398e+42 	 42.14034305355562 	 0.10336172769239647
27.650000000001455 	 1.3959895984047778e+42 	 42.144882182347146 	 0.10454323720002297
27.69999999999709 	 1.3636983085494017e+42 	 42.13471830182758 	 0.1022803635192701
28.389999999999418 	 1.3056626495594076e+42 	 42.115830980644745 	 0.09995852207321325
28.669999999998254 	 1.287359745022942e+42 	 42.10969992487394 	 0.09935836817927832
28.69999999999709 	 1.3060510789710237e+42 	 42.115960162300055 	 0.10088763727717186
29.410000000003492 	 1.264810760423772e+42 	 42.102025551716046 	 0.09966634268191622
29.410000000003492 	 1.264810760423772e+42 	 42.102025551716046 	 0.09966634268191622
29.410000000003492 	 1.264810760423772e+42 	 42.102025551716046 	 0.09966634268191622
29.599999999998545 	 1.2196112443187713e+42 	 42.08622141972998 	 0.09660458284907414
29.69999999999709 	 1.2329592771655021e+42 	 42.090948732723575 	 0.0979266815018311
29.75 	 1.2061712053024772e+42 	 42.08140895642849 	 0.09592828927145093
30.69999999999709 	 1.1414160455146713e+42 	 42.057443973372834 	 0.0930655673662383
30.80000000000291 	 1.1449431141589939e+42 	 42.05878390954004 	 0.09359066716150681
31.410000000003492 	 1.1116360939442818e+42 	 42.04596263953242 	 0.0922588861500613
31.56999999999971 	 1.0921473012483143e+42 	 42.03828121694479 	 0.09099542625828566
31.599999999998545 	 1.07549357924651e+42 	 42.03160782197022 	 0.08967303339245106
31.650000000001455 	 1.0911073983109798e+42 	 42.037867500540884 	 0.09108492492108108
31.69999999999709 	 1.0978254919984601e+42 	 42.040533311074604 	 0.09175628029383509
31.69999999999709 	 1.0978254919984601e+42 	 42.040533311074604 	 0.09175628029383509
31.80000000000291 	 1.1000706220434446e+42 	 42.04142056677573 	 0.09216490987320373
32.37000000000262 	 1.0463101495972317e+42 	 42.01966043815763 	 0.08884591339799607
32.37000000000262 	 1.0463101495972317e+42 	 42.01966043815763 	 0.08884591339799607
32.69999999999709 	 1.0397600619867441e+42 	 42.0169331318205 	 0.08896163297185496
32.69999999999709 	 1.0397600619867441e+42 	 42.0169331318205 	 0.08896163297185496
32.80000000000291 	 1.016286350996294e+42 	 42.007016092924154 	 0.08715085186353992
33.400000000001455 	 1.0123837295956167e+42 	 42.00534515683032 	 0.08798401899828406
33.400000000001455 	 1.0123837295956167e+42 	 42.00534515683032 	 0.08798401899828406
33.80000000000291 	 1.013585113914294e+42 	 42.00586022362721 	 0.08885533559047558
33.98999999999796 	 9.708153923519772e+41 	 41.987136653486566 	 0.08545153886650277
34.37999999999738 	 9.645554623864026e+41 	 41.984327204832 	 0.0855987482664168
34.37999999999738 	 9.645554623864026e+41 	 41.984327204832 	 0.0855987482664168
34.69999999999709 	 9.63295983933313e+41 	 41.983759749677596 	 0.08605261033116768
34.69999999999709 	 9.63295983933313e+41 	 41.983759749677596 	 0.08605261033116768
35.69999999999709 	 9.200867074866033e+41 	 41.963828756485306 	 0.08384581492313493
35.69999999999709 	 9.200867074866033e+41 	 41.963828756485306 	 0.08384581492313493
36.69999999999709 	 9.046695049367683e+41 	 41.956489951142494 	 0.08401598522730935
36.69999999999709 	 9.046695049367683e+41 	 41.956489951142494 	 0.08401598522730935
37.80000000000291 	 8.474934444646426e+41 	 41.92813634753135 	 0.08027787153709348
38.69999999999709 	 8.216199309372063e+41 	 41.914670965875324 	 0.07903738335366621
39.38999999999942 	 7.8616932468427e+41 	 41.89551609420265 	 0.07649508882082495
39.38999999999942 	 7.8616932468427e+41 	 41.89551609420265 	 0.07649508882082495
40.69999999999709 	 7.709711303588493e+41 	 41.887038115845264 	 0.07658878871715119
41.69999999999709 	 7.142499869718147e+41 	 41.85385024113309 	 0.07203333416545254
42.69999999999709 	 6.961758779114495e+41 	 41.842718971158206 	 0.07123727718483068
42.80000000000291 	 7.223752044926888e+41 	 41.85876283041617 	 0.07402335225282547
43.80000000000291 	 7.026434646553946e+41 	 41.846735011206285 	 0.07301224647002434
44.69999999999709 	 6.869249436294668e+41 	 41.83690928677089 	 0.07225080816228507
47.80000000000291 	 6.272945185102389e+41 	 41.79747149255701 	 0.06862357797419681
47.80000000000291 	 6.272945185102389e+41 	 41.79747149255701 	 0.06862357797419681
48.400000000001455 	 6.1115354342783654e+41 	 41.78615033411516 	 0.0673422023823242
48.80000000000291 	 6.165837221774258e+41 	 41.78999205515884 	 0.0682641467729411
48.80000000000291 	 6.165837221774258e+41 	 41.78999205515884 	 0.0682641467729411
49.400000000001455 	 5.931893195667225e+41 	 41.77319332291097 	 0.0661381060285765
49.400000000001455 	 5.931893195667225e+41 	 41.77319332291097 	 0.0661381060285765
49.69999999999709 	 5.8039206581698076e+41 	 41.76372146683349 	 0.06493705555242678
49.80000000000291 	 6.009056738668015e+41 	 41.77880630472452 	 0.0673099609350948
50.37999999999738 	 5.793494856108529e+41 	 41.76294062570232 	 0.06532847988239009
50.80000000000291 	 5.910573446054712e+41 	 41.77162961833906 	 0.06696698382131273
52.69999999999709 	 5.389058279949553e+41 	 41.73151288029739 	 0.06235734577089622
52.80000000000291 	 5.583704951017171e+41 	 41.746922461633275 	 0.06467990458621127
54.80000000000291 	 5.219382442818211e+41 	 41.717619120331285 	 0.06176506151299816
54.80000000000291 	 5.219382442818211e+41 	 41.717619120331285 	 0.06176506151299816
55.80000000000291 	 5.268015653492101e+41 	 41.72164705676339 	 0.06299442098633362
55.80000000000291 	 5.268015653492101e+41 	 41.72164705676339 	 0.06299442098633362
56.37999999999738 	 5.051149198222349e+41 	 41.70339019666672 	 0.06076373110977741
56.37999999999738 	 5.051149198222349e+41 	 41.70339019666672 	 0.06076373110977741
56.80000000000291 	 5.152890133519202e+41 	 41.71205088282299 	 0.06225509792798072
56.80000000000291 	 5.152890133519202e+41 	 41.71205088282299 	 0.06225509792798072
58.41000000000349 	 4.8887728458813665e+41 	 41.68919985848042 	 0.060034829246072605
58.41000000000349 	 4.8887728458813665e+41 	 41.68919985848042 	 0.060034829246072605
59.37999999999738 	 4.765506605233315e+41 	 41.67810907583738 	 0.05909037667266051
61.69999999999709 	 4.579488295260331e+41 	 41.660816953340074 	 0.058092884172584326
62.80000000000291 	 4.556893501588394e+41 	 41.65866887887585 	 0.05842535931993205
67.80000000000291 	 4.236644896588083e+41 	 41.62702206420981 	 0.05696103798002103
67.80000000000291 	 4.236644896588083e+41 	 41.62702206420981 	 0.05696103798002103
72.69999999999709 	 3.738733453580277e+41 	 41.572724503997335 	 0.052607098819741335
73.69999999999709 	 3.625009940340363e+41 	 41.55930920181158 	 0.05147849157501974
73.80000000000291 	 3.545124125525638e+41 	 41.54963144574958 	 0.050390327696976406
75.80000000000291 	 3.592690576271972e+41 	 41.5554198148099 	 0.052011478390567634
76.69999999999709 	 3.474146852613048e+41 	 41.540848172180034 	 0.05071081923959328
77.69999999999709 	 3.4214541792155473e+41 	 41.53421072821452 	 0.05039953791405624
78.80000000000291 	 3.3529731153058893e+41 	 41.525430071197654 	 0.04988824919737726
80.80000000000291 	 3.2101200235731075e+41 	 41.506521270598334 	 0.04863912496308443
82.80000000000291 	 3.1087528293354294e+41 	 41.49258619353789 	 0.047965445203703064
83.80000000000291 	 3.0395888765557245e+41 	 41.482814846530594 	 0.04732495646290706
84.40000000000146 	 2.8837223204388644e+41 	 41.45995343895061 	 0.045142648213227825
84.80000000000291 	 2.9939431232979183e+41 	 41.47624354568222 	 0.047037978392702566
85.44000000000233 	 2.8353283843106984e+41 	 41.45260336560458 	 0.04480452562896485
85.69999999999709 	 2.9585898416383653e+41 	 41.471084761760864 	 0.04686234523489329
86.41999999999825 	 2.786602207430453e+41 	 41.4450749768051 	 0.044426279152241406
86.69999999999709 	 2.866038265351254e+41 	 41.45728198449816 	 0.045808436801491596
86.80000000000291 	 2.8853491091328797e+41 	 41.460198367577476 	 0.046158760392370574
#t_peak = 21.739999999997963
#L_peak = 1.7763574968944502e+42
#M_ni = 0.10728200907893781
