55716.43    3.43  14.995   0.030  15.348   0.021  14.924   0.019  14.546   0.012  14.417   0.019  LT/RATCam       
55716.43    3.43  15.147   0.081  15.387   0.021  14.946   0.020  14.580   0.012  14.470   0.010  TNG/LRS         
55717.43    4.43  15.030   0.030  15.138   0.019  14.672   0.029  14.257   0.015  14.260   0.025  LT/RATCam       
55717.48    4.48  15.170   0.087  15.214   0.027  14.634   0.026  14.244   0.012  14.234   0.021  AS-1.82m/AFOSC  
55717.48    4.48                  15.117   0.033  14.629   0.016  14.282   0.013  14.282   0.021  CANTAB/BIGST8   
55718.48    5.48                  14.840   0.010  14.280   0.018  13.953   0.013  13.937   0.015  LT/RATCam       
55718.57    5.57  14.683   0.063  14.836   0.022  14.242   0.016  13.922   0.010  14.049   0.013  CA-2.2m/CAFOS   
55720.42    7.42  14.418   0.018  14.246   0.010  13.754   0.027  13.416   0.010  13.429   0.020  LT/RATCam       
55721.42    8.42  14.281   0.097  14.021   0.015  13.479   0.011  13.227   0.010  13.243   0.016  LT/RATCam       
55721.43    8.43  14.068   0.072  14.061   0.010  13.603   0.037  13.275   0.017  13.337   0.018  NOT/ALFOSC      
55722.42    9.42                  13.859   0.010  13.290   0.010  13.059   0.015  13.070   0.014  LT/RATCam       
55723.41   10.41  13.975   0.064  13.708   0.010  13.159   0.013  12.894   0.010  12.892   0.015  LT/RATCam       
55724.41   11.41  13.908   0.075  13.614   0.012  13.033   0.012  12.796   0.011  12.772   0.011  LT/RATCam       
55725.39   12.39                                  12.936   0.016  12.671   0.011                  MONTCAB/BIGST8  
55725.43   12.43  13.875   0.073  13.522   0.019  12.920   0.036  12.682   0.011  12.680   0.010  LT/RATCam       
55726.36   13.36                  13.520   0.013  12.914   0.017  12.597   0.010                  MONTCAB/BIGST8  
55728.40   15.40                  13.387   0.011  12.777   0.010  12.450   0.010                  MONTCAB/BIGST8  
55729.39   16.39  13.647   0.015  13.342   0.010  12.769   0.064  12.400   0.010  12.342   0.016  LT/RATCam       
55730.40   17.40  13.644   0.033  13.326   0.010  12.661   0.011  12.371   0.010  12.317   0.010  LT/RATCam       
55731.41   18.41  13.745   0.095  13.296   0.013  12.597   0.020  12.320   0.010  12.268   0.012  LT/RATCam       
55731.82   18.82                                                  12.334   0.017  12.246   0.012  FTN/FS02        
55732.40   19.40                  13.353   0.028  12.615   0.012  12.283   0.010  12.209   0.012  CANTAB/BIGST8   
55732.41   19.41  13.444   0.058  13.359   0.024  12.640   0.020  12.339   0.016  12.305   0.016  NOT/ALFOSC      
55732.46   19.46  13.712   0.070  13.314   0.011  12.579   0.012  12.291   0.017  12.220   0.011  LT/RATCam       
55733.45   20.45  13.674   0.069                                  12.271   0.014  12.198   0.017  LT/RATCam       
55734.52   21.52  13.368   0.049  13.331   0.010  12.582   0.010  12.264   0.010  12.292   0.015  CA-2.2m/CAFOS   
55735.44   22.44  13.912   0.040                                  12.272   0.010  12.155   0.010  LT/RATCam       
55736.44   23.44  14.132   0.077                                  12.267   0.012  12.159   0.010  LT/RATCam       
55737.39   24.39                  13.647   0.010  12.726   0.015                                  LT/RATCam       
55738.42   25.42  14.500   0.035  13.783   0.017  12.812   0.010  12.333   0.016  12.215   0.010  LT/RATCam       
55738.51   25.51  14.196   0.035  13.770   0.021  12.826   0.010  12.391   0.010  12.262   0.010  NOT/ALFOSC      
55739.43   26.43  14.734   0.044  13.950   0.019  12.879   0.014  12.389   0.012  12.232   0.010  LT/RATCam       
55740.36   27.36                  14.083   0.037  12.939   0.014  12.458   0.010  12.288   0.010  MONTCAB/BIGST8  
55740.43   27.43  14.909   0.030  14.115   0.015  12.978   0.013  12.486   0.010  12.294   0.012  LT/RATCam       
55740.44   27.44                                  12.973   0.010  12.482   0.010                  TJO/MEIA        
55741.44   28.44                                                  12.547   0.014  12.314   0.014  LT/RATCam       
55742.49   29.49  15.330   0.014                                  12.632   0.013  12.400   0.010  LT/RATCam       
55743.41   30.41                  14.520   0.011  13.273   0.023                                  LT/RATCam       
55743.42   30.42  15.182   0.047  14.507   0.018                  12.663   0.010  12.532   0.013  CA-2.2m/CAFOS   
55743.42   30.42  15.433   0.052  14.519   0.015  13.260   0.030  12.695   0.014  12.487   0.013  NOT/ALFOSC      
55745.39   32.39  15.737   0.034  14.732   0.014  13.445   0.010  12.786   0.010  12.556   0.010  NOT/ALFOSC      
55745.44   32.44  15.930   0.039                                  12.822   0.010  12.528   0.010  LT/RATCam       
55745.80   32.80                                                  12.800   0.013  12.508   0.013  FTN/FS02        
55746.45   33.45  16.074   0.040  14.859   0.027  13.511   0.010  12.843   0.010  12.552   0.016  LT/RATCam       
55747.44   34.44  16.116   0.039                                  12.894   0.010  12.587   0.010  LT/RATCam       
55748.43   35.43  16.023   0.024  14.955   0.014  13.626   0.010  12.896   0.012  12.653   0.010  NOT/ALFOSC      
55748.44   35.44  16.269   0.042                                  12.951   0.010  12.619   0.010  LT/RATCam       
55750.40   37.40  16.200   0.038  15.092   0.010  13.740   0.010  13.041   0.010  12.726   0.010  NOT/ALFOSC      
55750.42   37.42  16.411   0.144  15.099   0.019  13.783   0.026  13.036   0.014  12.726   0.019  LT/RATCam       
55751.41   38.41                  15.131   0.012  13.813   0.012  13.097   0.010  12.733   0.010  TJO/MEIA        
55751.43   38.43                                                  13.118   0.010  12.764   0.013  LT/RATCam       
55752.45   39.45  16.536   0.158                                  13.140   0.011  12.745   0.012  LT/RATCam       
55753.42   40.42                  15.277   0.014  13.906   0.019                                  LT/RATCam       
55753.46   40.46  16.448   0.049  15.232   0.010  13.865   0.012  13.167   0.010  12.811   0.010  NOT/ALFOSC      
55755.40   42.40  16.425   0.037  15.288   0.010  13.968   0.010  13.244   0.010  12.888   0.010  NOT/ALFOSC      
55756.44   43.44                  15.262   0.018  13.989   0.019  13.295   0.017  12.861   0.012  AS-Schmidt/SBIG 
55756.45   43.45                  15.373   0.024  13.983   0.013  13.282   0.031  12.922   0.015  LT/RATCam       
55757.43   44.43  16.418   0.043  15.371   0.010  14.053   0.011  13.302   0.010  12.965   0.010  NOT/ALFOSC      
55759.45   46.45                  15.426   0.010  14.071   0.019                                  LT/RATCam       
55761.40   48.40                  15.417   0.013  14.179   0.012  13.458   0.012  13.028   0.010  AS-Schmidt/SBIG 
55762.41   49.41                  15.439   0.012  14.167   0.010  13.459   0.010  13.065   0.010  NOT/ALFOSC      
55762.78   49.78                                                  13.435   0.010  13.035   0.010  FTN/FS02        
55763.44   50.44                  15.453   0.015  14.224   0.014  13.486   0.011  13.099   0.014  AS-Schmidt/SBIG 
55765.43   52.43  16.440   0.032  15.513   0.010  14.263   0.010  13.566   0.010  13.169   0.010  NOT/ALFOSC      
55767.43   54.43  16.503   0.053                                  13.586   0.010  13.166   0.016  LT/RATCam       
55768.45   55.45  16.481   0.043                                  13.604   0.019  13.191   0.016  LT/RATCam       
55771.40   58.40  16.366   0.029  15.581   0.010  14.332   0.010  13.643   0.010  13.288   0.013  CA-2.2m/CAFOS   
55773.39   60.39  16.450   0.040  15.591   0.010  14.389   0.010  13.719   0.010  13.323   0.010  NOT/ALFOSC      
55776.38   63.38  16.472   0.035  15.630   0.010  14.463   0.010  13.786   0.010  13.360   0.010  NOT/ALFOSC      
55777.33   64.33                  15.496   0.034  14.460   0.020  13.794   0.022  13.349   0.019  AS-Schmidt/SBIG 
55780.40   67.40  16.417   0.034  15.646   0.010  14.508   0.010  13.861   0.010  13.434   0.010  NOT/ALFOSC      
55783.43   70.43  16.410   0.033  15.703   0.015  14.583   0.013  13.954   0.010  13.509   0.010  NOT/ALFOSC      
55784.33   71.33                  15.646   0.016  14.593   0.014                  13.431   0.016  AS-Schmidt/SBIG 
55784.39   71.39  16.448   0.036  15.658   0.014  14.525   0.020  13.914   0.014  13.475   0.017  CA-2.2m/CAFOS   
55784.77   71.77                                                  13.934   0.016  13.450   0.015  FTN/FS02        
55785.36   72.36                  15.687   0.016  14.617   0.015  13.971   0.015  13.460   0.013  AS-Schmidt/SBIG 
55788.41   75.41                                                  14.032   0.016  13.521   0.011  AS-Schmidt/SBIG 
55790.38   77.38  16.453   0.085                                  14.039   0.014  13.611   0.011  LT/RATCam       
55793.37   80.37  16.547   0.069  15.792   0.010  14.748   0.010  14.140   0.010  13.676   0.014  NOT/ALFOSC      
55795.35   82.35  16.404   0.035  15.783   0.015  14.760   0.010  14.138   0.012  13.688   0.010  CA-2.2m/CAFOS   
55797.37   84.37                  15.811   0.016  14.820   0.014                                  AS-Schmidt/SBIG 
55797.76   84.76                                                  14.219   0.010  13.680   0.012  FTN/FS02        
55798.36   85.36  16.497   0.025  15.828   0.010  14.838   0.011  14.262   0.011  13.655   0.016  NOT/ALFOSC      
55799.33   86.33                  15.807   0.014  14.867   0.013                                  AS-Schmidt/SBIG 
55801.36   88.36  16.445   0.040  15.876   0.010  14.901   0.011  14.319   0.010  13.810   0.011  NOT/ALFOSC      
55801.40   88.40                  15.786   0.022  14.898   0.013                                  AS-Schmidt/SBIG 
55803.35   90.35                  15.864   0.019  14.915   0.014  14.339   0.012  13.795   0.013  AS-Schmidt/SBIG 
55805.33   92.33                  15.853   0.017  14.969   0.018  14.383   0.012  13.839   0.015  AS-Schmidt/SBIG 
55810.34   97.34  16.676   0.064  15.991   0.010  15.110   0.014  14.530   0.010  14.031   0.015  NOT/ALFOSC      
55812.33   99.33  16.511   0.029  16.015   0.015  15.055   0.010  14.513   0.011  14.005   0.011  CA-2.2m/CAFOS   
55817.35  104.35                  16.003   0.029  15.197   0.017  14.643   0.023  14.042   0.016  AS-Schmidt/SBIG 
55818.33  105.33                  16.085   0.017  15.191   0.020  14.677   0.012  14.086   0.014  AS-Schmidt/SBIG 
55821.31  108.31  16.771   0.080  16.122   0.020  15.256   0.011  14.700   0.013  14.166   0.010  CA-2.2m/CAFOS   
55824.32  111.32                                  15.313   0.024  14.767   0.026  14.247   0.027  AS-Schmidt/SBIG 
55827.33  114.33                  16.142   0.026  15.421   0.015  14.883   0.020  14.281   0.011  AS-Schmidt/SBIG 
55827.48  114.48                  16.148   0.057  15.407   0.030  14.972   0.045  14.323   0.049  AT/ANDOR        
55828.27  115.27                  16.249   0.032  15.456   0.022  14.909   0.014  14.268   0.012  AT/ANDOR        
55830.28  117.28                  16.295   0.017  15.375   0.014  14.912   0.015  14.335   0.015  AS-1.82m/AFOSC  
55834.26  121.26                  16.182   0.026  15.551   0.025  15.034   0.015  14.383   0.019  AT/ANDOR        
55834.31  121.31                  16.336   0.019  15.555   0.015  15.001   0.017  14.417   0.016  AS-Schmidt/SBIG 
55838.34  125.34                                  15.643   0.017  15.120   0.025  14.492   0.013  AS-Schmidt/SBIG 
55839.28  126.28                  16.373   0.029  15.654   0.022  15.134   0.019  14.518   0.018  AS-Schmidt/SBIG 
55840.26  127.26                  16.367   0.027  15.616   0.024  15.179   0.022  14.467   0.018  AT/ANDOR        
55840.30  127.30                  16.425   0.136  15.927   0.056  15.092   0.041  14.596   0.036  AS-Schmidt/SBIG 
55846.26  133.26                  16.539   0.027  15.851   0.027  15.238   0.019  14.663   0.023  AT/ANDOR        
55847.30  134.30                                  15.853   0.026  15.394   0.022  14.710   0.019  AT/ANDOR        
55849.26  136.26                  16.609   0.037  15.863   0.031  15.376   0.023  14.692   0.022  AT/ANDOR        
55853.27  140.27                  16.300   0.057  15.900   0.053  15.448   0.047  14.906   0.036  AS-Schmidt/SBIG 
55855.38  142.38                                  16.024   0.034  15.500   0.027  14.886   0.032  AT/ANDOR        
55856.24  143.24                  16.680   0.053  16.085   0.033  15.490   0.019  14.859   0.023  AT/ANDOR        
55858.29  145.29                                  16.101   0.033  15.518   0.024  14.917   0.026  AT/ANDOR        
55859.23  146.23                  16.788   0.043  16.139   0.031  15.621   0.026  14.957   0.025  AT/ANDOR        
55860.22  147.22                  16.763   0.041  16.170   0.038  15.600   0.024  14.971   0.022  AT/ANDOR        
55864.69  151.69  17.550   0.094  16.936   0.018  16.143   0.013  15.655   0.011  15.104   0.015  AS-1.82m/AFOSC  
55866.28  153.28                                  16.304   0.030  15.713   0.023  15.136   0.024  AT/ANDOR        
55867.70  154.70                  16.965   0.023  16.216   0.025  15.729   0.018  15.259   0.020  CA-2.2m/CAFOS   
55879.66  166.66                  17.172   0.027  16.578   0.019  16.001   0.016  15.475   0.019  AS-Schmidt/SBIG 
55881.74  168.74                  17.226   0.017  16.590   0.018  15.953   0.014  15.670   0.025  CA-2.2m/CAFOS   
55883.24  170.24                                  16.764   0.063  16.244   0.038  15.547   0.026  AT/ANDOR        
55885.21  172.21                  17.548   0.083  16.579   0.042  16.038   0.040  15.579   0.032  AT/ANDOR        
55885.73  172.73                  17.359   0.081  16.670   0.023                  15.586   0.030  AS-1.82m/AFOSC  
55886.75  173.75  17.989   0.026  17.415   0.011  16.789   0.012  16.192   0.011  15.724   0.011  NOT/ALFOSC      
55893.71  180.71                                  16.929   0.021  16.287   0.014  15.781   0.019  AS-Schmidt/SBIG 
55894.76  181.76  18.148   0.022  17.572   0.010  16.958   0.012  16.326   0.010  15.881   0.012  NOT/ALFOSC      
55896.20  183.20                                  17.080   0.059  16.502   0.049  15.969   0.038  AT/ANDOR        
55898.19  185.19                  17.459   0.065  17.144   0.052  16.430   0.037  15.856   0.030  AT/ANDOR        
55898.73  185.73  18.244   0.050  17.653   0.011  17.092   0.015  16.392   0.010  16.026   0.010  NOT/ALFOSC      
55903.76  190.76  18.270   0.040  17.758   0.016  17.192   0.023  16.510   0.017  16.100   0.017  NOT/ALFOSC      
55912.79  199.79  18.456   0.041  17.908   0.023  17.374   0.016  16.715   0.013  16.319   0.011  NOT/ALFOSC      
55917.79  204.79  18.540   0.040  17.993   0.011  17.479   0.010  16.747   0.010  16.388   0.010  NOT/ALFOSC      
55922.76  209.76  18.714   0.038  18.086   0.010  17.561   0.011  16.842   0.010  16.484   0.011  NOT/ALFOSC      
55932.79  219.79  18.862   0.058  18.234   0.014  17.788   0.017  16.997   0.024  16.697   0.020  NOT/ALFOSC      
55939.73  226.73  18.967   0.055  18.390   0.013  17.920   0.017  17.118   0.010  16.818   0.013  NOT/ALFOSC      
55948.73  235.73  19.136   0.041  18.546   0.012  18.086   0.016  17.264   0.010  16.997   0.013  NOT/ALFOSC      
55955.76  242.76  19.281   0.043  18.697   0.011  18.194   0.013  17.363   0.010  17.126   0.011  NOT/ALFOSC      
55975.69  262.69  19.596   0.045  18.983   0.012  18.591   0.013  17.669   0.010  17.454   0.012  NOT/ALFOSC      
55982.74  269.74  19.870   0.070  19.076   0.016  18.695   0.018  17.754   0.010  17.625   0.012  NOT/ALFOSC      
55986.62  273.62  19.882   0.113  19.146   0.025  18.755   0.030  17.777   0.016  17.846   0.032  CA-2.2m/CAFOS   
55987.62  274.62  19.588   0.115  19.099   0.021  18.767   0.020  17.783   0.011  17.763   0.013  LT/RATCam       
55998.66  285.66                  19.343   0.037  18.969   0.035  17.998   0.017  17.876   0.020  LT/RATCam       
55998.67  285.67                  19.388   0.017  18.960   0.023  18.011   0.014  17.899   0.015  NOT/ALFOSC      
56008.66  295.66                  19.393   0.031  19.101   0.032  18.069   0.019  18.128   0.029  LT/RATCam       
56014.51  301.51  20.337   0.067  19.620   0.015  19.221   0.018  18.255   0.012  18.174   0.015  NOT/ALFOSC      
56026.49  313.49                  19.825   0.017  19.414   0.019  18.467   0.013  18.369   0.023  NOT/ALFOSC      
56043.59  330.59  20.772   0.052  20.098   0.016  19.747   0.021  18.718   0.013  18.670   0.017  NOT/ALFOSC      
56071.42  358.42                  20.551   0.022  20.222   0.034  19.168   0.018  19.292   0.029  NOT/ALFOSC      
56087.43  374.43                  20.776   0.022  20.373   0.028  19.425   0.017  19.536   0.023  NOT/ALFOSC      
56096.48  383.48  21.283   0.080  20.869   0.025  20.522   0.033  19.491   0.019  19.719   0.030  NOT/ALFOSC      
56115.44  402.44                  21.130   0.030  20.819   0.042  19.861   0.023  20.056   0.035  NOT/ALFOSC      
56132.43  419.43                  21.266   0.055  20.985   0.054  20.140   0.031  20.346   0.052  NOT/ALFOSC      
56133.40  420.40                  21.431   0.045  20.993   0.053  20.122   0.032                  NOT/ALFOSC      
56154.39  441.39                  21.633   0.043  21.284   0.052  20.492   0.034  20.791   0.065  NOT/ALFOSC      
56180.37  467.37                  22.006   0.043  21.578   0.049  20.810   0.034  21.139   0.106  NOT/ALFOSC      
56313.73  600.73                                  22.440   0.100                                  NOT/ALFOSC      
56371.69  658.69                  23.420   0.320                                                  NOT/ALFOSC      
56397.64  684.64                                  23.200   0.200                                  NOT/ALFOSC      
56445.43  732.43                  23.960   0.500                                                  NOT/ALFOSC      
