1.7502485320e+01 3.3291318418e+49
1.8460038098e+01 1.9975962122e+42
1.9496564301e+01 3.3492112676e+49
2.0424502045e+01 1.7574096555e+42
2.1451156570e+01 3.3642551555e+49
2.2438324383e+01 1.4559634180e+42
2.5330726075e+01 3.4128756012e+49
2.6327765565e+01 1.0940987998e+42
2.8272486156e+01 9.7462621453e+41
2.9309012360e+01 9.0433559985e+41
3.0276436816e+01 8.6816102827e+41
3.1214246238e+01 3.4854922765e+79
3.7196483183e+01 3.7774895408e+80
3.9210305521e+01 3.4069915027e+49
4.2073092178e+01 5.0584001999e+41
5.2941809796e+01 1.4912958423e+82
6.4738465158e+01 3.3918032986e+49
