1.2408949673e+01 2.9368352640e+42
1.3337909656e+01 3.1034500573e+42
1.4276648166e+01 3.1670593627e+42
1.6300803077e+01 3.1572256670e+42
1.7298212744e+01 3.1029481698e+42
1.8256508306e+01 3.0013611511e+42
2.2089690553e+01 2.4913887918e+42
2.3126214324e+01 2.3381125101e+42
2.5042805448e+01 2.1178329875e+42
2.6059772166e+01 1.9821998828e+42
2.6998510676e+01 1.8907118905e+42
2.8944437378e+01 1.7602546466e+42
3.1819324064e+01 1.5498913909e+42
3.2904740465e+01 1.4634407100e+42
3.5877412412e+01 1.2939594248e+42
3.6855265026e+01 1.2502567192e+42
3.9720373185e+01 1.1430432065e+42
4.1578293153e+01 1.0935956298e+42
4.3622005116e+01 1.0370959863e+42
4.5616824449e+01 9.9998542916e+41
5.3292967470e+01 8.4281981440e+41
6.4137352960e+01 6.7507045285e+41
7.2810905648e+01 5.5088358063e+41
