1.6399262100e+01 9.0570956552e+41
1.9385455622e+01 9.1348748630e+41
2.5397526301e+01 8.6402899260e+41
3.0328217931e+01 7.3233125746e+41
3.1161574263e+01 6.9465071102e+41
3.2272716038e+01 6.5809330926e+41
3.4217214145e+01 5.9290471558e+41
3.5278751378e+01 5.5659323767e+41
4.3255161982e+01 4.1350842220e+41
4.9039051761e+01 3.5929296569e+41
5.0170035353e+01 3.4602461416e+41
5.5080885166e+01 3.1065199810e+41
5.8959960472e+01 2.8675802092e+41
6.6946291984e+01 2.4415915565e+41
7.1797616344e+01 2.2585198611e+41
7.7829528841e+01 1.9967237144e+41
8.5736493084e+01 1.6928873545e+41
8.7680991191e+01 1.6200975752e+41
1.0448701055e+02 1.2673234124e+41
1.0557831051e+02 1.1044022443e+41
1.1441784017e+02 9.2904384524e+40
1.1637225918e+02 1.0144855825e+41
1.3222587131e+02 6.7090441603e+40
1.3621407661e+02 6.0774344941e+40
1.4113484733e+02 6.3717637660e+40
