5.1299750578e+00 6.7058532605e+41
6.1029013615e+00 7.4143017541e+41
7.1053102808e+00 8.2502947277e+41
1.0142019654e+01 1.1674826436e+42
1.1036325651e+01 1.2968575590e+42
1.2097699801e+01 1.4469340060e+42
1.3060798566e+01 1.5442182266e+42
1.4023897332e+01 1.6753278107e+42
1.5016478713e+01 1.7528741599e+42
1.7974567778e+01 1.9289137474e+42
1.8947494083e+01 1.9395127505e+42
1.9920420386e+01 1.9353201432e+42
2.0952311921e+01 1.9471893855e+42
2.1935065764e+01 1.9219383877e+42
2.2898164529e+01 1.8657602097e+42
2.3831780679e+01 1.7891457756e+42
2.5826770980e+01 1.6345246305e+42
2.6780042207e+01 1.5603348336e+42
3.1683983881e+01 1.1620096502e+42
3.4642072946e+01 9.9891144235e+41
3.8592743393e+01 8.2987292625e+41
3.9536187081e+01 8.1512131202e+41
4.8400626740e+01 6.3275215929e+41
4.9353897968e+01 6.1546371225e+41
5.3284913337e+01 5.7703502247e+41
5.6184037172e+01 5.4969430384e+41
6.0085569927e+01 5.1351937951e+41
6.4075550527e+01 4.7188185218e+41
6.6974674362e+01 4.4011667395e+41
