2.8372564159e+01 2.1896349587e+42
3.0388689794e+01 1.9816553174e+42
3.2355880341e+01 1.8682287693e+42
3.3393304212e+01 1.7318310735e+42
3.4332857906e+01 1.6666535301e+42
3.7298324252e+01 1.4168282384e+42
3.9245940764e+01 1.3277695078e+42
4.0214855511e+01 1.2706027121e+42
4.1232705347e+01 1.2277860393e+42
4.2182046058e+01 1.1796333098e+42
4.3190108876e+01 1.1336699324e+42
4.6057705047e+01 1.0519156037e+42
4.7065767864e+01 1.0279125495e+42
5.2908617400e+01 8.9132520258e+41
5.3857958111e+01 8.7610440711e+41
5.8829763076e+01 7.9122057776e+41
6.2685848029e+01 7.2827517266e+41
6.7589143870e+01 6.6980111221e+41
6.9478038276e+01 6.5173680561e+41
7.9255268905e+01 5.5055011336e+41
8.2191374199e+01 5.3233712190e+41
8.7075096005e+01 4.9037627207e+41
1.0275389828e+02 3.9501752662e+41
