2.3872779568e+00 9.2769185713e+41
3.3696968692e+00 1.2053981420e+42
4.3521157817e+00 1.4815653433e+42
5.2854137486e+00 1.7219228632e+42
7.2502515734e+00 2.1410248996e+42
8.2130221076e+00 2.2606234011e+42
1.3125116670e+01 2.3953111857e+42
1.4166480717e+01 2.2957424950e+42
1.6072373407e+01 2.1427607196e+42
1.7074440697e+01 2.0836038257e+42
1.8096156366e+01 1.9661034008e+42
1.9972576489e+01 1.8016332099e+42
2.2988602550e+01 1.5106811131e+42
2.9806589802e+01 9.8794836083e+41
3.0808657093e+01 9.2304744276e+41
3.2773494918e+01 8.1018837312e+41
3.6683522189e+01 6.7633703600e+41
4.0613197839e+01 5.6937599358e+41
4.4562521866e+01 5.0135371478e+41
4.6478238745e+01 4.7856013734e+41
4.9425495483e+01 4.4323794001e+41
5.4337590045e+01 3.9952150068e+41
