1.0657624253e+01 1.3940429651e+42
1.1598867977e+01 1.6303157091e+42
1.2589134812e+01 1.9030320105e+42
1.5491302962e+01 2.4956302451e+42
1.6550202151e+01 2.6793552725e+42
1.7511055120e+01 2.7964686112e+42
1.9403347191e+01 2.9630520980e+42
2.0442637136e+01 2.9662793931e+42
2.3325196042e+01 2.8570173638e+42
2.6266582680e+01 2.5618802734e+42
2.7276458759e+01 2.4365183079e+42
2.8296139460e+01 2.2956243012e+42
2.9256992429e+01 2.2053041026e+42
3.0227650020e+01 2.1473757916e+42
3.4110280382e+01 1.8245705612e+42
3.5080937973e+01 1.7625454297e+42
3.7081080887e+01 1.6328673966e+42
3.8022324611e+01 1.5550117089e+42
3.9002786824e+01 1.7391698534e+42
3.9983249036e+01 1.4732454413e+42
4.8836822818e+01 1.1647131849e+42
5.2729257802e+01 1.0389008008e+42
