1.2270372006e+01 1.5389072471e+42
1.3360853425e+01 1.6721579133e+42
1.6258979720e+01 1.8635652279e+42
1.7280692041e+01 1.8792757969e+42
1.8223811106e+01 1.8876649711e+42
1.9186578485e+01 1.8379026206e+42
2.0227939120e+01 1.7039650631e+42
2.1171058185e+01 1.6694270767e+42
2.2173122192e+01 1.5237352194e+42
2.8018495565e+01 1.0215451649e+42
2.9050032043e+01 9.4459432818e+41
2.9993151108e+01 9.0824052816e+41
3.0946094330e+01 8.9056392466e+41
3.5867996953e+01 6.9288554212e+41
4.3756794968e+01 5.4554010902e+41
4.4699914033e+01 5.3128906973e+41
4.7647161112e+01 4.8859039588e+41
5.2549415420e+01 4.2927294701e+41
5.6469254035e+01 3.8999680394e+41
5.8424261265e+01 3.7414201193e+41
