2.8333319357e+01 2.5947619901e+42
2.9254887530e+01 2.4807870761e+42
3.1274494377e+01 2.3226707199e+42
3.4127434146e+01 2.1345995855e+42
3.6098021409e+01 1.9998145190e+42
3.9058804263e+01 1.8206637157e+42
4.1009783692e+01 1.7253619499e+42
4.7882329322e+01 1.4344557801e+42
5.0784288675e+01 1.3071218787e+42
5.3745071528e+01 1.2679416508e+42
5.4705855368e+01 1.2095154654e+42
5.5666639208e+01 1.2110685775e+42
5.6656834797e+01 1.1928604802e+42
5.7676442138e+01 1.1673776884e+42
6.3578400011e+01 1.0669844934e+42
7.7235256019e+01 8.2725815418e+41
8.4088193815e+01 7.2023593044e+41
8.6048977161e+01 7.6088320878e+41
9.4882306138e+01 6.2692146522e+41
