1.0951907502e+01 4.4143670982e+43
1.1873693050e+01 4.3349414377e+43
1.2859364725e+01 4.0780617044e+43
1.3671631198e+01 4.1523986049e+43
1.4611669926e+01 4.0841584605e+43
1.5588215011e+01 3.8395742509e+43
1.6418734663e+01 3.9117441427e+43
2.0096750266e+01 3.4181166150e+43
2.0991156045e+01 3.3929546563e+43
2.1949447952e+01 3.1342735774e+43
2.7398021934e+01 2.7206547842e+43
2.8265047945e+01 2.8559628261e+43
2.9177706903e+01 2.7485463830e+43
3.0135998809e+01 2.5244559297e+43
3.1039531178e+01 2.4267147041e+43
3.7391637529e+01 2.1327009328e+43
4.0138740994e+01 1.8762038700e+43
4.3798503418e+01 1.7177109554e+43
4.4674656018e+01 1.6852724569e+43
4.6463467577e+01 1.5421222197e+43
