2.2732609258e+01 1.6099186240e+42
2.3707148063e+01 1.5740030208e+42
2.4691631141e+01 1.4972937169e+42
2.5755668407e+01 1.4623723405e+42
2.6760040033e+01 1.3562395892e+42
2.7754467384e+01 1.3101126165e+42
2.8758839009e+01 1.2037399089e+42
3.1752065338e+01 1.0136202858e+42
3.2756436963e+01 9.5756911631e+41
3.3740920041e+01 8.9737169560e+41
3.5729774744e+01 8.1066504547e+41
3.7718629448e+01 7.3445034655e+41
3.9687595604e+01 6.6118324028e+41
4.7633070143e+01 4.6374794327e+41
5.7557455113e+01 3.4631956898e+41
6.1574941613e+01 3.1572508084e+41
6.2539536144e+01 3.1567739660e+41
6.4558223668e+01 3.0254720675e+41
6.5443264011e+01 2.9665538394e+41
6.7452007262e+01 2.8891192636e+41
7.3428515645e+01 2.5814934873e+41
7.4432887270e+01 2.5014436885e+41
8.3362844888e+01 2.1743055566e+41
8.8364814466e+01 2.0009754857e+41
8.9319464724e+01 1.9653858979e+41
1.0023827705e+02 1.6145107400e+41
1.0125259294e+02 1.5685867114e+41
1.0827325005e+02 1.4043710572e+41
1.2794302306e+02 9.7389268859e+40
1.3796685077e+02 8.5787973417e+40
1.4684708702e+02 7.7858765739e+40
