8.9783714135e+00 3.4309761200e+41
9.9837101193e+00 4.1681742188e+41
1.0979094977e+01 4.9066342091e+41
1.2969864691e+01 5.9736618860e+41
1.3965249549e+01 6.5996641440e+41
1.4960634406e+01 7.0020307179e+41
1.5946065415e+01 7.4809313187e+41
1.6931496424e+01 7.8272324324e+41
1.7936835130e+01 7.9561148745e+41
1.8912312290e+01 7.7487190628e+41
1.9927604845e+01 7.7860752501e+41
2.0932943550e+01 7.3842629374e+41
2.1908420711e+01 6.7937750902e+41
2.2913759417e+01 6.3529936204e+41
2.3909144274e+01 6.0981432192e+41
2.4894575283e+01 5.6671721451e+41
2.5889960140e+01 5.1993841601e+41
2.6885344997e+01 4.7960981907e+41
2.8876114712e+01 4.4033448163e+41
2.9871499570e+01 4.1541836948e+41
3.3843085151e+01 3.6487821412e+41
3.7814670732e+01 3.1880329045e+41
3.9825348143e+01 3.0254433783e+41
4.3806887573e+01 2.7284779148e+41
4.4792318582e+01 2.6723999104e+41
4.8763904163e+01 2.4387331838e+41
