1.0471371631e+01 3.7814256017e+49
1.3410877656e+01 3.0094150237e+42
1.5390342993e+01 3.7861261520e+49
1.7359911003e+01 2.7506925673e+42
1.8319951691e+01 2.6620066612e+42
1.9349273666e+01 3.8425473332e+49
2.0259827721e+01 2.4631640591e+42
2.1328739003e+01 3.8587204882e+49
2.2298677018e+01 2.2395758834e+42
2.4288039681e+01 2.0045202784e+42
2.6198223731e+01 1.8543879695e+42
2.7237443032e+01 3.9209803875e+49
2.8177689068e+01 1.6812944396e+42
2.9236703022e+01 3.9284765895e+49
3.0137359751e+01 4.2264390172e+77
