9.0470471454e+00 3.8561955863e+42
1.2062729527e+01 4.8528609740e+42
1.2960602599e+01 5.0330272800e+42
1.3897513630e+01 5.1063920470e+42
1.8884612973e+01 5.8656703018e+42
2.3764357928e+01 5.5030685103e+42
2.4632952529e+01 5.2635303549e+42
2.5667458460e+01 4.4330724343e+42
2.6682445410e+01 4.1903575147e+42
2.7531521032e+01 4.0907952443e+42
2.9561494933e+01 3.6160061798e+42
3.3426252937e+01 2.9959815392e+42
3.4363163968e+01 2.8355644627e+42
3.5417188879e+01 2.7380450009e+42
3.7330048901e+01 2.5046013843e+42
3.8364554831e+01 2.3677337874e+42
3.9281946883e+01 2.3130419900e+42
4.1175287925e+01 2.1256874271e+42
4.6250222677e+01 1.7713256527e+42
4.7070019830e+01 1.7362850392e+42
5.0066183231e+01 1.5886497846e+42
5.1139727121e+01 1.5471887599e+42
5.2925713775e+01 1.6826290578e+42
5.3921181746e+01 1.6677329508e+42
5.5941396156e+01 1.5392124539e+42
6.5593531676e+01 1.2616228989e+42
6.6598759137e+01 1.2011437777e+42
