5.3851697569e+00 1.4859716224e+42
6.2297074495e+00 1.6344801092e+42
9.2799788800e+00 2.0043951454e+42
1.0223873948e+01 2.0521337544e+42
1.1346612292e+01 2.1087724978e+42
1.4138554547e+01 2.0768168148e+42
1.5251357153e+01 1.9731012147e+42
1.6225059434e+01 1.9115699275e+42
1.9245523652e+01 1.7064037700e+42
2.2236180657e+01 1.5412202769e+42
2.5127480287e+01 1.3637815530e+42
2.6121054043e+01 1.3023563712e+42
2.7134499274e+01 1.2282897777e+42
2.9221004161e+01 1.1427893440e+42
3.0125156279e+01 1.0986260888e+42
3.3086006071e+01 9.6524853630e+41
3.4069644090e+01 9.3750746830e+41
3.6066727339e+01 8.5254268140e+41
3.7080172570e+01 8.1757208306e+41
3.8063810589e+01 7.9667333583e+41
3.9037512870e+01 7.7258271248e+41
4.0031086625e+01 7.3996351111e+41
4.1064403332e+01 7.1863906407e+41
4.3011807893e+01 6.7797465797e+41
4.6926488491e+01 6.0542721516e+41
4.8993121904e+01 5.7745358529e+41
5.0950462203e+01 5.5472574233e+41
5.1944035959e+01 5.4260105063e+41
5.6901969001e+01 4.9994936750e+41
5.9852883056e+01 4.9148358732e+41
6.0876264024e+01 4.8273080833e+41
6.1869837780e+01 4.7690793221e+41
6.2883283011e+01 4.6298224954e+41
6.4820751835e+01 4.5226397829e+41
6.5873940016e+01 4.4745495244e+41
6.7791537365e+01 4.2038606157e+41
6.8814918334e+01 4.2538852092e+41
