3.7334979767e+00 1.7190746689e+42
4.7185897912e+00 1.9578710180e+42
5.6642779336e+00 2.1059826165e+42
1.0589737006e+01 2.5555117090e+42
1.1624083411e+01 2.5759100003e+42
1.5505345161e+01 2.4664882293e+42
1.7475528790e+01 2.2610218702e+42
1.8509875195e+01 2.2086229251e+42
1.9475265173e+01 2.0718326347e+42
2.2391136945e+01 1.8094198131e+42
2.3415632431e+01 1.7132570189e+42
2.5326710552e+01 1.5663891815e+42
2.7326446935e+01 1.3963585391e+42
3.2242055090e+01 1.0474662143e+42
3.4202387801e+01 9.2923308856e+41
3.5157926861e+01 8.9748550709e+41
3.8103351386e+01 7.8848743563e+41
4.1107881421e+01 7.0890808027e+41
4.6959326799e+01 6.1755431865e+41
5.2869877686e+01 5.4166299027e+41
6.0740761284e+01 4.7172504949e+41
6.1696300345e+01 4.7452316844e+41
6.2710944913e+01 4.6220029144e+41
6.7616702150e+01 4.2424848357e+41
7.1576771244e+01 4.4259602707e+41
7.2502757550e+01 3.7994003444e+41
7.9378698415e+01 3.9078658401e+41
