1.0544669739e+01 4.6886014193e+41
1.3470989186e+01 1.0063291765e+42
1.4453042153e+01 1.2048492206e+42
1.5464854301e+01 1.4484780671e+42
1.6436987542e+01 1.7085718099e+42
1.7280164332e+01 1.9114173550e+42
1.8460611838e+01 2.2030929432e+42
1.9442664805e+01 2.3356952315e+42
2.0404878318e+01 2.3996855703e+42
2.1377011558e+01 2.4728106269e+42
2.3390716128e+01 2.4650331555e+42
2.4432287456e+01 2.3515572223e+42
2.5285383973e+01 2.3236235053e+42
2.6356714483e+01 2.1850423869e+42
2.7378446358e+01 2.0942099936e+42
2.8380338779e+01 1.9786199633e+42
2.9322712839e+01 1.8267165131e+42
3.0384123621e+01 1.7753665751e+42
3.1346337135e+01 1.6295411689e+42
3.2219273106e+01 1.5883863375e+42
3.7198976030e+01 1.2421764630e+42
3.8290145994e+01 1.1634625922e+42
4.0214573020e+01 1.0959364117e+42
4.1226385168e+01 1.0556305214e+42
4.2178678955e+01 1.0055672715e+42
4.3160731922e+01 9.7786411892e+41
4.4182463797e+01 9.3923230188e+41
4.5233954853e+01 9.0961347666e+41
4.7108783244e+01 8.4488864132e+41
4.9182006175e+01 7.8108188401e+41
5.1086593748e+01 7.4387416746e+41
5.2157924258e+01 7.1937287881e+41
5.6016698038e+01 6.5237727351e+41
5.6998751005e+01 6.3947981714e+41
5.9052134482e+01 6.0839816727e+41
6.0986481235e+01 5.8278038873e+41
6.3992158499e+01 5.4451087076e+41
6.5966184160e+01 5.2861173366e+41
6.7910450641e+01 5.1060731775e+41
7.2870314111e+01 4.6420863801e+41
7.3872206532e+01 4.5307552568e+41
7.6788606253e+01 4.3569985226e+41
7.8881668638e+01 4.1581471374e+41
8.1778228905e+01 3.9750126957e+41
8.4783906168e+01 3.7662289001e+41
8.6698413467e+01 3.6549267413e+41
8.7730065069e+01 3.5603037857e+41
8.9733849912e+01 3.4094541555e+41
9.4663954201e+01 3.1073452615e+41
1.0162760251e+02 2.7147882268e+41
1.0751992032e+02 2.4884761730e+41
1.0848213383e+02 2.5524920588e+41
1.0954354461e+02 2.3979304391e+41
1.1150765055e+02 2.3752082670e+41
1.1246986406e+02 2.3624553437e+41
1.1345191703e+02 2.3277171660e+41
1.3133718470e+02 1.6987012148e+41
