5.9162871255e+00 3.3802340269e+42
1.1891054849e+01 3.2883127548e+42
1.6705957386e+01 2.7249721739e+42
1.8518855912e+01 2.5196009173e+42
1.9571506670e+01 2.4744138269e+42
2.0526689764e+01 2.3666804806e+42
2.1550100222e+01 2.2028393164e+42
2.4474130103e+01 1.8586981526e+42
2.5448806730e+01 1.7537848057e+42
2.6442976889e+01 1.6621789410e+42
3.0312443098e+01 1.3616547072e+42
3.1248132661e+01 1.2667238022e+42
3.2359264015e+01 1.2232439575e+42
3.8061122283e+01 9.5600254379e+41
4.4932592503e+01 7.6689854718e+41
