4.9312944291e+00 2.3412012541e+42
5.9116119961e+00 3.3765462903e+42
8.0108778978e+00 4.6595667349e+42
9.9715130323e+00 5.3713740782e+42
1.0862710821e+01 5.5398061077e+42
1.1991561353e+01 5.6641545350e+42
1.7804151373e+01 5.0175824632e+42
1.8764664544e+01 4.7495918409e+42
1.9834101891e+01 4.4327950497e+42
2.0725299679e+01 4.3244252436e+42
2.1725421642e+01 4.0996900589e+42
2.2834467778e+01 3.7215178482e+42
2.3715763369e+01 3.6283039996e+42
2.5666496306e+01 3.1149729393e+42
2.7716251219e+01 2.7675357927e+42
2.8706470984e+01 2.6043102250e+42
2.9785810528e+01 2.3809926796e+42
3.2657447846e+01 2.0037749713e+42
3.5707324722e+01 1.6105722793e+42
3.6588620312e+01 1.5668438309e+42
3.7568937880e+01 1.4622607882e+42
3.8648277423e+01 1.4245436092e+42
3.9608790596e+01 1.3776597968e+42
4.2480427914e+01 1.2266603617e+42
4.3431038888e+01 1.1679981834e+42
5.0431892625e+01 9.1755470656e+41
5.4432380476e+01 8.2470181114e+41
5.6373211215e+01 7.6485074083e+41
6.2284823211e+01 6.2215542732e+41
