1.3456298207e+01 2.7963622438e+42
1.4421014339e+01 2.8587828473e+42
1.8369388609e+01 3.1106493676e+42
1.9393777904e+01 3.0889585639e+42
2.0398276144e+01 3.0959331973e+42
2.2347599461e+01 3.0343626616e+42
2.3391879810e+01 2.9490320990e+42
2.6345701368e+01 2.7396304185e+42
2.9299522925e+01 2.4795879136e+42
3.0323912220e+01 2.3647607698e+42
3.1318464933e+01 2.2447116273e+42
3.2332908700e+01 2.1437318836e+42
3.4292177545e+01 1.9928959484e+42
3.7275835684e+01 1.7637494851e+42
3.8260442869e+01 1.7172747252e+42
4.0259493823e+01 1.5519685082e+42
4.1224209954e+01 1.5046609757e+42
4.3302825125e+01 1.5774296353e+42
4.4207868093e+01 1.3634300217e+42
4.5202420806e+01 1.4000904222e+42
4.7181580705e+01 1.2952555299e+42
5.7186780998e+01 9.2808890426e+41
5.9096322207e+01 9.3013259729e+41
6.4168541044e+01 8.0779563943e+41
