2.5003259434e+01 1.7326105512e+42
2.6038550644e+01 1.5821624655e+42
2.7982163389e+01 6.7590344356e+49
3.0902465956e+01 6.8483807330e+49
3.1869388879e+01 6.8890867129e+49
3.2846078701e+01 1.1050848084e+42
3.4750623853e+01 1.0204323189e+42
3.6694236598e+01 9.5855746751e+41
4.0591228986e+01 7.1638466200e+49
4.1567918808e+01 7.4771318733e+41
4.5503978789e+01 7.0002756168e+49
4.7457358433e+01 6.1288215765e+41
5.1344583923e+01 5.3049295099e+41
6.2019803673e+01 4.3824422205e+41
6.2967192800e+01 4.2830388484e+41
6.7879942602e+01 6.8890867129e+49
7.0839312762e+01 8.2475071875e+85
9.1310731423e+01 6.7471676040e+87
