1.0619154459e+01 3.7177574120e+42
1.1580029442e+01 3.7474572104e+42
1.2600339992e+01 3.7706883423e+42
1.3600838686e+01 3.7042566809e+42
1.4571619597e+01 3.6316222999e+42
1.6513181420e+01 3.4346962585e+42
1.8553802519e+01 3.2693350806e+42
1.9534489359e+01 3.1429073486e+42
2.0534988053e+01 3.0722349028e+42
2.1545392675e+01 2.9775975424e+42
2.8479542041e+01 2.1757306542e+42
2.9470134808e+01 2.0823695534e+42
3.0450821647e+01 2.0208719851e+42
3.1461226269e+01 1.9170989592e+42
3.2441913108e+01 1.8436277354e+42
3.7315629520e+01 1.5317070551e+42
3.8345845997e+01 1.4164906373e+42
4.1327530225e+01 1.2705546663e+42
4.3239374265e+01 1.2255344862e+42
4.4259684814e+01 1.1925487497e+42
4.5240371653e+01 1.1512726353e+42
6.6082443464e+01 8.4118293224e+41
