03470.00 1.742e-01
03472.00 1.635e-01
03474.00 1.793e-01
03476.00 1.622e-01
03478.00 1.775e-01
03480.00 1.772e-01
03482.00 1.811e-01
03484.00 1.589e-01
03486.00 1.962e-01
03488.00 1.972e-01
03490.00 1.612e-01
03492.00 1.983e-01
03494.00 2.074e-01
03496.00 2.106e-01
03498.00 1.917e-01
03500.00 1.994e-01
03502.00 2.108e-01
03504.00 1.897e-01
03506.00 1.949e-01
03508.00 1.832e-01
03510.00 1.850e-01
03512.00 1.585e-01
03514.00 1.966e-01
03516.00 1.961e-01
03518.00 1.534e-01
03520.00 1.568e-01
03522.00 1.727e-01
03524.00 1.671e-01
03526.00 1.604e-01
03528.00 1.441e-01
03530.00 1.448e-01
03532.00 1.230e-01
03534.00 1.316e-01
03536.00 1.587e-01
03538.00 1.475e-01
03540.00 1.461e-01
03542.00 1.390e-01
03544.00 1.680e-01
03546.00 1.473e-01
03548.00 1.533e-01
03550.00 1.434e-01
03552.00 1.423e-01
03554.00 1.560e-01
03556.00 1.440e-01
03558.00 1.660e-01
03560.00 1.443e-01
03562.00 1.577e-01
03564.00 1.588e-01
03566.00 1.408e-01
03568.00 1.771e-01
03570.00 1.637e-01
03572.00 1.661e-01
03574.00 1.701e-01
03576.00 1.890e-01
03578.00 1.586e-01
03580.00 1.579e-01
03582.00 1.496e-01
03584.00 1.692e-01
03586.00 1.604e-01
03588.00 1.553e-01
03590.00 1.490e-01
03592.00 1.543e-01
03594.00 1.338e-01
03596.00 1.490e-01
03598.00 1.293e-01
03600.00 1.509e-01
03602.00 1.322e-01
03604.00 1.467e-01
03606.00 1.402e-01
03608.00 1.464e-01
03610.00 1.515e-01
03612.00 1.426e-01
03614.00 1.461e-01
03616.00 1.389e-01
03618.00 1.479e-01
03620.00 1.519e-01
03622.00 1.233e-01
03624.00 1.406e-01
03626.00 1.414e-01
03628.00 1.526e-01
03630.00 1.610e-01
03632.00 1.458e-01
03634.00 1.534e-01
03636.00 1.336e-01
03638.00 1.472e-01
03640.00 1.348e-01
03642.00 1.493e-01
03644.00 1.445e-01
03646.00 1.828e-01
03648.00 1.538e-01
03650.00 1.724e-01
03652.00 1.528e-01
03654.00 1.476e-01
03656.00 1.372e-01
03658.00 1.329e-01
03660.00 1.302e-01
03662.00 1.282e-01
03664.00 1.479e-01
03666.00 1.364e-01
03668.00 1.430e-01
03670.00 1.508e-01
03672.00 1.374e-01
03674.00 1.371e-01
03676.00 1.363e-01
03678.00 1.333e-01
03680.00 1.419e-01
03682.00 1.432e-01
03684.00 1.284e-01
03686.00 1.280e-01
03688.00 1.195e-01
03690.00 1.261e-01
03692.00 1.285e-01
03694.00 1.497e-01
03696.00 1.273e-01
03698.00 1.285e-01
03700.00 1.267e-01
03702.00 1.140e-01
03704.00 1.347e-01
03706.00 1.352e-01
03708.00 1.300e-01
03710.00 1.359e-01
03712.00 1.354e-01
03714.00 1.488e-01
03716.00 1.432e-01
03718.00 1.677e-01
03720.00 1.566e-01
03722.00 1.663e-01
03724.00 1.467e-01
03726.00 1.670e-01
03728.00 1.677e-01
03730.00 1.714e-01
03732.00 1.555e-01
03734.00 1.722e-01
03736.00 1.819e-01
03738.00 1.901e-01
03740.00 1.981e-01
03742.00 2.228e-01
03744.00 2.172e-01
03746.00 1.760e-01
03748.00 1.637e-01
03750.00 1.435e-01
03752.00 1.383e-01
03754.00 1.352e-01
03756.00 1.318e-01
03758.00 1.257e-01
03760.00 1.137e-01
03762.00 1.038e-01
03764.00 1.033e-01
03766.00 1.053e-01
03768.00 8.886e-02
03770.00 9.044e-02
03772.00 7.477e-02
03774.00 7.420e-02
03776.00 7.354e-02
03778.00 7.779e-02
03780.00 6.916e-02
03782.00 6.772e-02
03784.00 6.827e-02
03786.00 6.692e-02
03788.00 7.073e-02
03790.00 7.871e-02
03792.00 7.905e-02
03794.00 7.371e-02
03796.00 7.033e-02
03798.00 6.453e-02
03800.00 5.860e-02
03802.00 7.504e-02
03804.00 7.234e-02
03806.00 6.053e-02
03808.00 5.489e-02
03810.00 5.781e-02
03812.00 6.456e-02
03814.00 5.126e-02
03816.00 6.188e-02
03818.00 6.241e-02
03820.00 7.385e-02
03822.00 6.273e-02
03824.00 6.504e-02
03826.00 5.973e-02
03828.00 6.720e-02
03830.00 6.588e-02
03832.00 7.627e-02
03834.00 7.331e-02
03836.00 6.953e-02
03838.00 8.420e-02
03840.00 7.601e-02
03842.00 6.822e-02
03844.00 7.460e-02
03846.00 7.342e-02
03848.00 7.184e-02
03850.00 8.118e-02
03852.00 7.805e-02
03854.00 8.314e-02
03856.00 7.802e-02
03858.00 8.572e-02
03860.00 8.907e-02
03862.00 1.055e-01
03864.00 9.217e-02
03866.00 9.734e-02
03868.00 1.147e-01
03870.00 1.070e-01
03872.00 1.120e-01
03874.00 1.113e-01
03876.00 1.175e-01
03878.00 1.273e-01
03880.00 1.137e-01
03882.00 1.246e-01
03884.00 1.242e-01
03886.00 1.314e-01
03888.00 1.267e-01
03890.00 1.251e-01
03892.00 1.366e-01
03894.00 1.293e-01
03896.00 1.447e-01
03898.00 1.474e-01
03900.00 1.479e-01
03902.00 1.584e-01
03904.00 1.503e-01
03906.00 1.610e-01
03908.00 1.711e-01
03910.00 1.599e-01
03912.00 1.573e-01
03914.00 1.694e-01
03916.00 1.755e-01
03918.00 1.715e-01
03920.00 1.730e-01
03922.00 1.717e-01
03924.00 1.797e-01
03926.00 1.949e-01
03928.00 1.906e-01
03930.00 1.880e-01
03932.00 1.968e-01
03934.00 1.913e-01
03936.00 2.103e-01
03938.00 2.152e-01
03940.00 2.136e-01
03942.00 2.114e-01
03944.00 2.111e-01
03946.00 2.139e-01
03948.00 2.160e-01
03950.00 1.816e-01
03952.00 2.144e-01
03954.00 2.126e-01
03956.00 2.238e-01
03958.00 2.179e-01
03960.00 2.083e-01
03962.00 2.100e-01
03964.00 2.070e-01
03966.00 2.172e-01
03968.00 2.105e-01
03970.00 2.100e-01
03972.00 2.146e-01
03974.00 2.093e-01
03976.00 2.136e-01
03978.00 2.164e-01
03980.00 2.196e-01
03982.00 2.221e-01
03984.00 2.075e-01
03986.00 2.129e-01
03988.00 2.226e-01
03990.00 2.241e-01
03992.00 2.167e-01
03994.00 2.262e-01
03996.00 2.244e-01
03998.00 2.213e-01
04000.00 2.232e-01
04002.00 2.201e-01
04004.00 2.248e-01
04006.00 2.161e-01
04008.00 2.154e-01
04010.00 2.289e-01
04012.00 2.194e-01
04014.00 2.280e-01
04016.00 2.336e-01
04018.00 2.198e-01
04020.00 2.204e-01
04022.00 2.250e-01
04024.00 2.253e-01
04026.00 2.219e-01
04028.00 2.246e-01
04030.00 2.306e-01
04032.00 2.281e-01
04034.00 2.352e-01
04036.00 2.305e-01
04038.00 2.194e-01
04040.00 2.325e-01
04042.00 2.139e-01
04044.00 2.175e-01
04046.00 2.085e-01
04048.00 2.041e-01
04050.00 2.009e-01
04052.00 2.080e-01
04054.00 2.091e-01
04056.00 1.944e-01
04058.00 1.856e-01
04060.00 1.834e-01
04062.00 1.809e-01
04064.00 1.695e-01
04066.00 1.700e-01
04068.00 1.743e-01
04070.00 1.709e-01
04072.00 1.625e-01
04074.00 1.533e-01
04076.00 1.468e-01
04078.00 1.545e-01
04080.00 1.534e-01
04082.00 1.464e-01
04084.00 1.462e-01
04086.00 1.483e-01
04088.00 1.468e-01
04090.00 1.351e-01
04092.00 1.418e-01
04094.00 1.347e-01
04096.00 1.358e-01
04098.00 1.443e-01
04100.00 1.477e-01
04102.00 1.358e-01
04104.00 1.299e-01
04106.00 1.399e-01
04108.00 1.347e-01
04110.00 1.344e-01
04112.00 1.337e-01
04114.00 1.377e-01
04116.00 1.330e-01
04118.00 1.433e-01
04120.00 1.486e-01
04122.00 1.306e-01
04124.00 1.266e-01
04126.00 1.303e-01
04128.00 1.354e-01
04130.00 1.321e-01
04132.00 1.364e-01
04134.00 1.280e-01
04136.00 1.342e-01
04138.00 1.259e-01
04140.00 1.328e-01
04142.00 1.289e-01
04144.00 1.167e-01
04146.00 1.372e-01
04148.00 1.294e-01
04150.00 1.255e-01
04152.00 1.302e-01
04154.00 1.406e-01
04156.00 1.314e-01
04158.00 1.295e-01
04160.00 1.210e-01
04162.00 1.308e-01
04164.00 1.343e-01
04166.00 1.316e-01
04168.00 1.307e-01
04170.00 1.277e-01
04172.00 1.292e-01
04174.00 1.210e-01
04176.00 1.195e-01
04178.00 1.219e-01
04180.00 1.303e-01
04182.00 1.213e-01
04184.00 1.249e-01
04186.00 1.149e-01
04188.00 1.274e-01
04190.00 1.324e-01
04192.00 1.227e-01
04194.00 1.202e-01
04196.00 1.247e-01
04198.00 1.303e-01
04200.00 1.244e-01
04202.00 1.244e-01
04204.00 1.319e-01
04206.00 1.245e-01
04208.00 1.237e-01
04210.00 1.180e-01
04212.00 1.181e-01
04214.00 1.114e-01
04216.00 1.210e-01
04218.00 1.214e-01
04220.00 1.274e-01
04222.00 1.167e-01
04224.00 1.235e-01
04226.00 1.177e-01
04228.00 1.193e-01
04230.00 1.276e-01
04232.00 1.246e-01
04234.00 1.292e-01
04236.00 1.349e-01
04238.00 1.201e-01
04240.00 1.261e-01
04242.00 1.301e-01
04244.00 1.295e-01
04246.00 1.319e-01
04248.00 1.342e-01
04250.00 1.253e-01
04252.00 1.274e-01
04254.00 1.275e-01
04256.00 1.305e-01
04258.00 1.332e-01
04260.00 1.315e-01
04262.00 1.346e-01
04264.00 1.291e-01
04266.00 1.286e-01
04268.00 1.325e-01
04270.00 1.356e-01
04272.00 1.287e-01
04274.00 1.330e-01
04276.00 1.343e-01
04278.00 1.317e-01
04280.00 1.276e-01
04282.00 1.317e-01
04284.00 1.238e-01
04286.00 1.305e-01
04288.00 1.361e-01
04290.00 1.292e-01
04292.00 1.238e-01
04294.00 1.354e-01
04296.00 1.356e-01
04298.00 1.263e-01
04300.00 1.305e-01
04302.00 1.292e-01
04304.00 1.362e-01
04306.00 1.320e-01
04308.00 1.321e-01
04310.00 1.278e-01
04312.00 1.285e-01
04314.00 1.369e-01
04316.00 1.264e-01
04318.00 1.317e-01
04320.00 1.356e-01
04322.00 1.312e-01
04324.00 1.351e-01
04326.00 1.371e-01
04328.00 1.330e-01
04330.00 1.254e-01
04332.00 1.331e-01
04334.00 1.330e-01
04336.00 1.342e-01
04338.00 1.341e-01
04340.00 1.280e-01
04342.00 1.312e-01
04344.00 1.360e-01
04346.00 1.300e-01
04348.00 1.424e-01
04350.00 1.366e-01
04352.00 1.283e-01
04354.00 1.261e-01
04356.00 1.268e-01
04358.00 1.275e-01
04360.00 1.282e-01
04362.00 1.289e-01
04364.00 1.296e-01
04366.00 1.303e-01
04368.00 1.309e-01
04370.00 1.311e-01
04372.00 1.222e-01
04374.00 1.292e-01
04376.00 1.274e-01
04378.00 1.245e-01
04380.00 1.173e-01
04382.00 1.215e-01
04384.00 1.197e-01
04386.00 1.157e-01
04388.00 1.134e-01
04390.00 1.190e-01
04392.00 1.095e-01
04394.00 1.093e-01
04396.00 1.076e-01
04398.00 1.083e-01
04400.00 1.067e-01
04402.00 1.011e-01
04404.00 9.490e-02
04406.00 9.615e-02
04408.00 1.013e-01
04410.00 9.769e-02
04412.00 9.455e-02
04414.00 9.156e-02
04416.00 9.131e-02
04418.00 9.317e-02
04420.00 8.557e-02
04422.00 8.190e-02
04424.00 8.666e-02
04426.00 8.534e-02
04428.00 8.969e-02
04430.00 8.753e-02
04432.00 9.339e-02
04434.00 9.045e-02
04436.00 9.365e-02
04438.00 8.745e-02
04440.00 9.711e-02
04442.00 8.787e-02
04444.00 8.884e-02
04446.00 9.365e-02
04448.00 8.978e-02
04450.00 9.189e-02
04452.00 9.642e-02
04454.00 9.649e-02
04456.00 1.029e-01
04458.00 1.040e-01
04460.00 1.078e-01
04462.00 1.041e-01
04464.00 9.966e-02
04466.00 1.101e-01
04468.00 1.046e-01
04470.00 1.060e-01
04472.00 1.058e-01
04474.00 1.031e-01
04476.00 1.052e-01
04478.00 1.091e-01
04480.00 1.169e-01
04482.00 1.093e-01
04484.00 1.186e-01
04486.00 1.154e-01
04488.00 1.204e-01
04490.00 1.224e-01
04492.00 1.217e-01
04494.00 1.301e-01
04496.00 1.222e-01
04498.00 1.254e-01
04500.00 1.265e-01
04502.00 1.221e-01
04504.00 1.320e-01
04506.00 1.226e-01
04508.00 1.311e-01
04510.00 1.365e-01
04512.00 1.408e-01
04514.00 1.331e-01
04516.00 1.450e-01
04518.00 1.440e-01
04520.00 1.374e-01
04522.00 1.350e-01
04524.00 1.390e-01
04526.00 1.439e-01
04528.00 1.511e-01
04530.00 1.394e-01
04532.00 1.435e-01
04534.00 1.389e-01
04536.00 1.533e-01
04538.00 1.569e-01
04540.00 1.582e-01
04542.00 1.560e-01
04544.00 1.580e-01
04546.00 1.570e-01
04548.00 1.543e-01
04550.00 1.635e-01
04552.00 1.609e-01
04554.00 1.601e-01
04556.00 1.702e-01
04558.00 1.664e-01
04560.00 1.704e-01
04562.00 1.711e-01
04564.00 1.784e-01
04566.00 1.799e-01
04568.00 1.829e-01
04570.00 1.829e-01
04572.00 1.767e-01
04574.00 1.834e-01
04576.00 1.776e-01
04578.00 1.816e-01
04580.00 1.830e-01
04582.00 1.988e-01
04584.00 1.890e-01
04586.00 1.932e-01
04588.00 1.971e-01
04590.00 2.033e-01
04592.00 2.010e-01
04594.00 1.995e-01
04596.00 1.945e-01
04598.00 2.015e-01
04600.00 2.002e-01
04602.00 1.998e-01
04604.00 1.959e-01
04606.00 1.980e-01
04608.00 2.084e-01
04610.00 2.147e-01
04612.00 2.182e-01
04614.00 2.162e-01
04616.00 2.105e-01
04618.00 2.162e-01
04620.00 2.191e-01
04622.00 2.133e-01
04624.00 2.251e-01
04626.00 2.151e-01
04628.00 2.214e-01
04630.00 2.195e-01
04632.00 2.180e-01
04634.00 2.098e-01
04636.00 2.068e-01
04638.00 2.122e-01
04640.00 2.099e-01
04642.00 2.139e-01
04644.00 2.072e-01
04646.00 2.090e-01
04648.00 2.051e-01
04650.00 1.937e-01
04652.00 2.018e-01
04654.00 1.969e-01
04656.00 1.937e-01
04658.00 1.939e-01
04660.00 1.930e-01
04662.00 1.955e-01
04664.00 1.962e-01
04666.00 1.865e-01
04668.00 1.997e-01
04670.00 2.019e-01
04672.00 1.937e-01
04674.00 1.932e-01
04676.00 1.855e-01
04678.00 1.894e-01
04680.00 1.964e-01
04682.00 1.995e-01
04684.00 1.877e-01
04686.00 1.937e-01
04688.00 2.080e-01
04690.00 2.007e-01
04692.00 1.962e-01
04694.00 2.034e-01
04696.00 1.900e-01
04698.00 1.872e-01
04700.00 1.925e-01
04702.00 1.869e-01
04704.00 1.901e-01
04706.00 1.909e-01
04708.00 1.844e-01
04710.00 1.780e-01
04712.00 1.838e-01
04714.00 1.734e-01
04716.00 1.664e-01
04718.00 1.605e-01
04720.00 1.637e-01
04722.00 1.694e-01
04724.00 1.577e-01
04726.00 1.623e-01
04728.00 1.569e-01
04730.00 1.524e-01
04732.00 1.510e-01
04734.00 1.437e-01
04736.00 1.420e-01
04738.00 1.361e-01
04740.00 1.474e-01
04742.00 1.376e-01
04744.00 1.371e-01
04746.00 1.330e-01
04748.00 1.230e-01
04750.00 1.209e-01
04752.00 1.233e-01
04754.00 1.212e-01
04756.00 1.217e-01
04758.00 1.294e-01
04760.00 1.208e-01
04762.00 1.159e-01
04764.00 1.167e-01
04766.00 1.098e-01
04768.00 1.169e-01
04770.00 1.073e-01
04772.00 1.007e-01
04774.00 1.115e-01
04776.00 1.067e-01
04778.00 1.106e-01
04780.00 9.514e-02
04782.00 1.003e-01
04784.00 9.552e-02
04786.00 9.706e-02
04788.00 9.642e-02
04790.00 9.418e-02
04792.00 9.196e-02
04794.00 9.545e-02
04796.00 9.048e-02
04798.00 8.811e-02
04800.00 8.984e-02
04802.00 8.945e-02
04804.00 8.693e-02
04806.00 9.301e-02
04808.00 8.695e-02
04810.00 8.482e-02
04812.00 8.243e-02
04814.00 8.553e-02
04816.00 8.824e-02
04818.00 7.501e-02
04820.00 8.448e-02
04822.00 8.703e-02
04824.00 8.197e-02
04826.00 8.329e-02
04828.00 9.143e-02
04830.00 8.962e-02
04832.00 8.935e-02
04834.00 8.289e-02
04836.00 8.485e-02
04838.00 8.995e-02
04840.00 7.921e-02
04842.00 8.818e-02
04844.00 9.472e-02
04846.00 8.355e-02
04848.00 8.514e-02
04850.00 1.001e-01
04852.00 9.340e-02
04854.00 8.968e-02
04856.00 9.044e-02
04858.00 9.933e-02
04860.00 9.657e-02
04862.00 1.051e-01
04864.00 9.796e-02
04866.00 9.958e-02
04868.00 1.025e-01
04870.00 1.064e-01
04872.00 1.086e-01
04874.00 1.016e-01
04876.00 1.027e-01
04878.00 1.063e-01
04880.00 1.042e-01
04882.00 1.021e-01
04884.00 9.995e-02
04886.00 9.783e-02
04888.00 9.572e-02
04890.00 9.361e-02
04892.00 9.913e-02
04894.00 1.009e-01
04896.00 1.043e-01
04898.00 9.914e-02
04900.00 9.539e-02
04902.00 1.001e-01
04904.00 9.845e-02
04906.00 1.007e-01
04908.00 9.993e-02
04910.00 9.600e-02
04912.00 9.969e-02
04914.00 1.027e-01
04916.00 1.033e-01
04918.00 1.016e-01
04920.00 1.052e-01
04922.00 1.130e-01
04924.00 1.139e-01
04926.00 1.153e-01
04928.00 1.113e-01
04930.00 1.198e-01
04932.00 1.177e-01
04934.00 1.233e-01
04936.00 1.174e-01
04938.00 1.175e-01
04940.00 1.263e-01
04942.00 1.275e-01
04944.00 1.295e-01
04946.00 1.236e-01
04948.00 1.296e-01
04950.00 1.305e-01
04952.00 1.345e-01
04954.00 1.405e-01
04956.00 1.409e-01
04958.00 1.454e-01
04960.00 1.511e-01
04962.00 1.487e-01
04964.00 1.535e-01
04966.00 1.562e-01
04968.00 1.474e-01
04970.00 1.529e-01
04972.00 1.429e-01
04974.00 1.517e-01
04976.00 1.497e-01
04978.00 1.496e-01
04980.00 1.601e-01
04982.00 1.587e-01
04984.00 1.504e-01
04986.00 1.480e-01
04988.00 1.511e-01
04990.00 1.466e-01
04992.00 1.452e-01
04994.00 1.386e-01
04996.00 1.452e-01
04998.00 1.346e-01
05000.00 1.461e-01
05002.00 1.446e-01
05004.00 1.359e-01
05006.00 1.343e-01
05008.00 1.385e-01
05010.00 1.354e-01
05012.00 1.429e-01
05014.00 1.343e-01
05016.00 1.354e-01
05018.00 1.302e-01
05020.00 1.310e-01
05022.00 1.289e-01
05024.00 1.224e-01
05026.00 1.259e-01
05028.00 1.227e-01
05030.00 1.213e-01
05032.00 1.088e-01
05034.00 1.121e-01
05036.00 1.060e-01
05038.00 1.135e-01
05040.00 1.102e-01
05042.00 1.101e-01
05044.00 1.025e-01
05046.00 1.065e-01
05048.00 1.060e-01
05050.00 1.096e-01
05052.00 1.068e-01
05054.00 1.036e-01
05056.00 1.037e-01
05058.00 1.010e-01
05060.00 1.040e-01
05062.00 1.094e-01
05064.00 1.070e-01
05066.00 1.074e-01
05068.00 1.072e-01
05070.00 1.053e-01
05072.00 1.133e-01
05074.00 1.044e-01
05076.00 1.139e-01
05078.00 1.141e-01
05080.00 1.084e-01
05082.00 1.104e-01
05084.00 1.196e-01
05086.00 1.189e-01
05088.00 1.160e-01
05090.00 1.176e-01
05092.00 1.155e-01
05094.00 1.196e-01
05096.00 1.243e-01
05098.00 1.160e-01
05100.00 1.164e-01
05102.00 1.192e-01
05104.00 1.211e-01
05106.00 1.196e-01
05108.00 1.269e-01
05110.00 1.244e-01
05112.00 1.231e-01
05114.00 1.274e-01
05116.00 1.301e-01
05118.00 1.371e-01
05120.00 1.337e-01
05122.00 1.321e-01
05124.00 1.281e-01
05126.00 1.278e-01
05128.00 1.321e-01
05130.00 1.356e-01
05132.00 1.242e-01
05134.00 1.276e-01
05136.00 1.374e-01
05138.00 1.332e-01
05140.00 1.292e-01
05142.00 1.341e-01
05144.00 1.393e-01
05146.00 1.334e-01
05148.00 1.343e-01
05150.00 1.296e-01
05152.00 1.311e-01
05154.00 1.264e-01
05156.00 1.294e-01
05158.00 1.354e-01
05160.00 1.334e-01
05162.00 1.270e-01
05164.00 1.301e-01
05166.00 1.336e-01
05168.00 1.227e-01
05170.00 1.296e-01
05172.00 1.367e-01
05174.00 1.322e-01
05176.00 1.309e-01
05178.00 1.335e-01
05180.00 1.328e-01
05182.00 1.268e-01
05184.00 1.296e-01
05186.00 1.331e-01
05188.00 1.335e-01
05190.00 1.306e-01
05192.00 1.382e-01
05194.00 1.274e-01
05196.00 1.234e-01
05198.00 1.317e-01
05200.00 1.358e-01
05202.00 1.245e-01
05204.00 1.339e-01
05206.00 1.291e-01
05208.00 1.303e-01
05210.00 1.412e-01
05212.00 1.350e-01
05214.00 1.382e-01
05216.00 1.429e-01
05218.00 1.337e-01
05220.00 1.373e-01
05222.00 1.364e-01
05224.00 1.481e-01
05226.00 1.435e-01
05228.00 1.493e-01
05230.00 1.442e-01
05232.00 1.485e-01
05234.00 1.404e-01
05236.00 1.531e-01
05238.00 1.419e-01
05240.00 1.464e-01
05242.00 1.530e-01
05244.00 1.438e-01
05246.00 1.588e-01
05248.00 1.596e-01
05250.00 1.617e-01
05252.00 1.612e-01
05254.00 1.532e-01
05256.00 1.593e-01
05258.00 1.625e-01
05260.00 1.681e-01
05262.00 1.663e-01
05264.00 1.686e-01
05266.00 1.694e-01
05268.00 1.643e-01
05270.00 1.707e-01
05272.00 1.694e-01
05274.00 1.698e-01
05276.00 1.817e-01
05278.00 1.738e-01
05280.00 1.685e-01
05282.00 1.675e-01
05284.00 1.714e-01
05286.00 1.684e-01
05288.00 1.653e-01
05290.00 1.716e-01
05292.00 1.784e-01
05294.00 1.790e-01
05296.00 1.746e-01
05298.00 1.825e-01
05300.00 1.802e-01
05302.00 1.857e-01
05304.00 1.887e-01
05306.00 1.846e-01
05308.00 1.933e-01
05310.00 1.895e-01
05312.00 1.836e-01
05314.00 1.745e-01
05316.00 1.781e-01
05318.00 1.782e-01
05320.00 1.882e-01
05322.00 1.748e-01
05324.00 1.850e-01
05326.00 1.781e-01
05328.00 1.773e-01
05330.00 1.752e-01
05332.00 1.821e-01
05334.00 1.740e-01
05336.00 1.718e-01
05338.00 1.645e-01
05340.00 1.707e-01
05342.00 1.762e-01
05344.00 1.877e-01
05346.00 1.727e-01
05348.00 1.715e-01
05350.00 1.698e-01
05352.00 1.766e-01
05354.00 1.848e-01
05356.00 1.817e-01
05358.00 1.759e-01
05360.00 1.708e-01
05362.00 1.747e-01
05364.00 1.648e-01
05366.00 1.674e-01
05368.00 1.785e-01
05370.00 1.741e-01
05372.00 1.715e-01
05374.00 1.768e-01
05376.00 1.663e-01
05378.00 1.676e-01
05380.00 1.708e-01
05382.00 1.622e-01
05384.00 1.668e-01
05386.00 1.599e-01
05388.00 1.670e-01
05390.00 1.515e-01
05392.00 1.560e-01
05394.00 1.579e-01
05396.00 1.580e-01
05398.00 1.425e-01
05400.00 1.499e-01
05402.00 1.523e-01
05404.00 1.634e-01
05406.00 1.586e-01
05408.00 1.614e-01
05410.00 1.629e-01
05412.00 1.718e-01
05414.00 1.673e-01
05416.00 1.667e-01
05418.00 1.659e-01
05420.00 1.512e-01
05422.00 1.501e-01
05424.00 1.516e-01
05426.00 1.562e-01
05428.00 1.436e-01
05430.00 1.446e-01
05432.00 1.509e-01
05434.00 1.491e-01
05436.00 1.416e-01
05438.00 1.369e-01
05440.00 1.336e-01
05442.00 1.350e-01
05444.00 1.377e-01
05446.00 1.267e-01
05448.00 1.302e-01
05450.00 1.474e-01
05452.00 1.463e-01
05454.00 1.393e-01
05456.00 1.400e-01
05458.00 1.397e-01
05460.00 1.418e-01
05462.00 1.456e-01
05464.00 1.468e-01
05466.00 1.436e-01
05468.00 1.472e-01
05470.00 1.627e-01
05472.00 1.485e-01
05474.00 1.486e-01
05476.00 1.507e-01
05478.00 1.507e-01
05480.00 1.553e-01
05482.00 1.511e-01
05484.00 1.551e-01
05486.00 1.592e-01
05488.00 1.530e-01
05490.00 1.606e-01
05492.00 1.524e-01
05494.00 1.635e-01
05496.00 1.604e-01
05498.00 1.608e-01
05500.00 1.567e-01
05502.00 1.639e-01
05504.00 1.561e-01
05506.00 1.604e-01
05508.00 1.586e-01
05510.00 1.590e-01
05512.00 1.576e-01
05514.00 1.516e-01
05516.00 1.588e-01
05518.00 1.614e-01
05520.00 1.573e-01
05522.00 1.469e-01
05524.00 1.450e-01
05526.00 1.538e-01
05528.00 1.406e-01
05530.00 1.410e-01
05532.00 1.492e-01
05534.00 1.547e-01
05536.00 1.485e-01
05538.00 1.387e-01
05540.00 1.420e-01
05542.00 1.474e-01
05544.00 1.432e-01
05546.00 1.391e-01
05548.00 1.413e-01
05550.00 1.462e-01
05552.00 1.392e-01
05554.00 1.422e-01
05556.00 1.375e-01
05558.00 1.309e-01
05560.00 1.371e-01
05562.00 1.356e-01
05564.00 1.381e-01
05566.00 1.366e-01
05568.00 1.358e-01
05570.00 1.407e-01
05572.00 1.350e-01
05574.00 1.321e-01
05576.00 1.339e-01
05578.00 1.364e-01
05580.00 1.285e-01
05582.00 1.313e-01
05584.00 1.211e-01
05586.00 1.260e-01
05588.00 1.335e-01
05590.00 1.416e-01
05592.00 1.359e-01
05594.00 1.326e-01
05596.00 1.356e-01
05598.00 1.376e-01
05600.00 1.300e-01
05602.00 1.315e-01
05604.00 1.420e-01
05606.00 1.343e-01
05608.00 1.350e-01
05610.00 1.406e-01
05612.00 1.406e-01
05614.00 1.342e-01
05616.00 1.379e-01
05618.00 1.426e-01
05620.00 1.410e-01
05622.00 1.429e-01
05624.00 1.385e-01
05626.00 1.374e-01
05628.00 1.382e-01
05630.00 1.375e-01
05632.00 1.324e-01
05634.00 1.378e-01
05636.00 1.373e-01
05638.00 1.385e-01
05640.00 1.373e-01
05642.00 1.397e-01
05644.00 1.368e-01
05646.00 1.343e-01
05648.00 1.255e-01
05650.00 1.310e-01
05652.00 1.300e-01
05654.00 1.319e-01
05656.00 1.334e-01
05658.00 1.326e-01
05660.00 1.262e-01
05662.00 1.269e-01
05664.00 1.309e-01
05666.00 1.316e-01
05668.00 1.323e-01
05670.00 1.265e-01
05672.00 1.242e-01
05674.00 1.235e-01
05676.00 1.164e-01
05678.00 1.224e-01
05680.00 1.234e-01
05682.00 1.230e-01
05684.00 1.199e-01
05686.00 1.167e-01
05688.00 1.223e-01
05690.00 1.180e-01
05692.00 1.174e-01
05694.00 1.125e-01
05696.00 1.067e-01
05698.00 1.105e-01
05700.00 1.126e-01
05702.00 1.119e-01
05704.00 1.060e-01
05706.00 1.032e-01
05708.00 1.138e-01
05710.00 1.124e-01
05712.00 1.070e-01
05714.00 1.061e-01
05716.00 1.085e-01
05718.00 1.040e-01
05720.00 1.041e-01
05722.00 1.050e-01
05724.00 1.090e-01
05726.00 1.061e-01
05728.00 1.051e-01
05730.00 1.044e-01
05732.00 1.057e-01
05734.00 1.080e-01
05736.00 1.072e-01
05738.00 1.038e-01
05740.00 1.004e-01
05742.00 1.013e-01
05744.00 1.064e-01
05746.00 1.031e-01
05748.00 1.029e-01
05750.00 1.055e-01
05752.00 1.064e-01
05754.00 1.038e-01
05756.00 1.084e-01
05758.00 1.039e-01
05760.00 1.070e-01
05762.00 1.056e-01
05764.00 1.099e-01
05766.00 1.045e-01
05768.00 1.075e-01
05770.00 1.072e-01
05772.00 1.076e-01
05774.00 1.155e-01
05776.00 1.140e-01
05778.00 1.127e-01
05780.00 1.092e-01
05782.00 1.091e-01
05784.00 1.079e-01
05786.00 1.139e-01
05788.00 1.087e-01
05790.00 1.088e-01
05792.00 1.048e-01
05794.00 1.085e-01
05796.00 1.116e-01
05798.00 1.011e-01
05800.00 1.092e-01
05802.00 1.083e-01
05804.00 1.050e-01
05806.00 1.012e-01
05808.00 1.069e-01
05810.00 1.118e-01
05812.00 1.103e-01
05814.00 1.120e-01
05816.00 1.196e-01
05818.00 1.215e-01
05820.00 1.201e-01
05822.00 1.234e-01
05824.00 1.206e-01
05826.00 1.268e-01
05828.00 1.350e-01
05830.00 1.315e-01
05832.00 1.322e-01
05834.00 1.384e-01
05836.00 1.401e-01
05838.00 1.412e-01
05840.00 1.429e-01
05842.00 1.466e-01
05844.00 1.466e-01
05846.00 1.468e-01
05848.00 1.438e-01
05850.00 1.431e-01
05852.00 1.511e-01
05854.00 1.518e-01
05856.00 1.498e-01
05858.00 1.524e-01
05860.00 1.499e-01
05862.00 1.501e-01
05864.00 1.509e-01
05866.00 1.573e-01
05868.00 1.532e-01
05870.00 1.503e-01
05872.00 1.627e-01
05874.00 1.536e-01
05876.00 1.512e-01
05878.00 1.468e-01
05880.00 1.474e-01
05882.00 1.415e-01
05884.00 1.426e-01
05886.00 1.420e-01
05888.00 1.471e-01
05890.00 1.415e-01
05892.00 1.437e-01
05894.00 1.489e-01
05896.00 1.455e-01
05898.00 1.482e-01
05900.00 1.467e-01
05902.00 1.470e-01
05904.00 1.493e-01
05906.00 1.434e-01
05908.00 1.520e-01
05910.00 1.454e-01
05912.00 1.415e-01
05914.00 1.401e-01
05916.00 1.367e-01
05918.00 1.326e-01
05920.00 1.382e-01
05922.00 1.347e-01
05924.00 1.306e-01
05926.00 1.352e-01
05928.00 1.394e-01
05930.00 1.472e-01
05932.00 1.580e-01
05934.00 1.498e-01
05936.00 1.487e-01
05938.00 1.465e-01
05940.00 1.468e-01
05942.00 1.455e-01
05944.00 1.473e-01
05946.00 1.476e-01
05948.00 1.457e-01
05950.00 1.444e-01
05952.00 1.467e-01
05954.00 1.460e-01
05956.00 1.462e-01
05958.00 1.453e-01
05960.00 1.494e-01
05962.00 1.444e-01
05964.00 1.415e-01
05966.00 1.421e-01
05968.00 1.437e-01
05970.00 1.387e-01
05972.00 1.409e-01
05974.00 1.361e-01
05976.00 1.380e-01
05978.00 1.440e-01
05980.00 1.414e-01
05982.00 1.392e-01
05984.00 1.410e-01
05986.00 1.356e-01
05988.00 1.373e-01
05990.00 1.375e-01
05992.00 1.331e-01
05994.00 1.367e-01
05996.00 1.327e-01
05998.00 1.269e-01
06000.00 1.298e-01
06002.00 1.306e-01
06004.00 1.293e-01
06006.00 1.242e-01
06008.00 1.263e-01
06010.00 1.259e-01
06012.00 1.257e-01
06014.00 1.250e-01
06016.00 1.232e-01
06018.00 1.166e-01
06020.00 1.254e-01
06022.00 1.172e-01
06024.00 1.198e-01
06026.00 1.141e-01
06028.00 1.147e-01
06030.00 1.162e-01
06032.00 1.191e-01
06034.00 1.158e-01
06036.00 1.199e-01
06038.00 1.138e-01
06040.00 1.164e-01
06042.00 1.177e-01
06044.00 1.182e-01
06046.00 1.164e-01
06048.00 1.104e-01
06050.00 1.134e-01
06052.00 1.149e-01
06054.00 1.149e-01
06056.00 1.179e-01
06058.00 1.139e-01
06060.00 1.134e-01
06062.00 1.170e-01
06064.00 1.186e-01
06066.00 1.189e-01
06068.00 1.114e-01
06070.00 1.118e-01
06072.00 1.150e-01
06074.00 1.162e-01
06076.00 1.189e-01
06078.00 1.199e-01
06080.00 1.210e-01
06082.00 1.165e-01
06084.00 1.207e-01
06086.00 1.244e-01
06088.00 1.220e-01
06090.00 1.192e-01
06092.00 1.210e-01
06094.00 1.206e-01
06096.00 1.224e-01
06098.00 1.227e-01
06100.00 1.231e-01
06102.00 1.178e-01
06104.00 1.180e-01
06106.00 1.171e-01
06108.00 1.201e-01
06110.00 1.189e-01
06112.00 1.170e-01
06114.00 1.209e-01
06116.00 1.198e-01
06118.00 1.206e-01
06120.00 1.192e-01
06122.00 1.170e-01
06124.00 1.195e-01
06126.00 1.138e-01
06128.00 1.199e-01
06130.00 1.193e-01
06132.00 1.192e-01
06134.00 1.110e-01
06136.00 1.146e-01
06138.00 1.134e-01
06140.00 1.138e-01
06142.00 1.135e-01
06144.00 1.128e-01
06146.00 1.145e-01
06148.00 1.146e-01
06150.00 1.161e-01
06152.00 1.153e-01
06154.00 1.122e-01
06156.00 1.145e-01
06158.00 1.146e-01
06160.00 1.191e-01
06162.00 1.203e-01
06164.00 1.219e-01
06166.00 1.194e-01
06168.00 1.213e-01
06170.00 1.202e-01
06172.00 1.210e-01
06174.00 1.233e-01
06176.00 1.258e-01
06178.00 1.313e-01
06180.00 1.311e-01
06182.00 1.288e-01
06184.00 1.297e-01
06186.00 1.303e-01
06188.00 1.321e-01
06190.00 1.272e-01
06192.00 1.268e-01
06194.00 1.226e-01
06196.00 1.180e-01
06198.00 1.206e-01
06200.00 1.217e-01
06202.00 1.224e-01
06204.00 1.233e-01
06206.00 1.207e-01
06208.00 1.197e-01
06210.00 1.163e-01
06212.00 1.163e-01
06214.00 1.180e-01
06216.00 1.085e-01
06218.00 1.072e-01
06220.00 1.060e-01
06222.00 1.043e-01
06224.00 1.016e-01
06226.00 9.949e-02
06228.00 9.607e-02
06230.00 9.471e-02
06232.00 9.438e-02
06234.00 8.711e-02
06236.00 9.268e-02
06238.00 9.380e-02
06240.00 8.938e-02
06242.00 8.719e-02
06244.00 8.819e-02
06246.00 8.923e-02
06248.00 8.556e-02
06250.00 9.076e-02
06252.00 8.530e-02
06254.00 7.765e-02
06256.00 8.457e-02
06258.00 8.188e-02
06260.00 8.410e-02
06262.00 8.230e-02
06264.00 8.137e-02
06266.00 8.528e-02
06268.00 8.091e-02
06270.00 8.354e-02
06272.00 8.704e-02
06274.00 8.655e-02
06276.00 8.630e-02
06278.00 8.753e-02
06280.00 8.724e-02
06282.00 8.597e-02
06284.00 8.345e-02
06286.00 8.728e-02
06288.00 8.312e-02
06290.00 9.078e-02
06292.00 9.256e-02
06294.00 8.969e-02
06296.00 9.358e-02
06298.00 9.040e-02
06300.00 9.473e-02
06302.00 9.592e-02
06304.00 9.573e-02
06306.00 9.421e-02
06308.00 9.514e-02
06310.00 9.518e-02
06312.00 9.324e-02
06314.00 9.258e-02
06316.00 9.506e-02
06318.00 9.765e-02
06320.00 9.798e-02
06322.00 9.691e-02
06324.00 9.662e-02
06326.00 1.034e-01
06328.00 1.038e-01
06330.00 1.031e-01
06332.00 1.007e-01
06334.00 1.019e-01
06336.00 1.019e-01
06338.00 1.032e-01
06340.00 1.072e-01
06342.00 1.083e-01
06344.00 1.104e-01
06346.00 1.091e-01
06348.00 1.103e-01
06350.00 1.113e-01
06352.00 1.087e-01
06354.00 1.087e-01
06356.00 1.165e-01
06358.00 1.160e-01
06360.00 1.143e-01
06362.00 1.123e-01
06364.00 1.141e-01
06366.00 1.149e-01
06368.00 1.177e-01
06370.00 1.168e-01
06372.00 1.248e-01
06374.00 1.247e-01
06376.00 1.275e-01
06378.00 1.291e-01
06380.00 1.295e-01
06382.00 1.290e-01
06384.00 1.268e-01
06386.00 1.274e-01
06388.00 1.335e-01
06390.00 1.328e-01
06392.00 1.333e-01
06394.00 1.360e-01
06396.00 1.388e-01
06398.00 1.398e-01
06400.00 1.392e-01
06402.00 1.340e-01
06404.00 1.351e-01
06406.00 1.391e-01
06408.00 1.369e-01
06410.00 1.387e-01
06412.00 1.436e-01
06414.00 1.372e-01
06416.00 1.359e-01
06418.00 1.407e-01
06420.00 1.412e-01
06422.00 1.351e-01
06424.00 1.388e-01
06426.00 1.383e-01
06428.00 1.324e-01
06430.00 1.373e-01
06432.00 1.375e-01
06434.00 1.430e-01
06436.00 1.411e-01
06438.00 1.398e-01
06440.00 1.406e-01
06442.00 1.433e-01
06444.00 1.419e-01
06446.00 1.409e-01
06448.00 1.395e-01
06450.00 1.424e-01
06452.00 1.457e-01
06454.00 1.419e-01
06456.00 1.453e-01
06458.00 1.468e-01
06460.00 1.406e-01
06462.00 1.429e-01
06464.00 1.385e-01
06466.00 1.378e-01
06468.00 1.358e-01
06470.00 1.351e-01
06472.00 1.386e-01
06474.00 1.422e-01
06476.00 1.378e-01
06478.00 1.322e-01
06480.00 1.339e-01
06482.00 1.335e-01
06484.00 1.390e-01
06486.00 1.312e-01
06488.00 1.307e-01
06490.00 1.288e-01
06492.00 1.283e-01
06494.00 1.252e-01
06496.00 1.246e-01
06498.00 1.270e-01
06500.00 1.235e-01
06502.00 1.212e-01
06504.00 1.199e-01
06506.00 1.154e-01
06508.00 1.192e-01
06510.00 1.193e-01
06512.00 1.169e-01
06514.00 1.203e-01
06516.00 1.258e-01
06518.00 1.222e-01
06520.00 1.205e-01
06522.00 1.192e-01
06524.00 1.207e-01
06526.00 1.178e-01
06528.00 1.198e-01
06530.00 1.234e-01
06532.00 1.217e-01
06534.00 1.264e-01
06536.00 1.258e-01
06538.00 1.252e-01
06540.00 1.231e-01
06542.00 1.279e-01
06544.00 1.289e-01
06546.00 1.268e-01
06548.00 1.265e-01
06550.00 1.297e-01
06552.00 1.277e-01
06554.00 1.364e-01
06556.00 1.311e-01
06558.00 1.325e-01
06560.00 1.344e-01
06562.00 1.319e-01
06564.00 1.367e-01
06566.00 1.365e-01
06568.00 1.363e-01
06570.00 1.361e-01
06572.00 1.358e-01
06574.00 1.356e-01
06576.00 1.354e-01
06578.00 1.352e-01
06580.00 1.350e-01
06582.00 1.348e-01
06584.00 1.346e-01
06586.00 1.344e-01
06588.00 1.342e-01
06590.00 1.340e-01
06592.00 1.338e-01
06594.00 1.336e-01
06596.00 1.334e-01
06598.00 1.332e-01
06600.00 1.329e-01
06602.00 1.327e-01
06604.00 1.325e-01
06606.00 1.324e-01
06608.00 1.323e-01
06610.00 1.322e-01
06612.00 1.320e-01
06614.00 1.319e-01
06616.00 1.318e-01
06618.00 1.317e-01
06620.00 1.316e-01
06622.00 1.315e-01
06624.00 1.314e-01
06626.00 1.312e-01
06628.00 1.311e-01
06630.00 1.307e-01
06632.00 1.357e-01
06634.00 1.336e-01
06636.00 1.321e-01
06638.00 1.346e-01
06640.00 1.286e-01
06642.00 1.314e-01
06644.00 1.367e-01
06646.00 1.359e-01
06648.00 1.322e-01
06650.00 1.344e-01
06652.00 1.368e-01
06654.00 1.350e-01
06656.00 1.290e-01
06658.00 1.292e-01
06660.00 1.326e-01
06662.00 1.340e-01
06664.00 1.332e-01
06666.00 1.362e-01
06668.00 1.345e-01
06670.00 1.338e-01
06672.00 1.310e-01
06674.00 1.317e-01
06676.00 1.283e-01
06678.00 1.342e-01
06680.00 1.370e-01
06682.00 1.335e-01
06684.00 1.252e-01
06686.00 1.293e-01
06688.00 1.325e-01
06690.00 1.344e-01
06692.00 1.333e-01
06694.00 1.336e-01
06696.00 1.301e-01
06698.00 1.348e-01
06700.00 1.343e-01
06702.00 1.353e-01
06704.00 1.305e-01
06706.00 1.288e-01
06708.00 1.297e-01
06710.00 1.258e-01
06712.00 1.264e-01
06714.00 1.309e-01
06716.00 1.262e-01
06718.00 1.282e-01
06720.00 1.337e-01
06722.00 1.336e-01
06724.00 1.315e-01
06726.00 1.300e-01
06728.00 1.319e-01
06730.00 1.286e-01
06732.00 1.292e-01
06734.00 1.330e-01
06736.00 1.294e-01
06738.00 1.281e-01
06740.00 1.282e-01
06742.00 1.283e-01
06744.00 1.284e-01
06746.00 1.285e-01
06748.00 1.286e-01
06750.00 1.286e-01
06752.00 1.288e-01
06754.00 1.283e-01
06756.00 1.277e-01
06758.00 1.272e-01
06760.00 1.267e-01
06762.00 1.261e-01
06764.00 1.256e-01
06766.00 1.250e-01
06768.00 1.245e-01
06770.00 1.262e-01
06772.00 1.198e-01
06774.00 1.194e-01
06776.00 1.168e-01
06778.00 1.208e-01
06780.00 1.206e-01
06782.00 1.241e-01
06784.00 1.206e-01
06786.00 1.227e-01
06788.00 1.172e-01
06790.00 1.207e-01
06792.00 1.208e-01
06794.00 1.170e-01
06796.00 1.170e-01
06798.00 1.201e-01
06800.00 1.229e-01
06802.00 1.175e-01
06804.00 1.174e-01
06806.00 1.215e-01
06808.00 1.173e-01
06810.00 1.153e-01
06812.00 1.146e-01
06814.00 1.163e-01
06816.00 1.125e-01
06818.00 1.160e-01
06820.00 1.177e-01
06822.00 1.125e-01
06824.00 1.105e-01
06826.00 1.146e-01
06828.00 1.104e-01
06830.00 1.118e-01
06832.00 1.110e-01
06834.00 1.067e-01
06836.00 1.071e-01
06838.00 1.047e-01
06840.00 1.061e-01
06842.00 1.051e-01
06844.00 1.049e-01
06846.00 1.033e-01
06848.00 1.111e-01
06850.00 1.091e-01
06852.00 1.109e-01
06854.00 1.084e-01
06856.00 1.091e-01
06858.00 1.004e-01
06860.00 1.036e-01
06862.00 1.046e-01
06864.00 1.065e-01
06866.00 1.047e-01
06868.00 1.064e-01
06870.00 1.112e-01
06872.00 1.085e-01
06874.00 1.036e-01
06876.00 1.031e-01
06878.00 1.036e-01
06880.00 1.029e-01
06882.00 1.064e-01
06884.00 1.041e-01
06886.00 1.040e-01
06888.00 1.044e-01
06890.00 1.067e-01
06892.00 1.095e-01
06894.00 1.062e-01
06896.00 1.039e-01
06898.00 1.064e-01
06900.00 1.108e-01
06902.00 1.075e-01
06904.00 1.035e-01
06906.00 1.076e-01
06908.00 1.006e-01
06910.00 1.025e-01
06912.00 1.087e-01
06914.00 1.096e-01
06916.00 1.043e-01
06918.00 1.007e-01
06920.00 1.073e-01
06922.00 1.037e-01
06924.00 1.025e-01
06926.00 1.025e-01
06928.00 1.063e-01
06930.00 9.915e-02
06932.00 1.016e-01
06934.00 1.024e-01
06936.00 1.004e-01
06938.00 1.001e-01
06940.00 1.011e-01
06942.00 9.410e-02
06944.00 9.424e-02
06946.00 9.653e-02
06948.00 9.753e-02
06950.00 9.820e-02
06952.00 9.954e-02
06954.00 9.622e-02
06956.00 9.756e-02
06958.00 9.881e-02
06960.00 9.494e-02
06962.00 9.364e-02
06964.00 9.293e-02
06966.00 9.711e-02
06968.00 9.767e-02
06970.00 1.011e-01
06972.00 1.019e-01
06974.00 9.177e-02
06976.00 9.789e-02
06978.00 1.007e-01
06980.00 9.989e-02
06982.00 1.010e-01
06984.00 1.012e-01
06986.00 9.988e-02
06988.00 1.074e-01
06990.00 1.061e-01
06992.00 1.083e-01
06994.00 1.103e-01
06996.00 1.077e-01
06998.00 1.126e-01
07000.00 1.113e-01
07002.00 1.086e-01
07004.00 1.107e-01
07006.00 1.079e-01
07008.00 1.136e-01
07010.00 1.121e-01
07012.00 1.160e-01
07014.00 1.158e-01
07016.00 1.202e-01
07018.00 1.165e-01
07020.00 1.203e-01
07022.00 1.177e-01
07024.00 1.147e-01
07026.00 1.205e-01
07028.00 1.212e-01
07030.00 1.156e-01
07032.00 1.152e-01
07034.00 1.149e-01
07036.00 1.163e-01
07038.00 1.183e-01
07040.00 1.185e-01
07042.00 1.160e-01
07044.00 1.178e-01
07046.00 1.173e-01
07048.00 1.143e-01
07050.00 1.187e-01
07052.00 1.178e-01
07054.00 1.218e-01
07056.00 1.128e-01
07058.00 1.120e-01
07060.00 1.138e-01
07062.00 1.162e-01
07064.00 1.138e-01
07066.00 1.181e-01
07068.00 1.147e-01
07070.00 1.149e-01
07072.00 1.109e-01
07074.00 1.154e-01
07076.00 1.148e-01
07078.00 1.111e-01
07080.00 1.141e-01
07082.00 1.119e-01
07084.00 1.074e-01
07086.00 1.065e-01
07088.00 1.082e-01
07090.00 1.113e-01
07092.00 1.077e-01
07094.00 1.080e-01
07096.00 1.116e-01
07098.00 1.096e-01
07100.00 1.107e-01
07102.00 1.067e-01
07104.00 1.089e-01
07106.00 1.077e-01
07108.00 1.080e-01
07110.00 1.049e-01
07112.00 1.073e-01
07114.00 1.078e-01
07116.00 1.107e-01
07118.00 1.040e-01
07120.00 1.083e-01
07122.00 1.059e-01
07124.00 1.066e-01
07126.00 1.080e-01
07128.00 1.060e-01
07130.00 1.019e-01
07132.00 1.081e-01
07134.00 1.051e-01
07136.00 1.048e-01
07138.00 1.032e-01
07140.00 1.035e-01
07142.00 1.053e-01
07144.00 1.024e-01
07146.00 1.007e-01
07148.00 9.950e-02
07150.00 9.775e-02
07152.00 9.774e-02
07154.00 9.890e-02
07156.00 9.653e-02
07158.00 9.669e-02
07160.00 9.654e-02
07162.00 9.162e-02
07164.00 9.751e-02
07166.00 1.026e-01
07168.00 1.005e-01
07170.00 9.533e-02
07172.00 9.863e-02
07174.00 9.896e-02
07176.00 9.742e-02
07178.00 9.489e-02
07180.00 9.037e-02
07182.00 9.597e-02
07184.00 9.708e-02
07186.00 9.429e-02
07188.00 9.283e-02
07190.00 9.452e-02
07192.00 9.673e-02
07194.00 9.940e-02
07196.00 9.566e-02
07198.00 9.920e-02
07200.00 9.866e-02
07202.00 9.776e-02
07204.00 9.953e-02
07206.00 9.681e-02
07208.00 1.009e-01
07210.00 1.011e-01
07212.00 1.006e-01
07214.00 1.037e-01
07216.00 1.039e-01
07218.00 1.068e-01
07220.00 1.075e-01
07222.00 1.056e-01
07224.00 1.038e-01
07226.00 1.080e-01
07228.00 1.071e-01
07230.00 1.139e-01
07232.00 1.114e-01
07234.00 1.126e-01
07236.00 1.123e-01
07238.00 1.170e-01
07240.00 1.129e-01
07242.00 1.157e-01
07244.00 1.142e-01
07246.00 1.086e-01
07248.00 1.095e-01
07250.00 1.077e-01
07252.00 1.127e-01
07254.00 1.087e-01
07256.00 1.070e-01
07258.00 1.097e-01
07260.00 1.057e-01
07262.00 1.142e-01
07264.00 1.167e-01
07266.00 1.117e-01
07268.00 1.094e-01
07270.00 1.131e-01
07272.00 1.137e-01
07274.00 1.082e-01
07276.00 1.103e-01
07278.00 1.101e-01
07280.00 1.070e-01
07282.00 1.070e-01
07284.00 1.108e-01
07286.00 1.125e-01
07288.00 1.105e-01
07290.00 1.090e-01
07292.00 1.076e-01
07294.00 1.086e-01
07296.00 1.089e-01
07298.00 1.100e-01
07300.00 9.811e-02
07302.00 1.027e-01
07304.00 9.956e-02
07306.00 1.036e-01
07308.00 1.034e-01
07310.00 1.026e-01
07312.00 9.986e-02
07314.00 1.025e-01
07316.00 1.029e-01
07318.00 1.030e-01
07320.00 9.997e-02
07322.00 9.805e-02
07324.00 9.962e-02
07326.00 1.016e-01
07328.00 1.015e-01
07330.00 1.002e-01
07332.00 9.670e-02
07334.00 9.761e-02
07336.00 9.807e-02
07338.00 1.029e-01
07340.00 9.719e-02
07342.00 1.007e-01
07344.00 9.750e-02
07346.00 9.784e-02
07348.00 9.741e-02
07350.00 9.806e-02
07352.00 9.883e-02
07354.00 9.853e-02
07356.00 9.751e-02
07358.00 9.864e-02
07360.00 9.828e-02
07362.00 9.609e-02
07364.00 1.022e-01
07366.00 1.015e-01
07368.00 9.917e-02
07370.00 9.841e-02
07372.00 9.957e-02
07374.00 9.950e-02
07376.00 1.007e-01
07378.00 1.016e-01
07380.00 1.023e-01
07382.00 1.004e-01
07384.00 9.825e-02
07386.00 1.016e-01
07388.00 1.017e-01
07390.00 1.026e-01
07392.00 9.829e-02
07394.00 9.759e-02
07396.00 9.735e-02
07398.00 1.000e-01
07400.00 1.041e-01
07402.00 1.009e-01
07404.00 9.809e-02
07406.00 1.002e-01
07408.00 1.032e-01
07410.00 1.045e-01
07412.00 1.035e-01
07414.00 1.018e-01
07416.00 1.017e-01
07418.00 9.888e-02
07420.00 9.747e-02
07422.00 1.038e-01
07424.00 1.001e-01
07426.00 1.033e-01
07428.00 9.895e-02
07430.00 1.022e-01
07432.00 1.044e-01
07434.00 1.007e-01
07436.00 1.049e-01
07438.00 1.057e-01
07440.00 1.049e-01
07442.00 1.042e-01
07444.00 1.036e-01
07446.00 1.008e-01
07448.00 1.081e-01
07450.00 1.094e-01
07452.00 1.078e-01
07454.00 1.064e-01
07456.00 1.049e-01
07458.00 1.007e-01
07460.00 1.052e-01
07462.00 1.045e-01
07464.00 1.038e-01
07466.00 1.034e-01
07468.00 1.043e-01
07470.00 1.024e-01
07472.00 1.046e-01
07474.00 1.078e-01
07476.00 1.079e-01
07478.00 1.059e-01
07480.00 1.099e-01
07482.00 1.010e-01
07484.00 1.033e-01
07486.00 9.979e-02
07488.00 1.020e-01
07490.00 1.038e-01
07492.00 1.039e-01
07494.00 1.010e-01
07496.00 9.854e-02
07498.00 1.001e-01
07500.00 1.001e-01
07502.00 9.834e-02
07504.00 1.035e-01
07506.00 9.857e-02
07508.00 9.986e-02
07510.00 1.001e-01
07512.00 9.747e-02
07514.00 1.049e-01
07516.00 1.056e-01
07518.00 9.420e-02
07520.00 9.420e-02
07522.00 9.426e-02
07524.00 9.499e-02
07526.00 9.723e-02
07528.00 9.491e-02
07530.00 9.831e-02
07532.00 9.864e-02
07534.00 1.012e-01
07536.00 1.047e-01
07538.00 9.538e-02
07540.00 9.616e-02
07542.00 9.305e-02
07544.00 9.534e-02
07546.00 9.519e-02
07548.00 9.745e-02
07550.00 9.661e-02
07552.00 9.202e-02
07554.00 9.090e-02
07556.00 9.394e-02
07558.00 9.138e-02
07560.00 8.739e-02
07562.00 8.911e-02
07564.00 9.269e-02
07566.00 9.097e-02
07568.00 9.163e-02
07570.00 9.146e-02
07572.00 8.734e-02
07574.00 8.690e-02
07576.00 8.886e-02
07578.00 9.471e-02
07580.00 9.204e-02
07582.00 8.742e-02
07584.00 8.451e-02
07586.00 8.788e-02
07588.00 8.878e-02
07590.00 8.708e-02
07592.00 9.112e-02
07594.00 9.411e-02
07596.00 1.007e-01
07598.00 1.051e-01
07600.00 1.072e-01
07602.00 9.005e-02
07604.00 1.006e-01
07606.00 1.036e-01
07608.00 9.295e-02
07610.00 9.055e-02
07612.00 1.047e-01
07614.00 1.031e-01
07616.00 7.485e-02
07618.00 8.297e-02
07620.00 9.092e-02
07622.00 9.187e-02
07624.00 9.263e-02
07626.00 9.200e-02
07628.00 9.443e-02
07630.00 9.730e-02
07632.00 9.947e-02
07634.00 1.012e-01
07636.00 9.412e-02
07638.00 9.546e-02
07640.00 8.891e-02
07642.00 8.412e-02
07644.00 8.429e-02
07646.00 8.871e-02
07648.00 8.891e-02
07650.00 8.838e-02
07652.00 8.438e-02
07654.00 8.783e-02
07656.00 8.421e-02
07658.00 7.980e-02
07660.00 8.316e-02
07662.00 7.930e-02
07664.00 7.913e-02
07666.00 8.192e-02
07668.00 7.690e-02
07670.00 8.332e-02
07672.00 8.075e-02
07674.00 7.467e-02
07676.00 8.274e-02
07678.00 7.706e-02
07680.00 7.575e-02
07682.00 7.908e-02
07684.00 8.064e-02
07686.00 8.266e-02
07688.00 8.102e-02
07690.00 8.190e-02
07692.00 7.984e-02
07694.00 8.227e-02
07696.00 8.376e-02
07698.00 8.494e-02
07700.00 8.107e-02
07702.00 8.582e-02
07704.00 8.423e-02
07706.00 8.911e-02
07708.00 8.815e-02
07710.00 8.835e-02
07712.00 8.761e-02
07714.00 8.475e-02
07716.00 8.293e-02
07718.00 8.540e-02
07720.00 8.512e-02
07722.00 9.084e-02
07724.00 8.965e-02
07726.00 8.699e-02
07728.00 9.038e-02
07730.00 8.847e-02
07732.00 9.015e-02
07734.00 9.118e-02
07736.00 9.463e-02
07738.00 9.165e-02
07740.00 9.436e-02
07742.00 8.777e-02
07744.00 9.207e-02
07746.00 9.367e-02
07748.00 9.664e-02
07750.00 9.503e-02
07752.00 9.519e-02
07754.00 9.360e-02
07756.00 8.974e-02
07758.00 9.263e-02
07760.00 9.265e-02
07762.00 9.018e-02
07764.00 9.230e-02
07766.00 9.211e-02
07768.00 9.253e-02
07770.00 9.100e-02
07772.00 8.862e-02
07774.00 8.846e-02
07776.00 8.836e-02
07778.00 8.837e-02
07780.00 9.220e-02
07782.00 8.902e-02
07784.00 8.667e-02
07786.00 8.824e-02
07788.00 9.152e-02
07790.00 9.034e-02
07792.00 9.125e-02
07794.00 9.446e-02
07796.00 9.658e-02
07798.00 9.165e-02
07800.00 9.197e-02
07802.00 9.730e-02
07804.00 9.922e-02
07806.00 9.888e-02
07808.00 9.773e-02
07810.00 9.762e-02
07812.00 9.838e-02
07814.00 1.016e-01
07816.00 1.026e-01
07818.00 1.016e-01
07820.00 1.014e-01
07822.00 1.059e-01
07824.00 1.053e-01
07826.00 1.039e-01
07828.00 1.054e-01
07830.00 1.067e-01
07832.00 1.121e-01
07834.00 1.063e-01
07836.00 1.097e-01
07838.00 1.132e-01
07840.00 1.067e-01
07842.00 1.100e-01
07844.00 1.078e-01
07846.00 1.027e-01
07848.00 1.091e-01
07850.00 1.082e-01
07852.00 1.073e-01
07854.00 1.053e-01
07856.00 1.070e-01
07858.00 1.018e-01
07860.00 9.979e-02
07862.00 1.039e-01
07864.00 1.017e-01
07866.00 1.040e-01
07868.00 1.053e-01
07870.00 1.015e-01
07872.00 9.777e-02
07874.00 1.039e-01
07876.00 1.063e-01
07878.00 1.072e-01
07880.00 1.056e-01
07882.00 1.035e-01
07884.00 1.012e-01
07886.00 9.914e-02
07888.00 1.026e-01
07890.00 1.050e-01
07892.00 1.033e-01
07894.00 1.051e-01
07896.00 1.079e-01
07898.00 1.029e-01
07900.00 1.004e-01
07902.00 1.015e-01
07904.00 1.033e-01
07906.00 1.030e-01
07908.00 1.060e-01
07910.00 1.021e-01
07912.00 9.658e-02
07914.00 1.034e-01
07916.00 1.070e-01
07918.00 1.001e-01
07920.00 9.744e-02
07922.00 9.559e-02
07924.00 9.794e-02
07926.00 1.014e-01
07928.00 9.956e-02
07930.00 1.050e-01
07932.00 9.991e-02
07934.00 1.007e-01
07936.00 1.029e-01
07938.00 9.549e-02
07940.00 9.316e-02
07942.00 9.854e-02
07944.00 1.006e-01
07946.00 1.018e-01
07948.00 9.597e-02
07950.00 9.248e-02
07952.00 9.713e-02
07954.00 9.724e-02
07956.00 9.651e-02
07958.00 9.805e-02
07960.00 9.661e-02
07962.00 9.627e-02
07964.00 8.716e-02
07966.00 9.363e-02
07968.00 9.377e-02
07970.00 8.751e-02
07972.00 8.874e-02
07974.00 9.266e-02
07976.00 9.299e-02
07978.00 8.915e-02
07980.00 8.828e-02
07982.00 9.463e-02
07984.00 9.363e-02
07986.00 9.402e-02
07988.00 9.377e-02
07990.00 8.967e-02
07992.00 9.102e-02
07994.00 9.707e-02
07996.00 9.134e-02
07998.00 8.831e-02
08000.00 8.604e-02
08002.00 8.723e-02
08004.00 9.076e-02
08006.00 8.808e-02
08008.00 9.195e-02
08010.00 8.779e-02
08012.00 8.906e-02
08014.00 9.208e-02
08016.00 9.005e-02
08018.00 9.149e-02
08020.00 9.230e-02
08022.00 8.651e-02
08024.00 8.735e-02
08026.00 8.692e-02
08028.00 8.190e-02
08030.00 8.709e-02
08032.00 8.653e-02
08034.00 8.722e-02
08036.00 8.702e-02
08038.00 8.707e-02
08040.00 8.588e-02
08042.00 8.671e-02
08044.00 9.066e-02
08046.00 8.676e-02
08048.00 8.447e-02
08050.00 8.894e-02
08052.00 8.750e-02
08054.00 8.808e-02
08056.00 8.731e-02
08058.00 8.288e-02
08060.00 8.497e-02
08062.00 8.640e-02
08064.00 8.376e-02
08066.00 8.038e-02
08068.00 8.373e-02
08070.00 8.082e-02
08072.00 8.530e-02
08074.00 8.106e-02
08076.00 8.516e-02
08078.00 8.525e-02
08080.00 8.784e-02
08082.00 8.194e-02
08084.00 7.837e-02
08086.00 8.374e-02
08088.00 8.304e-02
08090.00 8.276e-02
08092.00 8.278e-02
08094.00 7.901e-02
08096.00 8.433e-02
08098.00 8.396e-02
08100.00 7.707e-02
08102.00 8.032e-02
08104.00 7.948e-02
08106.00 7.826e-02
08108.00 8.399e-02
08110.00 8.493e-02
08112.00 8.231e-02
08114.00 8.347e-02
08116.00 8.202e-02
08118.00 8.456e-02
08120.00 7.757e-02
08122.00 7.889e-02
08124.00 8.265e-02
08126.00 8.056e-02
08128.00 8.634e-02
08130.00 7.961e-02
08132.00 8.271e-02
08134.00 8.539e-02
08136.00 8.075e-02
08138.00 7.821e-02
08140.00 8.059e-02
08142.00 8.014e-02
08144.00 7.547e-02
08146.00 7.723e-02
08148.00 7.793e-02
08150.00 7.957e-02
08152.00 8.063e-02
08154.00 8.171e-02
08156.00 7.796e-02
08158.00 7.623e-02
08160.00 7.914e-02
08162.00 6.876e-02
08164.00 7.594e-02
08166.00 7.528e-02
08168.00 7.143e-02
08170.00 6.891e-02
08172.00 6.671e-02
08174.00 7.079e-02
08176.00 6.802e-02
08178.00 6.183e-02
08180.00 6.984e-02
08182.00 6.400e-02
08184.00 5.982e-02
08186.00 6.493e-02
08188.00 5.830e-02
08190.00 6.000e-02
08192.00 5.257e-02
08194.00 5.627e-02
08196.00 5.670e-02
08198.00 5.430e-02
08200.00 5.469e-02
08202.00 4.912e-02
08204.00 5.411e-02
08206.00 5.500e-02
08208.00 4.826e-02
08210.00 5.169e-02
08212.00 5.721e-02
08214.00 5.185e-02
08216.00 4.892e-02
08218.00 5.240e-02
08220.00 4.765e-02
08222.00 4.913e-02
08224.00 4.428e-02
08226.00 4.878e-02
08228.00 4.787e-02
08230.00 4.792e-02
08232.00 4.732e-02
08234.00 4.895e-02
08236.00 4.448e-02
08238.00 4.699e-02
08240.00 3.942e-02
08242.00 4.522e-02
08244.00 4.460e-02
08246.00 4.283e-02
08248.00 4.278e-02
08250.00 4.514e-02
08252.00 4.643e-02
08254.00 4.992e-02
08256.00 4.166e-02
08258.00 4.189e-02
08260.00 4.119e-02
08262.00 4.562e-02
08264.00 4.240e-02
08266.00 4.135e-02
08268.00 4.006e-02
08270.00 3.998e-02
08272.00 4.105e-02
08274.00 3.923e-02
08276.00 3.405e-02
08278.00 4.054e-02
08280.00 3.879e-02
08282.00 3.985e-02
08284.00 4.154e-02
08286.00 4.053e-02
08288.00 4.384e-02
08290.00 4.131e-02
08292.00 3.400e-02
08294.00 4.072e-02
08296.00 3.971e-02
08298.00 3.715e-02
08300.00 3.959e-02
08302.00 3.758e-02
08304.00 4.092e-02
08306.00 3.918e-02
08308.00 4.093e-02
08310.00 3.835e-02
08312.00 3.501e-02
08314.00 3.982e-02
08316.00 4.213e-02
08318.00 3.727e-02
08320.00 4.037e-02
08322.00 3.984e-02
08324.00 4.225e-02
08326.00 4.054e-02
08328.00 3.631e-02
08330.00 4.011e-02
08332.00 4.073e-02
08334.00 4.192e-02
08336.00 4.167e-02
08338.00 3.631e-02
08340.00 3.486e-02
08342.00 4.202e-02
08344.00 3.890e-02
08346.00 3.753e-02
08348.00 3.712e-02
08350.00 3.543e-02
08352.00 3.374e-02
08354.00 3.205e-02
08356.00 3.920e-02
08358.00 4.122e-02
08360.00 3.923e-02
08362.00 4.399e-02
08364.00 4.286e-02
08366.00 3.857e-02
08368.00 4.192e-02
08370.00 3.855e-02
08372.00 4.512e-02
08374.00 4.507e-02
08376.00 4.200e-02
08378.00 4.027e-02
08380.00 3.864e-02
08382.00 3.740e-02
08384.00 3.830e-02
08386.00 4.018e-02
08388.00 4.476e-02
08390.00 4.625e-02
08392.00 4.578e-02
08394.00 4.666e-02
08396.00 4.405e-02
08398.00 3.953e-02
08400.00 3.817e-02
08402.00 4.731e-02
08404.00 4.661e-02
08406.00 4.509e-02
08408.00 4.354e-02
08410.00 4.762e-02
08412.00 4.428e-02
08414.00 4.692e-02
08416.00 4.545e-02
08418.00 4.120e-02
08420.00 4.451e-02
08422.00 4.453e-02
08424.00 4.556e-02
08426.00 4.071e-02
08428.00 4.591e-02
08430.00 4.731e-02
08432.00 4.608e-02
08434.00 4.453e-02
08436.00 4.436e-02
08438.00 4.572e-02
08440.00 4.625e-02
08442.00 5.246e-02
08444.00 4.719e-02
08446.00 4.887e-02
08448.00 4.176e-02
08450.00 4.550e-02
08452.00 5.258e-02
08454.00 5.385e-02
08456.00 5.224e-02
08458.00 5.464e-02
08460.00 5.117e-02
08462.00 5.428e-02
08464.00 5.402e-02
08466.00 5.635e-02
08468.00 5.771e-02
08470.00 5.884e-02
08472.00 6.005e-02
08474.00 5.858e-02
08476.00 6.109e-02
08478.00 6.533e-02
08480.00 5.770e-02
08482.00 6.114e-02
08484.00 6.148e-02
08486.00 6.179e-02
08488.00 6.123e-02
08490.00 6.087e-02
08492.00 6.436e-02
08494.00 6.633e-02
08496.00 6.164e-02
08498.00 6.038e-02
08500.00 6.281e-02
08502.00 6.400e-02
08504.00 6.359e-02
08506.00 6.675e-02
08508.00 6.564e-02
08510.00 6.470e-02
08512.00 6.613e-02
08514.00 6.786e-02
08516.00 6.684e-02
08518.00 6.980e-02
08520.00 6.608e-02
08522.00 6.908e-02
08524.00 7.362e-02
08526.00 6.832e-02
08528.00 6.898e-02
08530.00 6.811e-02
08532.00 6.614e-02
08534.00 7.142e-02
08536.00 7.413e-02
08538.00 6.980e-02
08540.00 7.334e-02
08542.00 7.254e-02
08544.00 7.375e-02
08546.00 7.347e-02
08548.00 7.249e-02
08550.00 7.606e-02
08552.00 7.226e-02
08554.00 7.450e-02
08556.00 8.186e-02
08558.00 8.041e-02
08560.00 8.315e-02
08562.00 8.188e-02
08564.00 8.126e-02
08566.00 8.473e-02
08568.00 8.271e-02
08570.00 8.625e-02
08572.00 8.494e-02
08574.00 8.483e-02
08576.00 8.679e-02
08578.00 8.844e-02
08580.00 8.666e-02
08582.00 8.981e-02
08584.00 9.239e-02
08586.00 9.468e-02
08588.00 8.833e-02
08590.00 8.748e-02
08592.00 9.332e-02
08594.00 9.240e-02
08596.00 9.192e-02
08598.00 9.335e-02
08600.00 9.002e-02
08602.00 9.620e-02
08604.00 9.121e-02
08606.00 9.154e-02
08608.00 9.654e-02
08610.00 9.356e-02
08612.00 9.566e-02
08614.00 9.808e-02
08616.00 9.360e-02
08618.00 9.470e-02
08620.00 9.562e-02
08622.00 9.379e-02
08624.00 9.426e-02
08626.00 9.674e-02
08628.00 9.444e-02
08630.00 9.786e-02
08632.00 9.558e-02
08634.00 9.929e-02
08636.00 9.772e-02
08638.00 9.991e-02
08640.00 1.014e-01
08642.00 9.941e-02
08644.00 1.016e-01
08646.00 9.819e-02
08648.00 1.019e-01
08650.00 9.768e-02
08652.00 9.316e-02
08654.00 9.420e-02
08656.00 9.724e-02
08658.00 1.014e-01
08660.00 9.607e-02
08662.00 8.833e-02
08664.00 9.871e-02
08666.00 1.018e-01
08668.00 9.734e-02
08670.00 9.479e-02
08672.00 9.529e-02
08674.00 9.690e-02
08676.00 9.684e-02
08678.00 9.984e-02
08680.00 1.034e-01
08682.00 9.425e-02
08684.00 9.716e-02
08686.00 9.546e-02
08688.00 9.297e-02
08690.00 9.485e-02
08692.00 9.183e-02
08694.00 9.685e-02
08696.00 9.872e-02
08698.00 9.694e-02
08700.00 9.761e-02
08702.00 9.869e-02
08704.00 9.490e-02
08706.00 9.563e-02
08708.00 9.447e-02
08710.00 9.703e-02
08712.00 9.660e-02
08714.00 9.553e-02
08716.00 9.944e-02
08718.00 1.012e-01
08720.00 1.009e-01
08722.00 9.645e-02
08724.00 9.629e-02
08726.00 9.365e-02
08728.00 9.813e-02
08730.00 9.653e-02
08732.00 9.623e-02
08734.00 9.522e-02
08736.00 9.426e-02
08738.00 9.677e-02
08740.00 9.435e-02
08742.00 9.584e-02
08744.00 9.622e-02
08746.00 9.913e-02
08748.00 9.473e-02
08750.00 9.333e-02
08752.00 9.853e-02
08754.00 9.871e-02
08756.00 9.242e-02
08758.00 9.658e-02
08760.00 9.688e-02
08762.00 9.085e-02
08764.00 9.084e-02
08766.00 8.880e-02
08768.00 9.882e-02
08770.00 9.396e-02
08772.00 9.241e-02
08774.00 9.112e-02
08776.00 8.927e-02
08778.00 9.972e-02
08780.00 9.178e-02
08782.00 9.194e-02
08784.00 9.254e-02
08786.00 8.892e-02
08788.00 8.807e-02
08790.00 9.445e-02
08792.00 9.037e-02
08794.00 8.845e-02
08796.00 8.653e-02
08798.00 8.939e-02
08800.00 9.319e-02
08802.00 8.969e-02
08804.00 9.100e-02
08806.00 8.890e-02
08808.00 9.164e-02
08810.00 8.763e-02
08812.00 8.701e-02
08814.00 9.434e-02
08816.00 9.392e-02
08818.00 8.696e-02
08820.00 8.949e-02
08822.00 8.788e-02
08824.00 8.521e-02
08826.00 8.952e-02
08828.00 9.345e-02
08830.00 9.238e-02
08832.00 9.755e-02
08834.00 8.691e-02
08836.00 8.796e-02
08838.00 9.121e-02
08840.00 8.843e-02
08842.00 9.424e-02
08844.00 8.563e-02
08846.00 8.720e-02
08848.00 9.043e-02
08850.00 9.142e-02
08852.00 9.728e-02
08854.00 9.178e-02
08856.00 9.043e-02
08858.00 9.219e-02
08860.00 8.989e-02
08862.00 9.092e-02
08864.00 8.713e-02
08866.00 8.582e-02
08868.00 8.857e-02
08870.00 8.336e-02
08872.00 8.806e-02
08874.00 8.694e-02
08876.00 8.750e-02
08878.00 8.669e-02
08880.00 8.836e-02
08882.00 8.297e-02
08884.00 8.935e-02
08886.00 8.675e-02
08888.00 8.481e-02
08890.00 8.074e-02
08892.00 8.108e-02
08894.00 8.966e-02
08896.00 7.876e-02
08898.00 8.295e-02
08900.00 7.683e-02
08902.00 7.872e-02
08904.00 8.016e-02
08906.00 7.969e-02
08908.00 8.215e-02
08910.00 7.978e-02
08912.00 7.679e-02
08914.00 7.804e-02
08916.00 8.278e-02
08918.00 8.258e-02
08920.00 8.168e-02
08922.00 7.135e-02
08924.00 7.470e-02
08926.00 7.372e-02
08928.00 7.505e-02
08930.00 7.806e-02
08932.00 7.704e-02
08934.00 8.167e-02
08936.00 7.998e-02
08938.00 7.133e-02
08940.00 7.564e-02
08942.00 7.684e-02
08944.00 7.519e-02
08946.00 7.247e-02
08948.00 6.785e-02
08950.00 7.027e-02
08952.00 7.727e-02
08954.00 7.004e-02
08956.00 7.028e-02
08958.00 7.631e-02
08960.00 7.725e-02
08962.00 8.021e-02
08964.00 7.396e-02
08966.00 7.269e-02
08968.00 7.214e-02
08970.00 6.996e-02
08972.00 7.281e-02
08974.00 7.307e-02
08976.00 7.273e-02
08978.00 7.554e-02
08980.00 7.283e-02
08982.00 6.918e-02
08984.00 6.836e-02
08986.00 6.704e-02
08988.00 7.116e-02
08990.00 6.935e-02
08992.00 6.654e-02
08994.00 6.943e-02
08996.00 6.822e-02
08998.00 7.396e-02
09000.00 7.041e-02
09002.00 6.340e-02
09004.00 6.718e-02
09006.00 7.019e-02
09008.00 6.408e-02
09010.00 7.120e-02
09012.00 6.727e-02
09014.00 6.536e-02
09016.00 6.589e-02
09018.00 6.692e-02
09020.00 7.007e-02
09022.00 6.354e-02
09024.00 6.186e-02
09026.00 6.291e-02
09028.00 6.768e-02
09030.00 6.727e-02
09032.00 6.592e-02
09034.00 6.476e-02
09036.00 7.021e-02
09038.00 6.625e-02
09040.00 6.336e-02
09042.00 6.497e-02
09044.00 6.192e-02
09046.00 6.395e-02
09048.00 6.137e-02
09050.00 6.459e-02
09052.00 6.019e-02
09054.00 6.177e-02
09056.00 6.477e-02
09058.00 5.785e-02
09060.00 6.332e-02
09062.00 6.097e-02
09064.00 5.735e-02
09066.00 5.702e-02
09068.00 5.528e-02
09070.00 5.976e-02
09072.00 5.868e-02
09074.00 5.622e-02
09076.00 5.951e-02
09078.00 5.921e-02
09080.00 5.922e-02
09082.00 6.179e-02
09084.00 5.246e-02
09086.00 5.380e-02
09088.00 5.804e-02
09090.00 5.087e-02
09092.00 5.273e-02
09094.00 5.676e-02
09096.00 6.286e-02
09098.00 5.772e-02
09100.00 5.365e-02
09102.00 5.831e-02
09104.00 5.662e-02
09106.00 5.669e-02
09108.00 7.182e-02
09110.00 7.321e-02
09112.00 7.586e-02
09114.00 6.722e-02
09116.00 6.195e-02
09118.00 6.607e-02
09120.00 6.421e-02
09122.00 6.432e-02
09124.00 6.637e-02
09126.00 6.524e-02
09128.00 7.055e-02
09130.00 6.492e-02
09132.00 6.407e-02
09134.00 6.811e-02
09136.00 6.923e-02
09138.00 7.106e-02
09140.00 7.248e-02
09142.00 6.705e-02
09144.00 7.446e-02
09146.00 7.375e-02
09148.00 6.956e-02
09150.00 7.504e-02
09152.00 7.155e-02
09154.00 8.216e-02
09156.00 7.986e-02
09158.00 7.618e-02
09160.00 8.256e-02
09162.00 7.827e-02
09164.00 8.053e-02
09166.00 8.468e-02
09168.00 8.245e-02
09170.00 8.473e-02
09172.00 8.839e-02
09174.00 8.527e-02
09176.00 8.138e-02
09178.00 7.694e-02
09180.00 8.247e-02
09182.00 8.561e-02
09184.00 9.008e-02
09186.00 9.079e-02
09188.00 8.550e-02
09190.00 8.693e-02
09192.00 8.654e-02
09194.00 8.504e-02
09196.00 8.913e-02
09198.00 8.927e-02
09200.00 9.207e-02
09202.00 9.200e-02
09204.00 9.121e-02
09206.00 9.263e-02
09208.00 9.208e-02
09210.00 8.937e-02
09212.00 9.189e-02
09214.00 9.381e-02
09216.00 9.242e-02
09218.00 9.271e-02
09220.00 9.081e-02
09222.00 9.621e-02
09224.00 9.121e-02
09226.00 9.058e-02
09228.00 9.187e-02
09230.00 8.747e-02
09232.00 9.007e-02
09234.00 8.783e-02
09236.00 9.031e-02
09238.00 9.429e-02
09240.00 9.423e-02
09242.00 9.552e-02
09244.00 9.725e-02
09246.00 9.063e-02
09248.00 9.285e-02
09250.00 9.018e-02
09252.00 9.040e-02
09254.00 9.114e-02
09256.00 8.703e-02
09258.00 8.903e-02
09260.00 8.745e-02
09262.00 8.537e-02
09264.00 8.817e-02
09266.00 9.095e-02
09268.00 9.379e-02
09270.00 9.609e-02
09272.00 9.322e-02
09274.00 9.100e-02
09276.00 8.827e-02
09278.00 8.648e-02
09280.00 8.939e-02
09282.00 8.589e-02
09284.00 9.109e-02
09286.00 8.828e-02
09288.00 8.470e-02
09290.00 8.783e-02
09292.00 8.701e-02
09294.00 8.453e-02
09296.00 8.487e-02
09298.00 8.491e-02
09300.00 8.493e-02
09302.00 7.602e-02
09304.00 8.206e-02
09306.00 8.568e-02
09308.00 8.639e-02
09310.00 8.533e-02
09312.00 9.179e-02
09314.00 7.691e-02
09316.00 7.459e-02
09318.00 7.344e-02
09320.00 8.153e-02
09322.00 8.398e-02
09324.00 9.036e-02
09326.00 8.805e-02
09328.00 9.202e-02
09330.00 8.448e-02
09332.00 8.487e-02
09334.00 7.734e-02
09336.00 8.757e-02
09338.00 9.203e-02
09340.00 8.705e-02
09342.00 7.964e-02
09344.00 8.496e-02
09346.00 8.626e-02
09348.00 8.625e-02
09350.00 8.679e-02
09352.00 8.843e-02
09354.00 9.212e-02
09356.00 8.325e-02
09358.00 8.092e-02
09360.00 8.985e-02
09362.00 8.742e-02
09364.00 8.391e-02
09366.00 8.327e-02
09368.00 8.663e-02
09370.00 8.047e-02
09372.00 8.304e-02
09374.00 7.710e-02
09376.00 7.141e-02
09378.00 7.631e-02
09380.00 7.209e-02
09382.00 7.435e-02
09384.00 7.835e-02
09386.00 7.586e-02
09388.00 7.715e-02
09390.00 8.489e-02
09392.00 8.190e-02
09394.00 8.482e-02
09396.00 8.462e-02
09398.00 7.467e-02
09400.00 8.133e-02
09402.00 8.542e-02
09404.00 7.956e-02
09406.00 8.081e-02
09408.00 7.783e-02
09410.00 8.026e-02
09412.00 8.398e-02
09414.00 8.074e-02
09416.00 8.301e-02
09418.00 7.996e-02
09420.00 8.160e-02
09422.00 7.869e-02
09424.00 7.203e-02
09426.00 7.593e-02
09428.00 7.624e-02
09430.00 8.238e-02
09432.00 8.018e-02
09434.00 7.149e-02
09436.00 7.409e-02
09438.00 7.874e-02
09440.00 8.057e-02
09442.00 7.888e-02
09444.00 6.769e-02
09446.00 7.723e-02
09448.00 8.065e-02
09450.00 6.944e-02
09452.00 7.129e-02
09454.00 7.158e-02
09456.00 7.819e-02
09458.00 7.461e-02
09460.00 6.799e-02
09462.00 7.793e-02
09464.00 8.029e-02
09466.00 7.650e-02
09468.00 7.461e-02
09470.00 7.018e-02
09472.00 7.012e-02
09474.00 7.245e-02
09476.00 7.203e-02
09478.00 7.305e-02
09480.00 7.104e-02
09482.00 6.836e-02
09484.00 7.218e-02
09486.00 6.735e-02
09488.00 7.449e-02
09490.00 7.560e-02
09492.00 7.587e-02
09494.00 7.861e-02
09496.00 7.735e-02
09498.00 7.476e-02
09500.00 7.987e-02
09502.00 7.174e-02
09504.00 7.008e-02
09506.00 7.714e-02
09508.00 7.217e-02
09510.00 7.253e-02
09512.00 8.012e-02
09514.00 7.822e-02
09516.00 7.670e-02
09518.00 6.965e-02
09520.00 7.148e-02
09522.00 7.185e-02
09524.00 7.590e-02
09526.00 7.791e-02
09528.00 6.834e-02
09530.00 7.282e-02
09532.00 7.855e-02
09534.00 7.294e-02
09536.00 8.009e-02
09538.00 7.731e-02
09540.00 8.322e-02
09542.00 7.966e-02
09544.00 7.105e-02
09546.00 7.995e-02
09548.00 8.190e-02
09550.00 7.883e-02
09552.00 7.541e-02
09554.00 6.654e-02
09556.00 8.349e-02
09558.00 7.862e-02
09560.00 7.582e-02
09562.00 7.978e-02
09564.00 7.600e-02
09566.00 7.707e-02
09568.00 7.815e-02
09570.00 7.922e-02
09572.00 8.030e-02
09574.00 8.138e-02
09576.00 8.245e-02
09578.00 8.353e-02
09580.00 8.460e-02
09582.00 8.568e-02
09584.00 8.675e-02
09586.00 8.090e-02
09588.00 7.985e-02
09590.00 8.441e-02
09592.00 7.838e-02
09594.00 8.134e-02
09596.00 8.434e-02
09598.00 8.029e-02
09600.00 7.354e-02
09602.00 8.032e-02
09604.00 8.023e-02
09606.00 6.768e-02
09608.00 7.274e-02
09610.00 7.524e-02
09612.00 7.401e-02
09614.00 7.693e-02
09616.00 7.418e-02
09618.00 7.260e-02
09620.00 7.224e-02
09622.00 6.971e-02
09624.00 7.105e-02
09626.00 7.626e-02
09628.00 8.042e-02
09630.00 8.185e-02
09632.00 7.365e-02
09634.00 7.653e-02
09636.00 7.801e-02
09638.00 7.420e-02
09640.00 7.666e-02
09642.00 8.056e-02
09644.00 7.603e-02
09646.00 8.062e-02
09648.00 7.432e-02
09650.00 7.277e-02
09652.00 7.050e-02
09654.00 7.139e-02
09656.00 7.707e-02
09658.00 7.492e-02
09660.00 6.675e-02
09662.00 7.753e-02
09664.00 6.776e-02
09666.00 7.731e-02
09668.00 7.215e-02
09670.00 6.957e-02
09672.00 6.846e-02
09674.00 7.253e-02
09676.00 7.644e-02
09678.00 7.534e-02
09680.00 6.921e-02
09682.00 6.692e-02
09684.00 6.719e-02
09686.00 6.730e-02
09688.00 6.619e-02
09690.00 6.425e-02
09692.00 7.412e-02
09694.00 6.897e-02
09696.00 6.910e-02
09698.00 7.155e-02
09700.00 6.061e-02
09702.00 6.398e-02
09704.00 6.472e-02
09706.00 7.144e-02
09708.00 7.057e-02
09710.00 6.482e-02
09712.00 6.400e-02
09714.00 7.014e-02
09716.00 6.791e-02
09718.00 7.261e-02
09720.00 7.279e-02
09722.00 6.938e-02
09724.00 6.113e-02
09726.00 6.811e-02
09728.00 6.650e-02
09730.00 6.873e-02
09732.00 6.823e-02
09734.00 7.097e-02
09736.00 7.242e-02
09738.00 7.027e-02
09740.00 6.689e-02
09742.00 6.883e-02
09744.00 7.215e-02
09746.00 7.270e-02
09748.00 6.813e-02
09750.00 7.759e-02
09752.00 6.659e-02
09754.00 6.935e-02
09756.00 7.660e-02
09758.00 6.324e-02
09760.00 7.042e-02
09762.00 6.698e-02
09764.00 7.606e-02
09766.00 7.402e-02
09768.00 6.370e-02
09770.00 7.400e-02
09772.00 7.428e-02
09774.00 6.645e-02
09776.00 6.943e-02
09778.00 6.325e-02
09780.00 7.066e-02
09782.00 6.155e-02
09784.00 6.018e-02
09786.00 7.296e-02
09788.00 7.305e-02
09790.00 5.540e-02
09792.00 6.093e-02
09794.00 6.219e-02
09796.00 6.498e-02
09798.00 6.418e-02
09800.00 6.485e-02
09802.00 7.232e-02
09804.00 6.554e-02
09806.00 5.860e-02
09808.00 6.220e-02
09810.00 6.641e-02
09812.00 7.195e-02
09814.00 7.231e-02
09816.00 6.686e-02
09818.00 7.012e-02
09820.00 6.165e-02
09822.00 6.753e-02
09824.00 6.735e-02
09826.00 6.537e-02
09828.00 7.476e-02
09830.00 7.191e-02
09832.00 7.303e-02
09834.00 6.842e-02
09836.00 6.649e-02
09838.00 6.817e-02
09840.00 6.768e-02
09842.00 6.451e-02
09844.00 6.394e-02
09846.00 7.196e-02
09848.00 6.878e-02
09850.00 7.328e-02
09852.00 6.392e-02
09854.00 7.123e-02
09856.00 5.775e-02
09858.00 6.481e-02
09860.00 7.468e-02
09862.00 7.269e-02
09864.00 7.589e-02
09866.00 6.874e-02
09868.00 6.307e-02
09870.00 6.299e-02
09872.00 6.858e-02
09874.00 7.549e-02
09876.00 6.887e-02
09878.00 6.033e-02
09880.00 6.255e-02
09882.00 6.899e-02
09884.00 6.603e-02
09886.00 7.225e-02
09888.00 7.040e-02
09890.00 6.884e-02
09892.00 6.916e-02
09894.00 7.632e-02
09896.00 7.618e-02
09898.00 6.965e-02
09900.00 7.292e-02
09902.00 7.991e-02
09904.00 6.719e-02
09906.00 7.939e-02
09908.00 8.400e-02
09910.00 7.271e-02
09912.00 7.481e-02
09914.00 6.192e-02
09916.00 6.996e-02
09918.00 7.536e-02
09920.00 6.615e-02
09922.00 8.194e-02
09924.00 7.186e-02
09926.00 7.045e-02
09928.00 7.614e-02
09930.00 6.423e-02
09932.00 7.360e-02
09934.00 7.322e-02
09936.00 6.904e-02
09938.00 7.292e-02
09940.00 6.955e-02
09942.00 6.465e-02
09944.00 6.759e-02
09946.00 6.962e-02
09948.00 7.444e-02
09950.00 4.853e-02
09952.00 5.422e-02
09954.00 8.033e-02
09956.00 7.211e-02
09958.00 5.682e-02
09960.00 6.008e-02
09962.00 6.726e-02
09964.00 6.740e-02
09966.00 6.604e-02
09968.00 7.943e-02
09970.00 6.943e-02
09972.00 6.007e-02
09974.00 6.344e-02
09976.00 7.380e-02
09978.00 6.341e-02
09980.00 6.584e-02
09982.00 6.115e-02
09984.00 7.901e-02
09986.00 6.561e-02
09988.00 6.572e-02
09990.00 7.390e-02
09992.00 7.503e-02
09994.00 7.361e-02
09996.00 7.314e-02
09998.00 7.325e-02
10000.00 7.049e-02
10002.00 6.235e-02
10004.00 7.224e-02
10006.00 7.180e-02
10008.00 5.850e-02
10010.00 7.525e-02
10012.00 7.196e-02
10014.00 6.674e-02
10016.00 7.485e-02
10018.00 7.971e-02
10020.00 8.140e-02
10022.00 7.058e-02
10024.00 5.898e-02
10026.00 6.264e-02
10028.00 7.396e-02
10030.00 6.639e-02
10032.00 6.982e-02
10034.00 5.551e-02
10036.00 7.105e-02
10038.00 6.945e-02
10040.00 7.752e-02
10042.00 8.100e-02
10044.00 6.915e-02
10046.00 7.515e-02
10048.00 7.386e-02
10050.00 6.915e-02
10052.00 7.470e-02
10054.00 7.043e-02
10056.00 6.023e-02
10058.00 7.478e-02
10060.00 6.841e-02
10062.00 7.135e-02
10064.00 7.758e-02
10066.00 6.952e-02
10068.00 7.084e-02
10070.00 5.763e-02
10072.00 7.431e-02
10074.00 8.180e-02
10076.00 7.139e-02
10078.00 7.645e-02
10080.00 7.340e-02
10082.00 6.506e-02
10084.00 7.181e-02
10086.00 8.338e-02
10088.00 8.334e-02
10090.00 8.229e-02
10092.00 6.479e-02
10094.00 8.232e-02
10096.00 7.353e-02
10098.00 6.366e-02
10100.00 7.100e-02
10102.00 7.262e-02
10104.00 8.133e-02
10106.00 7.112e-02
10108.00 7.287e-02
10110.00 8.323e-02
10112.00 6.363e-02
10114.00 7.454e-02
10116.00 5.892e-02
10118.00 4.997e-02
10120.00 6.108e-02
10122.00 5.979e-02
10124.00 6.426e-02
10126.00 6.632e-02
10128.00 6.085e-02
10130.00 6.139e-02
10132.00 7.810e-02
10134.00 6.431e-02
10136.00 7.141e-02
10138.00 6.305e-02
10140.00 7.648e-02
10142.00 6.063e-02
10144.00 6.147e-02
10146.00 7.069e-02
10148.00 5.229e-02
10150.00 8.284e-02
10152.00 8.065e-02
10154.00 5.568e-02
10156.00 5.999e-02
10158.00 6.523e-02
10160.00 4.846e-02
10162.00 6.283e-02
10164.00 4.974e-02
10166.00 5.755e-02
10168.00 5.404e-02
10170.00 4.762e-02
10172.00 4.265e-02
10174.00 4.227e-02
10176.00 6.411e-02
10178.00 6.744e-02
10180.00 3.510e-02
10182.00 5.317e-02
10184.00 6.456e-02
10186.00 3.600e-02
10188.00 5.346e-02
10190.00 3.869e-02
10192.00 5.213e-02
10194.00 5.608e-02
10196.00 2.630e-02
10198.00 4.269e-02
10200.00 3.522e-02
