03350.00 4.716e-16
03354.28 8.114e-16
03358.57 6.182e-16
03362.85 -6.490e-18
03367.14 -3.860e-16
03371.42 -6.289e-16
03375.71 -3.821e-16
03379.99 9.541e-17
03384.28 5.188e-16
03388.56 1.073e-15
03392.85 1.019e-15
03397.13 6.840e-16
03401.42 6.084e-16
03405.70 3.075e-16
03409.99 1.988e-16
03414.27 2.519e-16
03418.56 -1.591e-16
03422.84 -1.590e-16
03427.13 3.968e-16
03431.41 4.506e-16
03435.70 1.764e-16
03439.98 4.550e-16
03444.27 5.525e-16
03448.55 3.618e-16
03452.84 1.699e-16
03457.12 2.698e-17
03461.41 1.875e-16
03465.69 1.910e-16
03469.98 -1.336e-16
03474.26 -1.448e-16
03478.55 2.807e-18
03482.83 2.894e-16
03487.12 5.108e-16
03491.40 2.554e-16
03495.69 -1.111e-16
03499.97 -1.209e-16
03504.26 1.883e-16
03508.54 4.420e-16
03512.82 5.499e-16
03517.11 5.059e-16
03521.39 2.388e-16
03525.68 2.438e-17
03529.97 4.865e-18
03534.25 9.422e-18
03538.53 1.184e-16
03542.82 2.489e-16
03547.10 2.331e-16
03551.39 1.324e-16
03555.67 -7.695e-17
03559.96 1.301e-17
03564.24 2.818e-16
03568.53 2.300e-16
03572.81 1.032e-16
03577.10 1.515e-16
03581.38 1.246e-16
03585.67 4.325e-17
03589.95 6.298e-17
03594.24 -3.946e-18
03598.52 -6.855e-17
03602.81 1.702e-17
03607.09 1.255e-16
03611.38 1.799e-16
03615.66 2.523e-16
03619.95 2.251e-16
03624.23 1.681e-16
03628.52 2.282e-16
03632.80 3.201e-16
03637.09 4.046e-16
03641.37 3.272e-16
03645.66 1.631e-16
03649.94 1.032e-16
03654.23 1.614e-16
03658.51 1.111e-16
03662.80 -5.165e-17
03667.08 3.002e-17
03671.36 2.020e-16
03675.65 1.443e-16
03679.93 1.347e-16
03684.22 2.486e-16
03688.51 2.213e-16
03692.79 1.413e-16
03697.07 7.735e-17
03701.36 -4.744e-18
03705.64 4.199e-17
03709.93 1.434e-16
03714.21 1.418e-16
03718.50 1.070e-16
03722.78 1.261e-16
03727.07 1.210e-16
03731.35 1.176e-16
03735.64 1.510e-16
03739.92 1.998e-16
03744.21 2.990e-16
03748.49 2.556e-16
03752.78 1.349e-16
03757.06 1.634e-16
03761.35 1.983e-16
03765.63 1.802e-16
03769.92 1.747e-16
03774.20 1.772e-16
03778.49 2.007e-16
03782.77 2.040e-16
03787.06 1.816e-16
03791.34 1.986e-16
03795.63 1.739e-16
03799.91 1.769e-16
03804.20 3.018e-16
03808.48 2.896e-16
03812.77 1.120e-16
03817.05 1.112e-16
03821.34 1.887e-16
03825.62 1.399e-16
03829.91 1.071e-16
03834.19 1.189e-16
03838.47 5.815e-17
03842.76 6.149e-17
03847.05 1.740e-16
03851.33 2.049e-16
03855.61 1.911e-16
03859.90 1.692e-16
03864.18 7.000e-17
03868.47 3.710e-17
03872.75 1.585e-16
03877.04 2.912e-16
03881.32 2.807e-16
03885.61 2.088e-16
03889.89 1.705e-16
03894.18 1.403e-16
03898.46 1.546e-16
03902.75 2.056e-16
03907.03 2.208e-16
03911.32 1.807e-16
03915.60 1.614e-16
03919.89 2.002e-16
03924.17 2.424e-16
03928.46 2.418e-16
03932.74 2.389e-16
03937.03 2.600e-16
03941.31 2.658e-16
03945.60 2.318e-16
03949.88 1.944e-16
03954.17 1.936e-16
03958.45 1.995e-16
03962.74 2.122e-16
03967.02 2.429e-16
03971.31 2.517e-16
03975.59 2.668e-16
03979.88 2.804e-16
03984.16 2.563e-16
03988.45 2.498e-16
03992.73 2.723e-16
03997.01 2.552e-16
04001.30 2.082e-16
04005.59 1.651e-16
04009.87 1.647e-16
04014.16 2.048e-16
04018.44 2.057e-16
04022.72 2.004e-16
04027.01 2.037e-16
04031.29 1.843e-16
04035.58 2.024e-16
04039.86 2.755e-16
04044.15 2.838e-16
04048.43 2.514e-16
04052.72 3.317e-16
04057.00 4.045e-16
04061.29 3.549e-16
04065.57 3.417e-16
04069.86 3.462e-16
04074.14 3.226e-16
04078.43 3.581e-16
04082.71 4.236e-16
04087.00 4.166e-16
04091.28 3.834e-16
04095.57 3.780e-16
04099.85 3.623e-16
04104.14 3.706e-16
04108.42 4.130e-16
04112.71 3.807e-16
04116.99 2.925e-16
04121.28 2.429e-16
04125.56 2.328e-16
04129.85 2.532e-16
04134.13 2.879e-16
04138.42 2.805e-16
04142.70 2.416e-16
04146.99 2.457e-16
04151.27 2.938e-16
04155.56 3.443e-16
04159.84 3.628e-16
04164.12 3.327e-16
04168.41 2.817e-16
04172.69 2.323e-16
04176.98 2.050e-16
04181.27 1.619e-16
04185.55 1.457e-16
04189.83 1.661e-16
04194.12 1.720e-16
04198.40 1.727e-16
04202.69 2.076e-16
04206.97 2.073e-16
04211.26 1.758e-16
04215.54 2.138e-16
04219.83 2.396e-16
04224.11 2.233e-16
04228.40 2.263e-16
04232.68 2.273e-16
04236.97 1.969e-16
04241.25 1.649e-16
04245.54 1.811e-16
04249.82 2.014e-16
04254.11 2.020e-16
04258.39 2.334e-16
04262.68 2.615e-16
04266.96 2.425e-16
04271.25 2.305e-16
04275.53 2.414e-16
04279.82 2.519e-16
04284.10 2.479e-16
04288.39 2.339e-16
04292.67 2.174e-16
04296.96 2.251e-16
04301.24 2.611e-16
04305.53 2.838e-16
04309.81 2.818e-16
04314.10 2.398e-16
04318.38 1.760e-16
04322.67 2.049e-16
04326.95 2.737e-16
04331.23 2.604e-16
04335.52 2.265e-16
04339.81 2.070e-16
04344.09 1.913e-16
04348.38 2.098e-16
04352.66 2.902e-16
04356.94 3.538e-16
04361.23 3.353e-16
04365.51 2.763e-16
04369.80 2.336e-16
04374.08 2.267e-16
04378.37 2.342e-16
04382.65 2.361e-16
04386.94 2.492e-16
04391.22 2.527e-16
04395.51 2.079e-16
04399.79 1.907e-16
04404.08 2.431e-16
04408.36 2.861e-16
04412.65 2.921e-16
04416.93 2.800e-16
04421.22 2.647e-16
04425.50 2.210e-16
04429.79 1.490e-16
04434.07 1.458e-16
04438.36 1.710e-16
04442.64 2.123e-16
04446.93 2.151e-16
04451.21 1.901e-16
04455.50 1.791e-16
04459.78 2.125e-16
04464.07 2.465e-16
04468.35 2.182e-16
04472.64 2.074e-16
04476.92 2.492e-16
04481.21 2.344e-16
04485.49 1.889e-16
04489.77 1.945e-16
04494.06 2.410e-16
04498.35 2.512e-16
04502.63 2.251e-16
04506.91 1.799e-16
04511.20 2.169e-16
04515.48 2.744e-16
04519.77 2.511e-16
04524.05 2.259e-16
04528.34 2.198e-16
04532.62 1.977e-16
04536.91 2.081e-16
04541.19 2.371e-16
04545.48 2.498e-16
04549.76 2.545e-16
04554.05 2.776e-16
04558.33 3.194e-16
04562.62 3.292e-16
04566.90 3.468e-16
04571.19 3.729e-16
04575.47 3.524e-16
04579.76 3.262e-16
04584.04 3.242e-16
04588.33 3.345e-16
04592.61 3.675e-16
04596.90 4.189e-16
04601.18 4.585e-16
04605.47 4.156e-16
04609.75 3.617e-16
04614.04 3.842e-16
04618.32 4.376e-16
04622.61 4.509e-16
04626.89 4.375e-16
04631.18 4.252e-16
04635.46 4.229e-16
04639.75 4.445e-16
04644.03 4.611e-16
04648.31 4.650e-16
04652.60 4.709e-16
04656.89 4.614e-16
04661.17 4.738e-16
04665.45 4.999e-16
04669.74 4.926e-16
04674.02 4.729e-16
04678.31 4.874e-16
04682.60 5.471e-16
04686.88 5.927e-16
04691.16 5.379e-16
04695.45 4.394e-16
04699.73 4.350e-16
04704.02 5.054e-16
04708.30 5.287e-16
04712.59 5.064e-16
04716.87 4.685e-16
04721.16 4.428e-16
04725.44 4.344e-16
04729.73 4.425e-16
04734.01 4.768e-16
04738.30 5.050e-16
04742.58 4.808e-16
04746.87 4.176e-16
04751.15 3.805e-16
04755.44 4.097e-16
04759.72 4.567e-16
04764.01 4.820e-16
04768.29 4.633e-16
04772.58 4.428e-16
04776.86 4.317e-16
04781.15 4.038e-16
04785.43 3.864e-16
04789.72 4.181e-16
04794.00 4.489e-16
04798.29 4.417e-16
04802.57 4.323e-16
04806.86 4.024e-16
04811.14 3.786e-16
04815.43 3.836e-16
04819.71 3.747e-16
04823.99 3.776e-16
04828.28 4.057e-16
04832.56 4.058e-16
04836.85 3.670e-16
04841.14 3.416e-16
04845.42 3.401e-16
04849.70 3.232e-16
04853.99 3.042e-16
04858.27 3.052e-16
04862.56 2.845e-16
04866.84 2.629e-16
04871.13 2.796e-16
04875.41 3.471e-16
04879.70 4.521e-16
04883.98 5.015e-16
04888.27 4.554e-16
04892.55 3.783e-16
04896.84 3.073e-16
04901.12 2.734e-16
04905.41 3.047e-16
04909.69 3.228e-16
04913.98 2.837e-16
04918.26 2.487e-16
04922.55 2.570e-16
04926.83 2.858e-16
04931.12 2.795e-16
04935.40 2.548e-16
04939.69 2.602e-16
04943.97 2.767e-16
04948.26 2.827e-16
04952.54 3.167e-16
04956.83 3.416e-16
04961.11 3.207e-16
04965.40 3.563e-16
04969.68 4.195e-16
04973.97 4.704e-16
04978.25 4.850e-16
04982.54 4.653e-16
04986.82 4.856e-16
04991.10 5.448e-16
04995.39 5.803e-16
04999.68 6.180e-16
05003.96 6.487e-16
05008.24 6.369e-16
05012.53 6.547e-16
05016.81 6.840e-16
05021.10 7.039e-16
05025.38 7.204e-16
05029.67 7.195e-16
05033.95 7.181e-16
05038.24 7.322e-16
05042.52 7.391e-16
05046.81 7.401e-16
05051.09 7.321e-16
05055.38 7.024e-16
05059.66 6.753e-16
05063.95 6.383e-16
05068.23 5.708e-16
05072.52 5.002e-16
05076.80 4.549e-16
05081.09 4.297e-16
05085.37 3.721e-16
05089.66 3.505e-16
05093.94 3.510e-16
05098.23 3.421e-16
05102.51 3.420e-16
05106.80 3.340e-16
05111.08 3.307e-16
05115.37 3.388e-16
05119.65 3.202e-16
05123.94 3.171e-16
05128.22 3.455e-16
05132.51 3.651e-16
05136.79 3.502e-16
05141.08 3.261e-16
05145.36 3.335e-16
05149.65 3.527e-16
05153.93 3.635e-16
05158.22 3.920e-16
05162.50 4.349e-16
05166.78 4.325e-16
05171.07 3.754e-16
05175.35 3.676e-16
05179.64 4.349e-16
05183.92 4.617e-16
05188.21 4.425e-16
05192.49 4.475e-16
05196.78 4.737e-16
05201.06 4.570e-16
05205.35 4.232e-16
05209.63 4.347e-16
05213.92 4.393e-16
05218.20 4.239e-16
05222.49 4.493e-16
05226.77 4.371e-16
05231.06 3.945e-16
05235.34 4.060e-16
05239.63 4.233e-16
05243.91 4.383e-16
05248.20 4.424e-16
05252.48 4.170e-16
05256.77 4.067e-16
05261.05 4.132e-16
05265.34 4.238e-16
05269.62 4.731e-16
05273.91 5.002e-16
05278.19 4.630e-16
05282.48 4.608e-16
05286.76 5.121e-16
05291.05 5.527e-16
05295.33 5.524e-16
05299.62 5.344e-16
05303.90 5.331e-16
05308.19 5.373e-16
05312.47 5.448e-16
05316.76 5.765e-16
05321.04 6.129e-16
05325.32 6.147e-16
05329.61 6.009e-16
05333.90 6.143e-16
05338.18 6.278e-16
05342.47 6.357e-16
05346.75 6.397e-16
05351.03 6.391e-16
05355.32 6.360e-16
05359.60 6.191e-16
05363.89 5.970e-16
05368.17 6.111e-16
05372.46 6.541e-16
05376.74 6.720e-16
05381.03 6.615e-16
05385.31 6.464e-16
05389.60 6.393e-16
05393.88 6.501e-16
05398.17 6.690e-16
05402.45 6.817e-16
05406.74 6.959e-16
05411.02 7.188e-16
05415.31 7.180e-16
05419.59 7.100e-16
05423.88 7.224e-16
05428.16 7.169e-16
05432.45 6.843e-16
05436.73 6.581e-16
05441.02 6.680e-16
05445.30 7.048e-16
05449.59 7.107e-16
05453.87 6.815e-16
05458.16 6.491e-16
05462.44 6.105e-16
05466.73 5.836e-16
05471.01 5.852e-16
05475.30 5.978e-16
05479.58 6.052e-16
05483.86 5.910e-16
05488.15 5.849e-16
05492.44 6.342e-16
05496.72 6.627e-16
05501.01 6.509e-16
05505.29 6.506e-16
05509.57 7.061e-16
05513.86 8.035e-16
05518.15 8.665e-16
05522.43 8.715e-16
05526.71 8.599e-16
05531.00 8.641e-16
05535.28 8.945e-16
05539.57 9.330e-16
05543.85 9.534e-16
05548.14 9.596e-16
05552.42 9.556e-16
05556.71 9.384e-16
05560.99 9.284e-16
05565.28 9.282e-16
05569.56 8.935e-16
05573.85 8.402e-16
05578.13 8.305e-16
05582.42 8.370e-16
05586.70 7.992e-16
05590.99 7.355e-16
05595.27 6.743e-16
05599.56 6.389e-16
05603.84 6.359e-16
05608.13 6.122e-16
05612.41 5.836e-16
05616.70 6.039e-16
05620.98 6.278e-16
05625.27 6.292e-16
05629.55 6.236e-16
05633.84 6.155e-16
05638.12 6.230e-16
05642.41 6.499e-16
05646.69 6.598e-16
05650.98 6.574e-16
05655.26 6.967e-16
05659.55 7.465e-16
05663.83 7.624e-16
05668.11 7.838e-16
05672.40 7.743e-16
05676.69 7.609e-16
05680.97 7.607e-16
05685.25 7.227e-16
05689.54 6.791e-16
05693.82 6.506e-16
05698.11 5.742e-16
05702.39 5.020e-16
05706.68 4.829e-16
05710.96 4.657e-16
05715.25 4.267e-16
05719.53 3.826e-16
05723.82 3.637e-16
05728.10 3.416e-16
05732.39 3.012e-16
05736.67 2.781e-16
05740.96 2.668e-16
05745.24 2.383e-16
05749.53 2.169e-16
05753.81 2.210e-16
05758.10 2.343e-16
05762.38 2.502e-16
05766.67 2.596e-16
05770.95 2.603e-16
05775.24 2.667e-16
05779.52 2.829e-16
05783.81 3.096e-16
05788.09 3.258e-16
05792.38 3.285e-16
05796.66 3.392e-16
05800.95 3.501e-16
05805.23 3.723e-16
05809.52 4.152e-16
05813.80 4.384e-16
05818.09 4.648e-16
05822.37 5.162e-16
05826.65 5.940e-16
05830.94 6.531e-16
05835.23 6.792e-16
05839.51 7.066e-16
05843.79 7.459e-16
05848.08 8.036e-16
05852.36 8.761e-16
05856.65 9.126e-16
05860.93 9.161e-16
05865.22 9.426e-16
05869.50 9.963e-16
05873.79 1.034e-15
05878.07 1.076e-15
05882.36 1.105e-15
05886.64 1.139e-15
05890.93 1.180e-15
05895.21 1.214e-15
05899.50 1.253e-15
05903.78 1.279e-15
05908.07 1.258e-15
05912.35 1.224e-15
05916.64 1.211e-15
05920.92 1.208e-15
05925.21 1.227e-15
05929.49 1.260e-15
05933.78 1.268e-15
05938.06 1.244e-15
05942.35 1.213e-15
05946.63 1.207e-15
05950.92 1.219e-15
05955.20 1.217e-15
05959.49 1.193e-15
05963.77 1.163e-15
05968.06 1.138e-15
05972.34 1.090e-15
05976.62 1.075e-15
05980.91 1.099e-15
05985.19 1.108e-15
05989.48 1.131e-15
05993.77 1.121e-15
05998.05 1.057e-15
06002.33 1.027e-15
06006.62 1.046e-15
06010.90 1.039e-15
06015.19 1.008e-15
06019.47 9.909e-16
06023.76 9.884e-16
06028.04 9.993e-16
06032.33 1.013e-15
06036.61 1.006e-15
06040.90 9.756e-16
06045.18 9.239e-16
06049.47 8.938e-16
06053.75 8.751e-16
06058.04 8.529e-16
06062.32 8.564e-16
06066.61 8.564e-16
06070.89 8.380e-16
06075.18 8.221e-16
06079.46 8.047e-16
06083.75 7.969e-16
06088.03 8.048e-16
06092.32 7.999e-16
06096.60 7.623e-16
06100.89 7.157e-16
06105.17 7.085e-16
06109.46 7.384e-16
06113.74 7.554e-16
06118.03 7.574e-16
06122.31 7.663e-16
06126.60 7.697e-16
06130.88 7.884e-16
06135.17 8.205e-16
06139.45 8.457e-16
06143.73 8.409e-16
06148.02 8.247e-16
06152.31 8.274e-16
06156.59 8.348e-16
06160.88 8.307e-16
06165.16 8.155e-16
06169.44 8.031e-16
06173.73 7.873e-16
06178.01 7.425e-16
06182.30 7.338e-16
06186.58 7.410e-16
06190.87 7.183e-16
06195.15 6.990e-16
06199.44 6.787e-16
06203.72 6.695e-16
06208.01 6.916e-16
06212.29 7.069e-16
06216.58 6.927e-16
06220.86 6.917e-16
06225.15 7.102e-16
06229.43 7.098e-16
06233.72 7.178e-16
06238.00 7.583e-16
06242.29 7.883e-16
06246.57 7.987e-16
06250.86 8.148e-16
06255.14 8.322e-16
06259.43 8.330e-16
06263.71 8.405e-16
06268.00 8.458e-16
06272.28 8.329e-16
06276.57 8.153e-16
06280.85 8.178e-16
06285.14 8.181e-16
06289.42 8.098e-16
06293.71 8.225e-16
06297.99 8.311e-16
06302.27 8.234e-16
06306.56 8.011e-16
06310.85 7.687e-16
06315.13 7.516e-16
06319.41 7.520e-16
06323.70 7.355e-16
06327.98 7.117e-16
06332.27 7.121e-16
06336.56 7.418e-16
06340.84 7.321e-16
06345.12 6.895e-16
06349.41 6.892e-16
06353.69 7.182e-16
06357.98 7.397e-16
06362.26 7.435e-16
06366.55 7.365e-16
06370.83 7.253e-16
06375.12 7.139e-16
06379.40 6.943e-16
06383.69 6.769e-16
06387.97 6.716e-16
06392.26 6.684e-16
06396.54 6.695e-16
06400.83 6.681e-16
06405.11 6.458e-16
06409.40 6.290e-16
06413.68 6.476e-16
06417.97 6.791e-16
06422.25 6.887e-16
06426.54 6.908e-16
06430.82 6.870e-16
06435.11 6.864e-16
06439.39 7.044e-16
06443.68 7.181e-16
06447.96 7.168e-16
06452.25 7.231e-16
06456.53 7.367e-16
06460.82 7.470e-16
06465.10 7.523e-16
06469.39 7.451e-16
06473.67 7.561e-16
06477.95 7.881e-16
06482.24 8.031e-16
06486.52 7.994e-16
06490.81 8.182e-16
06495.10 8.400e-16
06499.38 8.218e-16
06503.66 8.203e-16
06507.95 8.089e-16
06512.23 7.590e-16
06516.52 7.065e-16
06520.80 6.844e-16
06525.09 6.743e-16
06529.37 6.529e-16
06533.66 6.459e-16
06537.94 6.403e-16
06542.23 6.118e-16
06546.51 5.753e-16
06550.80 5.415e-16
06555.08 5.214e-16
06559.37 5.158e-16
06563.65 5.072e-16
06567.94 5.211e-16
06572.22 5.374e-16
06576.51 6.083e-16
06580.79 6.793e-16
06585.08 7.502e-16
06589.36 8.211e-16
06593.65 8.921e-16
06597.93 9.630e-16
06602.22 1.044e-15
06606.50 1.013e-15
06610.79 9.816e-16
06615.07 9.505e-16
06619.36 9.194e-16
06623.64 8.883e-16
06627.93 8.572e-16
06632.21 8.261e-16
06636.50 8.792e-16
06640.78 9.093e-16
06645.06 9.154e-16
06649.35 9.230e-16
06653.64 9.456e-16
06657.92 9.718e-16
06662.20 1.004e-15
06666.49 1.021e-15
06670.77 1.027e-15
06675.06 1.028e-15
06679.34 1.046e-15
06683.63 1.054e-15
06687.91 1.044e-15
06692.20 1.058e-15
06696.48 1.081e-15
06700.77 1.079e-15
06705.05 1.078e-15
06709.34 1.091e-15
06713.62 1.099e-15
06717.91 1.093e-15
06722.19 1.087e-15
06726.48 1.087e-15
06730.76 1.078e-15
06735.05 1.076e-15
06739.33 1.118e-15
06743.62 1.185e-15
06747.90 1.206e-15
06752.19 1.163e-15
06756.47 1.105e-15
06760.76 1.097e-15
06765.04 1.079e-15
06769.33 9.957e-16
06773.61 9.453e-16
06777.90 9.305e-16
06782.18 9.249e-16
06786.47 9.274e-16
06790.75 9.270e-16
06795.04 9.115e-16
06799.32 9.043e-16
06803.60 9.061e-16
06807.89 9.154e-16
06812.18 9.287e-16
06816.46 9.427e-16
06820.74 9.486e-16
06825.03 9.494e-16
06829.31 9.355e-16
06833.60 9.207e-16
06837.88 9.268e-16
06842.17 9.330e-16
06846.45 9.137e-16
06850.74 9.016e-16
06855.02 9.097e-16
06859.31 9.011e-16
06863.59 8.803e-16
06867.88 8.668e-16
06872.16 8.669e-16
06876.45 8.792e-16
06880.73 8.497e-16
06885.02 8.184e-16
06889.30 8.094e-16
06893.59 7.823e-16
06897.87 7.445e-16
06902.16 7.296e-16
06906.44 7.142e-16
06910.73 6.747e-16
06915.01 6.388e-16
06919.30 6.093e-16
06923.58 5.868e-16
06927.87 5.717e-16
06932.15 5.608e-16
06936.44 5.472e-16
06940.72 5.320e-16
06945.01 5.121e-16
06949.29 4.928e-16
06953.58 4.926e-16
06957.86 4.991e-16
06962.15 5.076e-16
06966.43 5.284e-16
06970.72 5.451e-16
06975.00 5.586e-16
06979.28 5.955e-16
06983.57 6.702e-16
06987.85 7.405e-16
06992.14 7.823e-16
06996.42 8.199e-16
07000.71 8.580e-16
07004.99 8.934e-16
07009.28 9.325e-16
07013.56 9.565e-16
07017.85 9.559e-16
07022.13 9.752e-16
07026.42 1.019e-15
07030.70 1.043e-15
07034.99 1.045e-15
07039.27 1.044e-15
07043.56 1.064e-15
07047.84 1.092e-15
07052.13 1.105e-15
07056.41 1.104e-15
07060.70 1.108e-15
07064.98 1.109e-15
07069.27 1.102e-15
07073.55 1.103e-15
07077.84 1.100e-15
07082.12 1.080e-15
07086.41 1.073e-15
07090.69 1.083e-15
07094.98 1.092e-15
07099.26 1.073e-15
07103.55 1.058e-15
07107.83 1.064e-15
07112.12 1.081e-15
07116.40 1.078e-15
07120.69 1.050e-15
07124.97 1.017e-15
07129.26 9.929e-16
07133.54 9.618e-16
07137.82 9.319e-16
07142.11 9.150e-16
07146.40 8.997e-16
07150.68 8.871e-16
07154.97 8.776e-16
07159.25 8.591e-16
07163.53 8.385e-16
07167.82 8.379e-16
07172.10 8.469e-16
07176.39 8.422e-16
07180.67 8.311e-16
07184.96 8.345e-16
07189.24 8.272e-16
07193.53 8.194e-16
07197.81 8.347e-16
07202.10 8.495e-16
07206.38 8.629e-16
07210.67 8.798e-16
07214.95 8.807e-16
07219.24 8.731e-16
07223.52 8.846e-16
07227.81 9.058e-16
07232.09 9.164e-16
07236.38 9.199e-16
07240.66 9.094e-16
07244.95 8.948e-16
07249.23 8.832e-16
07253.52 8.807e-16
07257.80 8.771e-16
07262.09 8.741e-16
07266.37 8.590e-16
07270.66 8.384e-16
07274.94 8.395e-16
07279.23 8.523e-16
07283.51 8.717e-16
07287.80 8.916e-16
07292.08 9.025e-16
07296.36 9.115e-16
07300.65 9.180e-16
07304.94 9.178e-16
07309.22 9.090e-16
07313.51 8.945e-16
07317.79 9.065e-16
07322.07 9.408e-16
07326.36 9.415e-16
07330.65 9.158e-16
07334.93 9.177e-16
07339.21 9.378e-16
07343.50 9.459e-16
07347.78 9.339e-16
07352.07 9.299e-16
07356.35 9.285e-16
07360.64 9.165e-16
07364.92 8.814e-16
07369.21 8.444e-16
07373.49 8.367e-16
07377.78 8.486e-16
07382.06 8.505e-16
07386.35 8.532e-16
07390.63 8.431e-16
07394.92 8.180e-16
07399.20 8.124e-16
07403.49 8.190e-16
07407.77 8.279e-16
07412.06 8.358e-16
07416.34 8.370e-16
07420.63 8.151e-16
07424.91 8.017e-16
07429.20 8.017e-16
07433.48 8.067e-16
07437.77 8.142e-16
07442.05 8.234e-16
07446.34 8.323e-16
07450.62 8.384e-16
07454.91 8.275e-16
07459.19 8.203e-16
07463.48 8.231e-16
07467.76 8.232e-16
07472.05 8.157e-16
07476.33 8.140e-16
07480.61 8.147e-16
07484.90 8.067e-16
07489.19 7.998e-16
07493.47 7.955e-16
07497.75 7.926e-16
07502.04 7.859e-16
07506.32 7.791e-16
07510.61 7.915e-16
07514.89 7.987e-16
07519.18 7.982e-16
07523.46 8.095e-16
07527.75 8.110e-16
07532.03 7.931e-16
07536.32 7.824e-16
07540.60 7.871e-16
07544.89 7.884e-16
07549.17 7.813e-16
07553.46 7.898e-16
07557.74 7.998e-16
07562.03 7.909e-16
07566.31 7.971e-16
07570.60 8.221e-16
07574.88 8.170e-16
07579.17 8.001e-16
07583.45 7.914e-16
07587.74 7.801e-16
07592.02 7.879e-16
07596.31 8.115e-16
07600.59 8.019e-16
07604.88 7.798e-16
07609.16 7.606e-16
07613.45 7.364e-16
07617.73 7.212e-16
07622.02 7.163e-16
07626.30 7.128e-16
07630.59 6.944e-16
07634.87 6.730e-16
07639.15 6.577e-16
07643.44 6.349e-16
07647.73 6.095e-16
07652.01 6.037e-16
07656.29 5.897e-16
07660.58 5.570e-16
07664.86 5.203e-16
07669.15 4.884e-16
07673.43 4.676e-16
07677.72 4.409e-16
07682.00 4.360e-16
07686.29 4.375e-16
07690.57 4.263e-16
07694.86 4.278e-16
07699.14 4.332e-16
07703.43 4.386e-16
07707.71 4.583e-16
07712.00 4.851e-16
07716.28 5.166e-16
07720.57 5.337e-16
07724.85 5.447e-16
07729.14 5.604e-16
07733.42 5.879e-16
07737.71 6.392e-16
07741.99 6.836e-16
07746.28 7.100e-16
07750.56 7.307e-16
07754.85 7.550e-16
07759.13 7.723e-16
07763.42 8.089e-16
07767.70 8.614e-16
07771.99 8.766e-16
07776.27 8.654e-16
07780.56 8.695e-16
07784.84 8.824e-16
07789.12 8.829e-16
07793.41 8.918e-16
07797.69 9.017e-16
07801.98 9.126e-16
07806.27 9.275e-16
07810.55 9.300e-16
07814.83 9.199e-16
07819.12 9.008e-16
07823.40 9.027e-16
07827.69 8.998e-16
07831.97 8.879e-16
07836.26 8.850e-16
07840.54 8.514e-16
07844.83 8.260e-16
07849.11 8.217e-16
07853.40 7.972e-16
07857.68 7.748e-16
07861.97 7.729e-16
07866.25 7.822e-16
07870.54 7.881e-16
07874.82 8.025e-16
07879.11 8.081e-16
07883.39 7.942e-16
07887.68 7.980e-16
07891.96 8.246e-16
07896.25 8.144e-16
07900.53 8.045e-16
07904.82 8.123e-16
07909.10 8.094e-16
07913.39 8.171e-16
07917.67 8.243e-16
07921.96 8.152e-16
07926.24 8.007e-16
07930.53 7.983e-16
07934.81 8.053e-16
07939.10 8.125e-16
07943.38 8.242e-16
07947.67 8.327e-16
07951.95 8.202e-16
07956.23 8.188e-16
07960.52 8.280e-16
07964.81 8.194e-16
07969.09 8.204e-16
07973.38 8.134e-16
07977.66 7.988e-16
07981.94 7.983e-16
07986.23 8.052e-16
07990.51 8.099e-16
07994.80 8.156e-16
07999.08 8.140e-16
08003.37 7.954e-16
08007.65 7.738e-16
08011.94 7.685e-16
08016.22 7.657e-16
08020.51 7.643e-16
08024.79 7.558e-16
08029.08 7.685e-16
08033.36 7.873e-16
08037.65 7.934e-16
08041.93 7.855e-16
08046.22 7.716e-16
08050.50 7.671e-16
08054.79 7.693e-16
08059.07 7.545e-16
08063.36 7.460e-16
08067.64 7.491e-16
08071.93 7.539e-16
08076.21 7.504e-16
08080.50 7.407e-16
08084.78 7.337e-16
08089.07 7.216e-16
08093.35 7.257e-16
08097.64 7.300e-16
08101.92 7.119e-16
08106.21 6.981e-16
08110.49 7.100e-16
08114.77 7.406e-16
08119.06 7.454e-16
08123.35 7.309e-16
08127.63 7.103e-16
08131.91 6.996e-16
08136.20 7.054e-16
08140.48 7.067e-16
08144.77 6.819e-16
08149.06 6.712e-16
08153.34 6.705e-16
08157.62 6.787e-16
08161.91 6.790e-16
08166.19 6.888e-16
08170.48 6.952e-16
08174.76 6.873e-16
08179.05 6.890e-16
08183.33 6.919e-16
08187.62 7.047e-16
08191.90 7.149e-16
08196.19 6.996e-16
08200.47 6.943e-16
08204.76 7.003e-16
08209.04 6.888e-16
08213.33 6.826e-16
08217.61 6.976e-16
08221.90 7.274e-16
08226.18 7.436e-16
08230.47 7.438e-16
08234.75 7.379e-16
08239.04 7.468e-16
08243.32 7.655e-16
08247.61 7.566e-16
08251.89 7.286e-16
08256.18 7.113e-16
08260.46 7.115e-16
08264.75 7.127e-16
08269.03 7.098e-16
08273.32 6.761e-16
08277.60 6.412e-16
08281.89 6.342e-16
08286.17 6.365e-16
08290.45 6.371e-16
08294.74 6.040e-16
08299.02 5.605e-16
08303.31 5.339e-16
08307.59 5.016e-16
08311.88 4.522e-16
08316.16 4.159e-16
08320.45 3.785e-16
08324.73 3.361e-16
08329.02 3.154e-16
08333.30 2.886e-16
08337.59 2.425e-16
08341.87 2.070e-16
08346.16 1.942e-16
08350.44 1.909e-16
08354.73 1.822e-16
08359.01 1.618e-16
08363.30 1.673e-16
08367.58 1.640e-16
08371.87 1.511e-16
08376.15 1.723e-16
08380.44 1.869e-16
08384.72 1.784e-16
08389.01 1.820e-16
08393.29 1.722e-16
08397.58 1.698e-16
08401.86 1.616e-16
08406.15 1.721e-16
08410.43 2.256e-16
08414.72 2.434e-16
08419.00 2.405e-16
08423.29 2.507e-16
08427.57 2.553e-16
08431.86 2.682e-16
08436.14 3.007e-16
08440.43 3.129e-16
08444.71 3.108e-16
08449.00 3.183e-16
08453.28 3.360e-16
08457.57 3.474e-16
08461.85 3.677e-16
08466.14 3.736e-16
08470.42 3.780e-16
08474.70 3.711e-16
08478.99 3.741e-16
08483.27 3.627e-16
08487.56 3.511e-16
08491.84 3.646e-16
08496.13 3.799e-16
08500.41 3.901e-16
08504.70 4.059e-16
08508.98 4.079e-16
08513.27 3.941e-16
08517.55 3.882e-16
08521.84 4.068e-16
08526.12 4.301e-16
08530.41 4.389e-16
08534.69 4.467e-16
08538.98 4.644e-16
08543.26 4.762e-16
08547.55 4.834e-16
08551.83 4.960e-16
08556.12 5.047e-16
08560.40 5.215e-16
08564.69 5.546e-16
08568.97 5.765e-16
08573.26 5.888e-16
08577.54 6.210e-16
08581.83 6.629e-16
08586.11 6.968e-16
08590.40 7.247e-16
08594.68 7.502e-16
08598.97 7.698e-16
08603.25 7.861e-16
08607.54 8.283e-16
08611.82 8.774e-16
08616.10 9.121e-16
08620.39 9.334e-16
08624.67 9.642e-16
08628.96 9.863e-16
08633.25 1.000e-15
08637.53 1.035e-15
08641.81 1.062e-15
08646.10 1.072e-15
08650.39 1.088e-15
08654.67 1.121e-15
08658.95 1.151e-15
08663.24 1.151e-15
08667.52 1.150e-15
08671.81 1.165e-15
08676.09 1.172e-15
08680.38 1.158e-15
08684.66 1.151e-15
08688.95 1.169e-15
08693.23 1.173e-15
08697.52 1.162e-15
08701.80 1.173e-15
08706.09 1.185e-15
08710.37 1.178e-15
08714.66 1.155e-15
08718.94 1.147e-15
08723.23 1.145e-15
08727.51 1.132e-15
08731.80 1.123e-15
08736.08 1.116e-15
08740.37 1.094e-15
08744.65 1.074e-15
08748.94 1.052e-15
08753.22 1.053e-15
08757.51 1.060e-15
08761.79 1.057e-15
08766.08 1.061e-15
08770.36 1.042e-15
08774.65 1.023e-15
08778.93 1.015e-15
08783.22 9.855e-16
08787.50 9.653e-16
08791.78 9.916e-16
08796.07 1.001e-15
08800.35 9.572e-16
08804.64 9.342e-16
08808.92 9.338e-16
08813.21 9.380e-16
08817.49 9.390e-16
08821.78 9.151e-16
08826.06 8.580e-16
08830.35 8.219e-16
08834.63 7.962e-16
08838.92 8.308e-16
08843.20 8.230e-16
08847.49 7.758e-16
08851.77 7.604e-16
08856.06 7.517e-16
08860.34 7.285e-16
08864.63 7.038e-16
08868.91 6.802e-16
08873.20 6.542e-16
08877.48 6.495e-16
08881.77 6.421e-16
08886.05 6.238e-16
08890.34 5.963e-16
08894.62 5.840e-16
08898.91 6.034e-16
08903.19 6.245e-16
08907.48 6.259e-16
08911.76 6.384e-16
08916.05 6.431e-16
08920.33 6.275e-16
08924.62 6.291e-16
08928.90 6.428e-16
08933.19 6.310e-16
08937.47 6.131e-16
08941.76 6.234e-16
08946.04 6.172e-16
08950.33 5.652e-16
08954.61 5.260e-16
08958.90 5.243e-16
08963.18 5.167e-16
08967.47 5.195e-16
08971.75 5.223e-16
08976.03 5.007e-16
08980.32 4.843e-16
08984.60 4.742e-16
08988.89 4.826e-16
08993.17 4.994e-16
08997.46 5.075e-16
09001.74 4.976e-16
09006.03 4.887e-16
09010.31 4.968e-16
09014.60 4.865e-16
09018.88 4.744e-16
09023.17 4.939e-16
09027.45 5.116e-16
09031.74 5.260e-16
09036.02 5.292e-16
09040.31 5.309e-16
09044.59 5.354e-16
09048.88 5.490e-16
09053.16 5.746e-16
09057.45 5.965e-16
09061.73 6.368e-16
09066.02 6.548e-16
09070.30 6.409e-16
09074.59 6.420e-16
09078.87 6.820e-16
09083.16 6.975e-16
09087.44 6.615e-16
09091.73 6.495e-16
09096.01 6.506e-16
09100.30 6.629e-16
09104.58 6.967e-16
09108.86 7.138e-16
09113.15 7.292e-16
09117.44 7.186e-16
09121.72 6.895e-16
09126.00 6.892e-16
09130.29 6.813e-16
09134.57 6.194e-16
09138.86 5.999e-16
09143.15 6.056e-16
09147.43 5.815e-16
09151.71 5.726e-16
09156.00 5.568e-16
09160.28 5.133e-16
09164.57 5.111e-16
09168.85 5.201e-16
09173.14 4.981e-16
09177.42 4.738e-16
09181.71 4.696e-16
09185.99 4.756e-16
09190.28 4.637e-16
09194.56 4.582e-16
09198.85 4.792e-16
09203.13 5.090e-16
09207.42 5.299e-16
09211.70 5.311e-16
09215.99 5.369e-16
09220.27 5.616e-16
09224.56 5.872e-16
09228.84 6.129e-16
09233.13 6.250e-16
09237.41 6.646e-16
09241.70 7.007e-16
09245.98 7.051e-16
09250.27 7.189e-16
09254.55 7.027e-16
09258.84 6.826e-16
09263.12 6.833e-16
09267.41 6.951e-16
09271.69 6.978e-16
09275.98 6.815e-16
09280.26 6.741e-16
09284.55 6.779e-16
09288.83 7.052e-16
09293.11 7.589e-16
09297.40 7.804e-16
09301.68 7.658e-16
09305.97 7.686e-16
09310.25 7.999e-16
09314.54 7.770e-16
09318.82 7.759e-16
09323.11 7.490e-16
09327.39 6.925e-16
09331.68 7.015e-16
09335.96 7.212e-16
09340.25 6.721e-16
09344.53 6.357e-16
09348.82 6.276e-16
09353.10 6.429e-16
09357.39 6.595e-16
09361.67 6.569e-16
09365.96 6.795e-16
09370.24 7.612e-16
09374.53 8.010e-16
09378.81 7.849e-16
09383.10 7.987e-16
09387.38 7.784e-16
09391.67 7.186e-16
09395.95 6.798e-16
09400.24 6.819e-16
09404.52 7.195e-16
09408.81 7.298e-16
09413.09 6.761e-16
09417.38 6.444e-16
09421.66 6.361e-16
09425.95 6.369e-16
09430.23 6.849e-16
09434.52 7.797e-16
09438.80 8.116e-16
09443.08 7.709e-16
09447.37 6.711e-16
09451.66 6.429e-16
09455.94 6.816e-16
09460.23 6.992e-16
09464.51 7.079e-16
09468.80 7.461e-16
09473.08 6.956e-16
09477.36 6.114e-16
09481.65 6.109e-16
09485.93 6.389e-16
09490.22 6.816e-16
09494.50 7.149e-16
09498.79 7.026e-16
09503.07 6.555e-16
09507.36 5.998e-16
09511.64 5.693e-16
09515.93 5.435e-16
09520.21 5.102e-16
09524.50 5.165e-16
09528.78 5.689e-16
09533.07 5.713e-16
09537.35 5.231e-16
09541.64 4.886e-16
09545.92 4.821e-16
09550.21 4.604e-16
09554.49 4.841e-16
09558.78 5.674e-16
09563.06 5.840e-16
09567.35 5.804e-16
09571.63 6.184e-16
09575.92 6.575e-16
09580.20 6.333e-16
09584.49 5.612e-16
09588.77 5.441e-16
09593.06 5.597e-16
09597.34 5.154e-16
09601.63 4.994e-16
09605.91 5.514e-16
09610.19 5.603e-16
09614.48 5.486e-16
09618.76 5.708e-16
09623.05 5.966e-16
09627.33 5.785e-16
09631.62 5.548e-16
09635.90 5.504e-16
09640.19 5.593e-16
09644.48 6.133e-16
09648.76 6.455e-16
09653.04 6.299e-16
09657.33 6.073e-16
09661.61 5.793e-16
09665.90 5.915e-16
09670.18 5.916e-16
09674.47 5.468e-16
09678.75 5.462e-16
09683.04 5.938e-16
09687.32 6.022e-16
09691.61 6.053e-16
09695.89 6.237e-16
09700.18 6.174e-16
09704.46 5.819e-16
09708.75 5.404e-16
09713.03 5.286e-16
09717.32 5.883e-16
09721.60 6.284e-16
09725.89 6.075e-16
09730.17 5.470e-16
09734.46 5.563e-16
09738.74 5.687e-16
09743.03 5.836e-16
09747.31 6.148e-16
09751.60 6.152e-16
09755.88 5.507e-16
09760.17 5.082e-16
09764.45 5.399e-16
09768.74 5.918e-16
09773.02 5.764e-16
09777.31 5.314e-16
09781.59 5.570e-16
09785.88 6.000e-16
09790.16 5.735e-16
09794.44 5.355e-16
09798.73 5.665e-16
09803.01 5.834e-16
09807.30 5.013e-16
09811.58 4.388e-16
09815.87 4.739e-16
09820.15 4.900e-16
09824.44 4.507e-16
09828.72 4.417e-16
09833.01 4.893e-16
09837.29 4.788e-16
09841.58 4.232e-16
09845.86 3.827e-16
09850.15 4.248e-16
09854.43 5.221e-16
09858.72 5.562e-16
09863.00 5.479e-16
09867.29 4.801e-16
09871.57 4.933e-16
09875.86 5.363e-16
09880.14 5.690e-16
09884.43 5.745e-16
09888.71 5.027e-16
09893.00 4.483e-16
09897.28 5.056e-16
09901.57 5.618e-16
09905.85 5.016e-16
09910.14 4.063e-16
09914.42 4.014e-16
09918.71 4.511e-16
09922.99 4.633e-16
09927.27 4.868e-16
09931.56 4.942e-16
09935.85 4.520e-16
09940.13 4.405e-16
09944.42 4.173e-16
09948.70 4.266e-16
09952.99 4.011e-16
09957.27 3.321e-16
09961.56 2.744e-16
09965.84 2.807e-16
09970.12 3.889e-16
09974.41 4.964e-16
09978.69 4.960e-16
09982.98 4.376e-16
09987.26 3.856e-16
09991.55 4.116e-16
09995.83 4.766e-16
10000.12 5.286e-16
10004.40 4.895e-16
10008.69 3.564e-16
10012.97 3.193e-16
10017.26 3.942e-16
10021.54 4.364e-16
10025.83 4.367e-16
10030.11 4.470e-16
10034.40 4.308e-16
10038.68 3.855e-16
10042.97 3.758e-16
10047.25 3.823e-16
10051.54 3.836e-16
10055.82 4.083e-16
10060.11 3.974e-16
10064.39 3.647e-16
10068.68 4.068e-16
10072.96 4.230e-16
10077.25 3.920e-16
10081.53 3.216e-16
10085.82 3.348e-16
10090.10 4.237e-16
10094.39 4.285e-16
10098.67 4.412e-16
10102.96 4.620e-16
10107.24 4.198e-16
10111.53 3.218e-16
10115.81 3.199e-16
10120.09 3.878e-16
10124.38 5.242e-16
10128.67 6.704e-16
10132.95 7.792e-16
10137.23 7.324e-16
10141.52 6.003e-16
10145.80 6.118e-16
10150.09 5.038e-16
10154.37 3.809e-16
10158.66 3.661e-16
10162.94 2.787e-16
10167.23 3.569e-16
10171.51 5.045e-16
10175.80 4.402e-16
10180.08 4.184e-16
10184.37 6.262e-16
10188.65 7.120e-16
10192.94 5.749e-16
10197.22 7.031e-16
10201.51 6.931e-16
10205.79 5.359e-16
10210.08 7.902e-16
10214.36 1.068e-15
10218.65 1.033e-15
10222.93 7.037e-16
10227.22 6.282e-16
10231.50 7.788e-16
10235.79 3.804e-16
10240.07 1.707e-16
10244.36 5.011e-16
10248.64 4.550e-16
10252.93 3.914e-16
10257.21 5.236e-16
10261.50 3.088e-16
10265.78 4.768e-17
10270.07 5.345e-17
10274.35 2.447e-16
10278.63 6.732e-16
10282.92 9.462e-16
10287.21 1.023e-15
10291.49 9.875e-16
10295.77 9.157e-16
10300.06 6.738e-16
10304.34 5.510e-16
10308.63 5.648e-16
10312.91 6.617e-16
10317.20 6.417e-16
10321.48 3.808e-16
10325.77 1.917e-16
10330.05 1.098e-16
10334.34 1.954e-16
10338.62 4.938e-16
10342.91 5.891e-16
10347.19 4.260e-16
10351.48 7.943e-18
10355.76 -1.452e-16
10360.05 2.967e-17
10364.33 3.162e-16
10368.62 3.656e-16
10372.90 1.504e-16
10377.19 1.747e-16
10381.47 1.922e-16
10385.76 -1.123e-16
10390.04 -3.562e-16
10394.33 -2.613e-16
10398.61 -4.993e-17
10402.90 -1.008e-16
10407.18 -6.177e-17
10411.47 -9.168e-18
10415.75 -2.734e-16
10420.04 -2.048e-16
10424.32 3.399e-17
10428.61 2.094e-16
10432.89 2.751e-16
10437.17 1.974e-16
10441.46 2.450e-17
10445.75 1.607e-16
10450.03 2.054e-16
10454.31 -1.380e-16
10458.60 2.392e-16
10462.88 6.731e-16
10467.17 4.545e-16
10471.45 6.282e-16
10475.74 9.640e-16
10480.02 8.462e-16
10484.31 2.394e-16
10488.59 -5.243e-16
10492.88 -5.417e-16
10497.16 3.093e-16
10501.45 7.324e-16
10505.73 3.052e-16
10510.02 -1.194e-16
10514.30 -3.257e-16
10518.59 4.796e-16
10522.87 1.005e-15
10527.16 4.433e-16
10531.44 5.712e-16
10535.73 4.781e-16
10540.01 -1.117e-16
10544.30 4.665e-16
10548.58 9.633e-16
10552.87 3.430e-16
10557.15 1.646e-16
10561.44 8.987e-17
10565.72 -6.153e-18
10570.01 -1.554e-16
10574.29 -1.485e-16
10578.58 5.031e-16
10582.86 8.465e-16
10587.15 3.908e-16
10591.43 3.259e-16
10595.72 5.986e-16
10600.00 8.584e-16
