02894.32 -3.895e-15
02896.38 2.689e-15
02898.44 -2.331e-15
02900.50 -2.636e-15
02902.57 1.683e-15
02904.63 -8.508e-15
02906.70 -9.835e-16
02908.77 1.983e-15
02910.84 -8.918e-15
02912.92 4.207e-15
02914.99 8.124e-15
02917.07 1.181e-15
02919.15 -4.368e-15
02921.23 3.868e-15
02923.31 1.479e-15
02925.40 -2.869e-15
02927.48 1.168e-15
02929.57 -5.783e-15
02931.66 3.847e-15
02933.75 -2.693e-15
02935.84 2.328e-15
02937.94 -5.604e-16
02940.04 -3.692e-15
02942.14 -1.939e-15
02944.24 -1.120e-15
02946.34 -3.095e-15
02948.44 7.217e-16
02950.55 -3.504e-17
02952.66 -1.019e-15
02954.77 -5.576e-16
02956.88 -4.417e-15
02958.99 -1.465e-15
02961.11 3.086e-15
02963.22 -5.184e-15
02965.34 -2.259e-15
02967.46 1.785e-15
02969.58 -2.251e-15
02971.70 -3.496e-15
02973.83 -1.619e-15
02975.96 1.345e-15
02978.09 -2.013e-15
02980.22 -6.315e-16
02982.35 6.062e-16
02984.48 9.613e-16
02986.62 2.056e-15
02988.76 4.601e-16
02990.89 -3.721e-16
02993.04 -2.233e-15
02995.18 1.123e-16
02997.32 1.157e-15
02999.47 -1.089e-15
03001.62 6.051e-17
03003.77 3.487e-15
03005.92 8.810e-16
03008.07 7.233e-16
03010.22 9.750e-16
03012.38 -1.358e-15
03014.54 -1.860e-15
03016.70 -3.576e-15
03018.86 -2.323e-15
03021.03 1.689e-16
03023.19 3.752e-15
03025.36 1.288e-15
03027.53 2.685e-15
03029.70 5.673e-16
03031.87 6.918e-15
03034.04 -1.311e-15
03036.22 1.440e-15
03038.39 -1.212e-15
03040.57 -1.463e-15
03042.75 -2.416e-15
03044.93 -1.363e-15
03047.12 2.043e-15
03049.30 -4.456e-16
03051.49 -1.773e-15
03053.68 -1.410e-15
03055.87 -2.185e-15
03058.06 5.351e-15
03060.26 -4.416e-16
03062.45 2.437e-15
03064.65 2.615e-15
03066.85 1.420e-15
03069.05 -2.732e-16
03071.25 3.725e-15
03073.45 -9.825e-16
03075.66 -5.614e-16
03077.86 9.411e-16
03080.07 6.827e-16
03082.28 -2.452e-15
03084.50 -4.604e-16
03086.71 -7.068e-16
03088.93 -2.323e-16
03091.14 -8.191e-16
03093.36 -1.979e-16
03095.58 -1.250e-15
03097.80 5.858e-16
03100.03 -6.345e-16
03102.25 1.911e-15
03104.48 1.737e-15
03106.71 1.607e-16
03108.94 1.253e-15
03111.17 2.022e-16
03113.40 -2.372e-16
03115.64 9.119e-16
03117.88 -7.867e-17
03120.11 1.246e-16
03122.35 3.304e-16
03124.59 2.121e-15
03126.84 7.634e-16
03129.08 1.579e-15
03131.33 -4.913e-16
03133.58 7.320e-16
03135.83 -1.629e-16
03138.08 3.607e-16
03140.33 -1.316e-16
03142.59 -2.065e-15
03144.84 -3.351e-16
03147.10 -6.359e-17
03149.36 2.194e-15
03151.62 5.985e-16
03153.88 4.737e-16
03156.15 -1.477e-16
03158.41 -2.776e-15
03160.68 -9.296e-16
03162.95 -3.506e-16
03165.22 -8.039e-16
03167.49 4.998e-16
03169.76 1.971e-15
03172.04 1.342e-16
03174.32 1.410e-15
03176.59 2.774e-16
03178.87 3.407e-16
03181.16 -5.253e-16
03183.44 -2.444e-16
03185.72 -1.403e-16
03188.01 -2.136e-17
03190.30 -1.226e-15
03192.59 2.333e-16
03194.88 -1.011e-15
03197.17 -8.373e-16
03199.46 3.100e-16
03201.76 1.250e-16
03204.06 2.011e-17
03206.36 -5.927e-16
03208.66 -1.417e-15
03210.96 -7.918e-16
03213.26 -2.685e-16
03215.57 1.348e-16
03217.87 1.324e-16
03220.18 1.300e-16
03222.49 -7.919e-16
03224.80 1.991e-16
03227.11 6.544e-16
03229.43 1.191e-17
03231.74 4.873e-16
03234.06 2.731e-17
03236.38 -2.127e-16
03238.70 -3.997e-16
03241.02 -6.285e-16
03243.35 -5.450e-16
03245.67 -4.686e-17
03248.00 1.760e-16
03250.32 -3.651e-16
03252.65 -8.546e-16
03254.99 5.446e-16
03257.32 6.818e-16
03259.65 -2.076e-18
03261.99 -2.240e-16
03264.32 -1.346e-15
03266.66 4.811e-17
03269.00 7.127e-16
03271.34 -6.518e-16
03273.69 9.421e-16
03276.03 -7.226e-16
03278.38 -3.743e-16
03280.73 2.908e-16
03283.07 7.838e-17
03285.43 -6.374e-16
03287.78 6.264e-16
03290.13 4.877e-16
03292.49 -1.132e-16
03294.84 -3.245e-16
03297.20 4.356e-16
03299.56 6.386e-16
03301.92 -1.275e-16
03304.28 5.238e-16
03306.65 -8.141e-16
03309.01 -2.848e-16
03311.38 -5.060e-16
03313.75 -4.405e-16
03316.12 9.365e-16
03318.49 4.646e-16
03320.86 4.112e-16
03323.24 -2.064e-17
03325.61 1.004e-16
03327.99 1.546e-16
03330.37 4.280e-16
03332.75 1.038e-16
03335.13 1.778e-16
03337.51 -9.070e-16
03339.90 -5.064e-16
03342.28 1.818e-17
03344.67 -2.061e-16
03347.06 3.364e-16
03349.45 -1.566e-16
03351.84 1.297e-16
03354.24 -1.174e-16
03356.63 -1.934e-16
03359.03 -4.184e-16
03361.42 1.064e-16
03363.82 -4.897e-16
03366.22 -3.799e-16
03368.62 -5.393e-17
03371.03 5.139e-16
03373.43 -3.828e-16
03375.84 1.258e-16
03378.25 1.753e-16
03380.66 -1.990e-16
03383.07 8.106e-17
03385.48 -1.797e-16
03387.89 4.482e-16
03390.31 2.003e-17
03392.72 -9.985e-17
03395.14 3.068e-17
03397.56 7.427e-17
03399.98 2.796e-16
03402.40 -1.826e-16
03404.82 -7.334e-16
03407.25 2.364e-17
03409.67 5.094e-16
03412.10 -9.014e-18
03414.53 1.884e-16
03416.96 3.443e-16
03419.39 -2.920e-16
03421.82 2.697e-16
03424.26 -5.062e-17
03426.70 5.012e-17
03429.13 -2.267e-16
03431.57 4.803e-16
03434.01 8.477e-17
03436.45 -2.220e-17
03438.89 4.264e-17
03441.34 2.119e-16
03443.78 2.254e-16
03446.23 2.390e-16
03448.68 -1.460e-16
03451.13 -1.553e-16
03453.58 9.322e-17
03456.03 3.684e-16
03458.49 2.938e-18
03460.94 1.578e-16
03463.40 1.194e-16
03465.86 2.145e-16
03468.31 -2.140e-16
03470.78 -1.317e-16
03473.24 5.366e-16
03475.70 2.292e-16
03478.16 -3.288e-17
03480.63 4.002e-17
03483.10 -1.085e-16
03485.57 6.712e-18
03488.04 2.718e-16
03490.51 1.435e-16
03492.98 -6.419e-17
03495.45 1.343e-16
03497.93 2.642e-16
03500.41 3.686e-17
03502.89 1.629e-16
03505.36 4.281e-17
03507.84 2.848e-16
03510.33 -1.588e-19
03512.81 3.685e-17
03515.30 1.595e-16
03517.78 1.906e-16
03520.27 8.966e-17
03522.76 7.643e-17
03525.25 1.654e-16
03527.74 -4.703e-17
03530.23 1.044e-16
03532.73 1.126e-16
03535.22 1.360e-16
03537.72 1.610e-16
03540.22 1.788e-16
03542.72 1.905e-16
03545.22 1.780e-16
03547.72 1.943e-16
03550.22 1.655e-16
03552.73 7.919e-17
03555.23 2.164e-16
03557.74 1.428e-16
03560.25 9.052e-17
03562.76 3.626e-16
03565.27 2.304e-16
03567.78 9.385e-17
03570.30 5.867e-17
03572.81 1.076e-16
03575.33 7.715e-17
03577.84 1.075e-16
03580.36 5.512e-17
03582.88 9.219e-17
03585.41 2.082e-16
03587.93 1.135e-16
03590.45 5.614e-17
03592.98 1.915e-16
03595.50 1.941e-16
03598.03 2.697e-16
03600.56 1.104e-16
03603.09 1.628e-16
03605.62 2.456e-16
03608.16 2.656e-16
03610.69 1.786e-16
03613.23 8.005e-17
03615.76 1.998e-16
03618.30 2.264e-16
03620.84 -9.910e-17
03623.38 -3.000e-17
03625.92 7.448e-17
03628.47 -1.093e-18
03631.01 1.787e-16
03633.56 2.502e-16
03636.10 1.992e-16
03638.65 1.482e-16
03641.20 1.292e-16
03643.75 1.688e-16
03646.30 1.169e-16
03648.86 1.270e-16
03651.41 -4.519e-17
03653.97 2.187e-16
03656.52 1.664e-16
03659.08 1.590e-16
03661.64 1.475e-16
03664.20 7.252e-17
03666.76 2.324e-16
03669.33 1.166e-16
03671.89 1.119e-16
03674.45 3.739e-17
03677.02 1.510e-16
03679.59 9.338e-17
03682.16 1.159e-16
03684.73 8.930e-17
03687.30 1.076e-16
03689.87 1.332e-16
03692.45 1.790e-16
03695.02 6.766e-17
03697.60 6.487e-17
03700.18 7.644e-17
03702.76 1.764e-17
03705.34 9.002e-17
03707.92 1.660e-16
03710.50 9.801e-17
03713.09 -6.781e-17
03715.67 -5.295e-18
03718.26 1.422e-16
03720.84 1.239e-16
03723.43 9.309e-17
03726.02 -5.601e-18
03728.61 9.980e-17
03731.21 1.927e-16
03733.80 1.830e-16
03736.39 1.032e-16
03738.99 1.622e-16
03741.59 2.616e-16
03744.18 2.730e-16
03746.78 2.120e-16
03749.39 2.247e-16
03751.99 5.131e-17
03754.59 6.148e-17
03757.19 6.085e-17
03759.80 6.355e-17
03762.41 1.043e-16
03765.01 6.730e-18
03767.62 7.610e-17
03770.23 6.992e-17
03772.84 5.542e-17
03775.45 2.832e-17
03778.07 9.293e-17
03780.68 1.323e-16
03783.30 1.789e-16
03785.92 1.063e-16
03788.53 1.138e-16
03791.15 1.668e-16
03793.77 4.539e-17
03796.40 1.405e-17
03799.02 3.549e-17
03801.64 1.613e-16
03804.27 2.062e-17
03806.89 1.260e-16
03809.52 1.210e-16
03812.15 6.012e-17
03814.78 4.378e-17
03817.41 7.665e-18
03820.04 9.629e-17
03822.68 9.959e-17
03825.31 6.902e-17
03827.95 1.183e-16
03830.58 8.320e-17
03833.22 7.398e-17
03835.86 1.632e-16
03838.50 1.276e-16
03841.14 9.976e-17
03843.78 1.419e-16
03846.43 3.178e-17
03849.07 3.934e-17
03851.72 3.556e-17
03854.36 5.722e-17
03857.01 5.697e-17
03859.66 8.100e-17
03862.31 4.021e-17
03864.96 4.399e-17
03867.61 1.105e-16
03870.27 9.253e-17
03872.92 1.010e-16
03875.58 2.521e-18
03878.23 1.253e-16
03880.89 8.741e-17
03883.55 9.190e-17
03886.21 1.345e-16
03888.87 1.201e-16
03891.53 1.103e-16
03894.20 9.759e-17
03896.86 1.001e-16
03899.53 8.797e-17
03902.20 1.029e-16
03904.86 1.773e-16
03907.53 1.052e-16
03910.20 9.701e-17
03912.87 6.474e-17
03915.55 9.113e-17
03918.22 1.673e-16
03920.89 2.076e-16
03923.57 1.605e-16
03926.25 2.077e-16
03928.92 1.917e-16
03931.60 1.903e-16
03934.28 2.191e-16
03936.96 2.317e-16
03939.64 1.955e-16
03942.33 2.472e-16
03945.01 2.225e-16
03947.70 2.180e-16
03950.38 2.686e-16
03953.07 1.977e-16
03955.76 2.418e-16
03958.45 2.468e-16
03961.14 1.862e-16
03963.83 2.242e-16
03966.52 2.241e-16
03969.22 1.915e-16
03971.91 2.050e-16
03974.61 1.700e-16
03977.31 1.766e-16
03980.00 1.833e-16
03982.70 2.000e-16
03985.40 1.562e-16
03988.10 1.368e-16
03990.81 1.504e-16
03993.51 1.654e-16
03996.21 2.124e-16
03998.92 1.583e-16
04001.63 1.277e-16
04004.33 1.778e-16
04007.04 1.662e-16
04009.75 2.462e-16
04012.46 2.484e-16
04015.17 1.487e-16
04017.89 2.327e-16
04020.60 1.172e-16
04023.31 1.704e-16
04026.03 1.882e-16
04028.75 2.483e-16
04031.47 2.224e-16
04034.18 1.769e-16
04036.90 1.587e-16
04039.62 2.367e-16
04042.35 2.101e-16
04045.07 2.056e-16
04047.79 1.697e-16
04050.52 2.247e-16
04053.24 2.234e-16
04055.97 2.423e-16
04058.70 2.420e-16
04061.43 2.393e-16
04064.16 2.455e-16
04066.89 2.500e-16
04069.62 2.552e-16
04072.36 1.996e-16
04075.09 2.304e-16
04077.82 1.863e-16
04080.56 2.621e-16
04083.30 2.199e-16
04086.03 2.261e-16
04088.77 2.231e-16
04091.51 1.862e-16
04094.26 2.935e-16
04097.00 1.953e-16
04099.74 2.526e-16
04102.48 2.022e-16
04105.23 1.525e-16
04107.98 2.475e-16
04110.72 2.173e-16
04113.47 2.472e-16
04116.22 2.516e-16
04118.97 1.891e-16
04121.72 2.051e-16
04124.47 2.240e-16
04127.23 2.019e-16
04129.98 1.671e-16
04132.73 1.568e-16
04135.49 1.306e-16
04138.25 1.937e-16
04141.01 1.618e-16
04143.76 2.057e-16
04146.52 1.660e-16
04149.28 2.150e-16
04152.05 1.881e-16
04154.81 1.686e-16
04157.57 1.105e-16
04160.34 2.044e-16
04163.10 1.881e-16
04165.87 1.702e-16
04168.64 1.988e-16
04171.40 2.132e-16
04174.18 1.649e-16
04176.94 1.811e-16
04179.72 1.851e-16
04182.49 1.710e-16
04185.26 1.565e-16
04188.04 1.690e-16
04190.81 1.230e-16
04193.59 1.842e-16
04196.36 1.613e-16
04199.14 1.433e-16
04201.92 1.641e-16
04204.70 2.035e-16
04207.48 1.548e-16
04210.26 1.802e-16
04213.05 1.619e-16
04215.83 1.576e-16
04218.61 1.648e-16
04221.40 1.843e-16
04224.19 2.098e-16
04226.97 2.510e-16
04229.76 1.801e-16
04232.55 2.145e-16
04235.34 1.883e-16
04238.13 2.016e-16
04240.93 1.706e-16
04243.72 1.774e-16
04246.51 1.519e-16
04249.31 1.645e-16
04252.10 1.985e-16
04254.90 1.554e-16
04257.70 1.671e-16
04260.49 1.956e-16
04263.29 1.523e-16
04266.09 2.001e-16
04268.90 1.428e-16
04271.70 2.084e-16
04274.50 1.524e-16
04277.30 1.401e-16
04280.11 1.797e-16
04282.91 1.709e-16
04285.72 1.158e-16
04288.53 1.892e-16
04291.34 1.673e-16
04294.15 1.671e-16
04296.96 2.046e-16
04299.77 1.723e-16
04302.58 2.044e-16
04305.39 1.820e-16
04308.21 1.664e-16
04311.02 1.898e-16
04313.84 2.103e-16
04316.65 1.896e-16
04319.47 1.949e-16
04322.29 1.824e-16
04325.11 1.708e-16
04327.93 1.844e-16
04330.75 1.817e-16
04333.57 1.560e-16
04336.39 1.598e-16
04339.22 1.644e-16
04342.04 1.799e-16
04344.87 1.814e-16
04347.69 1.737e-16
04350.52 1.810e-16
04353.35 2.191e-16
04356.18 2.591e-16
04359.01 2.074e-16
04361.84 2.147e-16
04364.67 2.270e-16
04367.50 1.927e-16
04370.33 1.925e-16
04373.17 1.479e-16
04376.00 1.475e-16
04378.84 1.738e-16
04381.67 1.884e-16
04384.51 1.813e-16
04387.35 1.561e-16
04390.19 1.390e-16
04393.03 1.779e-16
04395.87 1.464e-16
04398.71 1.681e-16
04401.55 1.230e-16
04404.40 1.572e-16
04407.24 1.522e-16
04410.09 1.176e-16
04412.93 1.687e-16
04415.78 1.549e-16
04418.63 1.506e-16
04421.48 1.568e-16
04424.32 1.282e-16
04427.18 1.276e-16
04430.03 1.491e-16
04432.88 1.648e-16
04435.73 1.414e-16
04438.58 1.726e-16
04441.44 1.724e-16
04444.29 1.594e-16
04447.15 1.476e-16
04450.01 1.832e-16
04452.86 1.668e-16
04455.72 1.455e-16
04458.58 1.717e-16
04461.44 1.631e-16
04464.30 1.717e-16
04467.16 1.613e-16
04470.03 1.736e-16
04472.89 1.346e-16
04475.76 1.607e-16
04478.62 1.819e-16
04481.49 1.682e-16
04484.35 1.643e-16
04487.22 1.882e-16
04490.09 1.928e-16
04492.96 1.885e-16
04495.83 1.689e-16
04498.70 1.806e-16
04501.57 1.881e-16
04504.44 1.841e-16
04507.31 1.984e-16
04510.19 1.729e-16
04513.06 1.545e-16
04515.94 1.253e-16
04518.82 1.554e-16
04521.69 1.705e-16
04524.57 1.530e-16
04527.45 1.909e-16
04530.33 1.812e-16
04533.21 1.934e-16
04536.09 1.859e-16
04538.97 1.872e-16
04541.85 2.062e-16
04544.74 2.033e-16
04547.62 2.275e-16
04550.51 1.764e-16
04553.39 2.270e-16
04556.28 2.426e-16
04559.17 2.347e-16
04562.06 2.462e-16
04564.94 2.510e-16
04567.84 2.432e-16
04570.73 2.701e-16
04573.62 2.716e-16
04576.51 3.008e-16
04579.40 2.853e-16
04582.30 2.355e-16
04585.19 2.807e-16
04588.09 3.013e-16
04590.98 2.436e-16
04593.88 2.883e-16
04596.78 3.038e-16
04599.67 2.956e-16
04602.57 2.770e-16
04605.47 2.691e-16
04608.37 2.783e-16
04611.27 3.301e-16
04614.18 2.892e-16
04617.08 3.179e-16
04619.98 3.015e-16
04622.89 3.062e-16
04625.79 3.239e-16
04628.70 2.957e-16
04631.60 3.208e-16
04634.51 3.253e-16
04637.42 2.800e-16
04640.33 2.911e-16
04643.24 3.232e-16
04646.15 3.400e-16
04649.06 3.159e-16
04651.97 3.160e-16
04654.89 2.840e-16
04657.80 3.049e-16
04660.71 3.022e-16
04663.63 3.076e-16
04666.54 2.929e-16
04669.46 2.942e-16
04672.38 3.003e-16
04675.29 3.170e-16
04678.21 3.073e-16
04681.13 3.200e-16
04684.05 3.118e-16
04686.97 2.854e-16
04689.89 3.014e-16
04692.82 2.905e-16
04695.74 3.241e-16
04698.66 3.397e-16
04701.59 3.409e-16
04704.51 3.778e-16
04707.44 3.364e-16
04710.36 3.646e-16
04713.29 3.573e-16
04716.22 3.734e-16
04719.15 3.548e-16
04722.08 3.510e-16
04725.01 3.346e-16
04727.94 3.390e-16
04730.87 3.402e-16
04733.80 3.365e-16
04736.74 3.256e-16
04739.67 3.382e-16
04742.60 2.976e-16
04745.54 3.022e-16
04748.48 3.239e-16
04751.41 3.207e-16
04754.35 2.771e-16
04757.29 3.127e-16
04760.23 3.081e-16
04763.16 2.730e-16
04766.10 2.953e-16
04769.05 2.794e-16
04771.99 2.727e-16
04774.93 2.923e-16
04777.87 2.925e-16
04780.82 2.923e-16
04783.76 3.119e-16
04786.70 2.673e-16
04789.65 2.647e-16
04792.60 3.041e-16
04795.54 3.001e-16
04798.49 2.995e-16
04801.44 2.845e-16
04804.39 2.952e-16
04807.34 2.728e-16
04810.29 2.844e-16
04813.24 3.157e-16
04816.19 3.164e-16
04819.15 2.846e-16
04822.10 2.606e-16
04825.05 3.096e-16
04828.01 2.752e-16
04830.96 2.740e-16
04833.92 2.437e-16
04836.87 2.561e-16
04839.83 2.707e-16
04842.79 2.618e-16
04845.75 2.305e-16
04848.71 2.459e-16
04851.67 2.483e-16
04854.63 2.197e-16
04857.59 2.401e-16
04860.55 2.050e-16
04863.51 2.024e-16
04866.48 2.002e-16
04869.44 2.190e-16
04872.40 2.137e-16
04875.37 3.228e-16
04878.34 3.992e-16
04881.30 3.720e-16
04884.27 3.639e-16
04887.24 2.923e-16
04890.21 2.758e-16
04893.18 2.193e-16
04896.15 1.784e-16
04899.12 1.906e-16
04902.09 1.803e-16
04905.06 1.827e-16
04908.03 1.999e-16
04911.00 1.933e-16
04913.98 1.666e-16
04916.95 1.667e-16
04919.93 1.627e-16
04922.90 1.705e-16
04925.88 1.935e-16
04928.86 1.578e-16
04931.83 1.613e-16
04934.81 1.684e-16
04937.79 1.661e-16
04940.77 1.681e-16
04943.75 1.818e-16
04946.73 1.938e-16
04949.71 1.807e-16
04952.69 1.801e-16
04955.68 2.090e-16
04958.66 2.076e-16
04961.65 2.294e-16
04964.63 2.308e-16
04967.61 2.390e-16
04970.60 2.709e-16
04973.59 2.778e-16
04976.57 2.747e-16
04979.56 3.055e-16
04982.55 3.263e-16
04985.54 3.489e-16
04988.53 3.412e-16
04991.52 3.634e-16
04994.51 3.722e-16
04997.50 3.806e-16
05000.49 4.190e-16
05003.49 4.016e-16
05006.48 4.533e-16
05009.47 4.500e-16
05012.47 4.588e-16
05015.46 4.800e-16
05018.46 4.553e-16
05021.45 4.927e-16
05024.45 5.044e-16
05027.45 5.185e-16
05030.45 4.865e-16
05033.45 4.923e-16
05036.44 4.928e-16
05039.44 5.080e-16
05042.45 5.132e-16
05045.45 5.086e-16
05048.45 5.190e-16
05051.45 4.945e-16
05054.45 4.864e-16
05057.46 5.077e-16
05060.46 4.594e-16
05063.47 4.602e-16
05066.47 4.348e-16
05069.48 4.327e-16
05072.48 3.957e-16
05075.49 3.955e-16
05078.50 3.628e-16
05081.51 3.460e-16
05084.52 3.816e-16
05087.53 3.102e-16
05090.54 3.071e-16
05093.55 2.942e-16
05096.56 2.515e-16
05099.57 2.477e-16
05102.58 2.485e-16
05105.60 2.472e-16
05108.61 2.168e-16
05111.62 2.231e-16
05114.64 2.386e-16
05117.65 2.370e-16
05120.67 2.157e-16
05123.69 2.384e-16
05126.70 2.278e-16
05129.72 2.337e-16
05132.74 2.304e-16
05135.76 2.584e-16
05138.78 2.606e-16
05141.80 2.558e-16
05144.82 2.817e-16
05147.84 2.656e-16
05150.86 2.817e-16
05153.88 2.868e-16
05156.90 2.989e-16
05159.93 2.972e-16
05162.95 2.985e-16
05165.98 2.766e-16
05169.00 3.051e-16
05172.02 2.924e-16
05175.05 2.946e-16
05178.08 3.026e-16
05181.10 3.015e-16
05184.13 3.171e-16
05187.16 3.116e-16
05190.19 3.274e-16
05193.22 3.162e-16
05196.25 3.211e-16
05199.28 3.061e-16
05202.31 3.396e-16
05205.34 3.243e-16
05208.38 3.085e-16
05211.41 3.102e-16
05214.44 3.116e-16
05217.48 3.270e-16
05220.51 3.161e-16
05223.54 3.310e-16
05226.58 2.997e-16
05229.62 3.188e-16
05232.65 3.291e-16
05235.69 2.877e-16
05238.73 2.851e-16
05241.77 3.220e-16
05244.80 3.138e-16
05247.84 3.207e-16
05250.88 3.272e-16
05253.92 3.320e-16
05256.96 2.823e-16
05260.01 2.788e-16
05263.05 3.149e-16
05266.09 3.089e-16
05269.13 3.041e-16
05272.18 2.946e-16
05275.22 3.017e-16
05278.27 2.885e-16
05281.31 3.163e-16
05284.35 3.072e-16
05287.40 3.292e-16
05290.45 3.082e-16
05293.49 3.432e-16
05296.54 3.572e-16
05299.59 3.388e-16
05302.64 3.610e-16
05305.69 3.581e-16
05308.74 3.688e-16
05311.79 3.703e-16
05314.84 3.503e-16
05317.89 3.701e-16
05320.94 3.904e-16
05324.00 3.640e-16
05327.05 3.859e-16
05330.10 3.907e-16
05333.16 3.901e-16
05336.21 3.918e-16
05339.27 4.065e-16
05342.32 3.945e-16
05345.38 4.037e-16
05348.43 4.068e-16
05351.49 4.006e-16
05354.55 4.073e-16
05357.60 4.268e-16
05360.66 4.038e-16
05363.72 4.035e-16
05366.78 3.783e-16
05369.84 3.937e-16
05372.90 4.028e-16
05375.96 4.128e-16
05379.02 4.153e-16
05382.09 4.052e-16
05385.15 4.009e-16
05388.21 4.121e-16
05391.28 4.563e-16
05394.34 4.212e-16
05397.40 4.509e-16
05400.47 4.488e-16
05403.53 4.525e-16
05406.60 4.536e-16
05409.67 4.605e-16
05412.73 4.801e-16
05415.80 4.739e-16
05418.87 4.955e-16
05421.94 4.879e-16
05425.01 4.868e-16
05428.07 4.809e-16
05431.15 4.686e-16
05434.22 4.716e-16
05437.29 4.710e-16
05440.36 4.784e-16
05443.43 4.612e-16
05446.50 4.751e-16
05449.57 4.692e-16
05452.65 4.605e-16
05455.72 4.491e-16
05458.80 4.267e-16
05461.87 4.542e-16
05464.94 4.128e-16
05468.02 4.029e-16
05471.10 4.208e-16
05474.17 4.181e-16
05477.25 4.109e-16
05480.33 3.980e-16
05483.40 4.113e-16
05486.48 3.812e-16
05489.56 3.840e-16
05492.64 4.355e-16
05495.72 4.330e-16
05498.80 4.444e-16
05501.88 4.363e-16
05504.96 4.743e-16
05508.05 4.860e-16
05511.13 5.188e-16
05514.21 5.393e-16
05517.29 5.399e-16
05520.38 5.700e-16
05523.46 5.517e-16
05526.54 5.808e-16
05529.63 5.978e-16
05532.71 5.789e-16
05535.80 6.000e-16
05538.89 6.043e-16
05541.97 6.017e-16
05545.06 6.374e-16
05548.15 6.625e-16
05551.23 6.592e-16
05554.32 6.552e-16
05557.41 6.603e-16
05560.50 6.535e-16
05563.59 6.373e-16
05566.68 6.558e-16
05569.77 6.681e-16
05572.86 6.297e-16
05575.95 6.741e-16
05579.05 6.141e-16
05582.14 5.945e-16
05585.23 5.914e-16
05588.33 5.703e-16
05591.42 5.459e-16
05594.51 5.094e-16
05597.61 5.083e-16
05600.70 4.645e-16
05603.80 4.921e-16
05606.90 4.752e-16
05609.99 4.776e-16
05613.09 4.399e-16
05616.19 4.196e-16
05619.28 4.256e-16
05622.38 4.010e-16
05625.48 4.220e-16
05628.58 3.966e-16
05631.68 3.854e-16
05634.78 4.125e-16
05637.88 3.970e-16
05640.98 4.103e-16
05644.08 4.075e-16
05647.18 4.026e-16
05650.28 4.067e-16
05653.39 4.267e-16
05656.49 4.290e-16
05659.59 4.141e-16
05662.70 4.347e-16
05665.80 4.454e-16
05668.90 4.356e-16
05672.01 4.413e-16
05675.11 4.221e-16
05678.22 4.272e-16
05681.33 4.659e-16
05684.43 4.120e-16
05687.54 4.053e-16
05690.65 3.976e-16
05693.76 3.926e-16
05696.86 3.382e-16
05699.97 3.652e-16
05703.08 3.137e-16
05706.19 2.988e-16
05709.30 2.918e-16
05712.41 2.675e-16
05715.52 2.458e-16
05718.63 2.241e-16
05721.75 2.354e-16
05724.86 1.898e-16
05727.97 1.757e-16
05731.08 1.602e-16
05734.20 1.526e-16
05737.31 1.401e-16
05740.42 1.415e-16
05743.54 1.443e-16
05746.65 1.418e-16
05749.77 1.229e-16
05752.88 1.437e-16
05756.00 1.275e-16
05759.12 1.418e-16
05762.23 1.423e-16
05765.35 1.506e-16
05768.47 1.640e-16
05771.59 1.487e-16
05774.70 1.582e-16
05777.82 1.520e-16
05780.94 1.391e-16
05784.06 1.509e-16
05787.18 1.642e-16
05790.30 1.703e-16
05793.42 2.033e-16
05796.54 2.112e-16
05799.67 2.130e-16
05802.79 2.113e-16
05805.91 2.441e-16
05809.03 2.461e-16
05812.16 2.453e-16
05815.28 2.667e-16
05818.40 3.061e-16
05821.53 3.279e-16
05824.65 3.592e-16
05827.78 3.648e-16
05830.90 4.092e-16
05834.03 4.241e-16
05837.15 4.379e-16
05840.28 4.718e-16
05843.41 5.190e-16
05846.53 5.220e-16
05849.66 5.558e-16
05852.79 5.623e-16
05855.92 5.939e-16
05859.05 6.415e-16
05862.18 6.580e-16
05865.31 6.850e-16
05868.44 7.140e-16
05871.57 7.070e-16
05874.70 7.473e-16
05877.83 7.502e-16
05880.96 7.686e-16
05884.09 7.881e-16
05887.22 7.908e-16
05890.36 8.319e-16
05893.49 8.212e-16
05896.62 8.546e-16
05899.76 8.763e-16
05902.89 8.578e-16
05906.02 8.584e-16
05909.16 8.348e-16
05912.30 8.074e-16
05915.43 7.716e-16
05918.57 7.854e-16
05921.70 8.200e-16
05924.84 8.356e-16
05927.98 8.409e-16
05931.11 8.587e-16
05934.25 8.598e-16
05937.39 8.621e-16
05940.53 8.634e-16
05943.67 8.669e-16
05946.81 8.690e-16
05949.94 8.438e-16
05953.08 8.425e-16
05956.22 8.397e-16
05959.36 8.302e-16
05962.51 7.995e-16
05965.65 7.990e-16
05968.79 7.888e-16
05971.93 7.844e-16
05975.07 7.961e-16
05978.22 7.741e-16
05981.36 7.698e-16
05984.50 7.629e-16
05987.65 7.660e-16
05990.79 7.401e-16
05993.93 7.367e-16
05997.08 7.239e-16
06000.22 7.356e-16
06003.37 7.287e-16
06006.52 7.074e-16
06009.66 7.214e-16
06012.81 6.960e-16
06015.95 6.897e-16
06019.10 6.992e-16
06022.25 7.074e-16
06025.40 6.607e-16
06028.54 6.500e-16
06031.69 6.327e-16
06034.84 6.295e-16
06037.99 6.079e-16
06041.14 6.099e-16
06044.29 5.926e-16
06047.44 6.391e-16
06050.59 6.224e-16
06053.74 6.248e-16
06056.89 6.269e-16
06060.05 6.063e-16
06063.20 6.080e-16
06066.35 6.366e-16
06069.50 6.046e-16
06072.65 5.830e-16
06075.81 5.778e-16
06078.96 5.537e-16
06082.11 5.541e-16
06085.27 5.483e-16
06088.42 5.507e-16
06091.58 5.422e-16
06094.73 5.307e-16
06097.89 5.308e-16
06101.04 5.242e-16
06104.20 5.496e-16
06107.36 5.138e-16
06110.51 5.242e-16
06113.67 5.175e-16
06116.83 5.077e-16
06119.99 5.056e-16
06123.14 5.508e-16
06126.30 5.178e-16
06129.46 5.391e-16
06132.62 5.249e-16
06135.78 5.461e-16
06138.94 5.584e-16
06142.10 5.388e-16
06145.26 5.551e-16
06148.42 5.568e-16
06151.58 5.592e-16
06154.74 5.783e-16
06157.90 5.525e-16
06161.07 5.687e-16
06164.23 5.582e-16
06167.39 5.501e-16
06170.55 5.568e-16
06173.72 5.450e-16
06176.88 5.682e-16
06180.04 5.199e-16
06183.21 5.361e-16
06186.37 5.170e-16
06189.54 5.346e-16
06192.70 4.989e-16
06195.87 5.179e-16
06199.03 5.107e-16
06202.20 5.065e-16
06205.37 4.886e-16
06208.53 4.781e-16
06211.70 4.554e-16
06214.87 4.747e-16
06218.03 4.724e-16
06221.20 4.568e-16
06224.37 4.850e-16
06227.54 5.155e-16
06230.71 5.225e-16
06233.88 5.216e-16
06237.05 5.224e-16
06240.21 5.317e-16
06243.38 5.269e-16
06246.56 5.472e-16
06249.73 5.508e-16
06252.90 5.524e-16
06256.07 5.550e-16
06259.24 5.568e-16
06262.41 5.854e-16
06265.58 5.433e-16
06268.75 5.842e-16
06271.93 5.677e-16
06275.10 5.652e-16
06278.27 5.664e-16
06281.45 5.495e-16
06284.62 5.395e-16
06287.79 5.650e-16
06290.97 5.785e-16
06294.14 5.759e-16
06297.32 5.520e-16
06300.49 5.459e-16
06303.67 5.307e-16
06306.85 5.619e-16
06310.02 5.783e-16
06313.20 5.598e-16
06316.37 5.736e-16
06319.55 5.574e-16
06322.73 5.584e-16
06325.91 5.813e-16
06329.08 5.647e-16
06332.26 5.757e-16
06335.44 5.722e-16
06338.62 5.776e-16
06341.80 5.666e-16
06344.98 5.981e-16
06348.16 5.469e-16
06351.34 5.453e-16
06354.52 5.529e-16
06357.70 5.838e-16
06360.88 5.519e-16
06364.06 5.477e-16
06367.24 5.372e-16
06370.42 5.408e-16
06373.60 5.403e-16
06376.78 5.422e-16
06379.97 5.183e-16
06383.15 5.142e-16
06386.33 5.231e-16
06389.52 5.310e-16
06392.70 5.522e-16
06395.88 5.374e-16
06399.07 4.939e-16
06402.25 5.279e-16
06405.44 5.225e-16
06408.62 5.052e-16
06411.81 4.830e-16
06414.99 5.095e-16
06418.18 5.028e-16
06421.36 4.967e-16
06424.55 4.977e-16
06427.73 4.953e-16
06430.92 5.106e-16
06434.11 5.042e-16
06437.30 5.216e-16
06440.48 5.143e-16
06443.67 5.063e-16
06446.86 5.159e-16
06450.05 5.152e-16
06453.24 5.157e-16
06456.43 4.990e-16
06459.61 4.843e-16
06462.80 5.044e-16
06465.99 5.277e-16
06469.18 5.425e-16
06472.37 5.511e-16
06475.56 5.464e-16
06478.75 5.239e-16
06481.94 5.220e-16
06485.14 5.648e-16
06488.33 5.783e-16
06491.52 5.438e-16
06494.71 5.793e-16
06497.90 6.052e-16
06501.10 5.796e-16
06504.29 6.160e-16
06507.48 5.974e-16
06510.68 5.896e-16
06513.87 5.814e-16
06517.06 5.626e-16
06520.26 5.614e-16
06523.45 5.494e-16
06526.65 5.118e-16
06529.84 5.208e-16
06533.04 5.247e-16
06536.23 5.306e-16
06539.43 5.165e-16
06542.62 4.705e-16
06545.82 4.667e-16
06549.02 4.490e-16
06552.21 4.257e-16
06555.41 4.157e-16
06558.61 3.898e-16
06561.80 3.864e-16
06565.00 3.756e-16
06568.20 3.947e-16
06571.40 4.118e-16
06574.60 4.349e-16
06577.79 3.888e-16
06580.99 4.028e-16
06584.19 4.169e-16
06587.39 4.310e-16
06590.59 4.451e-16
06593.79 4.591e-16
06596.99 4.732e-16
06600.19 4.873e-16
06603.39 5.013e-16
06606.59 5.022e-16
06609.79 5.031e-16
06612.99 5.040e-16
06616.20 5.049e-16
06619.40 5.058e-16
06622.60 5.067e-16
06625.80 5.473e-16
06629.01 5.019e-16
06632.21 5.067e-16
06635.41 5.676e-16
06638.61 5.902e-16
06641.82 6.263e-16
06645.02 6.097e-16
06648.23 6.431e-16
06651.43 6.337e-16
06654.63 6.818e-16
06657.84 6.820e-16
06661.04 7.033e-16
06664.25 6.976e-16
06667.45 6.974e-16
06670.66 6.838e-16
06673.87 6.873e-16
06677.07 7.123e-16
06680.28 7.397e-16
06683.49 7.181e-16
06686.69 6.979e-16
06689.90 6.944e-16
06693.11 6.802e-16
06696.31 7.032e-16
06699.52 7.478e-16
06702.73 7.527e-16
06705.94 7.310e-16
06709.15 7.223e-16
06712.36 7.204e-16
06715.56 7.027e-16
06718.77 6.937e-16
06721.98 6.927e-16
06725.19 7.049e-16
06728.40 6.911e-16
06731.61 6.739e-16
06734.82 6.783e-16
06738.03 7.482e-16
06741.24 7.877e-16
06744.46 7.875e-16
06747.67 7.610e-16
06750.88 7.459e-16
06754.09 7.383e-16
06757.30 7.276e-16
06760.51 7.337e-16
06763.73 6.868e-16
06766.94 6.642e-16
06770.15 6.352e-16
06773.36 6.146e-16
06776.58 5.847e-16
06779.79 6.015e-16
06783.01 6.116e-16
06786.22 6.064e-16
06789.43 6.158e-16
06792.65 6.255e-16
06795.86 5.906e-16
06799.08 5.903e-16
06802.29 5.653e-16
06805.51 5.617e-16
06808.72 5.305e-16
06811.94 5.769e-16
06815.16 5.715e-16
06818.37 5.682e-16
06821.59 5.879e-16
06824.81 5.427e-16
06828.02 5.705e-16
06831.24 5.442e-16
06834.46 5.535e-16
06837.67 5.558e-16
06840.89 5.700e-16
06844.11 5.650e-16
06847.33 5.662e-16
06850.55 5.871e-16
06853.76 5.915e-16
06856.98 5.706e-16
06860.20 5.140e-16
06863.42 5.053e-16
06866.64 4.884e-16
06869.86 3.992e-16
06873.08 4.303e-16
06876.30 4.590e-16
06879.52 4.647e-16
06882.74 4.618e-16
06885.96 4.788e-16
06889.18 4.628e-16
06892.40 4.173e-16
06895.63 4.664e-16
06898.85 4.448e-16
06902.07 4.278e-16
06905.29 4.483e-16
06908.51 4.803e-16
06911.74 4.307e-16
06914.96 4.024e-16
06918.18 4.114e-16
06921.40 3.983e-16
06924.63 4.061e-16
06927.85 3.763e-16
06931.07 3.707e-16
06934.30 3.496e-16
06937.52 3.833e-16
06940.75 3.606e-16
06943.97 3.427e-16
06947.20 3.361e-16
06950.42 2.925e-16
06953.65 3.293e-16
06956.87 3.069e-16
06960.10 2.691e-16
06963.32 2.868e-16
06966.55 3.142e-16
06969.78 3.218e-16
06973.00 3.292e-16
06976.23 3.507e-16
06979.45 3.771e-16
06982.68 3.557e-16
06985.91 4.051e-16
06989.14 4.272e-16
06992.36 4.703e-16
06995.59 5.063e-16
06998.82 5.350e-16
07002.05 5.355e-16
07005.28 5.348e-16
07008.51 6.036e-16
07011.73 6.197e-16
07014.96 6.532e-16
07018.19 6.714e-16
07021.42 7.099e-16
07024.65 7.708e-16
07027.88 7.714e-16
07031.11 7.464e-16
07034.34 7.067e-16
07037.57 6.999e-16
07040.80 7.280e-16
07044.03 7.429e-16
07047.27 7.684e-16
07050.50 7.683e-16
07053.73 7.897e-16
07056.96 8.302e-16
07060.19 8.553e-16
07063.42 8.672e-16
07066.66 8.644e-16
07069.89 8.648e-16
07073.12 8.729e-16
07076.35 8.715e-16
07079.59 8.350e-16
07082.82 8.562e-16
07086.05 8.042e-16
07089.29 7.832e-16
07092.52 7.804e-16
07095.76 8.068e-16
07098.99 7.798e-16
07102.22 7.725e-16
07105.46 8.020e-16
07108.69 8.342e-16
07111.93 7.900e-16
07115.16 7.941e-16
07118.40 7.638e-16
07121.63 7.624e-16
07124.87 7.251e-16
07128.11 7.280e-16
07131.34 7.355e-16
07134.58 7.088e-16
07137.81 7.431e-16
07141.05 7.313e-16
07144.29 7.235e-16
07147.53 6.829e-16
07150.76 6.953e-16
07154.00 6.813e-16
07157.24 6.562e-16
07160.48 6.274e-16
07163.71 6.048e-16
07166.95 6.024e-16
07170.19 6.126e-16
07173.43 5.698e-16
07176.67 5.799e-16
07179.91 5.920e-16
07183.15 5.692e-16
07186.39 5.593e-16
07189.63 5.509e-16
07192.86 5.513e-16
07196.10 5.476e-16
07199.35 5.418e-16
07202.59 5.166e-16
07205.83 5.374e-16
07209.07 5.856e-16
07212.31 6.049e-16
07215.55 6.209e-16
07218.79 6.286e-16
07222.03 6.619e-16
07225.27 6.423e-16
07228.52 6.499e-16
07231.76 6.292e-16
07235.00 7.051e-16
07238.24 6.632e-16
07241.48 6.341e-16
07244.73 6.650e-16
07247.97 7.483e-16
07251.21 6.997e-16
07254.46 6.657e-16
07257.70 7.009e-16
07260.94 7.140e-16
07264.19 7.361e-16
07267.43 7.255e-16
07270.68 7.098e-16
07273.92 6.761e-16
07277.16 7.023e-16
07280.41 6.730e-16
07283.65 7.152e-16
07286.90 7.005e-16
07290.15 7.620e-16
07293.39 7.244e-16
07296.64 7.788e-16
07299.88 7.622e-16
07303.13 7.401e-16
07306.38 6.979e-16
07309.62 7.497e-16
07312.87 7.263e-16
07316.11 7.412e-16
07319.36 6.714e-16
07322.61 7.206e-16
07325.86 6.904e-16
07329.10 7.424e-16
07332.35 7.468e-16
07335.60 7.752e-16
07338.85 7.554e-16
07342.10 7.723e-16
07345.35 7.636e-16
07348.59 7.261e-16
07351.84 7.220e-16
07355.09 7.364e-16
07358.34 7.356e-16
07361.59 7.217e-16
07364.84 7.413e-16
07368.09 7.360e-16
07371.34 7.536e-16
07374.59 7.324e-16
07377.84 7.230e-16
07381.09 6.613e-16
07384.34 6.284e-16
07387.59 6.318e-16
07390.84 6.152e-16
07394.09 6.218e-16
07397.35 6.503e-16
07400.60 6.061e-16
07403.85 6.405e-16
07407.10 6.554e-16
07410.35 6.741e-16
07413.60 6.414e-16
07416.86 6.115e-16
07420.11 6.338e-16
07423.36 5.893e-16
07426.61 5.879e-16
07429.87 5.847e-16
07433.12 5.543e-16
07436.38 5.868e-16
07439.63 5.718e-16
07442.88 5.968e-16
07446.14 6.076e-16
07449.39 5.745e-16
07452.65 6.342e-16
07455.90 6.139e-16
07459.15 6.574e-16
07462.41 5.909e-16
07465.66 5.727e-16
07468.92 5.784e-16
07472.18 5.684e-16
07475.43 5.444e-16
07478.69 5.588e-16
07481.94 5.599e-16
07485.20 5.378e-16
07488.45 5.533e-16
07491.71 5.794e-16
07494.97 5.806e-16
07498.22 5.695e-16
07501.48 5.863e-16
07504.74 5.410e-16
07508.00 5.687e-16
07511.25 5.233e-16
07514.51 5.009e-16
07517.77 5.083e-16
07521.03 4.848e-16
07524.28 5.208e-16
07527.54 5.057e-16
07530.80 4.834e-16
07534.06 5.283e-16
07537.32 5.263e-16
07540.58 5.418e-16
07543.84 5.575e-16
07547.10 5.256e-16
07550.36 4.898e-16
07553.62 5.162e-16
07556.88 4.785e-16
07560.14 4.661e-16
07563.40 4.712e-16
07566.66 4.810e-16
07569.92 5.091e-16
07573.18 5.054e-16
07576.44 4.705e-16
07579.70 4.716e-16
07582.96 4.625e-16
07586.22 4.856e-16
07589.49 4.576e-16
07592.75 3.708e-16
07596.01 2.943e-16
07599.27 2.289e-16
07602.53 1.548e-16
07605.80 1.268e-16
07609.06 1.497e-16
07612.32 2.231e-16
07615.59 2.472e-16
07618.85 2.823e-16
07622.11 2.844e-16
07625.38 2.592e-16
07628.64 2.848e-16
07631.90 2.367e-16
07635.17 2.473e-16
07638.43 2.148e-16
07641.70 2.649e-16
07644.96 2.737e-16
07648.23 3.098e-16
07651.49 3.141e-16
07654.76 3.051e-16
07658.02 3.391e-16
07661.29 3.577e-16
07664.55 3.546e-16
07667.82 3.506e-16
07671.09 3.661e-16
07674.35 3.264e-16
07677.62 3.611e-16
07680.88 3.085e-16
07684.15 3.174e-16
07687.42 3.093e-16
07690.68 2.869e-16
07693.95 2.840e-16
07697.22 3.004e-16
07700.49 2.934e-16
07703.75 3.391e-16
07707.02 3.272e-16
07710.29 3.650e-16
07713.56 3.684e-16
07716.83 3.769e-16
07720.10 4.308e-16
07723.36 3.540e-16
07726.63 3.922e-16
07729.90 3.693e-16
07733.17 3.647e-16
07736.44 4.286e-16
07739.71 4.365e-16
07742.98 4.667e-16
07746.25 4.855e-16
07749.52 5.097e-16
07752.79 5.244e-16
07756.06 5.270e-16
07759.33 5.555e-16
07762.60 5.771e-16
07765.87 5.579e-16
07769.15 5.535e-16
07772.42 5.574e-16
07775.69 6.087e-16
07778.96 5.990e-16
07782.23 5.853e-16
07785.50 6.145e-16
07788.77 6.506e-16
07792.05 6.474e-16
07795.32 6.240e-16
07798.59 6.271e-16
07801.87 6.614e-16
07805.14 6.602e-16
07808.41 6.577e-16
07811.69 6.545e-16
07814.96 6.215e-16
07818.23 6.019e-16
07821.51 5.639e-16
07824.78 5.608e-16
07828.06 5.647e-16
07831.33 6.072e-16
07834.60 6.096e-16
07837.88 6.096e-16
07841.15 6.106e-16
07844.43 6.438e-16
07847.70 6.567e-16
07850.98 6.284e-16
07854.26 5.807e-16
07857.53 5.426e-16
07860.81 5.654e-16
07864.08 5.090e-16
07867.36 4.817e-16
07870.64 4.717e-16
07873.91 4.964e-16
07877.19 5.152e-16
07880.47 5.226e-16
07883.74 5.289e-16
07887.02 5.972e-16
07890.30 6.060e-16
07893.58 5.397e-16
07896.85 5.069e-16
07900.13 5.094e-16
07903.41 4.498e-16
07906.69 4.881e-16
07909.97 4.561e-16
07913.25 4.220e-16
07916.52 4.576e-16
07919.80 4.713e-16
07923.08 5.298e-16
07926.36 5.367e-16
07929.64 5.383e-16
07932.92 5.243e-16
07936.20 5.868e-16
07939.48 5.290e-16
07942.76 5.414e-16
07946.04 4.731e-16
07949.32 5.015e-16
07952.60 4.852e-16
07955.89 4.581e-16
07959.17 4.313e-16
07962.45 4.723e-16
07965.73 4.838e-16
07969.01 4.757e-16
07972.29 4.960e-16
07975.57 5.182e-16
07978.86 5.568e-16
07982.14 5.446e-16
07985.42 5.582e-16
07988.70 5.778e-16
07991.99 5.673e-16
07995.27 5.302e-16
07998.55 5.353e-16
08001.84 4.980e-16
08005.12 4.619e-16
08008.40 4.716e-16
08011.69 4.058e-16
08014.97 4.623e-16
08018.26 4.634e-16
08021.54 4.913e-16
08024.83 4.416e-16
08028.11 4.531e-16
08031.40 4.933e-16
08034.68 4.586e-16
08037.97 4.990e-16
08041.25 5.157e-16
08044.54 4.962e-16
08047.82 5.054e-16
08051.11 4.621e-16
08054.40 4.918e-16
08057.68 4.654e-16
08060.97 4.338e-16
08064.26 4.252e-16
08067.54 3.954e-16
08070.83 4.188e-16
08074.12 4.250e-16
08077.40 3.816e-16
08080.69 4.387e-16
08083.98 4.352e-16
08087.27 4.399e-16
08090.56 4.599e-16
08093.84 4.685e-16
08097.13 4.676e-16
08100.42 4.635e-16
08103.71 4.623e-16
08107.00 4.500e-16
08110.29 4.446e-16
08113.58 4.616e-16
08116.87 4.360e-16
08120.16 4.158e-16
08123.45 3.898e-16
08126.74 3.982e-16
08130.03 3.425e-16
08133.32 3.526e-16
08136.61 3.754e-16
08139.90 3.232e-16
08143.19 3.679e-16
08146.48 3.485e-16
08149.77 4.211e-16
08153.06 3.890e-16
08156.36 3.794e-16
08159.65 4.261e-16
08162.94 3.896e-16
08166.23 3.892e-16
08169.53 3.772e-16
08172.82 3.481e-16
08176.11 3.494e-16
08179.40 3.391e-16
08182.70 3.534e-16
08185.99 4.110e-16
08189.28 3.840e-16
08192.58 4.035e-16
08195.87 4.139e-16
08199.17 4.113e-16
08202.46 4.049e-16
08205.75 4.035e-16
08209.05 4.440e-16
08212.34 4.560e-16
08215.64 4.843e-16
08218.93 4.979e-16
08222.23 4.627e-16
08225.53 4.568e-16
08228.82 4.658e-16
08232.12 4.764e-16
08235.41 4.783e-16
08238.71 4.332e-16
08242.01 4.637e-16
08245.30 4.367e-16
08248.60 4.229e-16
08251.90 3.984e-16
08255.19 4.231e-16
08258.49 4.206e-16
08261.79 4.154e-16
08265.09 4.561e-16
08268.39 4.956e-16
08271.68 4.634e-16
08274.98 4.550e-16
08278.28 4.680e-16
08281.58 4.427e-16
08284.88 5.075e-16
08288.18 4.872e-16
08291.48 3.949e-16
08294.78 4.498e-16
08298.08 4.370e-16
08301.38 4.051e-16
08304.68 3.978e-16
08307.98 3.718e-16
08311.28 3.283e-16
08314.58 3.454e-16
08317.88 3.126e-16
08321.18 3.688e-16
08324.48 3.329e-16
08327.78 3.275e-16
08331.08 3.443e-16
08334.39 2.986e-16
08337.69 2.711e-16
08340.99 2.682e-16
08344.29 2.929e-16
08347.59 2.404e-16
08350.90 2.143e-16
08354.20 2.265e-16
08357.50 1.853e-16
08360.81 1.971e-16
08364.11 1.419e-16
08367.41 1.389e-16
08370.72 1.538e-16
08374.02 1.118e-16
08377.33 1.407e-16
08380.63 1.062e-16
08383.93 1.487e-16
08387.24 1.489e-16
08390.54 1.415e-16
08393.85 1.420e-16
08397.16 1.651e-16
08400.46 1.174e-16
08403.77 1.003e-16
08407.07 9.536e-17
08410.38 9.215e-17
08413.68 1.690e-16
08416.99 1.527e-16
08420.30 1.360e-16
08423.60 1.357e-16
08426.91 2.158e-16
08430.22 2.662e-16
08433.53 2.362e-16
08436.83 2.764e-16
08440.14 2.718e-16
08443.45 2.474e-16
08446.76 2.856e-16
08450.07 2.340e-16
08453.38 2.129e-16
08456.68 2.207e-16
08459.99 3.030e-16
08463.30 2.523e-16
08466.61 2.684e-16
08469.92 3.215e-16
08473.23 3.373e-16
08476.54 2.884e-16
08479.85 3.005e-16
08483.16 3.655e-16
08486.48 4.259e-16
08489.79 4.531e-16
08493.10 4.971e-16
08496.41 4.650e-16
08499.72 4.322e-16
08503.03 4.159e-16
08506.34 4.006e-16
08509.66 3.949e-16
08512.97 3.942e-16
08516.28 3.459e-16
08519.59 3.709e-16
08522.91 3.358e-16
08526.22 3.934e-16
08529.53 4.311e-16
08532.85 4.667e-16
08536.16 4.428e-16
08539.47 5.049e-16
08542.79 4.041e-16
08546.10 4.036e-16
08549.42 3.687e-16
08552.73 3.930e-16
08556.05 3.982e-16
08559.36 4.229e-16
08562.68 4.233e-16
08565.99 4.084e-16
08569.31 4.469e-16
08572.62 4.952e-16
08575.94 5.206e-16
08579.26 5.746e-16
08582.57 6.147e-16
08585.89 6.147e-16
08589.21 6.318e-16
08592.52 6.325e-16
08595.84 6.738e-16
08599.16 6.268e-16
08602.48 6.507e-16
08605.80 6.375e-16
08609.11 6.408e-16
08612.43 6.334e-16
08615.75 7.223e-16
08619.07 7.077e-16
08622.39 7.523e-16
08625.71 8.690e-16
08629.03 9.999e-16
08632.35 9.855e-16
08635.67 1.089e-15
08638.99 1.024e-15
08642.31 1.081e-15
08645.63 1.036e-15
08648.95 9.489e-16
08652.27 9.574e-16
08655.59 9.893e-16
08658.92 8.696e-16
08662.24 8.832e-16
08665.56 9.683e-16
08668.88 8.856e-16
08672.20 9.712e-16
08675.53 1.098e-15
08678.85 1.072e-15
08682.17 1.138e-15
08685.50 1.175e-15
08688.82 1.208e-15
08692.14 1.218e-15
08695.47 1.194e-15
08698.79 1.185e-15
08702.12 1.107e-15
08705.44 1.074e-15
08708.76 1.013e-15
08712.09 9.383e-16
08715.42 9.139e-16
08718.74 8.274e-16
08722.07 8.573e-16
08725.39 8.451e-16
08728.72 8.796e-16
08732.05 8.579e-16
08735.37 8.932e-16
08738.70 8.707e-16
08742.03 9.664e-16
08745.35 1.011e-15
08748.68 9.955e-16
08752.01 1.113e-15
08755.34 1.066e-15
08758.66 9.677e-16
08761.99 9.059e-16
08765.32 8.806e-16
08768.65 8.001e-16
08771.98 7.272e-16
08775.31 6.787e-16
08778.64 7.116e-16
08781.97 7.038e-16
08785.30 7.366e-16
08788.63 7.712e-16
08791.96 7.447e-16
08795.29 7.621e-16
08798.62 7.960e-16
08801.95 8.260e-16
08805.28 8.941e-16
08808.61 9.052e-16
08811.95 9.225e-16
08815.28 9.562e-16
08818.61 8.843e-16
08821.94 8.200e-16
08825.28 7.292e-16
08828.61 6.823e-16
08831.94 6.680e-16
08835.27 6.135e-16
08838.61 6.201e-16
08841.94 6.032e-16
08845.28 6.255e-16
08848.61 5.926e-16
08851.95 5.550e-16
08855.28 5.800e-16
08858.62 6.290e-16
08861.95 6.673e-16
08865.29 6.936e-16
08868.62 6.929e-16
08871.96 7.097e-16
08875.30 5.913e-16
08878.63 6.375e-16
08881.97 5.538e-16
08885.31 5.739e-16
08888.64 4.949e-16
08891.98 5.400e-16
08895.32 4.714e-16
08898.66 5.058e-16
08902.00 4.272e-16
08905.33 3.654e-16
08908.67 4.044e-16
08912.01 4.143e-16
08915.35 5.207e-16
08918.69 5.409e-16
08922.03 5.490e-16
08925.37 6.391e-16
08928.71 6.284e-16
08932.05 5.624e-16
08935.39 5.303e-16
08938.73 4.826e-16
08942.07 3.821e-16
08945.41 4.081e-16
08948.76 4.167e-16
08952.10 3.432e-16
08955.44 3.428e-16
08958.78 3.427e-16
08962.12 2.862e-16
08965.47 4.032e-16
08968.81 3.533e-16
08972.16 4.286e-16
08975.50 5.120e-16
08978.84 4.698e-16
08982.19 4.356e-16
08985.53 4.374e-16
08988.88 4.372e-16
08992.22 3.656e-16
08995.57 4.218e-16
08998.91 3.595e-16
09002.26 3.393e-16
09005.60 3.725e-16
09008.95 2.521e-16
09012.30 2.260e-16
09015.64 2.709e-16
09018.99 3.475e-16
09022.34 2.651e-16
09025.68 2.783e-16
09029.03 3.560e-16
09032.38 3.118e-16
09035.73 4.384e-16
09039.08 4.580e-16
09042.43 4.534e-16
09045.77 4.818e-16
09049.12 4.184e-16
09052.47 4.016e-16
09055.82 5.103e-16
09059.17 3.872e-16
09062.52 3.439e-16
09065.88 3.675e-16
09069.23 3.896e-16
09072.58 3.004e-16
09075.93 3.456e-16
09079.28 3.685e-16
09082.63 3.565e-16
09085.98 3.519e-16
09089.34 3.922e-16
09092.69 4.177e-16
09096.04 4.647e-16
09099.40 4.915e-16
09102.75 4.707e-16
09106.10 5.498e-16
09109.46 5.890e-16
09112.81 6.046e-16
09116.17 4.926e-16
09119.52 5.693e-16
09122.88 4.391e-16
09126.23 4.472e-16
09129.59 4.187e-16
09132.94 3.857e-16
09136.30 3.236e-16
09139.66 3.848e-16
09143.01 3.477e-16
09146.37 3.436e-16
09149.73 2.998e-16
09153.09 3.889e-16
