03830.00 1.105e-16
03832.50 1.121e-16
03835.00 1.072e-16
03837.50 1.018e-16
03840.00 9.790e-17
03842.50 1.046e-16
03845.00 9.941e-17
03847.50 1.060e-16
03850.00 1.071e-16
03852.50 9.902e-17
03855.00 1.041e-16
03857.50 1.122e-16
03860.00 1.055e-16
03862.50 9.730e-17
03865.00 1.021e-16
03867.50 1.058e-16
03870.00 1.052e-16
03872.50 1.077e-16
03875.00 1.079e-16
03877.50 1.027e-16
03880.00 1.079e-16
03882.50 1.106e-16
03885.00 1.138e-16
03887.50 1.155e-16
03890.00 1.136e-16
03892.50 1.143e-16
03895.00 1.245e-16
03897.50 1.246e-16
03900.00 1.210e-16
03902.50 1.245e-16
03905.00 1.260e-16
03907.50 1.372e-16
03910.00 1.645e-16
03912.50 1.655e-16
03915.00 1.539e-16
03917.50 1.582e-16
03920.00 1.657e-16
03922.50 1.699e-16
03925.00 1.813e-16
03927.50 1.868e-16
03930.00 1.943e-16
03932.50 1.970e-16
03935.00 2.034e-16
03937.50 2.066e-16
03940.00 2.188e-16
03942.50 2.201e-16
03945.00 2.204e-16
03947.50 2.195e-16
03950.00 2.242e-16
03952.50 2.281e-16
03955.00 2.279e-16
03957.50 2.272e-16
03960.00 2.271e-16
03962.50 2.349e-16
03965.00 2.326e-16
03967.50 2.182e-16
03970.00 2.119e-16
03972.50 2.050e-16
03975.00 2.052e-16
03977.50 2.133e-16
03980.00 2.037e-16
03982.50 2.099e-16
03985.00 2.061e-16
03987.50 2.050e-16
03990.00 2.179e-16
03992.50 2.340e-16
03995.00 2.101e-16
03997.50 2.035e-16
04000.00 2.088e-16
04002.50 2.109e-16
04005.00 2.116e-16
04007.50 2.093e-16
04010.00 2.075e-16
04012.50 2.112e-16
04015.00 2.189e-16
04017.50 2.057e-16
04020.00 2.052e-16
04022.50 2.132e-16
04025.00 2.100e-16
04027.50 2.089e-16
04030.00 2.171e-16
04032.50 2.124e-16
04035.00 2.060e-16
04037.50 2.129e-16
04040.00 2.196e-16
04042.50 2.342e-16
04045.00 2.298e-16
04047.50 2.331e-16
04050.00 2.484e-16
04052.50 2.584e-16
04055.00 2.572e-16
04057.50 2.641e-16
04060.00 2.725e-16
04062.50 2.691e-16
04065.00 2.733e-16
04067.50 2.824e-16
04070.00 2.783e-16
04072.50 2.757e-16
04075.00 2.683e-16
04077.50 2.648e-16
04080.00 2.660e-16
04082.50 2.711e-16
04085.00 2.698e-16
04087.50 2.587e-16
04090.00 2.603e-16
04092.50 2.588e-16
04095.00 2.478e-16
04097.50 2.484e-16
04100.00 2.518e-16
04102.50 2.458e-16
04105.00 2.415e-16
04107.50 2.403e-16
04110.00 2.320e-16
04112.50 2.318e-16
04115.00 2.239e-16
04117.50 2.212e-16
04120.00 2.419e-16
04122.50 2.719e-16
04125.00 2.748e-16
04127.50 2.407e-16
04130.00 2.138e-16
04132.50 2.073e-16
04135.00 2.080e-16
04137.50 2.101e-16
04140.00 1.981e-16
04142.50 1.983e-16
04145.00 2.016e-16
04147.50 2.004e-16
04150.00 2.052e-16
04152.50 2.044e-16
04155.00 2.053e-16
04157.50 2.039e-16
04160.00 2.073e-16
04162.50 1.982e-16
04165.00 1.894e-16
04167.50 1.920e-16
04170.00 1.937e-16
04172.50 1.927e-16
04175.00 1.841e-16
04177.50 1.861e-16
04180.00 1.911e-16
04182.50 1.920e-16
04185.00 1.879e-16
04187.50 1.895e-16
04190.00 1.901e-16
04192.50 1.923e-16
04195.00 1.863e-16
04197.50 1.880e-16
04200.00 1.927e-16
04202.50 1.956e-16
04205.00 1.993e-16
04207.50 2.001e-16
04210.00 1.978e-16
04212.50 2.056e-16
04215.00 2.103e-16
04217.50 2.163e-16
04220.00 2.185e-16
04222.50 2.077e-16
04225.00 2.030e-16
04227.50 2.118e-16
04230.00 2.145e-16
04232.50 2.164e-16
04235.00 2.101e-16
04237.50 2.061e-16
04240.00 1.996e-16
04242.50 1.890e-16
04245.00 1.917e-16
04247.50 1.937e-16
04250.00 1.930e-16
04252.50 1.872e-16
04255.00 1.845e-16
04257.50 1.841e-16
04260.00 1.830e-16
04262.50 1.862e-16
04265.00 1.853e-16
04267.50 1.886e-16
04270.00 1.906e-16
04272.50 1.810e-16
04275.00 1.857e-16
04277.50 1.854e-16
04280.00 1.884e-16
04282.50 1.892e-16
04285.00 1.932e-16
04287.50 1.864e-16
04290.00 1.854e-16
04292.50 1.885e-16
04295.00 1.908e-16
04297.50 1.984e-16
04300.00 1.957e-16
04302.50 2.003e-16
04305.00 2.066e-16
04307.50 2.022e-16
04310.00 1.994e-16
04312.50 2.052e-16
04315.00 2.051e-16
04317.50 2.005e-16
04320.00 2.040e-16
04322.50 2.041e-16
04325.00 2.061e-16
04327.50 2.021e-16
04330.00 1.933e-16
04332.50 1.919e-16
04335.00 1.886e-16
04337.50 1.864e-16
04340.00 1.804e-16
04342.50 1.803e-16
04345.00 1.827e-16
04347.50 1.839e-16
04350.00 1.755e-16
04352.50 1.874e-16
04355.00 1.863e-16
04357.50 1.856e-16
04360.00 2.421e-16
04362.50 3.190e-16
04365.00 2.915e-16
04367.50 2.348e-16
04370.00 1.878e-16
04372.50 1.783e-16
04375.00 1.929e-16
04377.50 1.966e-16
04380.00 1.885e-16
04382.50 1.865e-16
04385.00 1.897e-16
04387.50 1.906e-16
04390.00 1.820e-16
04392.50 1.779e-16
04395.00 1.681e-16
04397.50 1.702e-16
04400.00 1.680e-16
04402.50 1.641e-16
04405.00 1.592e-16
04407.50 1.608e-16
04410.00 1.544e-16
04412.50 1.534e-16
04415.00 1.521e-16
04417.50 1.617e-16
04420.00 1.614e-16
04422.50 1.619e-16
04425.00 1.671e-16
04427.50 1.695e-16
04430.00 1.705e-16
04432.50 1.766e-16
04435.00 1.793e-16
04437.50 1.839e-16
04440.00 1.892e-16
04442.50 1.928e-16
04445.00 1.841e-16
04447.50 1.857e-16
04450.00 1.918e-16
04452.50 1.969e-16
04455.00 1.913e-16
04457.50 1.918e-16
04460.00 1.909e-16
04462.50 1.910e-16
04465.00 1.852e-16
04467.50 1.984e-16
04470.00 2.012e-16
04472.50 2.012e-16
04475.00 1.991e-16
04477.50 1.965e-16
04480.00 1.980e-16
04482.50 1.985e-16
04485.00 1.933e-16
04487.50 1.841e-16
04490.00 1.856e-16
04492.50 1.883e-16
04495.00 1.933e-16
04497.50 1.947e-16
04500.00 1.880e-16
04502.50 1.849e-16
04505.00 1.835e-16
04507.50 1.829e-16
04510.00 1.817e-16
04512.50 1.922e-16
04515.00 1.914e-16
04517.50 1.816e-16
04520.00 1.883e-16
04522.50 1.960e-16
04525.00 1.999e-16
04527.50 1.919e-16
04530.00 1.932e-16
04532.50 2.039e-16
04535.00 2.071e-16
04537.50 2.130e-16
04540.00 2.202e-16
04542.50 2.208e-16
04545.00 2.231e-16
04547.50 2.336e-16
04550.00 2.448e-16
04552.50 2.458e-16
04555.00 2.486e-16
04557.50 2.538e-16
04560.00 2.650e-16
04562.50 2.699e-16
04565.00 2.743e-16
04567.50 2.872e-16
04570.00 2.866e-16
04572.50 2.919e-16
04575.00 2.927e-16
04577.50 2.926e-16
04580.00 2.922e-16
04582.50 2.972e-16
04585.00 3.100e-16
04587.50 3.128e-16
04590.00 3.041e-16
04592.50 3.138e-16
04595.00 3.143e-16
04597.50 3.107e-16
04600.00 3.178e-16
04602.50 3.214e-16
04605.00 3.288e-16
04607.50 3.274e-16
04610.00 3.322e-16
04612.50 3.396e-16
04615.00 3.393e-16
04617.50 3.307e-16
04620.00 3.330e-16
04622.50 3.414e-16
04625.00 3.339e-16
04627.50 3.373e-16
04630.00 3.499e-16
04632.50 3.542e-16
04635.00 3.509e-16
04637.50 3.478e-16
04640.00 3.429e-16
04642.50 3.444e-16
04645.00 3.436e-16
04647.50 3.400e-16
04650.00 3.374e-16
04652.50 3.329e-16
04655.00 3.329e-16
04657.50 3.269e-16
04660.00 3.243e-16
04662.50 3.334e-16
04665.00 3.349e-16
04667.50 3.388e-16
04670.00 3.367e-16
04672.50 3.348e-16
04675.00 3.369e-16
04677.50 3.419e-16
04680.00 3.497e-16
04682.50 3.482e-16
04685.00 3.557e-16
04687.50 3.649e-16
04690.00 3.685e-16
04692.50 3.701e-16
04695.00 3.690e-16
04697.50 3.852e-16
04700.00 3.862e-16
04702.50 3.928e-16
04705.00 3.981e-16
04707.50 3.958e-16
04710.00 3.939e-16
04712.50 3.966e-16
04715.00 3.957e-16
04717.50 3.893e-16
04720.00 3.934e-16
04722.50 3.879e-16
04725.00 3.841e-16
04727.50 3.865e-16
04730.00 3.806e-16
04732.50 3.843e-16
04735.00 3.881e-16
04737.50 3.791e-16
04740.00 3.689e-16
04742.50 3.630e-16
04745.00 3.664e-16
04747.50 3.627e-16
04750.00 3.509e-16
04752.50 3.490e-16
04755.00 3.479e-16
04757.50 3.422e-16
04760.00 3.424e-16
04762.50 3.438e-16
04765.00 3.360e-16
04767.50 3.384e-16
04770.00 3.350e-16
04772.50 3.226e-16
04775.00 3.341e-16
04777.50 3.364e-16
04780.00 3.284e-16
04782.50 3.332e-16
04785.00 3.417e-16
04787.50 3.388e-16
04790.00 3.376e-16
04792.50 3.363e-16
04795.00 3.281e-16
04797.50 3.304e-16
04800.00 3.435e-16
04802.50 3.306e-16
04805.00 3.376e-16
04807.50 3.347e-16
04810.00 3.285e-16
04812.50 3.304e-16
04815.00 3.260e-16
04817.50 3.208e-16
04820.00 3.245e-16
04822.50 3.162e-16
04825.00 3.124e-16
04827.50 3.133e-16
04830.00 3.117e-16
04832.50 3.029e-16
04835.00 2.973e-16
04837.50 2.976e-16
04840.00 2.945e-16
04842.50 2.837e-16
04845.00 2.734e-16
04847.50 2.701e-16
04850.00 2.633e-16
04852.50 2.506e-16
04855.00 2.454e-16
04857.50 2.407e-16
04860.00 2.310e-16
04862.50 2.235e-16
04865.00 2.225e-16
04867.50 2.249e-16
04870.00 2.249e-16
04872.50 2.176e-16
04875.00 2.174e-16
04877.50 2.236e-16
04880.00 2.230e-16
04882.50 3.032e-16
04885.00 4.569e-16
04887.50 4.860e-16
04890.00 3.472e-16
04892.50 2.346e-16
04895.00 2.244e-16
04897.50 2.206e-16
04900.00 2.166e-16
04902.50 2.200e-16
04905.00 2.223e-16
04907.50 2.175e-16
04910.00 2.067e-16
04912.50 2.081e-16
04915.00 2.071e-16
04917.50 2.038e-16
04920.00 1.954e-16
04922.50 1.930e-16
04925.00 1.942e-16
04927.50 1.894e-16
04930.00 1.857e-16
04932.50 1.953e-16
04935.00 1.926e-16
04937.50 1.895e-16
04940.00 1.936e-16
04942.50 1.996e-16
04945.00 1.940e-16
04947.50 1.902e-16
04950.00 2.072e-16
04952.50 2.146e-16
04955.00 2.179e-16
04957.50 2.198e-16
04960.00 2.260e-16
04962.50 2.321e-16
04965.00 2.422e-16
04967.50 2.535e-16
04970.00 2.605e-16
04972.50 2.746e-16
04975.00 2.879e-16
04977.50 3.026e-16
04980.00 3.146e-16
04982.50 3.275e-16
04985.00 3.480e-16
04987.50 3.620e-16
04990.00 3.708e-16
04992.50 3.772e-16
04995.00 3.821e-16
04997.50 3.972e-16
05000.00 4.174e-16
05002.50 4.338e-16
05005.00 4.513e-16
05007.50 4.597e-16
05010.00 4.767e-16
05012.50 4.895e-16
05015.00 5.003e-16
05017.50 5.138e-16
05020.00 5.212e-16
05022.50 5.275e-16
05025.00 5.329e-16
05027.50 5.461e-16
05030.00 5.776e-16
05032.50 5.847e-16
05035.00 5.635e-16
05037.50 5.433e-16
05040.00 5.457e-16
05042.50 5.561e-16
05045.00 5.549e-16
05047.50 5.559e-16
05050.00 5.532e-16
05052.50 5.585e-16
05055.00 5.463e-16
05057.50 5.340e-16
05060.00 5.267e-16
05062.50 5.287e-16
05065.00 5.125e-16
05067.50 4.854e-16
05070.00 4.727e-16
05072.50 4.547e-16
05075.00 4.404e-16
05077.50 4.300e-16
05080.00 4.166e-16
05082.50 3.980e-16
05085.00 3.852e-16
05087.50 3.690e-16
05090.00 3.421e-16
05092.50 3.341e-16
05095.00 3.224e-16
05097.50 3.070e-16
05100.00 2.946e-16
05102.50 2.839e-16
05105.00 2.768e-16
05107.50 2.692e-16
05110.00 2.678e-16
05112.50 2.625e-16
05115.00 2.593e-16
05117.50 2.530e-16
05120.00 2.502e-16
05122.50 2.526e-16
05125.00 2.520e-16
05127.50 2.605e-16
05130.00 2.696e-16
05132.50 2.682e-16
05135.00 2.702e-16
05137.50 2.804e-16
05140.00 2.863e-16
05142.50 2.915e-16
05145.00 2.935e-16
05147.50 2.958e-16
05150.00 2.978e-16
05152.50 3.034e-16
05155.00 3.106e-16
05157.50 3.159e-16
05160.00 3.208e-16
05162.50 3.219e-16
05165.00 3.233e-16
05167.50 3.205e-16
05170.00 3.253e-16
05172.50 3.351e-16
05175.00 3.300e-16
05177.50 3.328e-16
05180.00 3.336e-16
05182.50 3.340e-16
05185.00 3.327e-16
05187.50 3.347e-16
05190.00 3.333e-16
05192.50 3.376e-16
05195.00 3.401e-16
05197.50 3.389e-16
05200.00 3.420e-16
05202.50 3.450e-16
05205.00 3.449e-16
05207.50 3.463e-16
05210.00 3.402e-16
05212.50 3.385e-16
05215.00 3.409e-16
05217.50 3.371e-16
05220.00 3.382e-16
05222.50 3.342e-16
05225.00 3.471e-16
05227.50 3.444e-16
05230.00 3.392e-16
05232.50 3.384e-16
05235.00 3.371e-16
05237.50 3.424e-16
05240.00 3.392e-16
05242.50 3.342e-16
05245.00 3.297e-16
05247.50 3.331e-16
05250.00 3.322e-16
05252.50 3.366e-16
05255.00 3.355e-16
05257.50 3.360e-16
05260.00 3.304e-16
05262.50 3.285e-16
05265.00 3.273e-16
05267.50 3.294e-16
05270.00 3.352e-16
05272.50 3.282e-16
05275.00 3.332e-16
05277.50 3.276e-16
05280.00 3.296e-16
05282.50 3.413e-16
05285.00 3.438e-16
05287.50 3.529e-16
05290.00 3.645e-16
05292.50 3.581e-16
05295.00 3.586e-16
05297.50 3.650e-16
05300.00 3.695e-16
05302.50 3.772e-16
05305.00 3.893e-16
05307.50 3.896e-16
05310.00 3.942e-16
05312.50 3.991e-16
05315.00 4.036e-16
05317.50 3.978e-16
05320.00 4.020e-16
05322.50 4.046e-16
05325.00 4.098e-16
05327.50 4.091e-16
05330.00 4.106e-16
05332.50 4.154e-16
05335.00 4.235e-16
05337.50 4.256e-16
05340.00 4.328e-16
05342.50 4.298e-16
05345.00 4.305e-16
05347.50 4.425e-16
05350.00 4.439e-16
05352.50 4.466e-16
05355.00 4.475e-16
05357.50 4.395e-16
05360.00 4.370e-16
05362.50 4.362e-16
05365.00 4.445e-16
05367.50 4.477e-16
05370.00 4.502e-16
05372.50 4.492e-16
05375.00 4.421e-16
05377.50 4.485e-16
05380.00 4.476e-16
05382.50 4.488e-16
05385.00 4.556e-16
05387.50 4.678e-16
05390.00 4.657e-16
05392.50 4.666e-16
05395.00 4.684e-16
05397.50 4.781e-16
05400.00 4.890e-16
05402.50 5.027e-16
05405.00 4.962e-16
05407.50 4.957e-16
05410.00 5.131e-16
05412.50 5.120e-16
05415.00 5.125e-16
05417.50 5.200e-16
05420.00 5.186e-16
05422.50 5.222e-16
05425.00 5.175e-16
05427.50 5.217e-16
05430.00 5.306e-16
05432.50 5.301e-16
05435.00 5.323e-16
05437.50 5.315e-16
05440.00 5.162e-16
05442.50 5.162e-16
05445.00 5.110e-16
05447.50 5.146e-16
05450.00 5.085e-16
05452.50 4.923e-16
05455.00 4.932e-16
05457.50 4.876e-16
05460.00 4.644e-16
05462.50 4.521e-16
05465.00 4.530e-16
05467.50 4.553e-16
05470.00 4.455e-16
05472.50 4.422e-16
05475.00 4.364e-16
05477.50 4.431e-16
05480.00 4.422e-16
05482.50 4.374e-16
05485.00 4.404e-16
05487.50 4.361e-16
05490.00 4.390e-16
05492.50 4.436e-16
05495.00 4.587e-16
05497.50 4.745e-16
05500.00 4.832e-16
05502.50 4.881e-16
05505.00 5.049e-16
05507.50 5.209e-16
05510.00 5.372e-16
05512.50 5.481e-16
05515.00 5.661e-16
05517.50 5.796e-16
05520.00 5.858e-16
05522.50 6.069e-16
05525.00 6.288e-16
05527.50 6.328e-16
05530.00 6.315e-16
05532.50 6.257e-16
05535.00 6.432e-16
05537.50 6.616e-16
05540.00 6.643e-16
05542.50 6.809e-16
05545.00 6.876e-16
05547.50 6.862e-16
05550.00 6.860e-16
05552.50 6.952e-16
05555.00 7.055e-16
05557.50 6.857e-16
05560.00 6.915e-16
05562.50 7.001e-16
05565.00 7.074e-16
05567.50 7.030e-16
05570.00 6.864e-16
05572.50 6.854e-16
05575.00 6.597e-16
05577.50 6.549e-16
05580.00 6.528e-16
05582.50 6.365e-16
05585.00 6.212e-16
05587.50 6.051e-16
05590.00 5.891e-16
05592.50 5.619e-16
05595.00 5.461e-16
05597.50 5.328e-16
05600.00 5.071e-16
05602.50 4.956e-16
05605.00 4.897e-16
05607.50 4.813e-16
05610.00 4.725e-16
05612.50 4.592e-16
05615.00 4.441e-16
05617.50 4.425e-16
05620.00 4.342e-16
05622.50 4.260e-16
05625.00 4.411e-16
05627.50 4.408e-16
05630.00 4.246e-16
05632.50 4.226e-16
05635.00 4.307e-16
05637.50 4.410e-16
05640.00 4.462e-16
05642.50 4.470e-16
05645.00 4.574e-16
05647.50 4.665e-16
05650.00 4.597e-16
05652.50 4.765e-16
05655.00 4.810e-16
05657.50 4.902e-16
05660.00 4.804e-16
05662.50 4.843e-16
05665.00 4.683e-16
05667.50 4.699e-16
05670.00 4.917e-16
05672.50 4.982e-16
05675.00 4.978e-16
05677.50 4.844e-16
05680.00 4.849e-16
05682.50 4.613e-16
05685.00 4.450e-16
05687.50 4.566e-16
05690.00 4.574e-16
05692.50 4.278e-16
05695.00 4.196e-16
05697.50 3.992e-16
05700.00 3.923e-16
05702.50 3.711e-16
05705.00 3.517e-16
05707.50 3.445e-16
05710.00 3.285e-16
05712.50 2.935e-16
05715.00 2.846e-16
05717.50 2.664e-16
05720.00 2.466e-16
05722.50 2.328e-16
05725.00 2.096e-16
05727.50 2.010e-16
05730.00 1.917e-16
05732.50 1.831e-16
05735.00 1.730e-16
05737.50 1.605e-16
05740.00 1.719e-16
05742.50 1.586e-16
05745.00 1.588e-16
05747.50 1.551e-16
05750.00 1.547e-16
05752.50 1.525e-16
05755.00 1.568e-16
05757.50 1.593e-16
05760.00 1.508e-16
05762.50 1.591e-16
05765.00 1.632e-16
05767.50 1.546e-16
05770.00 1.614e-16
05772.50 1.661e-16
05775.00 1.625e-16
05777.50 1.709e-16
05780.00 1.804e-16
05782.50 1.883e-16
05785.00 1.936e-16
05787.50 1.870e-16
05790.00 1.914e-16
05792.50 2.060e-16
05795.00 2.057e-16
05797.50 2.163e-16
05800.00 2.249e-16
05802.50 2.368e-16
05805.00 2.479e-16
05807.50 2.549e-16
05810.00 2.689e-16
05812.50 2.783e-16
05815.00 2.951e-16
05817.50 3.142e-16
05820.00 3.201e-16
05822.50 3.421e-16
05825.00 3.596e-16
05827.50 3.878e-16
05830.00 4.016e-16
05832.50 4.193e-16
05835.00 4.331e-16
05837.50 4.688e-16
05840.00 4.883e-16
05842.50 4.974e-16
05845.00 5.159e-16
05847.50 5.519e-16
05850.00 5.524e-16
05852.50 5.774e-16
05855.00 6.118e-16
05857.50 6.273e-16
05860.00 6.381e-16
05862.50 6.528e-16
05865.00 6.886e-16
05867.50 7.153e-16
05870.00 7.245e-16
05872.50 7.438e-16
05875.00 7.502e-16
05877.50 7.748e-16
05880.00 7.896e-16
05882.50 8.032e-16
05885.00 8.305e-16
05887.50 8.199e-16
05890.00 8.078e-16
05892.50 8.252e-16
05895.00 8.502e-16
05897.50 8.712e-16
05900.00 9.109e-16
05902.50 9.296e-16
05905.00 9.187e-16
05907.50 9.071e-16
05910.00 9.127e-16
05912.50 8.598e-16
05915.00 7.906e-16
05917.50 7.868e-16
05920.00 7.911e-16
05922.50 8.097e-16
05925.00 8.420e-16
05927.50 8.900e-16
05930.00 9.146e-16
05932.50 9.039e-16
05935.00 8.942e-16
05937.50 9.038e-16
05940.00 8.955e-16
05942.50 8.846e-16
05945.00 8.743e-16
05947.50 8.721e-16
05950.00 8.647e-16
05952.50 8.749e-16
05955.00 8.640e-16
05957.50 8.567e-16
05960.00 8.512e-16
05962.50 8.494e-16
05965.00 8.491e-16
05967.50 8.359e-16
05970.00 8.264e-16
05972.50 8.383e-16
05975.00 8.215e-16
05977.50 8.131e-16
05980.00 8.203e-16
05982.50 7.990e-16
05985.00 7.884e-16
05987.50 7.776e-16
05990.00 7.651e-16
05992.50 7.680e-16
05995.00 7.529e-16
05997.50 7.607e-16
06000.00 7.506e-16
06002.50 7.581e-16
06005.00 7.447e-16
06007.50 7.456e-16
06010.00 7.499e-16
06012.50 7.261e-16
06015.00 7.317e-16
06017.50 7.256e-16
06020.00 7.196e-16
06022.50 7.122e-16
06025.00 7.100e-16
06027.50 6.994e-16
06030.00 6.890e-16
06032.50 6.736e-16
06035.00 6.715e-16
06037.50 6.669e-16
06040.00 6.590e-16
06042.50 6.460e-16
06045.00 6.537e-16
06047.50 6.504e-16
06050.00 6.485e-16
06052.50 6.428e-16
06055.00 6.374e-16
06057.50 6.323e-16
06060.00 6.388e-16
06062.50 6.202e-16
06065.00 6.157e-16
06067.50 6.091e-16
06070.00 6.133e-16
06072.50 6.032e-16
06075.00 5.984e-16
06077.50 5.917e-16
06080.00 5.964e-16
06082.50 5.950e-16
06085.00 5.765e-16
06087.50 5.719e-16
06090.00 5.674e-16
06092.50 5.611e-16
06095.00 5.563e-16
06097.50 5.547e-16
06100.00 5.464e-16
06102.50 5.447e-16
06105.00 5.277e-16
06107.50 5.284e-16
06110.00 5.185e-16
06112.50 5.303e-16
06115.00 5.245e-16
06117.50 5.216e-16
06120.00 5.285e-16
06122.50 5.307e-16
06125.00 5.305e-16
06127.50 5.358e-16
06130.00 5.451e-16
06132.50 5.488e-16
06135.00 5.545e-16
06137.50 5.597e-16
06140.00 5.632e-16
06142.50 5.696e-16
06145.00 5.688e-16
06147.50 5.827e-16
06150.00 5.817e-16
06152.50 5.839e-16
06155.00 5.728e-16
06157.50 5.800e-16
06160.00 5.777e-16
06162.50 5.743e-16
06165.00 5.762e-16
06167.50 5.568e-16
06170.00 5.499e-16
06172.50 5.361e-16
06175.00 5.376e-16
06177.50 5.324e-16
06180.00 5.373e-16
06182.50 5.239e-16
06185.00 5.174e-16
06187.50 5.119e-16
06190.00 5.104e-16
06192.50 5.073e-16
06195.00 4.997e-16
06197.50 5.039e-16
06200.00 4.939e-16
06202.50 4.909e-16
06205.00 4.903e-16
06207.50 4.809e-16
06210.00 4.832e-16
06212.50 4.869e-16
06215.00 4.922e-16
06217.50 4.909e-16
06220.00 5.026e-16
06222.50 5.000e-16
06225.00 5.003e-16
06227.50 5.005e-16
06230.00 5.103e-16
06232.50 5.178e-16
06235.00 5.344e-16
06237.50 5.369e-16
06240.00 5.415e-16
06242.50 5.481e-16
06245.00 5.466e-16
06247.50 5.489e-16
06250.00 5.536e-16
06252.50 5.563e-16
06255.00 5.586e-16
06257.50 5.646e-16
06260.00 5.770e-16
06262.50 5.677e-16
06265.00 5.720e-16
06267.50 5.567e-16
06270.00 5.628e-16
06272.50 5.637e-16
06275.00 5.738e-16
06277.50 5.711e-16
06280.00 5.794e-16
06282.50 5.783e-16
06285.00 5.805e-16
06287.50 5.758e-16
06290.00 5.743e-16
06292.50 5.678e-16
06295.00 5.846e-16
06297.50 5.848e-16
06300.00 5.874e-16
06302.50 5.726e-16
06305.00 5.855e-16
06307.50 5.614e-16
06310.00 5.624e-16
06312.50 5.457e-16
06315.00 5.532e-16
06317.50 5.732e-16
06320.00 5.658e-16
06322.50 5.630e-16
06325.00 5.633e-16
06327.50 5.643e-16
06330.00 5.644e-16
06332.50 5.564e-16
06335.00 5.556e-16
06337.50 5.473e-16
06340.00 5.639e-16
06342.50 5.527e-16
06345.00 5.521e-16
06347.50 5.495e-16
06350.00 5.520e-16
06352.50 5.492e-16
06355.00 5.619e-16
06357.50 5.513e-16
06360.00 5.405e-16
06362.50 5.378e-16
06365.00 5.344e-16
06367.50 5.348e-16
06370.00 5.254e-16
06372.50 5.296e-16
06375.00 5.225e-16
06377.50 5.190e-16
06380.00 5.208e-16
06382.50 5.123e-16
06385.00 5.271e-16
06387.50 5.229e-16
06390.00 5.277e-16
06392.50 5.216e-16
06395.00 5.211e-16
06397.50 5.246e-16
06400.00 5.129e-16
06402.50 5.143e-16
06405.00 4.985e-16
06407.50 4.988e-16
06410.00 4.988e-16
06412.50 4.923e-16
06415.00 4.970e-16
06417.50 4.943e-16
06420.00 4.984e-16
06422.50 4.971e-16
06425.00 5.044e-16
06427.50 5.094e-16
06430.00 5.042e-16
06432.50 5.035e-16
06435.00 5.022e-16
06437.50 4.979e-16
06440.00 5.089e-16
06442.50 4.969e-16
06445.00 5.043e-16
06447.50 5.035e-16
06450.00 5.131e-16
06452.50 5.088e-16
06455.00 5.061e-16
06457.50 5.070e-16
06460.00 5.009e-16
06462.50 5.124e-16
06465.00 5.055e-16
06467.50 5.148e-16
06470.00 5.199e-16
06472.50 5.319e-16
06475.00 5.354e-16
06477.50 5.321e-16
06480.00 5.441e-16
06482.50 5.364e-16
06485.00 5.437e-16
06487.50 5.504e-16
06490.00 5.591e-16
06492.50 5.558e-16
06495.00 5.685e-16
06497.50 5.724e-16
06500.00 5.875e-16
06502.50 5.779e-16
06505.00 5.701e-16
06507.50 5.749e-16
06510.00 5.702e-16
06512.50 5.552e-16
06515.00 5.487e-16
06517.50 5.445e-16
06520.00 5.389e-16
06522.50 5.246e-16
06525.00 5.212e-16
06527.50 5.140e-16
06530.00 5.020e-16
06532.50 4.964e-16
06535.00 4.860e-16
06537.50 4.758e-16
06540.00 4.621e-16
06542.50 4.587e-16
06545.00 4.441e-16
06547.50 4.282e-16
06550.00 4.152e-16
06552.50 4.005e-16
06555.00 3.925e-16
06557.50 3.776e-16
06560.00 3.620e-16
06562.50 3.525e-16
06565.00 3.397e-16
06567.50 3.326e-16
06570.00 3.230e-16
06572.50 3.350e-16
06575.00 3.881e-16
06577.50 4.271e-16
06580.00 3.758e-16
06582.50 3.764e-16
06585.00 3.771e-16
06587.50 3.777e-16
06590.00 3.784e-16
06592.50 3.790e-16
06595.00 3.797e-16
06597.50 3.803e-16
06600.00 3.810e-16
06602.50 3.761e-16
06605.00 3.938e-16
06607.50 4.497e-16
06610.00 4.592e-16
06612.50 4.686e-16
06615.00 4.780e-16
06617.50 4.874e-16
06620.00 4.969e-16
06622.50 5.063e-16
06625.00 5.305e-16
06627.50 5.404e-16
06630.00 5.518e-16
06632.50 5.658e-16
06635.00 5.849e-16
06637.50 5.927e-16
06640.00 6.059e-16
06642.50 6.132e-16
06645.00 6.291e-16
06647.50 6.418e-16
06650.00 6.594e-16
06652.50 6.708e-16
06655.00 6.804e-16
06657.50 6.861e-16
06660.00 6.922e-16
06662.50 7.014e-16
06665.00 7.077e-16
06667.50 7.094e-16
06670.00 7.055e-16
06672.50 7.071e-16
06675.00 7.109e-16
06677.50 7.255e-16
06680.00 7.196e-16
06682.50 7.227e-16
06685.00 7.224e-16
06687.50 7.250e-16
06690.00 7.365e-16
06692.50 7.396e-16
06695.00 7.258e-16
06697.50 7.335e-16
06700.00 7.382e-16
06702.50 7.348e-16
06705.00 7.370e-16
06707.50 7.431e-16
06710.00 7.414e-16
06712.50 7.352e-16
06715.00 7.391e-16
06717.50 7.279e-16
06720.00 7.275e-16
06722.50 7.284e-16
06725.00 7.312e-16
06727.50 7.314e-16
06730.00 7.195e-16
06732.50 7.104e-16
06735.00 7.021e-16
06737.50 7.053e-16
06740.00 6.990e-16
06742.50 7.538e-16
06745.00 8.149e-16
06747.50 8.359e-16
06750.00 7.733e-16
06752.50 7.002e-16
06755.00 6.803e-16
06757.50 7.290e-16
06760.00 7.951e-16
06762.50 7.716e-16
06765.00 7.112e-16
06767.50 6.654e-16
06770.00 6.569e-16
06772.50 6.422e-16
06775.00 6.337e-16
06777.50 6.295e-16
06780.00 6.313e-16
06782.50 6.203e-16
06785.00 6.258e-16
06787.50 6.253e-16
06790.00 6.150e-16
06792.50 6.126e-16
06795.00 6.158e-16
06797.50 6.062e-16
06800.00 6.120e-16
06802.50 6.060e-16
06805.00 6.049e-16
06807.50 5.928e-16
06810.00 5.962e-16
06812.50 5.922e-16
06815.00 5.972e-16
06817.50 5.993e-16
06820.00 6.020e-16
06822.50 6.039e-16
06825.00 6.012e-16
06827.50 5.998e-16
06830.00 5.959e-16
06832.50 5.982e-16
06835.00 5.908e-16
06837.50 5.950e-16
06840.00 5.883e-16
06842.50 5.971e-16
06845.00 5.973e-16
06847.50 5.976e-16
06850.00 5.994e-16
06852.50 6.008e-16
06855.00 5.913e-16
06857.50 5.809e-16
06860.00 5.904e-16
06862.50 5.746e-16
06865.00 5.575e-16
06867.50 5.433e-16
06870.00 5.530e-16
06872.50 5.590e-16
06875.00 5.706e-16
06877.50 5.750e-16
06880.00 5.581e-16
06882.50 5.428e-16
06885.00 5.334e-16
06887.50 5.219e-16
06890.00 5.167e-16
06892.50 5.189e-16
06895.00 5.242e-16
06897.50 5.287e-16
06900.00 5.125e-16
06902.50 5.148e-16
06905.00 5.065e-16
06907.50 4.891e-16
06910.00 4.798e-16
06912.50 4.657e-16
06915.00 4.517e-16
06917.50 4.465e-16
06920.00 4.364e-16
06922.50 4.201e-16
06925.00 4.074e-16
06927.50 3.984e-16
06930.00 3.970e-16
06932.50 3.791e-16
06935.00 3.729e-16
06937.50 3.605e-16
06940.00 3.559e-16
06942.50 3.425e-16
06945.00 3.318e-16
06947.50 3.261e-16
06950.00 3.199e-16
06952.50 3.140e-16
06955.00 3.092e-16
06957.50 3.078e-16
06960.00 3.012e-16
06962.50 3.005e-16
06965.00 3.009e-16
06967.50 2.999e-16
06970.00 3.088e-16
06972.50 3.148e-16
06975.00 3.332e-16
06977.50 3.511e-16
06980.00 3.671e-16
06982.50 3.905e-16
06985.00 4.055e-16
06987.50 4.359e-16
06990.00 4.519e-16
06992.50 4.783e-16
06995.00 5.080e-16
06997.50 5.290e-16
07000.00 5.493e-16
07002.50 5.637e-16
07005.00 5.854e-16
07007.50 6.105e-16
07010.00 6.278e-16
07012.50 6.402e-16
07015.00 6.494e-16
07017.50 6.759e-16
07020.00 6.906e-16
07022.50 7.084e-16
07025.00 7.225e-16
07027.50 7.276e-16
07030.00 7.475e-16
07032.50 7.714e-16
07035.00 7.914e-16
07037.50 7.940e-16
07040.00 7.999e-16
07042.50 8.200e-16
07045.00 8.271e-16
07047.50 8.245e-16
07050.00 8.236e-16
07052.50 8.316e-16
07055.00 8.411e-16
07057.50 8.463e-16
07060.00 8.521e-16
07062.50 8.436e-16
07065.00 8.379e-16
07067.50 8.489e-16
07070.00 8.497e-16
07072.50 8.445e-16
07075.00 8.378e-16
07077.50 8.405e-16
07080.00 8.386e-16
07082.50 8.300e-16
07085.00 8.237e-16
07087.50 8.266e-16
07090.00 8.171e-16
07092.50 8.040e-16
07095.00 8.084e-16
07097.50 8.038e-16
07100.00 8.029e-16
07102.50 7.855e-16
07105.00 7.949e-16
07107.50 7.959e-16
07110.00 7.896e-16
07112.50 7.859e-16
07115.00 7.787e-16
07117.50 7.775e-16
07120.00 7.647e-16
07122.50 7.659e-16
07125.00 7.545e-16
07127.50 7.487e-16
07130.00 7.420e-16
07132.50 7.332e-16
07135.00 7.220e-16
07137.50 7.252e-16
07140.00 7.178e-16
07142.50 7.048e-16
07145.00 7.072e-16
07147.50 6.922e-16
07150.00 6.932e-16
07152.50 6.746e-16
07155.00 6.617e-16
07157.50 6.529e-16
07160.00 6.405e-16
07162.50 6.324e-16
07165.00 6.268e-16
07167.50 6.296e-16
07170.00 6.187e-16
07172.50 6.012e-16
07175.00 5.960e-16
07177.50 5.969e-16
07180.00 5.884e-16
07182.50 5.834e-16
07185.00 5.731e-16
07187.50 5.660e-16
07190.00 5.629e-16
07192.50 5.714e-16
07195.00 5.657e-16
07197.50 5.709e-16
07200.00 5.744e-16
07202.50 5.761e-16
07205.00 5.850e-16
07207.50 5.953e-16
07210.00 6.027e-16
07212.50 6.037e-16
07215.00 6.190e-16
07217.50 6.261e-16
07220.00 6.287e-16
07222.50 6.337e-16
07225.00 6.411e-16
07227.50 6.436e-16
07230.00 6.372e-16
07232.50 6.469e-16
07235.00 6.470e-16
07237.50 6.680e-16
07240.00 6.665e-16
07242.50 6.674e-16
07245.00 6.694e-16
07247.50 6.823e-16
07250.00 6.714e-16
07252.50 6.796e-16
07255.00 6.733e-16
07257.50 6.794e-16
07260.00 6.842e-16
07262.50 6.811e-16
07265.00 6.999e-16
07267.50 6.939e-16
07270.00 7.117e-16
07272.50 6.986e-16
07275.00 6.816e-16
07277.50 7.003e-16
07280.00 7.167e-16
07282.50 7.170e-16
07285.00 7.075e-16
07287.50 6.937e-16
07290.00 7.052e-16
07292.50 7.094e-16
07295.00 7.133e-16
07297.50 7.037e-16
07300.00 7.057e-16
07302.50 7.146e-16
07305.00 7.055e-16
07307.50 7.166e-16
07310.00 7.315e-16
07312.50 7.255e-16
07315.00 7.293e-16
07317.50 7.333e-16
07320.00 7.195e-16
07322.50 7.218e-16
07325.00 7.235e-16
07327.50 7.295e-16
07330.00 7.252e-16
07332.50 7.196e-16
07335.00 7.297e-16
07337.50 7.317e-16
07340.00 7.308e-16
07342.50 7.289e-16
07345.00 7.176e-16
07347.50 7.235e-16
07350.00 7.184e-16
07352.50 7.154e-16
07355.00 7.117e-16
07357.50 7.162e-16
07360.00 6.981e-16
07362.50 7.082e-16
07365.00 6.993e-16
07367.50 7.039e-16
07370.00 7.010e-16
07372.50 6.899e-16
07375.00 6.754e-16
07377.50 6.701e-16
07380.00 6.651e-16
07382.50 6.650e-16
07385.00 6.524e-16
07387.50 6.575e-16
07390.00 6.498e-16
07392.50 6.429e-16
07395.00 6.430e-16
07397.50 6.341e-16
07400.00 6.274e-16
07402.50 6.402e-16
07405.00 6.313e-16
07407.50 6.301e-16
07410.00 6.265e-16
07412.50 6.159e-16
07415.00 6.173e-16
07417.50 6.165e-16
07420.00 6.157e-16
07422.50 6.124e-16
07425.00 6.112e-16
07427.50 6.070e-16
07430.00 6.055e-16
07432.50 6.158e-16
07435.00 6.047e-16
07437.50 6.050e-16
07440.00 6.117e-16
07442.50 6.148e-16
07445.00 6.106e-16
07447.50 6.111e-16
07450.00 6.145e-16
07452.50 6.042e-16
07455.00 6.092e-16
07457.50 6.103e-16
07460.00 6.124e-16
07462.50 6.023e-16
07465.00 6.021e-16
07467.50 6.037e-16
07470.00 6.021e-16
07472.50 5.999e-16
07475.00 5.984e-16
07477.50 5.959e-16
07480.00 5.954e-16
07482.50 5.921e-16
07485.00 5.923e-16
07487.50 5.874e-16
07490.00 5.910e-16
07492.50 5.851e-16
07495.00 5.855e-16
07497.50 5.911e-16
07500.00 5.831e-16
07502.50 5.792e-16
07505.00 5.785e-16
07507.50 5.651e-16
07510.00 5.681e-16
07512.50 5.709e-16
07515.00 5.630e-16
07517.50 5.563e-16
07520.00 5.634e-16
07522.50 5.551e-16
07525.00 5.529e-16
07527.50 5.549e-16
07530.00 5.521e-16
07532.50 5.645e-16
07535.00 5.484e-16
07537.50 5.551e-16
07540.00 5.550e-16
07542.50 5.515e-16
07545.00 5.543e-16
07547.50 5.501e-16
07550.00 5.529e-16
07552.50 5.470e-16
07555.00 5.535e-16
07557.50 5.484e-16
07560.00 5.511e-16
07562.50 5.508e-16
07565.00 5.415e-16
07567.50 5.421e-16
07570.00 5.461e-16
07572.50 5.409e-16
07575.00 5.411e-16
07577.50 5.428e-16
07580.00 5.348e-16
07582.50 5.338e-16
07585.00 5.370e-16
07587.50 5.313e-16
07590.00 5.246e-16
07592.50 4.989e-16
07595.00 4.655e-16
07597.50 4.630e-16
07600.00 4.669e-16
07602.50 4.719e-16
07605.00 4.947e-16
07607.50 5.208e-16
07610.00 5.371e-16
07612.50 5.442e-16
07615.00 5.670e-16
07617.50 5.173e-16
07620.00 4.790e-16
07622.50 4.596e-16
07625.00 4.445e-16
07627.50 4.656e-16
07630.00 4.776e-16
07632.50 4.770e-16
07635.00 4.882e-16
07637.50 4.741e-16
07640.00 4.768e-16
07642.50 4.579e-16
07645.00 4.710e-16
07647.50 4.559e-16
07650.00 4.688e-16
07652.50 4.513e-16
07655.00 4.571e-16
07657.50 4.449e-16
07660.00 4.462e-16
07662.50 4.369e-16
07665.00 4.216e-16
07667.50 4.155e-16
07670.00 4.003e-16
07672.50 3.844e-16
07675.00 3.746e-16
07677.50 3.630e-16
07680.00 3.510e-16
07682.50 3.383e-16
07685.00 3.340e-16
07687.50 3.258e-16
07690.00 3.248e-16
07692.50 3.176e-16
07695.00 3.150e-16
07697.50 3.195e-16
07700.00 3.137e-16
07702.50 3.172e-16
07705.00 3.241e-16
07707.50 3.227e-16
07710.00 3.333e-16
07712.50 3.406e-16
07715.00 3.505e-16
07717.50 3.535e-16
07720.00 3.623e-16
07722.50 3.772e-16
07725.00 3.833e-16
07727.50 4.081e-16
07730.00 4.104e-16
07732.50 4.198e-16
07735.00 4.288e-16
07737.50 4.334e-16
07740.00 4.458e-16
07742.50 4.591e-16
07745.00 4.730e-16
07747.50 4.895e-16
07750.00 4.987e-16
07752.50 5.214e-16
07755.00 5.319e-16
07757.50 5.550e-16
07760.00 5.708e-16
07762.50 5.766e-16
07765.00 5.908e-16
07767.50 6.027e-16
07770.00 6.083e-16
07772.50 6.194e-16
07775.00 6.263e-16
07777.50 6.320e-16
07780.00 6.317e-16
07782.50 6.401e-16
07785.00 6.544e-16
07787.50 6.524e-16
07790.00 6.571e-16
07792.50 6.721e-16
07795.00 6.665e-16
07797.50 6.593e-16
07800.00 6.625e-16
07802.50 6.583e-16
07805.00 6.597e-16
07807.50 6.691e-16
07810.00 6.709e-16
07812.50 6.736e-16
07815.00 6.606e-16
07817.50 6.631e-16
07820.00 6.782e-16
07822.50 6.686e-16
07825.00 6.718e-16
07827.50 6.696e-16
07830.00 6.644e-16
07832.50 6.669e-16
07835.00 6.569e-16
07837.50 6.553e-16
07840.00 6.423e-16
07842.50 6.460e-16
07845.00 6.338e-16
07847.50 6.225e-16
07850.00 6.249e-16
07852.50 6.181e-16
07855.00 6.103e-16
07857.50 6.100e-16
07860.00 5.974e-16
07862.50 6.065e-16
07865.00 5.929e-16
07867.50 5.973e-16
07870.00 6.080e-16
07872.50 5.873e-16
07875.00 5.875e-16
07877.50 5.934e-16
07880.00 5.866e-16
07882.50 5.838e-16
07885.00 5.786e-16
07887.50 5.786e-16
07890.00 5.784e-16
07892.50 5.783e-16
07895.00 5.838e-16
07897.50 5.842e-16
07900.00 5.777e-16
07902.50 5.749e-16
07905.00 5.758e-16
07907.50 5.779e-16
07910.00 5.776e-16
07912.50 5.788e-16
07915.00 5.775e-16
07917.50 5.792e-16
07920.00 5.764e-16
07922.50 5.702e-16
07925.00 5.810e-16
07927.50 5.819e-16
07930.00 5.636e-16
07932.50 5.776e-16
07935.00 5.787e-16
07937.50 5.804e-16
07940.00 5.750e-16
07942.50 5.790e-16
07945.00 5.888e-16
07947.50 5.783e-16
07950.00 5.804e-16
07952.50 5.812e-16
07955.00 5.736e-16
07957.50 5.772e-16
07960.00 5.763e-16
07962.50 5.750e-16
07965.00 5.694e-16
07967.50 5.744e-16
07970.00 5.673e-16
07972.50 5.733e-16
07975.00 5.738e-16
07977.50 5.679e-16
07980.00 5.731e-16
07982.50 5.631e-16
07985.00 5.626e-16
07987.50 5.640e-16
07990.00 5.633e-16
07992.50 5.632e-16
07995.00 5.466e-16
07997.50 5.531e-16
08000.00 5.534e-16
08002.50 5.583e-16
08005.00 5.501e-16
08007.50 5.488e-16
08010.00 5.446e-16
08012.50 5.504e-16
08015.00 5.421e-16
08017.50 5.448e-16
08020.00 5.436e-16
08022.50 5.361e-16
08025.00 5.513e-16
08027.50 5.366e-16
08030.00 5.353e-16
08032.50 5.395e-16
08035.00 5.372e-16
08037.50 5.282e-16
08040.00 5.218e-16
08042.50 5.275e-16
08045.00 5.367e-16
08047.50 5.263e-16
08050.00 5.305e-16
08052.50 5.258e-16
08055.00 5.127e-16
08057.50 5.178e-16
08060.00 5.157e-16
08062.50 5.081e-16
08065.00 5.151e-16
08067.50 5.135e-16
08070.00 5.001e-16
08072.50 5.074e-16
08075.00 5.058e-16
08077.50 4.974e-16
08080.00 5.017e-16
08082.50 5.020e-16
08085.00 4.935e-16
08087.50 4.934e-16
08090.00 4.927e-16
08092.50 4.866e-16
08095.00 4.937e-16
08097.50 4.868e-16
08100.00 5.005e-16
08102.50 4.919e-16
08105.00 4.971e-16
08107.50 4.908e-16
08110.00 4.889e-16
08112.50 4.893e-16
08115.00 4.863e-16
08117.50 4.858e-16
08120.00 4.838e-16
08122.50 4.753e-16
08125.00 4.748e-16
08127.50 4.688e-16
08130.00 4.645e-16
08132.50 4.576e-16
08135.00 4.618e-16
08137.50 4.630e-16
08140.00 4.520e-16
08142.50 4.464e-16
08145.00 4.455e-16
08147.50 4.440e-16
08150.00 4.441e-16
08152.50 4.448e-16
08155.00 4.468e-16
08157.50 4.545e-16
08160.00 4.509e-16
08162.50 4.450e-16
08165.00 4.566e-16
08167.50 4.549e-16
08170.00 4.677e-16
08172.50 4.644e-16
08175.00 4.637e-16
08177.50 4.743e-16
08180.00 4.811e-16
08182.50 4.929e-16
08185.00 4.934e-16
08187.50 4.982e-16
08190.00 5.053e-16
08192.50 5.103e-16
08195.00 5.066e-16
08197.50 5.180e-16
08200.00 5.179e-16
08202.50 5.171e-16
08205.00 5.194e-16
08207.50 5.267e-16
08210.00 5.209e-16
08212.50 5.315e-16
08215.00 5.180e-16
08217.50 5.227e-16
08220.00 5.311e-16
08222.50 5.316e-16
08225.00 5.336e-16
08227.50 5.215e-16
08230.00 5.301e-16
08232.50 5.431e-16
08235.00 5.452e-16
08237.50 5.530e-16
08240.00 5.535e-16
08242.50 5.512e-16
08245.00 5.521e-16
08247.50 5.494e-16
08250.00 5.589e-16
08252.50 5.593e-16
08255.00 5.571e-16
08257.50 5.556e-16
08260.00 5.592e-16
08262.50 5.557e-16
08265.00 5.585e-16
08267.50 5.510e-16
08270.00 5.388e-16
08272.50 5.269e-16
08275.00 5.349e-16
08277.50 5.238e-16
08280.00 5.151e-16
08282.50 5.121e-16
08285.00 5.070e-16
08287.50 4.944e-16
08290.00 4.937e-16
08292.50 4.882e-16
08295.00 4.816e-16
08297.50 4.690e-16
08300.00 4.641e-16
08302.50 4.575e-16
08305.00 4.610e-16
08307.50 4.483e-16
08310.00 4.428e-16
08312.50 4.365e-16
08315.00 4.167e-16
08317.50 4.101e-16
08320.00 3.992e-16
08322.50 3.841e-16
08325.00 3.824e-16
08327.50 3.588e-16
08330.00 3.409e-16
08332.50 3.263e-16
08335.00 3.107e-16
08337.50 2.984e-16
08340.00 2.964e-16
08342.50 2.799e-16
08345.00 2.551e-16
08347.50 2.358e-16
08350.00 2.334e-16
08352.50 2.234e-16
08355.00 2.076e-16
08357.50 1.972e-16
08360.00 1.848e-16
08362.50 1.781e-16
08365.00 1.757e-16
08367.50 1.723e-16
08370.00 1.712e-16
08372.50 1.623e-16
08375.00 1.537e-16
08377.50 1.493e-16
08380.00 1.516e-16
08382.50 1.463e-16
08385.00 1.494e-16
08387.50 1.457e-16
08390.00 1.510e-16
08392.50 1.494e-16
08395.00 1.523e-16
08397.50 1.573e-16
08400.00 1.509e-16
08402.50 1.597e-16
08405.00 1.602e-16
08407.50 1.647e-16
08410.00 1.690e-16
08412.50 1.752e-16
08415.00 1.779e-16
08417.50 1.838e-16
08420.00 1.856e-16
08422.50 1.920e-16
08425.00 1.989e-16
08427.50 2.049e-16
08430.00 2.140e-16
08432.50 2.220e-16
08435.00 2.292e-16
08437.50 2.458e-16
08440.00 2.568e-16
08442.50 2.635e-16
08445.00 2.718e-16
08447.50 2.779e-16
08450.00 2.868e-16
08452.50 2.986e-16
08455.00 3.061e-16
08457.50 3.115e-16
08460.00 3.213e-16
08462.50 3.331e-16
08465.00 3.433e-16
08467.50 3.514e-16
08470.00 3.577e-16
08472.50 3.614e-16
08475.00 3.733e-16
08477.50 3.783e-16
08480.00 3.878e-16
08482.50 3.994e-16
08485.00 4.062e-16
08487.50 4.147e-16
08490.00 4.138e-16
08492.50 4.134e-16
08495.00 4.242e-16
08497.50 4.226e-16
08500.00 4.284e-16
08502.50 4.267e-16
08505.00 4.314e-16
08507.50 4.289e-16
08510.00 4.195e-16
08512.50 4.205e-16
08515.00 4.237e-16
08517.50 4.279e-16
08520.00 4.198e-16
08522.50 4.319e-16
08525.00 4.274e-16
08527.50 4.311e-16
08530.00 4.297e-16
08532.50 4.286e-16
08535.00 4.229e-16
08537.50 4.364e-16
08540.00 4.365e-16
08542.50 4.374e-16
08545.00 4.411e-16
08547.50 4.430e-16
08550.00 4.440e-16
08552.50 4.543e-16
08555.00 4.611e-16
08557.50 4.695e-16
08560.00 4.743e-16
08562.50 4.864e-16
08565.00 4.971e-16
08567.50 5.067e-16
08570.00 5.211e-16
08572.50 5.307e-16
08575.00 5.353e-16
08577.50 5.507e-16
08580.00 5.690e-16
08582.50 5.856e-16
08585.00 6.054e-16
08587.50 6.182e-16
08590.00 6.300e-16
08592.50 6.488e-16
08595.00 6.671e-16
08597.50 6.813e-16
08600.00 7.127e-16
08602.50 7.313e-16
08605.00 7.466e-16
08607.50 7.678e-16
08610.00 7.908e-16
08612.50 8.048e-16
08615.00 8.330e-16
08617.50 8.546e-16
08620.00 8.669e-16
08622.50 8.840e-16
08625.00 9.007e-16
08627.50 9.181e-16
08630.00 9.342e-16
08632.50 9.673e-16
08635.00 9.779e-16
08637.50 1.004e-15
08640.00 1.018e-15
08642.50 1.031e-15
08645.00 1.043e-15
08647.50 1.059e-15
08650.00 1.074e-15
08652.50 1.084e-15
08655.00 1.103e-15
08657.50 1.101e-15
08660.00 1.100e-15
08662.50 1.102e-15
08665.00 1.127e-15
08667.50 1.139e-15
08670.00 1.132e-15
08672.50 1.145e-15
08675.00 1.139e-15
08677.50 1.125e-15
08680.00 1.137e-15
08682.50 1.144e-15
08685.00 1.140e-15
08687.50 1.134e-15
08690.00 1.135e-15
08692.50 1.143e-15
08695.00 1.138e-15
08697.50 1.119e-15
08700.00 1.118e-15
08702.50 1.130e-15
08705.00 1.123e-15
08707.50 1.120e-15
08710.00 1.115e-15
08712.50 1.113e-15
08715.00 1.115e-15
08717.50 1.107e-15
08720.00 1.095e-15
08722.50 1.091e-15
08725.00 1.070e-15
08727.50 1.076e-15
08730.00 1.057e-15
08732.50 1.062e-15
08735.00 1.045e-15
08737.50 1.033e-15
08740.00 1.025e-15
08742.50 1.018e-15
08745.00 1.008e-15
08747.50 9.987e-16
08750.00 1.001e-15
08752.50 9.870e-16
08755.00 9.898e-16
08757.50 9.732e-16
08760.00 9.728e-16
08762.50 9.554e-16
08765.00 9.535e-16
08767.50 9.442e-16
08770.00 9.454e-16
08772.50 9.341e-16
08775.00 9.252e-16
08777.50 9.188e-16
08780.00 9.186e-16
08782.50 9.162e-16
08785.00 9.182e-16
08787.50 9.195e-16
08790.00 9.102e-16
08792.50 9.243e-16
08795.00 9.089e-16
08797.50 9.014e-16
08800.00 8.945e-16
08802.50 8.880e-16
08805.00 8.803e-16
08807.50 8.851e-16
08810.00 8.754e-16
08812.50 8.652e-16
08815.00 8.588e-16
08817.50 8.516e-16
08820.00 8.520e-16
08822.50 8.404e-16
08825.00 8.283e-16
08827.50 8.323e-16
08830.00 8.153e-16
08832.50 8.012e-16
08835.00 8.050e-16
08837.50 7.966e-16
08840.00 7.824e-16
08842.50 7.766e-16
08845.00 7.589e-16
08847.50 7.552e-16
08850.00 7.479e-16
08852.50 7.355e-16
08855.00 7.275e-16
08857.50 7.202e-16
08860.00 7.075e-16
08862.50 7.019e-16
08865.00 7.001e-16
08867.50 6.838e-16
08870.00 6.680e-16
08872.50 6.519e-16
08875.00 6.431e-16
08877.50 6.319e-16
08880.00 6.131e-16
08882.50 6.108e-16
08885.00 5.977e-16
08887.50 5.952e-16
08890.00 5.839e-16
08892.50 5.816e-16
08895.00 5.662e-16
08897.50 5.684e-16
08900.00 5.652e-16
08902.50 5.717e-16
08905.00 5.633e-16
08907.50 5.468e-16
08910.00 5.507e-16
08912.50 5.511e-16
08915.00 5.473e-16
08917.50 5.515e-16
08920.00 5.409e-16
08922.50 5.424e-16
08925.00 5.418e-16
08927.50 5.550e-16
08930.00 5.634e-16
08932.50 5.676e-16
08935.00 5.692e-16
08937.50 5.615e-16
08940.00 5.633e-16
08942.50 5.595e-16
08945.00 5.478e-16
08947.50 5.466e-16
08950.00 5.430e-16
08952.50 5.398e-16
08955.00 5.485e-16
08957.50 5.405e-16
08960.00 5.350e-16
08962.50 5.323e-16
08965.00 5.361e-16
08967.50 5.286e-16
08970.00 5.257e-16
08972.50 5.099e-16
08975.00 5.088e-16
08977.50 4.921e-16
08980.00 4.994e-16
08982.50 4.987e-16
08985.00 4.809e-16
08987.50 4.708e-16
08990.00 4.718e-16
08992.50 4.772e-16
08995.00 4.739e-16
08997.50 4.576e-16
09000.00 4.580e-16
09002.50 4.529e-16
09005.00 4.534e-16
09007.50 4.510e-16
09010.00 4.489e-16
09012.50 4.352e-16
09015.00 4.323e-16
09017.50 4.401e-16
09020.00 4.404e-16
09022.50 4.434e-16
09025.00 4.391e-16
09027.50 4.291e-16
09030.00 4.441e-16
09032.50 4.453e-16
09035.00 4.399e-16
09037.50 4.481e-16
09040.00 4.519e-16
09042.50 4.637e-16
09045.00 4.624e-16
09047.50 4.660e-16
09050.00 4.665e-16
09052.50 4.831e-16
09055.00 4.947e-16
09057.50 4.937e-16
09060.00 4.909e-16
09062.50 4.972e-16
09065.00 5.033e-16
09067.50 5.043e-16
09070.00 5.081e-16
09072.50 5.219e-16
09075.00 5.421e-16
09077.50 5.344e-16
09080.00 5.483e-16
09082.50 5.533e-16
09085.00 5.547e-16
09087.50 5.810e-16
09090.00 5.819e-16
09092.50 5.867e-16
09095.00 5.841e-16
09097.50 5.804e-16
09100.00 5.902e-16
09102.50 6.045e-16
09105.00 6.233e-16
09107.50 6.640e-16
09110.00 6.959e-16
09112.50 6.758e-16
09115.00 6.055e-16
09117.50 6.000e-16
09120.00 6.056e-16
09122.50 6.152e-16
09125.00 6.060e-16
09127.50 5.999e-16
09130.00 6.010e-16
09132.50 6.041e-16
09135.00 5.977e-16
09137.50 5.975e-16
09140.00 5.930e-16
09142.50 5.893e-16
09145.00 5.715e-16
09147.50 5.689e-16
09150.00 5.598e-16
09152.50 5.408e-16
09155.00 5.404e-16
09157.50 5.332e-16
09160.00 5.346e-16
09162.50 5.269e-16
09165.00 5.173e-16
09167.50 5.088e-16
09170.00 4.957e-16
09172.50 4.821e-16
09175.00 4.780e-16
09177.50 4.654e-16
09180.00 4.676e-16
09182.50 4.541e-16
09185.00 4.528e-16
09187.50 4.480e-16
09190.00 4.499e-16
09192.50 4.451e-16
09195.00 4.394e-16
09197.50 4.516e-16
09200.00 4.559e-16
09202.50 4.525e-16
09205.00 4.578e-16
09207.50 4.715e-16
09210.00 4.701e-16
09212.50 4.746e-16
09215.00 4.733e-16
09217.50 4.903e-16
09220.00 4.903e-16
09222.50 4.958e-16
09225.00 5.024e-16
09227.50 5.138e-16
09230.00 5.326e-16
09232.50 5.425e-16
09235.00 5.565e-16
09237.50 5.612e-16
09240.00 5.788e-16
09242.50 5.941e-16
09245.00 6.075e-16
09247.50 6.115e-16
09250.00 6.268e-16
09252.50 6.255e-16
09255.00 6.275e-16
09257.50 6.415e-16
09260.00 6.524e-16
09262.50 6.598e-16
09265.00 6.577e-16
09267.50 6.739e-16
09270.00 6.924e-16
09272.50 6.802e-16
09275.00 6.778e-16
09277.50 6.698e-16
09280.00 6.842e-16
09282.50 6.941e-16
09285.00 6.854e-16
09287.50 6.876e-16
09290.00 6.947e-16
09292.50 6.960e-16
09295.00 6.869e-16
09297.50 6.884e-16
09300.00 6.918e-16
09302.50 6.859e-16
09305.00 6.787e-16
09307.50 6.696e-16
09310.00 6.756e-16
09312.50 6.885e-16
09315.00 6.461e-16
09317.50 6.583e-16
09320.00 6.730e-16
09322.50 6.423e-16
09325.00 6.222e-16
09327.50 6.480e-16
09330.00 6.512e-16
09332.50 6.185e-16
09335.00 6.103e-16
09337.50 6.119e-16
09340.00 5.921e-16
09342.50 5.641e-16
09345.00 5.662e-16
09347.50 6.237e-16
09350.00 5.827e-16
09352.50 5.513e-16
09355.00 5.422e-16
09357.50 5.567e-16
09360.00 5.625e-16
09362.50 5.591e-16
09365.00 5.256e-16
09367.50 5.180e-16
09370.00 5.230e-16
09372.50 5.471e-16
09375.00 5.530e-16
09377.50 5.305e-16
09380.00 5.249e-16
09382.50 5.554e-16
09385.00 5.480e-16
09387.50 5.556e-16
09390.00 5.736e-16
09392.50 5.633e-16
09395.00 5.642e-16
09397.50 5.641e-16
09400.00 5.652e-16
09402.50 5.721e-16
09405.00 5.873e-16
09407.50 5.759e-16
09410.00 5.749e-16
09412.50 5.890e-16
09415.00 5.980e-16
09417.50 5.969e-16
09420.00 5.928e-16
09422.50 6.152e-16
09425.00 5.799e-16
09427.50 5.621e-16
09430.00 6.100e-16
09432.50 6.385e-16
09435.00 6.093e-16
09437.50 5.881e-16
09440.00 5.538e-16
09442.50 6.032e-16
09445.00 6.245e-16
09447.50 6.371e-16
09450.00 6.176e-16
09452.50 5.875e-16
09455.00 5.886e-16
09457.50 5.921e-16
09460.00 6.224e-16
09462.50 6.092e-16
09465.00 6.249e-16
09467.50 5.891e-16
09470.00 6.090e-16
09472.50 5.985e-16
09475.00 6.228e-16
09477.50 6.037e-16
09480.00 6.042e-16
09482.50 5.976e-16
09485.00 6.319e-16
09487.50 6.171e-16
09490.00 5.987e-16
09492.50 5.722e-16
09495.00 5.781e-16
09497.50 5.872e-16
09500.00 5.816e-16
09502.50 5.917e-16
09505.00 6.162e-16
09507.50 6.144e-16
09510.00 5.950e-16
09512.50 5.718e-16
09515.00 5.706e-16
09517.50 5.601e-16
09520.00 5.645e-16
09522.50 5.735e-16
09525.00 5.577e-16
09527.50 5.587e-16
09530.00 5.514e-16
09532.50 5.522e-16
09535.00 5.395e-16
09537.50 5.382e-16
09540.00 5.334e-16
09542.50 5.076e-16
09545.00 5.080e-16
09547.50 5.270e-16
09550.00 5.151e-16
09552.50 4.915e-16
09555.00 4.733e-16
09557.50 4.900e-16
09560.00 5.020e-16
09562.50 4.862e-16
09565.00 4.723e-16
09567.50 4.955e-16
09570.00 5.713e-16
09572.50 6.710e-16
09575.00 6.640e-16
09577.50 5.460e-16
09580.00 4.784e-16
09582.50 4.783e-16
09585.00 4.922e-16
09587.50 4.932e-16
09590.00 5.033e-16
09592.50 4.965e-16
09595.00 4.934e-16
09597.50 4.848e-16
09600.00 5.012e-16
09602.50 4.931e-16
09605.00 5.012e-16
09607.50 5.057e-16
09610.00 5.189e-16
09612.50 5.091e-16
09615.00 5.146e-16
09617.50 5.124e-16
09620.00 5.117e-16
09622.50 5.147e-16
09625.00 5.212e-16
09627.50 5.345e-16
09630.00 5.317e-16
09632.50 5.320e-16
09635.00 5.257e-16
09637.50 5.328e-16
09640.00 5.424e-16
09642.50 5.371e-16
09645.00 5.384e-16
09647.50 5.618e-16
09650.00 5.687e-16
09652.50 5.583e-16
09655.00 5.459e-16
09657.50 5.520e-16
09660.00 5.530e-16
09662.50 5.487e-16
09665.00 5.708e-16
09667.50 5.651e-16
09670.00 5.615e-16
09672.50 5.584e-16
09675.00 5.653e-16
09677.50 5.494e-16
09680.00 5.499e-16
09682.50 5.677e-16
09685.00 5.722e-16
09687.50 5.638e-16
09690.00 5.615e-16
09692.50 5.629e-16
09695.00 5.632e-16
09697.50 5.692e-16
09700.00 5.629e-16
09702.50 5.600e-16
09705.00 5.710e-16
09707.50 5.604e-16
09710.00 5.626e-16
09712.50 5.567e-16
09715.00 5.568e-16
09717.50 5.519e-16
09720.00 5.611e-16
09722.50 5.521e-16
09725.00 5.599e-16
09727.50 5.754e-16
09730.00 5.694e-16
09732.50 5.672e-16
09735.00 5.564e-16
09737.50 5.692e-16
09740.00 5.624e-16
09742.50 5.680e-16
09745.00 5.627e-16
09747.50 5.576e-16
09750.00 5.627e-16
09752.50 5.651e-16
09755.00 5.561e-16
09757.50 5.595e-16
09760.00 5.539e-16
09762.50 5.583e-16
09765.00 5.527e-16
09767.50 5.554e-16
09770.00 5.517e-16
09772.50 5.515e-16
09775.00 5.421e-16
09777.50 5.413e-16
09780.00 5.502e-16
09782.50 5.566e-16
09785.00 5.536e-16
09787.50 5.422e-16
09790.00 5.277e-16
09792.50 5.295e-16
09795.00 5.423e-16
09797.50 5.239e-16
09800.00 5.340e-16
09802.50 5.260e-16
09805.00 5.259e-16
09807.50 5.202e-16
09810.00 5.252e-16
09812.50 5.195e-16
09815.00 5.144e-16
09817.50 5.237e-16
09820.00 5.342e-16
09822.50 5.242e-16
09825.00 5.150e-16
09827.50 5.184e-16
09830.00 5.185e-16
09832.50 5.284e-16
09835.00 5.129e-16
09837.50 5.146e-16
09840.00 5.186e-16
09842.50 5.215e-16
09845.00 5.172e-16
09847.50 5.154e-16
09850.00 5.137e-16
09852.50 5.128e-16
09855.00 5.296e-16
09857.50 5.263e-16
09860.00 5.185e-16
09862.50 5.254e-16
09865.00 5.181e-16
09867.50 5.216e-16
09870.00 5.251e-16
09872.50 5.401e-16
09875.00 5.241e-16
09877.50 5.234e-16
09880.00 5.360e-16
09882.50 5.423e-16
09885.00 5.352e-16
09887.50 5.317e-16
09890.00 5.512e-16
09892.50 5.500e-16
09895.00 5.515e-16
09897.50 5.394e-16
09900.00 5.296e-16
09902.50 5.512e-16
09905.00 5.356e-16
09907.50 5.383e-16
09910.00 5.349e-16
09912.50 5.512e-16
09915.00 5.568e-16
09917.50 5.568e-16
09920.00 5.559e-16
09922.50 5.524e-16
09925.00 5.502e-16
09927.50 5.482e-16
09930.00 5.532e-16
09932.50 5.548e-16
09935.00 5.646e-16
09937.50 5.529e-16
09940.00 5.495e-16
09942.50 5.568e-16
09945.00 5.574e-16
09947.50 5.615e-16
09950.00 5.647e-16
09952.50 5.652e-16
09955.00 5.765e-16
09957.50 5.872e-16
09960.00 5.779e-16
09962.50 5.852e-16
09965.00 5.825e-16
09967.50 5.834e-16
09970.00 5.879e-16
09972.50 5.938e-16
09975.00 5.787e-16
09977.50 5.787e-16
09980.00 5.829e-16
09982.50 5.875e-16
09985.00 5.834e-16
09987.50 5.668e-16
09990.00 5.643e-16
09992.50 5.651e-16
09995.00 5.676e-16
09997.50 5.751e-16
10000.00 5.590e-16
10002.50 5.532e-16
10005.00 5.652e-16
10007.50 5.588e-16
10010.00 5.697e-16
10012.50 5.706e-16
10015.00 5.667e-16
10017.50 5.546e-16
10020.00 5.713e-16
10022.50 5.820e-16
10025.00 5.852e-16
10027.50 5.819e-16
10030.00 5.855e-16
10032.50 5.908e-16
10035.00 5.962e-16
10037.50 5.936e-16
10040.00 6.012e-16
10042.50 6.059e-16
10045.00 6.068e-16
10047.50 6.080e-16
10050.00 6.110e-16
10052.50 5.897e-16
10055.00 5.971e-16
10057.50 5.932e-16
10060.00 5.882e-16
10062.50 5.862e-16
10065.00 5.779e-16
10067.50 5.831e-16
10070.00 5.874e-16
10072.50 5.856e-16
10075.00 5.709e-16
10077.50 5.681e-16
10080.00 5.604e-16
10082.50 5.537e-16
10085.00 5.671e-16
10087.50 5.339e-16
10090.00 5.638e-16
10092.50 5.888e-16
10095.00 6.200e-16
10097.50 5.847e-16
10100.00 5.551e-16
10102.50 5.576e-16
10105.00 5.458e-16
10107.50 5.279e-16
10110.00 5.415e-16
10112.50 5.526e-16
10115.00 5.558e-16
10117.50 5.581e-16
10120.00 5.439e-16
10122.50 5.647e-16
10125.00 5.827e-16
10127.50 5.727e-16
10130.00 5.782e-16
10132.50 5.742e-16
10135.00 5.777e-16
10137.50 5.753e-16
10140.00 5.693e-16
10142.50 5.623e-16
10145.00 5.623e-16
10147.50 5.599e-16
10150.00 5.622e-16
10152.50 5.700e-16
10155.00 5.507e-16
10157.50 5.481e-16
10160.00 5.692e-16
10162.50 5.583e-16
10165.00 5.665e-16
10167.50 5.693e-16
10170.00 5.714e-16
10172.50 5.785e-16
10175.00 5.664e-16
10177.50 5.656e-16
10180.00 5.645e-16
10182.50 5.445e-16
10185.00 5.426e-16
10187.50 5.493e-16
10190.00 5.260e-16
10192.50 5.157e-16
10195.00 5.039e-16
10197.50 4.881e-16
10200.00 4.931e-16
10202.50 4.822e-16
10205.00 4.546e-16
10207.50 4.438e-16
10210.00 4.216e-16
10212.50 4.117e-16
10215.00 4.100e-16
10217.50 3.860e-16
10220.00 3.849e-16
10222.50 3.778e-16
10225.00 3.340e-16
10227.50 3.314e-16
10230.00 3.114e-16
10232.50 3.018e-16
10235.00 2.933e-16
10237.50 2.698e-16
10240.00 2.651e-16
10242.50 2.408e-16
10245.00 2.421e-16
10247.50 2.172e-16
10250.00 2.075e-16
