02817.53 0.000e+00
02819.92 0.000e+00
02822.32 0.000e+00
02824.71 0.000e+00
02827.10 0.000e+00
02829.50 -8.431e-17
02831.89 0.000e+00
02834.29 0.000e+00
02836.69 0.000e+00
02839.09 0.000e+00
02841.49 0.000e+00
02843.89 0.000e+00
02846.29 7.050e-16
02848.69 0.000e+00
02851.10 0.000e+00
02853.50 0.000e+00
02855.91 0.000e+00
02858.31 0.000e+00
02860.72 0.000e+00
02863.13 0.000e+00
02865.53 -7.005e-16
02867.94 0.000e+00
02870.36 0.000e+00
02872.77 0.000e+00
02875.18 0.000e+00
02877.59 0.000e+00
02880.01 -2.615e-16
02882.42 0.000e+00
02884.84 0.000e+00
02887.25 0.000e+00
02889.67 0.000e+00
02892.09 0.000e+00
02894.51 0.000e+00
02896.93 0.000e+00
02899.35 0.000e+00
02901.77 0.000e+00
02904.20 -5.616e-16
02906.62 -3.365e-16
02909.05 0.000e+00
02911.47 0.000e+00
02913.90 0.000e+00
02916.32 7.678e-16
02918.75 -5.972e-16
02921.18 0.000e+00
02923.61 0.000e+00
02926.04 0.000e+00
02928.47 0.000e+00
02930.91 0.000e+00
02933.34 0.000e+00
02935.78 0.000e+00
02938.21 0.000e+00
02940.65 0.000e+00
02943.09 -6.122e-16
02945.52 0.000e+00
02947.96 0.000e+00
02950.40 3.163e-16
02952.84 0.000e+00
02955.28 -1.762e-16
02957.73 5.699e-16
02960.17 2.723e-16
02962.62 0.000e+00
02965.06 0.000e+00
02967.51 0.000e+00
02969.95 -5.114e-17
02972.40 0.000e+00
02974.85 0.000e+00
02977.30 0.000e+00
02979.75 0.000e+00
02982.20 -1.815e-16
02984.65 0.000e+00
02987.11 0.000e+00
02989.56 1.513e-16
02992.02 0.000e+00
02994.47 -7.712e-16
02996.93 0.000e+00
02999.39 -9.207e-16
03001.84 0.000e+00
03004.30 0.000e+00
03006.76 0.000e+00
03009.22 0.000e+00
03011.69 0.000e+00
03014.15 0.000e+00
03016.61 0.000e+00
03019.08 0.000e+00
03021.54 0.000e+00
03024.01 0.000e+00
03026.48 0.000e+00
03028.95 0.000e+00
03031.41 0.000e+00
03033.88 0.000e+00
03036.35 0.000e+00
03038.83 0.000e+00
03041.30 0.000e+00
03043.77 0.000e+00
03046.24 0.000e+00
03048.72 0.000e+00
03051.20 0.000e+00
03053.67 0.000e+00
03056.15 0.000e+00
03058.63 0.000e+00
03061.11 0.000e+00
03063.59 0.000e+00
03066.07 -9.860e-16
03068.55 -7.439e-16
03071.03 0.000e+00
03073.52 -9.226e-16
03076.00 0.000e+00
03078.49 0.000e+00
03080.97 0.000e+00
03083.46 0.000e+00
03085.95 0.000e+00
03088.44 0.000e+00
03090.93 0.000e+00
03093.42 0.000e+00
03095.91 8.031e-16
03098.40 0.000e+00
03100.89 0.000e+00
03103.39 -7.221e-16
03105.88 -6.537e-16
03108.38 0.000e+00
03110.88 0.000e+00
03113.37 0.000e+00
03115.87 -3.429e-16
03118.37 0.000e+00
03120.87 0.000e+00
03123.37 0.000e+00
03125.87 0.000e+00
03128.37 0.000e+00
03130.88 2.986e-16
03133.38 0.000e+00
03135.89 -1.663e-16
03138.39 -2.590e-16
03140.90 1.890e-16
03143.41 -8.823e-16
03145.91 6.455e-16
03148.42 -5.382e-16
03150.93 -5.792e-16
03153.45 0.000e+00
03155.96 -8.346e-16
03158.47 -3.534e-16
03160.98 -4.587e-16
03163.50 5.207e-17
03166.01 0.000e+00
03168.53 2.529e-16
03171.05 3.027e-16
03173.56 7.013e-16
03176.08 -3.121e-16
03178.60 -4.421e-16
03181.12 8.785e-16
03183.64 -3.560e-16
03186.16 5.132e-17
03188.69 0.000e+00
03191.21 0.000e+00
03193.74 7.692e-17
03196.26 -1.839e-16
03198.79 -1.011e-16
03201.31 6.357e-16
03203.84 -1.743e-16
03206.37 0.000e+00
03208.90 4.944e-17
03211.43 -7.245e-16
03213.96 -3.662e-16
03216.49 3.477e-17
03219.03 0.000e+00
03221.56 -1.271e-17
03224.09 0.000e+00
03226.63 -3.071e-16
03229.17 8.987e-17
03231.70 5.523e-16
03234.24 0.000e+00
03236.78 3.900e-16
03239.32 3.622e-16
03241.86 -1.025e-16
03244.40 -6.386e-16
03246.94 -3.823e-16
03249.49 2.695e-16
03252.03 6.080e-16
03254.57 4.281e-16
03257.12 -1.717e-16
03259.66 -1.643e-17
03262.21 2.733e-16
03264.76 -1.656e-16
03267.31 -4.788e-16
03269.86 -2.629e-16
03272.41 2.876e-16
03274.96 2.856e-16
03277.51 -2.032e-16
03280.06 5.889e-17
03282.62 1.151e-18
03285.17 1.107e-16
03287.73 7.116e-16
03290.28 6.956e-18
03292.84 -3.715e-16
03295.40 -2.295e-16
03297.96 -2.492e-16
03300.52 -1.361e-16
03303.08 -1.507e-16
03305.64 3.470e-16
03308.20 -5.945e-16
03310.76 -1.412e-16
03313.32 1.649e-16
03315.89 1.026e-16
03318.45 -3.737e-17
03321.02 -3.379e-16
03323.59 2.384e-16
03326.16 1.092e-16
03328.72 -5.217e-16
03331.29 4.227e-17
03333.86 1.201e-17
03336.43 1.860e-16
03339.01 3.662e-16
03341.58 1.005e-16
03344.15 8.398e-17
03346.72 -3.443e-17
03349.30 -6.134e-17
03351.88 1.218e-16
03354.45 1.988e-16
03357.03 7.141e-17
03359.61 -3.974e-16
03362.19 1.525e-16
03364.77 3.326e-16
03367.35 -3.202e-17
03369.93 3.555e-16
03372.51 -1.198e-16
03375.09 -1.234e-16
03377.68 4.568e-16
03380.26 1.389e-16
03382.85 1.818e-16
03385.43 -4.183e-17
03388.02 2.847e-16
03390.61 3.645e-16
03393.20 -7.983e-17
03395.79 2.039e-16
03398.38 -4.241e-17
03400.97 -1.221e-16
03403.56 -1.034e-16
03406.15 2.361e-17
03408.74 -8.085e-17
03411.34 2.605e-16
03413.93 4.605e-17
03416.53 2.333e-16
03419.13 2.362e-16
03421.72 -2.725e-17
03424.32 -1.498e-18
03426.92 -8.146e-18
03429.52 -9.219e-17
03432.12 1.909e-17
03434.72 -2.644e-17
03437.33 -6.745e-18
03439.93 2.948e-18
03442.53 1.347e-16
03445.14 2.469e-16
03447.74 7.712e-17
03450.35 -9.383e-18
03452.96 4.060e-17
03455.56 -9.955e-17
03458.17 -1.580e-17
03460.78 6.117e-17
03463.39 1.142e-16
03466.00 -6.238e-17
03468.61 1.802e-16
03471.23 -4.080e-17
03473.84 4.352e-17
03476.46 -1.559e-16
03479.07 2.051e-16
03481.69 -2.987e-17
03484.30 1.364e-16
03486.92 2.530e-16
03489.54 1.822e-16
03492.16 8.765e-17
03494.78 8.965e-17
03497.40 5.745e-17
03500.02 1.541e-16
03502.64 1.585e-16
03505.26 -9.000e-17
03507.89 1.624e-16
03510.51 1.088e-16
03513.14 9.965e-18
03515.76 0.000e+00
03518.39 6.817e-16
03521.02 -2.050e-17
03523.65 1.020e-17
03526.28 -1.091e-16
03528.91 2.583e-16
03531.53 -5.981e-17
03534.17 7.643e-16
03536.80 6.999e-16
03539.43 -1.162e-16
03542.07 1.035e-18
03544.70 1.318e-16
03547.34 6.817e-17
03549.97 1.268e-16
03552.61 1.429e-17
03555.25 6.243e-17
03557.89 5.788e-17
03560.53 9.113e-17
03563.16 1.286e-16
03565.80 4.522e-17
03568.45 1.149e-16
03571.09 2.746e-17
03573.73 1.456e-16
03576.38 1.922e-17
03579.02 1.395e-16
03581.67 1.681e-17
03584.31 9.079e-17
03586.96 -6.692e-17
03589.61 1.126e-16
03592.26 1.582e-16
03594.91 9.754e-17
03597.55 -7.206e-17
03600.21 8.986e-17
03602.86 2.196e-17
03605.51 6.726e-17
03608.16 8.582e-17
03610.82 1.694e-16
03613.47 -2.457e-17
03616.13 5.476e-17
03618.78 2.357e-17
03621.44 8.054e-17
03624.10 1.008e-16
03626.76 4.684e-17
03629.42 1.078e-16
03632.08 1.081e-16
03634.74 9.484e-17
03637.40 -1.359e-17
03640.06 6.596e-17
03642.72 8.362e-17
03645.39 1.327e-16
03648.05 3.799e-17
03650.72 4.095e-17
03653.38 -8.396e-18
03656.05 3.479e-17
03658.72 5.468e-17
03661.39 -2.229e-18
03664.06 8.023e-17
03666.73 -6.276e-18
03669.40 8.404e-18
03672.07 2.747e-17
03674.74 2.974e-17
03677.41 5.631e-17
03680.09 5.534e-17
03682.76 -3.899e-18
03685.44 4.852e-18
03688.11 6.178e-17
03690.79 2.835e-20
03693.47 2.090e-17
03696.15 1.743e-16
03698.82 5.784e-17
03701.51 3.829e-17
03704.18 7.287e-17
03706.87 4.378e-17
03709.55 6.246e-18
03712.23 4.729e-17
03714.91 3.407e-17
03717.60 2.615e-17
03720.28 4.094e-17
03722.97 8.326e-18
03725.66 -1.001e-17
03728.34 -2.176e-18
03731.03 9.476e-17
03733.72 1.330e-16
03736.41 1.555e-16
03739.10 1.590e-16
03741.79 1.130e-16
03744.48 1.518e-16
03747.18 8.392e-17
03749.87 7.608e-17
03752.56 1.014e-16
03755.26 1.089e-16
03757.95 1.049e-16
03760.65 9.733e-17
03763.35 6.150e-17
03766.04 5.156e-17
03768.74 4.570e-17
03771.44 5.317e-17
03774.14 1.018e-16
03776.84 9.095e-17
03779.54 5.116e-17
03787.65 8.565e-17
03790.36 5.620e-17
03793.06 3.638e-17
03795.77 7.440e-17
03798.47 5.925e-17
03801.18 5.998e-17
03803.89 4.205e-17
03806.60 4.674e-17
03809.31 7.376e-17
03812.02 7.245e-19
03814.73 2.404e-17
03817.44 7.561e-17
03820.15 3.215e-17
03822.87 7.448e-17
03825.58 1.020e-16
03828.30 4.565e-17
03831.01 4.826e-17
03833.73 1.398e-17
03836.44 3.128e-17
03839.16 8.882e-17
03841.88 -1.774e-19
03844.60 1.774e-17
03847.32 3.793e-17
03850.04 5.989e-17
03852.76 2.676e-17
03855.48 1.188e-16
03858.20 5.139e-17
03860.93 7.545e-17
03863.65 5.261e-17
03866.38 5.681e-17
03869.10 1.924e-17
03871.83 7.999e-17
03874.56 6.080e-17
03877.28 8.528e-17
03880.01 3.570e-17
03882.74 8.244e-18
03885.47 4.591e-17
03888.20 4.025e-17
03890.93 5.738e-17
03893.66 7.045e-17
03896.40 4.735e-17
03899.13 1.538e-17
03901.87 2.850e-17
03904.60 7.307e-17
03907.34 3.843e-17
03910.07 2.108e-17
03912.81 7.137e-17
03915.55 7.417e-17
03918.29 5.196e-17
03921.03 7.963e-17
03923.76 4.161e-17
03926.51 6.132e-17
03929.25 6.559e-17
03931.99 8.103e-17
03934.73 9.318e-17
03937.48 7.265e-17
03940.22 6.416e-17
03942.97 3.906e-17
03945.71 5.879e-17
03948.46 2.843e-17
03951.20 8.974e-17
03953.95 9.734e-17
03956.70 9.430e-17
03959.45 7.673e-17
03962.20 7.933e-17
03964.95 1.017e-16
03967.70 1.100e-16
03970.45 9.450e-17
03973.21 7.717e-17
03975.96 1.045e-16
03978.71 7.533e-17
03981.47 1.310e-16
03984.22 1.486e-16
03986.98 8.250e-17
03989.74 6.194e-17
03992.50 7.799e-17
03995.25 7.730e-17
03998.01 3.411e-17
04000.77 4.221e-17
04003.53 9.040e-17
04006.30 8.505e-17
04009.06 9.631e-17
04011.82 5.900e-17
04014.58 6.746e-17
04017.35 6.934e-17
04020.11 1.787e-17
04022.88 1.052e-16
04025.64 6.416e-17
04028.41 9.856e-17
04031.18 6.681e-17
04033.95 4.683e-17
04036.72 8.013e-17
04039.49 5.310e-17
04042.26 7.052e-17
04045.03 9.607e-17
04047.80 1.039e-16
04050.57 1.249e-16
04058.89 7.683e-17
04061.67 7.096e-17
04064.44 5.923e-17
04067.22 8.930e-17
04070.00 7.290e-17
04072.77 6.697e-17
04075.55 9.110e-17
04078.33 9.696e-17
04081.11 6.302e-17
04083.89 1.090e-16
04086.67 7.169e-17
04089.46 8.565e-17
04092.24 9.719e-17
04095.02 9.409e-17
04097.81 7.504e-17
04100.59 7.286e-17
04103.38 7.543e-17
04106.16 9.845e-17
04108.95 7.231e-17
04111.74 9.564e-17
04114.53 9.680e-17
04117.31 7.867e-17
04120.10 1.153e-16
04122.90 8.739e-17
04125.69 7.793e-17
04128.48 6.245e-17
04131.27 8.526e-17
04134.06 8.272e-17
04136.86 9.311e-17
04139.65 5.259e-17
04142.45 7.559e-17
04145.24 1.019e-16
04148.04 6.950e-17
04150.84 6.353e-17
04153.63 7.062e-17
04156.43 6.078e-17
04159.23 6.948e-17
04162.03 5.839e-17
04164.83 7.056e-17
04167.63 6.727e-17
04170.44 8.381e-17
04173.24 7.467e-17
04176.04 6.974e-17
04178.84 8.771e-17
04181.65 6.959e-17
04184.45 6.764e-17
04187.26 7.924e-17
04190.07 6.787e-17
04192.87 7.507e-17
04195.68 5.872e-17
04198.49 5.062e-17
04201.30 6.211e-17
04204.11 5.668e-17
04206.92 6.526e-17
04209.73 6.624e-17
04212.54 4.751e-17
04215.36 6.064e-17
04218.17 7.563e-17
04220.98 8.093e-17
04223.80 7.009e-17
04226.61 7.199e-17
04229.43 8.466e-17
04232.25 4.825e-17
04235.06 8.148e-17
04237.88 6.706e-17
04240.70 6.749e-17
04243.52 7.452e-17
04246.34 6.719e-17
04249.16 1.015e-16
04251.98 7.001e-17
04254.80 7.710e-17
04257.62 6.807e-17
04260.45 8.073e-17
04263.27 7.005e-17
04266.10 4.532e-17
04268.92 7.685e-17
04271.75 8.759e-17
04274.57 4.144e-17
04277.40 4.132e-17
04280.23 6.260e-17
04283.06 6.791e-17
04285.89 6.729e-17
04288.72 6.104e-17
04291.55 6.341e-17
04294.38 4.866e-17
04297.21 6.157e-17
04300.04 8.374e-17
04302.88 7.305e-17
04305.71 5.985e-17
04308.55 8.059e-17
04311.38 7.439e-17
04314.22 7.195e-17
04317.05 8.076e-17
04319.89 9.626e-17
04322.73 7.362e-17
04325.56 8.964e-17
04328.40 9.792e-17
04331.24 7.317e-17
04334.08 8.583e-17
04336.93 8.480e-17
04339.77 7.224e-17
04342.61 7.930e-17
04345.45 7.069e-17
04348.30 9.578e-17
04351.14 6.664e-17
04353.98 8.070e-17
04356.83 8.679e-17
04359.68 8.631e-17
04362.52 1.253e-16
04365.37 1.342e-16
04368.22 8.754e-17
04371.07 1.164e-16
04373.92 6.765e-17
04376.77 7.418e-17
04379.62 8.873e-17
04382.47 7.573e-17
04385.32 7.519e-17
04388.17 5.953e-17
04391.02 8.147e-17
04393.88 6.879e-17
04396.73 6.414e-17
04399.59 8.372e-17
04402.44 8.851e-17
04405.30 6.730e-17
04408.16 9.032e-17
04411.02 5.872e-17
04413.87 7.718e-17
04416.73 8.973e-17
04419.59 8.434e-17
04422.45 6.171e-17
04425.31 6.593e-17
04428.17 6.944e-17
04431.04 9.157e-17
04433.90 6.595e-17
04436.76 7.446e-17
04439.63 6.153e-17
04442.49 7.774e-17
04445.36 5.970e-17
04448.22 5.830e-17
04451.09 5.949e-17
04453.96 6.287e-17
04456.82 6.562e-17
04459.69 6.863e-17
04462.56 4.915e-17
04465.43 6.895e-17
04468.30 5.751e-17
04471.17 8.696e-17
04474.04 7.620e-17
04476.92 9.261e-17
04479.79 8.524e-17
04482.66 7.665e-17
04485.54 7.860e-17
04488.41 6.823e-17
04491.29 7.282e-17
04494.16 8.285e-17
04497.04 6.932e-17
04499.92 6.899e-17
04502.79 6.173e-17
04505.67 9.664e-17
04508.55 7.637e-17
04511.43 6.071e-17
04514.31 6.430e-17
04517.19 6.267e-17
04520.07 8.468e-17
04522.96 7.846e-17
04525.84 6.075e-17
04528.72 6.121e-17
04531.61 5.931e-17
04534.49 6.455e-17
04537.38 8.578e-17
04540.26 7.511e-17
04543.15 7.720e-17
04546.03 6.959e-17
04548.92 7.890e-17
04551.81 8.370e-17
04554.70 6.042e-17
04557.59 8.696e-17
04560.48 7.590e-17
04563.37 9.210e-17
04566.26 8.293e-17
04569.15 9.687e-17
04572.05 8.422e-17
04574.94 9.670e-17
04577.83 7.465e-17
04580.73 8.628e-17
04583.62 1.095e-16
04586.52 1.020e-16
04589.41 1.150e-16
04592.31 8.707e-17
04595.21 1.116e-16
04598.11 1.012e-16
04601.01 1.066e-16
04603.91 1.012e-16
04606.81 9.193e-17
04609.71 1.146e-16
04612.61 1.204e-16
04615.51 1.180e-16
04618.41 1.077e-16
04621.31 1.213e-16
04624.22 1.148e-16
04627.12 1.145e-16
04630.03 1.081e-16
04632.93 1.029e-16
04635.84 1.053e-16
04638.74 1.025e-16
04641.65 1.247e-16
04644.56 1.113e-16
04647.47 1.088e-16
04650.38 1.121e-16
04653.29 1.216e-16
04656.20 1.131e-16
04659.11 1.113e-16
04662.02 1.164e-16
04664.93 1.002e-16
04667.84 1.053e-16
04670.76 1.007e-16
04673.67 1.066e-16
04676.59 1.066e-16
04679.50 1.101e-16
04682.42 1.280e-16
04685.33 8.729e-17
04688.25 1.161e-16
04691.17 1.047e-16
04694.08 9.256e-17
04697.00 1.219e-16
04699.92 9.172e-17
04702.84 1.039e-16
04705.76 1.059e-16
04708.68 1.274e-16
04711.60 1.138e-16
04714.53 1.050e-16
04717.45 1.124e-16
04720.37 1.262e-16
04723.30 1.143e-16
04726.22 1.119e-16
04729.15 9.613e-17
04732.07 1.203e-16
04735.00 8.555e-17
04737.92 9.829e-17
04740.85 1.071e-16
04743.78 1.074e-16
04746.71 9.760e-17
04749.64 1.103e-16
04752.57 9.701e-17
04755.50 8.222e-17
04758.43 9.840e-17
04761.36 1.061e-16
04764.29 8.381e-17
04767.22 1.123e-16
04770.16 1.023e-16
04773.09 1.059e-16
04776.02 1.017e-16
04778.96 9.469e-17
04781.90 1.136e-16
04784.83 1.053e-16
04787.77 1.026e-16
04790.70 8.778e-17
04793.64 8.709e-17
04796.58 9.579e-17
04799.52 9.533e-17
04802.46 1.090e-16
04805.40 1.014e-16
04808.34 9.588e-17
04811.28 1.121e-16
04814.22 9.767e-17
04817.17 1.043e-16
04820.11 8.981e-17
04823.05 9.630e-17
04826.00 8.414e-17
04828.94 9.306e-17
04831.89 1.028e-16
04834.83 9.557e-17
04837.78 1.123e-16
04840.73 2.013e-16
04843.67 1.002e-16
04846.62 1.076e-16
04849.57 8.349e-17
04852.52 9.504e-17
04855.47 8.344e-17
04858.42 9.608e-17
04861.37 1.097e-16
04864.32 9.656e-17
04867.27 7.959e-17
04870.23 6.858e-17
04873.18 9.601e-17
04876.13 7.249e-17
04879.09 8.816e-17
04882.04 1.132e-16
04885.00 1.769e-16
04887.95 1.953e-16
04890.91 1.885e-16
04893.87 1.650e-16
04896.83 1.548e-16
04899.78 1.041e-16
04902.74 1.011e-16
04905.70 8.442e-17
04908.66 9.214e-17
04911.62 8.721e-17
04914.59 9.124e-17
04917.55 1.111e-16
04920.51 1.264e-16
04923.47 1.065e-16
04926.44 9.144e-17
04929.40 1.028e-16
04932.36 1.051e-16
04935.33 1.076e-16
04938.29 8.780e-17
04941.26 1.002e-16
04944.23 8.412e-17
04947.19 7.432e-17
04950.16 6.956e-17
04953.13 7.361e-17
04956.10 6.659e-17
04959.07 5.629e-17
04962.04 6.902e-17
04965.01 6.653e-17
04967.98 7.368e-17
04970.95 7.022e-17
04973.92 6.891e-17
04976.90 8.894e-17
04979.87 7.812e-17
04982.84 8.171e-17
04985.82 8.107e-17
04988.79 1.034e-16
04991.77 7.883e-17
04994.74 9.205e-17
04997.72 9.580e-17
05000.70 1.006e-16
05003.68 1.080e-16
05006.65 9.491e-17
05009.63 1.069e-16
05012.61 1.024e-16
05015.59 1.268e-16
05018.57 1.274e-16
05021.55 1.208e-16
05024.54 1.272e-16
05027.52 1.372e-16
05030.50 1.418e-16
05033.48 1.207e-16
05036.47 1.464e-16
05039.45 1.423e-16
05042.44 1.478e-16
05045.42 1.356e-16
05048.41 1.413e-16
05051.39 1.298e-16
05054.38 1.333e-16
05057.37 1.410e-16
05060.36 1.328e-16
05063.34 1.348e-16
05066.33 1.222e-16
05069.32 1.195e-16
05072.31 1.380e-16
05075.30 1.324e-16
05078.30 1.316e-16
05081.29 1.728e-16
05084.28 1.105e-16
05087.27 9.865e-17
05090.27 1.138e-16
05093.26 1.160e-16
05096.25 1.036e-16
05099.25 9.061e-17
05102.24 9.556e-17
05105.24 8.854e-17
05108.24 6.877e-17
05111.23 9.007e-17
05114.23 7.200e-17
05117.23 7.162e-17
05120.23 8.138e-17
05123.23 6.452e-17
05126.23 7.395e-17
05129.23 6.126e-17
05132.23 6.364e-17
05135.23 6.055e-17
05138.23 7.189e-17
05141.23 7.280e-17
05144.23 6.452e-17
05147.24 7.706e-17
05150.24 7.002e-17
05153.25 8.521e-17
05156.25 8.942e-17
05159.26 8.527e-17
05162.26 8.765e-17
05165.27 1.169e-16
05168.28 1.108e-16
05171.28 1.191e-16
05174.29 1.201e-16
05177.30 1.127e-16
05180.31 1.079e-16
05183.32 1.166e-16
05186.33 1.108e-16
05189.34 1.175e-16
05192.35 1.010e-16
05195.36 1.018e-16
05198.38 1.050e-16
05201.39 1.077e-16
05204.40 1.197e-16
05207.41 1.034e-16
05210.43 1.205e-16
05213.44 1.108e-16
05216.46 1.112e-16
05219.48 9.954e-17
05222.49 1.128e-16
05225.51 1.086e-16
05228.53 1.197e-16
05231.54 1.239e-16
05234.56 1.168e-16
05237.58 1.139e-16
05240.60 1.122e-16
05243.62 1.090e-16
05246.64 1.050e-16
05249.66 1.128e-16
05252.68 1.243e-16
05255.70 1.213e-16
05258.73 1.135e-16
05261.75 1.225e-16
05264.77 1.162e-16
05267.80 1.101e-16
05270.82 1.288e-16
05273.85 1.069e-16
05276.87 1.182e-16
05279.90 1.214e-16
05282.93 1.174e-16
05285.95 1.109e-16
05288.98 1.160e-16
05292.01 1.149e-16
05295.04 1.204e-16
05298.06 1.092e-16
05301.09 1.022e-16
05304.12 1.223e-16
05307.15 1.159e-16
05310.19 1.062e-16
05313.22 1.141e-16
05316.25 1.250e-16
05319.28 1.204e-16
05322.31 1.198e-16
05325.35 1.204e-16
05328.38 1.199e-16
05331.42 1.103e-16
05334.45 1.237e-16
05337.49 1.306e-16
05340.52 1.264e-16
05343.56 1.216e-16
05346.60 1.349e-16
05349.63 1.199e-16
05352.67 1.280e-16
05355.71 1.065e-16
05358.75 1.136e-16
05361.79 1.251e-16
05364.83 1.175e-16
05367.87 1.140e-16
05370.91 1.165e-16
05373.95 1.339e-16
05376.99 1.034e-16
05380.03 1.169e-16
05383.08 1.218e-16
05386.12 9.992e-17
05389.16 1.108e-16
05392.21 1.247e-16
05395.25 1.282e-16
05398.30 1.076e-16
05401.35 1.071e-16
05404.39 1.203e-16
05407.44 1.143e-16
05410.49 1.181e-16
05413.53 1.062e-16
05416.58 1.208e-16
05419.63 1.173e-16
05422.68 1.231e-16
05425.73 1.095e-16
05428.78 1.205e-16
05431.83 1.102e-16
05434.88 1.075e-16
05437.93 1.119e-16
05440.98 1.110e-16
05444.04 1.330e-16
05447.09 1.210e-16
05450.14 1.215e-16
05453.20 1.124e-16
05456.25 1.276e-16
05459.31 1.095e-16
05462.36 1.244e-16
05465.42 1.109e-16
05468.47 1.170e-16
05471.53 1.070e-16
05474.59 9.958e-17
05477.65 1.167e-16
05480.70 1.121e-16
05483.76 1.137e-16
05486.82 1.186e-16
05489.88 1.055e-16
05492.94 1.010e-16
05496.00 9.143e-17
05499.06 1.030e-16
05502.13 1.105e-16
05505.19 9.925e-17
05508.25 9.725e-17
05511.31 1.030e-16
05514.38 1.150e-16
05517.44 1.191e-16
05520.51 1.039e-16
05523.57 1.188e-16
05526.64 1.082e-16
05529.70 1.087e-16
05532.77 1.223e-16
05535.83 1.445e-16
05538.90 1.359e-16
05541.97 1.298e-16
05545.04 1.383e-16
05548.10 1.409e-16
05551.17 1.451e-16
05554.24 1.634e-16
05557.31 1.614e-16
05560.38 1.720e-16
05563.45 1.640e-16
05566.53 1.815e-16
05569.60 1.855e-16
05572.67 1.453e-16
05575.74 1.915e-16
05578.82 1.767e-16
05581.89 1.816e-16
05584.96 2.144e-16
05588.04 2.001e-16
05591.11 1.987e-16
05594.19 1.602e-16
05597.27 1.621e-16
05600.34 1.698e-16
05603.42 1.418e-16
05606.50 1.514e-16
05609.57 1.292e-16
05612.65 1.369e-16
05615.73 1.263e-16
05618.81 1.209e-16
05621.89 1.202e-16
05624.97 1.234e-16
05628.05 1.087e-16
05631.13 1.146e-16
05634.21 9.507e-17
05637.29 9.723e-17
05640.38 1.068e-16
05643.46 1.053e-16
05646.54 1.147e-16
05649.63 1.083e-16
05652.71 1.038e-16
05655.80 1.027e-16
05658.88 9.762e-17
05661.97 9.289e-17
05665.05 9.996e-17
05668.14 9.842e-17
05671.22 1.103e-16
05674.31 1.103e-16
05677.40 9.616e-17
05680.49 1.057e-16
05683.58 1.100e-16
05686.66 1.131e-16
05689.76 9.534e-17
05692.84 1.001e-16
05695.94 1.121e-16
05699.03 9.181e-17
05702.12 1.052e-16
05705.21 1.042e-16
05708.30 9.235e-17
05711.39 1.068e-16
05714.49 9.935e-17
05717.58 8.375e-17
05720.67 1.001e-16
05723.77 8.690e-17
05726.86 8.531e-17
05729.96 7.354e-17
05733.05 7.758e-17
05736.15 6.125e-17
05739.25 5.011e-17
05742.34 5.780e-17
05745.44 4.421e-17
05748.54 4.287e-17
05751.64 4.651e-17
05754.73 5.619e-17
05757.83 3.346e-17
05760.93 3.929e-17
05764.03 4.179e-17
05767.13 4.388e-17
05770.23 3.853e-17
05773.34 3.391e-17
05776.44 2.901e-17
05779.54 4.530e-17
05782.64 4.168e-17
05785.75 4.037e-17
05788.85 4.175e-17
05791.95 2.534e-17
05795.06 2.726e-17
05798.16 4.234e-17
05801.27 3.279e-17
05804.37 4.170e-17
05807.48 3.523e-17
05810.59 6.641e-17
05813.69 5.350e-17
05816.80 3.986e-17
05819.91 5.946e-17
05823.02 3.991e-17
05826.12 6.367e-17
05829.23 6.612e-17
05832.34 5.590e-17
05835.45 7.040e-17
05838.56 8.428e-17
05841.67 7.688e-17
05844.78 8.773e-17
05847.90 8.373e-17
05851.01 8.575e-17
05854.12 1.027e-16
05857.23 1.094e-16
05860.35 1.191e-16
05863.46 1.164e-16
05866.57 1.113e-16
05869.69 1.047e-16
05872.80 1.229e-16
05875.92 1.337e-16
05879.03 1.448e-16
05882.15 1.199e-16
05885.27 1.443e-16
05888.38 1.118e-16
05891.50 1.308e-16
05894.62 1.320e-16
05897.74 1.805e-16
05900.85 1.851e-16
05903.97 1.991e-16
05907.09 1.786e-16
05910.21 1.836e-16
05913.33 1.569e-16
05916.45 1.418e-16
05919.57 1.353e-16
05922.70 1.234e-16
05925.82 1.467e-16
05928.94 1.755e-16
05932.06 1.605e-16
05935.19 1.636e-16
05938.31 1.783e-16
05941.43 1.477e-16
05944.56 1.639e-16
05947.68 1.782e-16
05950.81 1.772e-16
05953.93 1.681e-16
05957.06 1.742e-16
05960.19 1.681e-16
05963.31 1.647e-16
05966.44 1.586e-16
05969.57 1.502e-16
05972.69 1.372e-16
05975.82 1.461e-16
05978.95 1.352e-16
05982.08 1.387e-16
05985.21 1.436e-16
05988.34 1.404e-16
05991.47 1.394e-16
05994.60 1.418e-16
05997.73 1.345e-16
06000.86 1.337e-16
06004.00 1.326e-16
06007.13 1.225e-16
06010.26 1.216e-16
06013.40 1.227e-16
06016.53 1.198e-16
06019.66 1.261e-16
06022.80 1.231e-16
06025.93 1.151e-16
06029.07 1.198e-16
06032.20 1.201e-16
06035.34 1.230e-16
06038.48 1.357e-16
06041.61 1.109e-16
06044.75 1.185e-16
06047.89 1.069e-16
06051.02 1.153e-16
06054.16 1.210e-16
06057.30 1.141e-16
06060.44 1.080e-16
06063.58 1.080e-16
06066.72 1.158e-16
06069.86 1.090e-16
06073.00 7.890e-17
06076.14 9.636e-17
06079.28 9.462e-17
06082.43 9.898e-17
06085.57 9.445e-17
06088.71 1.012e-16
06091.85 1.029e-16
06094.99 9.660e-17
06098.14 9.191e-17
06101.28 8.255e-17
06104.43 1.018e-16
06107.57 9.984e-17
06110.72 9.759e-17
06113.86 9.779e-17
06117.01 1.022e-16
06120.16 1.056e-16
06123.30 1.030e-16
06126.45 9.280e-17
06129.60 1.082e-16
06132.74 9.629e-17
06135.89 9.975e-17
06139.04 1.040e-16
06142.19 1.066e-16
06145.34 1.025e-16
06148.49 1.110e-16
06151.64 1.057e-16
06154.79 1.051e-16
06157.94 1.060e-16
06161.09 1.173e-16
06164.24 9.996e-17
06167.40 1.156e-16
06170.55 1.099e-16
06173.70 1.083e-16
06176.86 1.053e-16
06180.01 1.182e-16
06183.16 1.169e-16
06186.32 1.160e-16
06189.47 1.161e-16
06192.63 1.263e-16
06195.78 1.122e-16
06198.94 1.058e-16
06202.10 1.005e-16
06205.25 1.003e-16
06208.41 1.093e-16
06211.56 1.038e-16
06214.72 9.561e-17
06217.88 9.617e-17
06221.04 1.149e-16
06224.20 1.244e-16
06227.36 1.027e-16
06230.52 1.139e-16
06233.68 1.142e-16
06236.84 1.148e-16
06240.00 1.132e-16
06243.16 1.251e-16
06246.32 1.392e-16
06249.48 1.243e-16
06252.64 1.431e-16
06255.81 1.212e-16
06258.97 1.493e-16
06262.13 1.915e-16
06265.30 1.842e-16
06268.46 1.910e-16
06271.62 2.231e-16
06274.79 2.315e-16
06277.95 2.645e-16
06281.12 2.759e-16
06284.28 2.931e-16
06287.45 2.943e-16
06290.61 2.927e-16
06293.78 3.182e-16
06296.95 3.124e-16
06300.12 2.953e-16
06303.28 2.995e-16
06306.45 2.910e-16
06309.62 2.696e-16
06312.79 2.629e-16
06315.96 2.544e-16
06319.13 2.551e-16
06322.30 2.557e-16
06325.47 2.691e-16
06328.64 2.701e-16
06331.81 2.799e-16
06334.98 2.716e-16
06338.15 2.971e-16
06341.32 3.025e-16
06344.50 3.122e-16
06347.67 3.276e-16
06350.84 3.227e-16
06354.02 3.254e-16
06357.19 3.223e-16
06360.36 3.043e-16
06363.54 2.897e-16
06366.71 2.990e-16
06369.89 2.704e-16
06373.06 2.610e-16
06376.24 2.551e-16
06379.42 2.360e-16
06382.59 2.275e-16
06385.77 2.111e-16
06388.95 2.161e-16
06392.12 2.144e-16
06395.30 2.083e-16
06398.48 1.865e-16
06401.66 2.039e-16
06404.84 1.835e-16
06408.02 1.948e-16
06411.20 1.919e-16
06414.38 1.907e-16
06417.56 1.942e-16
06420.74 1.811e-16
06423.92 1.825e-16
06427.10 1.813e-16
06430.28 1.636e-16
06433.46 1.638e-16
06436.65 1.509e-16
06439.83 1.485e-16
06443.01 1.435e-16
06446.19 1.516e-16
06449.38 1.468e-16
06452.56 1.477e-16
06455.75 1.556e-16
06458.93 1.501e-16
06462.11 1.501e-16
06465.30 1.303e-16
06468.49 1.472e-16
06471.67 1.436e-16
06474.86 1.555e-16
06478.05 1.382e-16
06481.23 1.420e-16
06484.42 1.265e-16
06487.61 1.477e-16
06490.80 1.388e-16
06493.98 1.448e-16
06497.17 1.396e-16
06500.36 1.542e-16
06503.55 1.558e-16
06506.74 1.564e-16
06509.93 1.511e-16
06513.12 1.452e-16
06516.31 1.450e-16
06519.50 1.489e-16
06522.69 1.558e-16
06525.88 1.499e-16
06529.07 1.467e-16
06532.27 1.524e-16
06535.46 1.469e-16
06538.65 1.445e-16
06541.85 1.453e-16
06545.04 1.110e-16
06548.23 1.121e-16
06551.43 1.141e-16
06554.62 1.164e-16
06557.82 1.277e-16
06561.01 1.350e-16
06564.21 1.410e-16
06567.40 1.442e-16
06570.60 1.613e-16
06573.80 1.713e-16
06576.99 1.591e-16
06580.19 1.656e-16
06583.39 1.720e-16
06586.58 1.785e-16
06589.78 1.850e-16
06592.98 1.914e-16
06596.18 1.979e-16
06599.38 2.044e-16
06602.58 2.108e-16
06605.77 2.193e-16
06608.98 2.504e-16
06612.18 2.514e-16
06615.38 2.316e-16
06618.58 1.836e-16
06621.78 1.513e-16
06624.98 1.154e-16
06628.18 9.514e-17
06631.38 9.358e-17
06634.59 9.792e-17
06637.79 9.932e-17
06640.99 9.809e-17
06644.19 1.093e-16
06647.40 9.877e-17
06650.60 1.253e-16
06653.81 1.162e-16
06657.01 1.194e-16
06660.21 1.221e-16
06663.42 1.199e-16
06666.62 1.184e-16
06669.83 1.132e-16
06673.04 1.301e-16
06676.24 1.022e-16
06679.45 1.093e-16
06682.65 1.024e-16
06685.86 9.400e-17
06689.07 1.021e-16
06692.28 9.000e-17
06695.49 1.061e-16
06698.69 1.110e-16
06701.90 1.016e-16
06705.11 1.070e-16
06708.32 9.824e-17
06711.53 9.417e-17
06714.74 1.058e-16
06717.95 9.527e-17
06721.16 9.042e-17
06724.37 8.727e-17
06727.58 9.313e-17
06730.79 9.118e-17
06734.01 1.084e-16
06737.22 1.062e-16
06740.43 1.282e-16
06743.64 1.614e-16
06746.85 1.609e-16
06750.07 1.362e-16
06753.28 1.288e-16
06756.49 1.390e-16
06759.71 1.425e-16
06762.92 1.171e-16
06766.14 1.209e-16
06769.35 1.060e-16
06772.57 8.128e-17
06775.78 8.277e-17
06779.00 8.867e-17
06782.21 9.468e-17
06785.43 8.022e-17
06788.65 6.936e-17
06791.86 7.787e-17
06795.08 8.011e-17
06798.30 8.400e-17
06801.52 7.718e-17
06804.73 6.657e-17
06807.95 7.914e-17
06811.17 7.259e-17
06814.39 7.497e-17
06817.61 6.822e-17
06820.83 7.418e-17
06824.05 6.820e-17
06827.27 7.041e-17
06830.49 7.365e-17
06833.71 8.846e-17
06836.93 8.694e-17
06840.15 7.103e-17
06843.37 7.214e-17
06846.59 6.479e-17
06849.81 6.672e-17
06853.04 8.549e-17
06856.26 7.790e-17
06859.48 7.111e-17
06862.71 7.309e-17
06865.93 7.602e-17
06869.15 5.360e-17
06872.38 6.281e-17
06875.60 5.672e-17
06878.82 6.752e-17
06882.05 5.406e-17
06885.27 6.475e-17
06888.50 6.188e-17
06891.73 5.840e-17
06894.95 6.257e-17
06898.18 6.748e-17
06901.40 7.214e-17
06904.63 6.429e-17
06907.86 6.505e-17
06911.08 5.955e-17
06914.31 6.596e-17
06917.54 6.207e-17
06920.77 5.998e-17
06923.99 6.432e-17
06927.22 7.942e-17
06930.45 6.227e-17
06933.68 6.321e-17
06936.91 7.441e-17
06940.14 7.109e-17
06943.37 6.061e-17
06946.60 6.464e-17
06949.83 6.431e-17
06953.06 6.423e-17
06956.29 5.956e-17
06959.52 7.029e-17
06962.75 6.842e-17
06965.99 7.138e-17
06969.22 6.829e-17
06972.45 7.799e-17
06975.68 7.427e-17
06978.91 7.542e-17
06982.15 8.239e-17
06985.38 7.689e-17
06988.61 8.222e-17
06991.85 9.008e-17
06995.08 6.722e-17
06998.32 8.322e-17
07001.55 7.943e-17
07004.79 9.539e-17
07008.02 1.006e-16
07011.26 1.009e-16
07014.49 1.022e-16
07017.73 1.001e-16
07020.96 1.241e-16
07024.20 9.693e-17
07027.44 1.345e-16
07030.67 1.099e-16
07033.91 1.143e-16
07037.15 1.188e-16
07040.38 1.178e-16
07043.62 1.220e-16
07046.86 1.265e-16
07050.10 1.425e-16
07053.34 1.261e-16
07056.58 1.270e-16
07059.81 1.204e-16
07063.05 1.496e-16
07066.29 1.304e-16
07069.53 1.349e-16
07072.77 1.194e-16
07076.01 1.217e-16
07079.25 1.275e-16
07082.49 1.159e-16
07085.74 1.173e-16
07088.98 1.056e-16
07092.22 1.248e-16
07095.46 1.152e-16
07098.70 1.239e-16
07101.94 1.303e-16
07105.19 1.259e-16
07108.43 1.213e-16
07111.67 1.141e-16
07114.92 1.320e-16
07118.16 1.191e-16
07121.40 1.240e-16
07124.65 1.165e-16
07127.89 1.342e-16
07131.14 1.374e-16
07134.38 1.328e-16
07137.62 1.313e-16
07140.87 1.388e-16
07144.12 1.237e-16
07147.36 1.179e-16
07150.61 1.135e-16
07153.85 1.066e-16
07157.10 9.380e-17
07160.35 1.014e-16
07163.59 1.215e-16
07166.84 1.208e-16
07170.09 1.284e-16
07173.34 1.177e-16
07176.58 1.008e-16
07179.83 1.188e-16
07183.08 1.144e-16
07186.33 1.105e-16
07189.57 1.041e-16
07192.82 9.450e-17
07196.07 1.021e-16
07199.32 9.437e-17
07202.57 9.813e-17
07205.82 1.085e-16
07209.07 1.079e-16
07212.32 1.168e-16
07215.57 1.111e-16
07218.82 1.302e-16
07222.07 1.207e-16
07225.32 1.165e-16
07228.58 1.271e-16
07231.83 1.325e-16
07235.08 1.220e-16
07238.33 1.145e-16
07241.58 1.258e-16
07244.84 1.345e-16
07248.09 1.247e-16
07251.34 1.650e-16
07254.60 1.466e-16
07257.85 1.569e-16
07261.10 1.694e-16
07264.36 1.771e-16
07267.61 1.738e-16
07270.86 1.810e-16
07274.12 1.884e-16
07277.37 1.938e-16
07280.63 1.986e-16
07283.88 2.242e-16
07287.14 2.173e-16
07290.40 2.431e-16
07293.65 2.515e-16
07296.91 2.575e-16
07300.16 2.614e-16
07303.42 2.442e-16
07306.68 2.447e-16
07309.93 2.362e-16
07313.19 2.431e-16
07316.45 2.348e-16
07319.70 2.455e-16
07322.96 2.565e-16
07326.22 2.609e-16
07329.48 2.812e-16
07332.74 2.830e-16
07335.99 2.835e-16
07339.25 2.780e-16
07342.51 2.821e-16
07345.77 2.863e-16
07349.03 3.076e-16
07352.29 2.951e-16
07355.55 2.823e-16
07358.81 3.177e-16
07362.07 3.078e-16
07365.33 2.913e-16
07368.59 3.087e-16
07371.85 2.938e-16
07375.11 2.914e-16
07378.38 2.935e-16
07381.64 2.770e-16
07384.90 2.591e-16
07388.16 2.439e-16
07391.42 2.348e-16
07394.69 2.292e-16
07397.95 2.085e-16
07401.21 2.143e-16
07404.47 2.203e-16
07407.74 2.020e-16
07411.00 2.023e-16
07414.26 2.008e-16
07417.53 1.968e-16
07420.79 1.921e-16
07424.05 1.822e-16
07427.32 1.596e-16
07430.58 1.576e-16
07433.85 1.547e-16
07437.11 1.730e-16
07440.38 1.670e-16
07443.64 1.497e-16
07446.91 1.477e-16
07450.17 1.458e-16
07453.44 1.517e-16
07456.71 1.579e-16
07459.97 1.399e-16
07463.24 1.271e-16
07466.51 1.283e-16
07469.77 1.152e-16
07473.04 1.210e-16
07476.31 1.239e-16
07479.57 1.146e-16
07482.84 1.099e-16
07486.11 1.170e-16
07489.38 1.087e-16
07492.65 1.237e-16
07495.91 1.169e-16
07499.18 1.023e-16
07502.45 1.074e-16
07505.72 1.107e-16
07508.99 1.099e-16
07512.26 1.005e-16
07515.53 7.621e-17
07518.80 9.316e-17
07522.07 9.110e-17
07525.34 8.835e-17
07528.61 9.493e-17
07531.88 9.826e-17
07535.15 9.043e-17
07538.42 9.504e-17
07541.69 8.442e-17
07544.96 8.844e-17
07548.23 7.418e-17
07551.50 8.354e-17
07554.77 7.104e-17
07558.05 7.776e-17
07561.32 7.207e-17
07564.59 6.639e-17
07567.86 6.740e-17
07571.14 5.782e-17
07574.41 7.047e-17
07577.68 7.487e-17
07580.95 5.821e-17
07584.23 5.874e-17
07587.50 5.985e-17
07590.77 6.149e-17
07594.05 5.083e-17
07597.32 4.138e-17
07600.60 2.524e-17
07603.87 1.246e-17
07607.15 1.257e-17
07610.42 1.926e-17
07613.69 3.272e-17
07616.97 3.437e-17
07620.24 5.201e-17
07623.52 3.669e-17
07626.80 3.108e-17
07630.07 3.808e-17
07633.35 2.250e-17
07636.62 2.988e-17
07639.90 4.822e-17
07643.18 3.151e-17
07646.45 3.150e-17
07649.73 3.613e-17
07653.01 3.492e-17
07656.28 3.542e-17
07659.56 4.482e-17
07662.84 6.105e-17
07666.11 4.027e-17
07669.39 6.084e-17
07672.67 6.316e-17
07675.95 5.605e-17
07679.23 5.715e-17
07685.78 5.876e-17
07689.06 5.932e-17
07692.34 4.520e-17
07695.62 7.291e-17
07698.90 7.717e-17
07702.18 6.785e-17
07705.46 8.084e-17
07708.74 9.590e-17
07712.02 9.190e-17
07715.30 9.812e-17
07718.58 8.737e-17
07721.86 1.012e-16
07725.14 6.749e-17
07728.42 9.986e-17
07731.70 9.806e-17
07734.98 7.602e-17
07738.26 6.266e-17
07741.54 7.517e-17
07744.82 7.247e-17
07748.10 9.393e-17
07751.39 7.999e-17
07754.67 1.058e-16
07757.95 1.206e-16
07761.23 1.103e-16
07764.52 1.253e-16
07767.80 1.252e-16
07771.08 1.175e-16
07774.36 1.157e-16
07777.65 1.274e-16
07780.93 1.144e-16
07784.21 1.422e-16
07787.49 1.393e-16
07790.78 1.476e-16
07794.06 1.595e-16
07797.35 1.400e-16
07800.63 1.412e-16
07803.91 1.348e-16
07807.20 1.253e-16
07810.48 1.368e-16
07813.77 1.250e-16
07817.05 1.073e-16
07820.34 9.638e-17
07823.62 1.116e-16
07826.91 1.243e-16
07830.19 1.217e-16
07833.48 1.320e-16
07836.76 1.578e-16
07840.05 1.557e-16
07843.33 1.289e-16
07846.62 1.380e-16
07849.90 1.635e-16
07853.19 1.239e-16
07856.48 1.136e-16
07859.76 1.135e-16
07863.05 1.159e-16
07866.34 1.075e-16
07869.62 8.804e-17
07872.91 1.141e-16
07876.20 8.351e-17
07879.49 8.811e-17
07882.77 1.090e-16
07886.06 1.140e-16
07889.35 1.010e-16
07892.64 1.139e-16
07895.92 7.242e-17
07899.21 8.793e-17
07902.50 8.420e-17
07905.79 7.761e-17
07909.08 6.325e-17
07912.37 5.285e-17
07915.65 6.730e-17
07918.94 6.681e-17
07922.23 6.401e-17
07925.52 7.317e-17
07928.81 8.275e-17
07932.10 6.991e-17
07935.39 9.405e-17
07938.68 5.650e-17
07941.97 6.633e-17
07945.26 6.967e-17
07948.55 5.690e-17
07951.84 5.892e-17
07955.13 7.443e-17
07958.42 7.192e-17
07961.71 3.032e-17
07965.00 6.263e-17
07968.29 7.612e-17
07971.58 6.588e-17
07974.87 7.291e-17
07978.16 6.569e-17
07981.46 7.422e-17
07984.75 8.146e-17
07988.04 7.829e-17
07991.33 9.794e-17
07994.62 6.700e-17
07997.91 7.437e-17
08001.21 6.815e-17
08004.50 7.734e-17
08007.79 6.491e-17
08011.08 6.110e-17
08014.38 7.347e-17
08017.67 6.206e-17
08020.96 6.445e-17
08024.25 6.615e-17
08027.55 5.705e-17
08030.84 7.439e-17
08034.13 8.631e-17
08037.43 6.810e-17
08040.72 7.933e-17
08044.01 7.821e-17
08047.31 6.973e-17
08050.60 8.378e-17
08053.90 5.783e-17
08057.19 7.555e-17
08060.48 6.245e-17
08063.78 5.859e-17
08067.07 6.321e-17
08070.36 6.774e-17
08073.66 7.203e-17
08076.95 6.340e-17
08080.25 6.243e-17
08083.54 5.598e-17
08086.84 6.864e-17
08090.13 8.161e-17
08093.43 6.494e-17
08096.72 6.982e-17
08100.02 7.595e-17
08103.31 7.184e-17
08106.61 7.377e-17
08109.91 6.550e-17
08113.20 6.586e-17
08116.50 5.345e-17
08119.79 5.396e-17
08123.09 5.271e-17
08126.39 5.641e-17
08129.68 5.445e-17
08132.98 4.585e-17
08136.28 3.572e-17
08139.57 5.614e-17
08142.87 3.710e-17
08146.17 5.120e-17
08149.46 5.316e-17
08152.76 4.498e-17
08156.06 4.752e-17
08159.35 5.085e-17
08162.65 5.536e-17
08165.95 4.465e-17
08169.25 4.225e-17
08172.54 5.779e-17
08175.84 4.114e-17
08179.14 5.018e-17
08182.44 5.159e-18
08185.73 4.036e-17
08189.03 1.584e-17
08192.33 3.816e-17
08195.63 6.178e-17
08198.93 5.287e-17
08202.23 4.588e-17
08205.52 7.077e-17
08208.82 5.142e-17
08212.12 6.938e-17
08215.42 6.042e-17
08218.72 7.831e-17
08222.02 5.823e-17
08225.32 6.093e-17
08228.62 7.232e-17
08231.92 3.840e-17
08235.22 4.252e-17
08238.51 4.335e-17
08241.81 8.047e-17
08245.11 3.551e-17
08248.41 3.722e-17
08251.71 4.585e-17
08255.01 3.315e-17
08258.31 6.217e-17
08261.61 4.775e-17
08264.91 5.604e-17
08268.21 5.906e-17
08271.51 4.379e-17
08274.81 6.850e-17
08278.11 9.356e-17
08281.41 9.542e-17
08284.71 8.615e-17
08288.01 6.639e-17
08291.32 7.536e-17
08294.62 5.548e-17
08297.92 4.526e-17
08301.22 6.802e-17
08304.52 5.623e-17
08307.82 5.286e-17
08311.12 3.059e-17
08314.42 6.495e-17
08317.72 5.258e-17
08321.03 3.133e-17
08324.33 5.425e-17
08327.63 6.508e-17
08330.93 4.813e-17
08334.23 6.667e-17
08337.53 6.340e-17
08340.84 4.953e-17
08344.14 4.819e-17
08347.44 5.527e-17
08350.74 6.441e-17
08354.04 5.580e-17
08357.35 6.908e-17
08360.65 5.355e-17
08363.95 5.268e-17
08367.25 5.490e-17
08370.56 4.391e-17
08373.86 5.186e-17
08377.16 6.716e-17
08380.46 4.224e-17
08383.77 8.311e-17
08387.07 6.054e-17
08390.37 5.257e-17
08393.67 4.411e-17
08396.98 5.221e-17
08400.28 4.143e-17
08403.58 4.890e-17
08406.89 3.336e-17
08410.19 4.047e-17
08413.49 3.895e-17
08416.80 1.038e-17
08420.10 1.788e-17
08423.40 4.453e-17
08426.71 6.726e-17
08430.01 8.292e-17
08433.32 6.187e-17
08436.62 5.920e-17
08439.92 5.019e-17
08443.23 6.376e-17
08446.53 3.411e-17
08449.83 5.282e-17
08453.14 6.724e-18
08456.44 4.331e-17
08459.75 1.534e-17
08463.05 5.023e-17
08466.36 3.914e-17
08469.66 6.219e-17
08472.96 5.606e-17
08476.27 7.445e-17
08479.57 7.304e-17
08482.88 6.957e-17
08486.18 8.607e-17
08489.49 1.209e-16
08492.79 1.084e-16
08496.10 1.077e-16
08499.40 1.323e-16
08502.71 1.353e-16
08506.01 1.251e-16
08509.32 1.288e-16
08512.62 1.463e-16
08515.93 1.491e-16
08519.23 1.879e-16
08522.54 1.588e-16
08525.84 2.153e-16
08529.15 2.165e-16
08532.45 2.648e-16
08535.76 3.028e-16
08539.06 2.824e-16
08542.37 2.739e-16
08545.67 2.749e-16
08548.98 2.384e-16
08552.28 2.340e-16
08555.59 2.149e-16
08558.90 2.487e-16
08562.20 2.082e-16
08565.51 1.911e-16
08568.81 1.943e-16
08572.12 1.685e-16
08575.42 1.765e-16
08578.73 1.969e-16
08582.04 1.877e-16
08585.34 2.158e-16
08588.65 2.035e-16
08591.95 1.838e-16
08595.26 1.395e-16
08598.57 1.423e-16
08601.87 1.536e-16
08605.18 1.387e-16
08608.49 1.389e-16
08611.79 1.904e-16
08615.10 1.774e-16
08618.41 1.491e-16
08621.71 2.230e-16
08625.02 2.014e-16
08628.32 2.228e-16
08631.63 2.613e-16
08634.94 2.994e-16
08638.24 2.683e-16
08641.55 2.672e-16
08644.86 2.983e-16
08648.16 2.589e-16
08651.47 2.516e-16
08654.78 2.523e-16
08658.08 2.795e-16
08661.39 2.751e-16
08664.70 2.914e-16
08668.00 3.516e-16
08671.31 3.270e-16
08674.62 3.323e-16
08677.92 3.699e-16
08681.23 4.034e-16
08684.54 4.229e-16
08687.84 3.839e-16
08691.15 3.959e-16
08694.46 3.880e-16
08697.77 3.623e-16
08701.07 3.862e-16
08704.38 3.373e-16
08707.69 3.498e-16
08711.00 3.596e-16
08714.30 3.385e-16
08717.61 3.243e-16
08720.92 3.371e-16
08724.22 3.226e-16
08727.53 3.621e-16
08734.15 3.633e-16
08737.45 3.718e-16
08740.76 3.991e-16
08744.07 4.008e-16
08747.38 3.770e-16
08750.68 3.531e-16
08753.99 3.415e-16
08757.30 3.366e-16
08760.60 3.019e-16
08763.91 2.850e-16
08767.22 2.404e-16
08770.53 2.096e-16
08773.83 2.332e-16
08777.14 2.534e-16
08780.45 2.007e-16
08783.76 2.243e-16
08787.06 1.964e-16
08790.37 2.246e-16
08793.68 2.451e-16
08796.99 2.639e-16
08800.29 2.464e-16
08803.60 3.077e-16
08806.91 2.645e-16
08810.22 2.590e-16
08813.52 2.792e-16
08816.83 2.423e-16
08823.45 2.419e-16
08826.75 1.484e-16
08830.06 1.621e-16
08833.37 2.073e-16
08836.68 1.502e-16
08839.99 2.278e-16
08843.29 1.687e-16
08846.60 1.759e-16
08849.91 2.127e-16
08853.22 1.809e-16
08856.52 2.448e-16
08859.83 2.108e-16
08863.14 2.460e-16
08866.45 2.524e-16
08869.75 2.320e-16
08873.06 2.315e-16
08876.37 1.942e-16
08879.68 1.890e-16
08882.99 1.528e-16
08886.29 1.829e-16
08889.60 1.623e-16
08892.91 1.572e-16
08896.22 1.421e-16
08899.52 1.515e-16
08902.83 2.336e-16
08906.14 2.036e-16
08909.45 2.150e-16
08912.75 2.071e-16
08916.06 1.715e-16
08919.37 2.013e-16
08922.68 2.191e-16
08925.99 2.274e-16
08929.29 1.980e-16
08932.60 1.948e-16
08935.91 1.334e-16
08939.22 1.337e-16
08942.52 1.112e-16
08945.83 1.551e-16
08949.14 3.135e-17
08952.45 1.686e-16
08955.75 1.285e-16
08959.06 1.187e-16
08962.37 1.776e-16
08965.68 4.890e-17
08968.98 1.781e-16
08972.29 1.397e-16
08975.60 1.023e-16
08978.91 1.888e-16
08982.21 1.978e-16
08985.52 1.082e-16
08988.83 1.702e-16
08992.14 1.540e-16
08995.44 3.511e-17
08998.75 1.206e-16
