03504.00 7.313e-02
03506.00 -7.010e-02
03508.00 5.747e-02
03510.00 1.355e-02
03512.00 1.407e-01
03514.00 -4.547e-01
03516.00 -1.998e-01
03518.00 6.742e-02
03520.00 5.936e-03
03522.00 2.133e-01
03524.00 9.574e-02
03526.00 1.700e-01
03528.00 1.485e-01
03530.00 -4.270e-02
03532.00 -2.456e-02
03534.00 3.581e-02
03536.00 2.228e-01
03538.00 1.796e-01
03540.00 -5.792e-02
03542.00 1.055e-01
03544.00 2.408e-01
03546.00 1.028e-01
03548.00 1.725e-01
03550.00 2.424e-01
03552.00 1.803e-02
03554.00 6.346e-02
03556.00 1.568e-01
03558.00 3.874e-01
03560.00 -2.153e-02
03562.00 1.070e-01
03564.00 -1.227e-02
03566.00 -1.448e-01
03568.00 -2.410e-01
03570.00 1.183e-02
03572.00 3.440e-01
03574.00 2.221e-01
03576.00 1.425e-01
03578.00 2.077e-01
03580.00 -1.454e-02
03582.00 1.513e-01
03584.00 3.105e-01
03586.00 -2.151e-01
03588.00 -6.658e-02
03590.00 2.525e-01
03592.00 2.152e-01
03594.00 2.439e-01
03596.00 -1.401e-01
03598.00 -5.683e-02
03600.00 -1.033e-01
03602.00 -1.168e-01
03604.00 1.259e-01
03606.00 1.422e-01
03608.00 2.922e-01
03610.00 3.499e-01
03612.00 1.711e-01
03614.00 6.914e-02
03616.00 1.864e-01
03618.00 -1.230e-01
03620.00 3.560e-01
03622.00 -1.604e-01
03624.00 6.927e-02
03626.00 1.063e-01
03628.00 5.283e-02
03630.00 2.992e-01
03632.00 4.558e-03
03634.00 7.637e-03
03636.00 1.487e-01
03638.00 1.117e-01
03640.00 1.240e-01
03642.00 -1.942e-01
03644.00 2.199e-01
03646.00 1.087e-01
03648.00 -1.314e-02
03650.00 4.308e-02
03652.00 5.065e-01
03654.00 2.958e-01
03656.00 1.397e-01
03658.00 -1.848e-01
03660.00 2.341e-02
03662.00 1.981e-01
03664.00 2.361e-01
03666.00 6.742e-02
03668.00 3.355e-02
03670.00 4.890e-02
03672.00 -3.003e-01
03674.00 -3.307e-01
03676.00 3.217e-02
03678.00 -6.030e-02
03680.00 -1.152e-01
03682.00 1.579e-01
03684.00 1.052e-01
03686.00 2.314e-01
03688.00 2.628e-01
03690.00 2.365e-01
03692.00 9.011e-02
03694.00 3.160e-01
03696.00 2.327e-02
03698.00 8.108e-02
03700.00 1.198e-01
03702.00 1.122e-01
03704.00 -8.389e-02
03706.00 2.482e-02
03708.00 -1.064e-02
03710.00 1.196e-01
03712.00 6.938e-02
03714.00 1.947e-02
03716.00 2.002e-02
03718.00 -1.814e-02
03720.00 2.983e-01
03722.00 -1.931e-02
03724.00 1.315e-01
03726.00 2.859e-01
03728.00 6.457e-02
03730.00 -1.911e-01
03732.00 -5.745e-02
03734.00 -3.233e-02
03736.00 -4.468e-03
03738.00 1.025e-01
03740.00 2.845e-01
03742.00 4.438e-01
03744.00 5.207e-01
03746.00 2.146e-01
03748.00 9.926e-02
03750.00 2.233e-01
03752.00 3.817e-02
03754.00 5.484e-02
03756.00 -5.346e-02
03758.00 1.341e-01
03760.00 1.969e-01
03762.00 1.101e-01
03764.00 2.479e-02
03766.00 1.091e-01
03768.00 2.135e-01
03770.00 -3.731e-02
03772.00 -4.317e-03
03774.00 -8.689e-02
03776.00 -5.182e-02
03778.00 -5.022e-02
03780.00 2.543e-01
03782.00 -9.431e-02
03784.00 -2.216e-01
03786.00 -1.677e-01
03788.00 9.098e-02
03790.00 1.741e-01
03792.00 6.653e-02
03794.00 1.616e-01
03796.00 5.136e-02
03798.00 -1.664e-02
03800.00 1.440e-01
03802.00 -1.297e-01
03804.00 3.985e-02
03806.00 5.289e-02
03808.00 8.854e-03
03810.00 8.599e-02
03812.00 1.404e-01
03814.00 1.086e-01
03816.00 1.870e-01
03818.00 6.748e-02
03820.00 -1.056e-01
03822.00 1.751e-01
03824.00 -2.803e-02
03826.00 6.644e-02
03828.00 7.997e-02
03830.00 3.367e-01
03832.00 5.612e-02
03834.00 7.354e-02
03836.00 -1.767e-01
03838.00 -5.938e-02
03840.00 2.371e-02
03842.00 -2.914e-02
03844.00 6.184e-02
03846.00 1.080e-01
03848.00 1.361e-01
03850.00 -8.749e-02
03852.00 1.401e-01
03854.00 7.190e-03
03856.00 -6.596e-03
03858.00 1.680e-01
03860.00 1.805e-01
03862.00 2.251e-01
03864.00 -9.075e-03
03866.00 -2.212e-02
03868.00 3.601e-01
03870.00 -1.074e-02
03872.00 -3.693e-02
03874.00 -3.882e-02
03876.00 4.340e-02
03878.00 9.584e-02
03880.00 9.409e-02
03882.00 8.487e-02
03884.00 -1.854e-02
03886.00 -8.395e-02
03888.00 -2.078e-02
03890.00 4.555e-02
03892.00 1.212e-01
03894.00 1.236e-01
03896.00 3.058e-03
03898.00 -3.828e-02
03900.00 1.660e-01
03902.00 1.896e-01
03904.00 3.766e-02
03906.00 4.807e-02
03908.00 1.930e-01
03910.00 -1.743e-01
03912.00 -1.219e-01
03914.00 5.423e-03
03916.00 2.762e-01
03918.00 2.543e-01
03920.00 2.051e-01
03922.00 1.425e-01
03924.00 -1.649e-01
03926.00 1.374e-01
03928.00 2.371e-02
03930.00 1.722e-01
03932.00 9.305e-02
03934.00 1.275e-01
03936.00 -6.174e-04
03938.00 2.776e-02
03940.00 1.871e-01
03942.00 1.617e-01
03944.00 -5.194e-02
03946.00 -2.041e-02
03948.00 -5.388e-02
03950.00 1.715e-02
03952.00 2.813e-01
03954.00 1.817e-01
03956.00 1.901e-01
03958.00 1.844e-02
03960.00 2.182e-01
03962.00 4.141e-02
03964.00 8.814e-03
03966.00 2.206e-01
03968.00 1.753e-01
03970.00 5.480e-02
03972.00 2.091e-01
03974.00 2.379e-01
03976.00 8.979e-02
03978.00 5.321e-02
03980.00 -7.846e-02
03982.00 6.026e-04
03984.00 8.285e-02
03986.00 1.366e-01
03988.00 1.110e-01
03990.00 2.765e-02
03992.00 -1.243e-02
03994.00 4.850e-02
03996.00 -1.030e-01
03998.00 -6.650e-02
04000.00 1.263e-01
04002.00 2.556e-02
04004.00 1.721e-01
04006.00 -5.191e-02
04008.00 -3.010e-02
04010.00 -9.930e-02
04012.00 4.193e-02
04014.00 -1.381e-01
04016.00 6.725e-02
04018.00 -4.333e-03
04020.00 -6.883e-02
04022.00 -6.713e-02
04024.00 3.081e-02
04026.00 1.501e-01
04028.00 9.767e-02
04030.00 2.076e-01
04032.00 7.525e-02
04034.00 -7.344e-02
04036.00 -9.016e-02
04038.00 3.664e-02
04040.00 2.697e-02
04042.00 4.232e-02
04044.00 -3.649e-03
04046.00 3.750e-02
04048.00 1.023e-01
04050.00 1.244e-01
04052.00 -1.640e-02
04054.00 1.277e-01
04056.00 9.224e-03
04058.00 3.651e-02
04060.00 2.137e-01
04062.00 6.641e-02
04064.00 2.049e-02
04066.00 -2.131e-02
04068.00 2.424e-01
04070.00 2.476e-01
04072.00 1.265e-01
04074.00 3.360e-02
04076.00 8.952e-02
04078.00 1.506e-01
04080.00 2.308e-01
04082.00 1.411e-01
04084.00 3.901e-01
04086.00 1.336e-01
04088.00 9.261e-02
04090.00 1.907e-01
04092.00 9.706e-02
04094.00 1.322e-01
04096.00 -3.170e-02
04098.00 4.524e-02
04100.00 8.239e-02
04102.00 1.223e-01
04104.00 9.975e-02
04106.00 7.694e-02
04108.00 2.187e-01
04110.00 -3.728e-02
04112.00 2.260e-01
04114.00 -1.486e-02
04116.00 5.795e-02
04118.00 2.401e-01
04120.00 1.020e-01
04122.00 -1.080e-02
04124.00 2.750e-02
04126.00 -6.109e-02
04128.00 6.538e-02
04130.00 1.060e-01
04132.00 9.513e-02
04134.00 1.042e-01
04136.00 1.098e-01
04138.00 1.072e-01
04140.00 9.016e-02
04142.00 5.990e-03
04144.00 1.934e-01
04146.00 9.276e-02
04148.00 6.035e-02
04150.00 4.538e-02
04152.00 3.806e-01
04154.00 2.195e-01
04156.00 7.926e-02
04158.00 1.394e-01
04160.00 8.327e-02
04162.00 3.354e-03
04164.00 8.950e-02
04166.00 1.600e-02
04168.00 2.010e-01
04170.00 4.565e-02
04172.00 1.760e-01
04174.00 1.037e-01
04176.00 3.624e-02
04178.00 -4.020e-02
04180.00 3.033e-02
04182.00 -6.719e-02
04184.00 8.255e-02
04186.00 1.415e-01
04188.00 1.243e-01
04190.00 7.750e-02
04192.00 1.006e-01
04194.00 2.498e-01
04196.00 5.441e-02
04198.00 3.837e-02
04200.00 1.196e-01
04202.00 5.613e-02
04204.00 -3.730e-02
04206.00 3.762e-02
04208.00 -3.908e-02
04210.00 2.607e-02
04212.00 7.666e-02
04214.00 2.350e-01
04216.00 3.355e-03
04218.00 5.210e-02
04220.00 1.073e-01
04222.00 2.267e-01
04224.00 -2.987e-02
04226.00 7.206e-02
04228.00 1.740e-01
04230.00 2.261e-01
04232.00 -5.198e-02
04234.00 1.031e-01
04236.00 -9.158e-03
04238.00 5.067e-02
04240.00 9.320e-02
04242.00 1.184e-01
04244.00 7.660e-03
04246.00 5.424e-02
04248.00 1.486e-01
04250.00 1.200e-01
04252.00 1.271e-01
04254.00 3.659e-02
04256.00 -2.185e-02
04258.00 7.580e-02
04260.00 8.988e-02
04262.00 1.389e-01
04264.00 9.484e-02
04266.00 5.402e-02
04268.00 1.542e-01
04270.00 1.427e-01
04272.00 1.041e-01
04274.00 4.269e-02
04276.00 9.337e-02
04278.00 1.814e-01
04280.00 1.736e-01
04282.00 1.794e-01
04284.00 7.580e-02
04286.00 1.085e-02
04288.00 4.655e-02
04290.00 9.266e-02
04292.00 9.947e-02
04294.00 -3.350e-02
04296.00 3.590e-03
04298.00 1.631e-02
04300.00 6.729e-02
04302.00 1.655e-01
04304.00 2.416e-03
04306.00 4.558e-02
04308.00 5.793e-02
04310.00 1.045e-01
04312.00 7.312e-02
04314.00 1.894e-01
04316.00 1.328e-01
04318.00 9.041e-02
04320.00 2.008e-01
04322.00 2.524e-03
04324.00 6.267e-02
04326.00 1.244e-01
04328.00 1.148e-01
04330.00 8.288e-02
04332.00 1.592e-01
04334.00 2.303e-01
04336.00 1.414e-01
04338.00 1.452e-01
04340.00 8.941e-02
04342.00 1.603e-01
04344.00 -1.006e-02
04346.00 2.661e-02
04348.00 1.741e-01
04350.00 3.666e-02
04352.00 7.532e-02
04354.00 1.428e-02
04356.00 1.886e-01
04358.00 1.297e-01
04360.00 1.339e-02
04362.00 1.113e-01
04364.00 5.611e-02
04366.00 1.862e-02
04368.00 -4.370e-03
04370.00 1.046e-01
04372.00 1.263e-02
04374.00 1.325e-01
04376.00 2.928e-02
04378.00 1.939e-02
04380.00 -7.533e-02
04382.00 1.028e-01
04384.00 5.052e-02
04386.00 8.707e-02
04388.00 2.482e-02
04390.00 3.811e-03
04392.00 -5.219e-02
04394.00 8.084e-02
04396.00 1.038e-01
04398.00 2.116e-02
04400.00 4.988e-02
04402.00 7.110e-02
04404.00 9.088e-02
04406.00 1.218e-01
04408.00 9.386e-02
04410.00 9.969e-02
04412.00 7.084e-02
04414.00 8.229e-02
04416.00 9.090e-02
04418.00 2.814e-02
04420.00 3.464e-02
04422.00 -3.491e-03
04424.00 2.956e-03
04426.00 1.276e-02
04428.00 1.390e-01
04430.00 -4.472e-02
04432.00 -6.116e-02
04434.00 1.436e-01
04436.00 9.646e-02
04438.00 7.358e-02
04440.00 -1.258e-01
04442.00 1.380e-01
04444.00 -1.139e-02
04446.00 2.660e-02
04448.00 3.874e-02
04450.00 9.567e-02
04452.00 2.983e-02
04454.00 7.894e-02
04456.00 1.110e-01
04458.00 5.619e-02
04460.00 9.262e-02
04462.00 -2.656e-02
04464.00 -1.300e-02
04466.00 1.142e-02
04468.00 2.549e-02
04470.00 1.106e-01
04472.00 2.654e-02
04474.00 9.326e-02
04476.00 -1.799e-02
04478.00 -1.935e-02
04480.00 7.814e-03
04482.00 3.183e-02
04484.00 -1.724e-02
04486.00 8.215e-02
04488.00 1.230e-01
04490.00 5.204e-02
04492.00 -2.692e-02
04494.00 3.260e-02
04496.00 1.468e-01
04498.00 2.972e-02
04500.00 1.158e-01
04502.00 3.762e-02
04504.00 2.074e-02
04506.00 8.413e-02
04508.00 4.067e-02
04510.00 1.793e-01
04512.00 4.522e-02
04514.00 1.862e-02
04516.00 9.561e-02
04518.00 1.705e-02
04520.00 -1.502e-02
04522.00 1.101e-01
04524.00 1.075e-01
04526.00 -7.473e-02
04528.00 6.180e-02
04530.00 3.439e-02
04532.00 -4.459e-04
04534.00 1.157e-03
04536.00 1.308e-01
04538.00 -2.467e-02
04540.00 1.031e-01
04542.00 6.961e-02
04544.00 3.476e-02
04546.00 4.910e-02
04548.00 2.118e-01
04550.00 8.925e-02
04552.00 4.164e-02
04554.00 -5.825e-02
04556.00 1.557e-02
04558.00 1.196e-01
04560.00 7.046e-02
04562.00 -1.469e-02
04564.00 -6.368e-02
04566.00 1.769e-01
04568.00 2.211e-01
04570.00 8.154e-02
04572.00 1.040e-01
04574.00 6.402e-02
04576.00 8.017e-02
04578.00 1.983e-02
04580.00 4.307e-02
04582.00 1.647e-01
04584.00 5.357e-02
04586.00 1.781e-03
04588.00 1.214e-01
04590.00 1.151e-01
04592.00 3.472e-01
04594.00 7.850e-02
04596.00 1.107e-01
04598.00 7.795e-02
04600.00 9.383e-02
04602.00 5.688e-02
04604.00 8.813e-02
04606.00 3.158e-02
04608.00 5.496e-02
04610.00 2.124e-01
04612.00 4.498e-02
04614.00 1.751e-01
04616.00 3.638e-02
04618.00 7.820e-02
04620.00 8.894e-02
04622.00 6.900e-03
04624.00 -7.946e-02
04626.00 4.412e-02
04628.00 1.158e-01
04630.00 1.065e-01
04632.00 5.872e-02
04634.00 3.288e-02
04636.00 1.756e-01
04638.00 -9.233e-03
04640.00 1.092e-01
04642.00 1.311e-02
04644.00 1.182e-01
04646.00 1.282e-02
04648.00 1.056e-01
04650.00 5.524e-02
04652.00 2.975e-02
04654.00 1.161e-01
04656.00 1.163e-03
04658.00 -1.421e-03
04660.00 1.076e-01
04662.00 1.575e-01
04664.00 1.790e-01
04666.00 1.455e-01
04668.00 1.281e-01
04670.00 7.827e-02
04672.00 1.137e-01
04674.00 5.856e-02
04676.00 8.962e-02
04678.00 8.142e-02
04680.00 5.545e-02
04682.00 1.733e-01
04684.00 9.304e-03
04686.00 1.726e-01
04688.00 1.523e-01
04690.00 7.855e-02
04692.00 1.160e-01
04694.00 7.045e-02
04696.00 2.366e-01
04698.00 1.899e-01
04700.00 6.993e-02
04702.00 6.714e-02
04704.00 1.509e-01
04706.00 1.697e-01
04708.00 1.480e-02
04710.00 1.232e-02
04712.00 1.520e-01
04714.00 4.462e-02
04716.00 3.238e-02
04718.00 1.489e-01
04720.00 1.235e-01
04722.00 1.654e-01
04724.00 1.464e-01
04726.00 1.430e-01
04728.00 1.737e-01
04730.00 4.539e-02
04732.00 1.203e-01
04734.00 6.202e-02
04736.00 3.382e-02
04738.00 5.979e-02
04740.00 7.070e-02
04742.00 8.214e-02
04744.00 1.083e-01
04746.00 1.194e-01
04748.00 1.423e-01
04750.00 2.178e-01
04752.00 8.479e-02
04754.00 8.068e-02
04756.00 1.283e-01
04758.00 7.176e-02
04760.00 8.153e-02
04762.00 1.953e-01
04764.00 2.944e-02
04766.00 1.711e-01
04768.00 4.810e-02
04770.00 1.658e-01
04772.00 1.712e-01
04774.00 5.438e-03
04776.00 7.709e-02
04778.00 9.984e-02
04780.00 1.194e-01
04782.00 2.452e-02
04784.00 9.362e-02
04786.00 1.810e-01
04788.00 1.884e-01
04790.00 1.400e-02
04792.00 1.124e-01
04794.00 1.881e-01
04796.00 1.145e-01
04798.00 7.166e-02
04800.00 4.855e-02
04802.00 1.367e-02
04804.00 1.351e-01
04806.00 1.102e-01
04808.00 4.310e-02
04810.00 1.289e-01
04812.00 1.974e-01
04814.00 7.119e-02
04816.00 7.065e-02
04818.00 1.396e-01
04820.00 3.989e-02
04822.00 1.151e-01
04824.00 9.908e-02
04826.00 1.260e-01
04828.00 2.187e-01
04830.00 9.866e-02
04832.00 1.585e-01
04834.00 1.535e-01
04836.00 1.172e-01
04838.00 1.150e-01
04840.00 3.766e-02
04842.00 2.004e-01
04844.00 9.733e-02
04846.00 1.143e-01
04848.00 1.583e-01
04850.00 4.506e-02
04852.00 1.002e-01
04854.00 -1.889e-02
04856.00 7.325e-02
04858.00 8.031e-02
04860.00 3.961e-02
04862.00 1.085e-01
04864.00 1.440e-01
04866.00 4.631e-02
04868.00 8.358e-02
04870.00 2.081e-01
04872.00 5.570e-02
04874.00 7.773e-02
04876.00 1.250e-01
04878.00 1.545e-01
04880.00 2.823e-01
04882.00 5.636e-01
04884.00 4.794e-01
04886.00 1.440e-01
04888.00 9.922e-02
04890.00 1.186e-01
04892.00 -6.058e-02
04894.00 6.187e-02
04896.00 7.700e-02
04898.00 1.612e-01
04900.00 1.126e-01
04902.00 1.979e-02
04904.00 1.082e-01
04906.00 1.755e-02
04908.00 3.430e-02
04910.00 1.069e-02
04912.00 1.354e-01
04914.00 1.786e-01
04916.00 3.393e-02
04918.00 2.849e-02
04920.00 1.148e-01
04922.00 7.740e-02
04924.00 1.443e-01
04926.00 -5.422e-02
04928.00 7.082e-02
04930.00 -6.315e-02
04932.00 1.317e-01
04934.00 1.550e-01
04936.00 1.019e-01
04938.00 1.774e-01
04940.00 -1.025e-02
04942.00 1.017e-01
04944.00 1.044e-01
04946.00 6.871e-02
04948.00 1.769e-03
04950.00 1.399e-01
04952.00 -3.426e-03
04954.00 1.367e-01
04956.00 2.500e-02
04958.00 3.024e-02
04960.00 -7.352e-04
04962.00 1.280e-01
04964.00 9.098e-02
04966.00 6.340e-02
04968.00 1.627e-01
04970.00 9.522e-02
04972.00 1.429e-01
04974.00 1.021e-01
04976.00 1.579e-01
04978.00 5.162e-02
04980.00 1.143e-01
04982.00 5.382e-02
04984.00 5.530e-02
04986.00 8.280e-02
04988.00 1.391e-01
04990.00 4.619e-02
04992.00 1.691e-01
04994.00 1.983e-01
04996.00 1.443e-01
04998.00 8.373e-02
05000.00 1.239e-01
05002.00 1.029e-01
05004.00 9.896e-02
05006.00 5.719e-02
05008.00 9.218e-02
05010.00 1.936e-01
05012.00 1.841e-01
05014.00 1.217e-01
05016.00 6.566e-02
05018.00 1.760e-01
05020.00 1.060e-01
05022.00 1.313e-01
05024.00 1.867e-01
05026.00 1.628e-01
05028.00 2.198e-01
05030.00 2.341e-01
05032.00 1.796e-01
05034.00 1.411e-01
05036.00 2.316e-01
05038.00 8.810e-02
05040.00 1.695e-01
05042.00 8.078e-02
05044.00 1.449e-01
05046.00 2.091e-01
05048.00 1.195e-01
05050.00 1.316e-01
05052.00 1.492e-01
05054.00 7.208e-02
05056.00 1.230e-01
05058.00 1.849e-01
05060.00 1.401e-01
05062.00 1.466e-01
05064.00 1.678e-01
05066.00 9.925e-02
05068.00 1.705e-02
05070.00 8.270e-02
05072.00 2.130e-01
05074.00 9.572e-02
05076.00 1.032e-01
05078.00 1.330e-01
05080.00 6.202e-02
05082.00 1.194e-01
05084.00 5.412e-02
05086.00 1.106e-01
05088.00 8.181e-02
05090.00 5.747e-02
05092.00 5.150e-02
05094.00 2.393e-02
05096.00 1.008e-01
05098.00 -3.967e-03
05100.00 7.388e-02
05102.00 1.246e-01
05104.00 1.192e-01
05106.00 1.660e-01
05108.00 1.485e-01
05110.00 4.393e-02
05112.00 1.692e-03
05114.00 -6.052e-03
05116.00 2.975e-03
05118.00 3.128e-02
05120.00 1.159e-01
05122.00 6.325e-02
05124.00 1.042e-02
05126.00 3.462e-02
05128.00 -3.736e-02
05130.00 1.302e-01
05132.00 4.301e-02
05134.00 7.173e-02
05136.00 6.409e-02
05138.00 8.111e-02
05140.00 5.192e-02
05142.00 -8.854e-03
05144.00 7.281e-02
05146.00 8.421e-02
05148.00 4.976e-02
05150.00 2.823e-02
05152.00 1.602e-01
05154.00 2.807e-02
05156.00 1.506e-01
05158.00 3.435e-02
05160.00 7.064e-02
05162.00 7.020e-02
05164.00 1.792e-01
05166.00 6.020e-02
05168.00 9.376e-02
05170.00 2.491e-02
05172.00 4.545e-02
05174.00 1.071e-01
05176.00 1.529e-01
05178.00 1.500e-01
05180.00 2.271e-01
05182.00 1.400e-01
05184.00 3.649e-02
05186.00 1.252e-01
05188.00 2.913e-02
05190.00 6.833e-02
05192.00 4.483e-02
05194.00 9.987e-02
05196.00 6.766e-02
05198.00 1.153e-01
05200.00 1.368e-01
05202.00 1.009e-01
05204.00 8.211e-02
05206.00 6.878e-02
05208.00 4.560e-02
05210.00 1.590e-01
05212.00 -3.376e-03
05214.00 2.914e-02
05216.00 6.300e-02
05218.00 2.082e-02
05220.00 1.208e-01
05222.00 1.131e-01
05224.00 1.191e-01
05226.00 8.286e-02
05228.00 1.125e-01
05230.00 6.921e-02
05232.00 7.112e-02
05234.00 1.154e-01
05236.00 1.244e-01
05238.00 8.967e-02
05240.00 1.071e-01
05242.00 1.236e-01
05244.00 3.638e-02
05246.00 5.641e-02
05248.00 7.499e-02
05250.00 6.070e-02
05252.00 1.765e-02
05254.00 -1.076e-03
05256.00 1.918e-02
05258.00 1.761e-02
05260.00 9.250e-02
05262.00 7.182e-02
05264.00 1.758e-02
05266.00 5.189e-02
05268.00 1.380e-01
05270.00 6.159e-02
05272.00 4.940e-02
05274.00 4.201e-02
05276.00 1.152e-01
05278.00 6.694e-02
05280.00 1.380e-01
05282.00 4.978e-02
05284.00 8.000e-02
05286.00 5.644e-02
05288.00 1.662e-02
05290.00 3.872e-02
05292.00 6.236e-02
05294.00 1.138e-01
05296.00 6.994e-02
05298.00 4.364e-02
05300.00 6.406e-02
05302.00 5.265e-02
05304.00 1.600e-01
05306.00 1.319e-01
05308.00 6.450e-02
05310.00 4.364e-02
05312.00 1.107e-01
05314.00 1.153e-01
05316.00 1.235e-01
05318.00 1.268e-01
05320.00 1.188e-01
05322.00 1.867e-01
05324.00 9.262e-02
05326.00 1.719e-01
05328.00 8.852e-02
05330.00 9.377e-02
05332.00 1.961e-02
05334.00 1.394e-01
05336.00 1.014e-01
05338.00 5.585e-02
05340.00 7.350e-02
05342.00 9.724e-02
05344.00 9.882e-02
05346.00 3.886e-02
05348.00 1.276e-01
05350.00 1.020e-01
05352.00 7.949e-02
05354.00 4.126e-02
05356.00 1.338e-01
05358.00 9.686e-02
05360.00 5.207e-02
05362.00 7.509e-02
05364.00 5.030e-03
05366.00 9.815e-02
05368.00 1.290e-01
05370.00 1.042e-01
05372.00 4.907e-02
05374.00 2.076e-01
05376.00 6.321e-02
05378.00 2.139e-02
05380.00 5.049e-02
05382.00 1.609e-02
05384.00 8.227e-02
05386.00 3.763e-02
05388.00 2.006e-01
05390.00 1.276e-01
05392.00 2.135e-02
05394.00 2.308e-02
05396.00 5.252e-02
05398.00 -1.923e-02
05400.00 9.735e-02
05402.00 6.504e-02
05404.00 1.028e-01
05406.00 4.271e-02
05408.00 1.215e-01
05410.00 7.270e-02
05412.00 3.165e-02
05414.00 5.988e-02
05416.00 1.061e-01
05418.00 3.236e-02
05420.00 7.572e-02
05422.00 2.451e-02
05424.00 3.383e-02
05426.00 7.441e-02
05428.00 1.910e-01
05430.00 1.067e-01
05432.00 1.098e-01
05434.00 8.947e-02
05436.00 1.459e-01
05438.00 8.869e-02
05440.00 8.434e-02
05442.00 6.908e-02
05444.00 6.534e-02
05446.00 6.765e-02
05448.00 6.947e-02
05450.00 7.426e-02
05452.00 7.781e-02
05454.00 8.592e-02
05456.00 8.532e-02
05458.00 6.653e-02
05460.00 4.884e-02
05462.00 5.806e-02
05464.00 8.637e-02
05466.00 9.144e-02
05468.00 7.250e-02
05470.00 7.790e-02
05472.00 1.101e-01
05474.00 1.332e-01
05476.00 1.365e-01
05478.00 1.283e-01
05480.00 1.085e-01
05482.00 6.624e-02
05484.00 6.331e-02
05486.00 9.975e-02
05488.00 1.151e-01
05490.00 1.151e-01
05492.00 1.054e-01
05494.00 7.813e-02
05496.00 4.222e-02
05498.00 5.035e-02
05500.00 1.015e-01
05502.00 1.276e-01
05504.00 1.541e-01
05506.00 1.653e-01
05508.00 1.579e-01
05510.00 1.398e-01
05512.00 1.121e-01
05514.00 7.250e-02
05516.00 6.854e-02
05518.00 1.017e-01
05520.00 1.138e-01
05522.00 1.145e-01
05524.00 1.168e-01
05526.00 1.267e-01
05528.00 1.360e-01
05530.00 1.315e-01
05532.00 1.144e-01
05534.00 1.115e-01
05536.00 1.119e-01
05538.00 1.233e-01
05540.00 1.538e-01
05542.00 1.795e-01
05544.00 1.864e-01
05546.00 1.843e-01
05548.00 1.856e-01
05550.00 1.869e-01
05552.00 1.836e-01
05554.00 1.743e-01
05556.00 1.677e-01
05558.00 1.647e-01
05560.00 1.620e-01
05562.00 1.564e-01
05564.00 1.494e-01
05566.00 1.463e-01
05568.00 1.479e-01
05570.00 1.451e-01
05572.00 1.342e-01
05574.00 1.327e-01
05576.00 1.483e-01
05578.00 1.682e-01
05580.00 1.775e-01
05582.00 1.838e-01
05584.00 1.744e-01
05586.00 1.379e-01
05588.00 1.245e-01
05590.00 1.332e-01
05592.00 1.417e-01
05594.00 1.406e-01
05596.00 1.371e-01
05598.00 1.390e-01
05600.00 1.482e-01
05602.00 1.419e-01
05604.00 1.193e-01
05606.00 1.044e-01
05608.00 9.472e-02
05610.00 9.091e-02
05612.00 9.762e-02
05614.00 1.118e-01
05616.00 1.139e-01
05618.00 1.043e-01
05620.00 1.050e-01
05622.00 1.117e-01
05624.00 1.186e-01
05626.00 1.286e-01
05628.00 1.354e-01
05630.00 1.279e-01
05632.00 1.091e-01
05634.00 9.856e-02
05636.00 8.800e-02
05638.00 8.371e-02
05640.00 8.743e-02
05642.00 9.079e-02
05644.00 8.913e-02
05646.00 8.770e-02
05648.00 9.642e-02
05650.00 1.165e-01
05652.00 1.210e-01
05654.00 1.161e-01
05656.00 1.086e-01
05658.00 9.133e-02
05660.00 7.968e-02
05662.00 8.682e-02
05664.00 1.042e-01
05666.00 1.106e-01
05668.00 1.136e-01
05670.00 1.128e-01
05672.00 1.085e-01
05674.00 1.000e-01
05676.00 8.490e-02
05678.00 6.882e-02
05680.00 5.695e-02
05682.00 4.646e-02
05684.00 4.853e-02
05686.00 7.005e-02
05688.00 7.563e-02
05690.00 6.591e-02
05692.00 6.265e-02
05694.00 7.583e-02
05696.00 9.255e-02
05698.00 9.362e-02
05700.00 8.366e-02
05702.00 8.133e-02
05704.00 7.784e-02
05706.00 8.245e-02
05708.00 1.017e-01
05710.00 1.154e-01
05712.00 1.128e-01
05714.00 1.004e-01
05716.00 8.163e-02
05718.00 4.375e-02
05720.00 3.431e-02
05722.00 4.739e-02
05724.00 5.803e-02
05726.00 7.002e-02
05728.00 7.744e-02
05730.00 6.921e-02
05732.00 5.004e-02
05734.00 4.675e-02
05736.00 5.417e-02
05738.00 5.911e-02
05740.00 7.169e-02
05742.00 7.321e-02
05744.00 5.290e-02
05746.00 2.835e-02
05748.00 2.479e-02
05750.00 3.399e-02
05752.00 4.028e-02
05754.00 5.291e-02
05756.00 5.819e-02
05758.00 5.853e-02
05760.00 5.413e-02
05762.00 4.222e-02
05764.00 2.660e-02
05766.00 1.970e-02
05768.00 1.779e-02
05770.00 1.694e-02
05772.00 2.079e-02
05774.00 2.186e-02
05776.00 1.837e-02
05778.00 1.595e-02
05780.00 1.954e-02
05782.00 2.656e-02
05784.00 2.912e-02
05786.00 2.528e-02
05788.00 3.105e-02
05790.00 4.698e-02
05792.00 5.828e-02
05794.00 6.488e-02
05796.00 6.566e-02
05798.00 5.288e-02
05800.00 2.606e-02
05802.00 2.435e-02
05804.00 4.460e-02
05806.00 5.548e-02
05808.00 6.359e-02
05810.00 6.876e-02
05812.00 6.880e-02
05814.00 6.682e-02
05816.00 7.117e-02
05818.00 8.274e-02
05820.00 8.047e-02
05822.00 5.841e-02
05824.00 5.529e-02
05826.00 7.639e-02
05828.00 9.801e-02
05830.00 1.050e-01
05832.00 1.058e-01
05834.00 1.114e-01
05836.00 1.191e-01
05838.00 1.250e-01
05840.00 1.285e-01
05842.00 1.349e-01
05844.00 1.496e-01
05846.00 1.609e-01
05848.00 1.533e-01
05850.00 1.316e-01
05852.00 1.255e-01
05854.00 1.220e-01
05856.00 1.317e-01
05858.00 1.606e-01
05860.00 1.855e-01
05862.00 2.012e-01
05864.00 2.108e-01
05866.00 2.098e-01
05868.00 1.949e-01
05870.00 1.966e-01
05872.00 2.135e-01
05874.00 2.201e-01
05876.00 2.175e-01
05878.00 2.124e-01
05880.00 2.077e-01
05882.00 2.017e-01
05884.00 1.936e-01
05886.00 1.746e-01
05888.00 1.806e-01
05890.00 2.178e-01
05892.00 2.357e-01
05894.00 2.302e-01
05896.00 2.144e-01
05898.00 1.907e-01
05900.00 1.570e-01
05902.00 1.555e-01
05904.00 1.822e-01
05906.00 2.028e-01
05908.00 2.345e-01
05910.00 2.534e-01
05912.00 2.531e-01
05914.00 2.411e-01
05916.00 2.214e-01
05918.00 1.880e-01
05920.00 1.737e-01
05922.00 1.609e-01
05924.00 1.726e-01
05926.00 2.237e-01
05928.00 2.652e-01
05930.00 2.726e-01
05932.00 2.629e-01
05934.00 2.533e-01
05936.00 2.327e-01
05938.00 2.216e-01
05940.00 2.129e-01
05942.00 2.094e-01
05944.00 2.166e-01
05946.00 2.214e-01
05948.00 2.091e-01
05950.00 1.872e-01
05952.00 1.861e-01
05954.00 2.059e-01
05956.00 2.108e-01
05958.00 2.102e-01
05960.00 2.062e-01
05962.00 1.941e-01
05964.00 1.839e-01
05966.00 1.931e-01
05968.00 2.173e-01
05970.00 2.301e-01
05972.00 2.442e-01
05974.00 2.460e-01
05976.00 2.335e-01
05978.00 2.196e-01
05980.00 2.064e-01
05982.00 1.943e-01
05984.00 1.925e-01
05986.00 2.006e-01
05988.00 2.028e-01
05990.00 2.066e-01
05992.00 2.038e-01
05994.00 1.914e-01
05996.00 1.789e-01
05998.00 1.732e-01
06000.00 1.705e-01
06002.00 1.653e-01
06004.00 1.574e-01
06006.00 1.544e-01
06008.00 1.503e-01
06010.00 1.563e-01
06012.00 1.816e-01
06014.00 2.072e-01
06016.00 2.102e-01
06018.00 1.994e-01
06020.00 1.911e-01
06022.00 1.742e-01
06024.00 1.678e-01
06026.00 1.675e-01
06028.00 1.736e-01
06030.00 1.937e-01
06032.00 2.150e-01
06034.00 2.060e-01
06036.00 1.684e-01
06038.00 1.627e-01
06040.00 1.809e-01
06042.00 1.891e-01
06044.00 1.924e-01
06046.00 1.898e-01
06048.00 1.756e-01
06050.00 1.553e-01
06052.00 1.514e-01
06054.00 1.623e-01
06056.00 1.632e-01
06058.00 1.570e-01
06060.00 1.570e-01
06062.00 1.688e-01
06064.00 1.794e-01
06066.00 1.758e-01
06068.00 1.636e-01
06070.00 1.540e-01
06072.00 1.369e-01
06074.00 1.338e-01
06076.00 1.476e-01
06078.00 1.551e-01
06080.00 1.488e-01
06082.00 1.378e-01
06084.00 1.308e-01
06086.00 1.229e-01
06088.00 1.235e-01
06090.00 1.340e-01
06092.00 1.407e-01
06094.00 1.463e-01
06096.00 1.498e-01
06098.00 1.495e-01
06100.00 1.471e-01
06102.00 1.473e-01
06104.00 1.487e-01
06106.00 1.493e-01
06108.00 1.529e-01
06110.00 1.499e-01
06112.00 1.372e-01
06114.00 1.232e-01
06116.00 1.130e-01
06118.00 1.042e-01
06120.00 1.094e-01
06122.00 1.342e-01
06124.00 1.450e-01
06126.00 1.498e-01
06128.00 1.519e-01
06130.00 1.507e-01
06132.00 1.476e-01
06134.00 1.461e-01
06136.00 1.451e-01
06138.00 1.399e-01
06140.00 1.232e-01
06142.00 1.232e-01
06144.00 1.427e-01
06146.00 1.597e-01
06148.00 1.657e-01
06150.00 1.666e-01
06152.00 1.653e-01
06154.00 1.598e-01
06156.00 1.546e-01
06158.00 1.458e-01
06160.00 1.412e-01
06162.00 1.411e-01
06164.00 1.431e-01
06166.00 1.477e-01
06168.00 1.541e-01
06170.00 1.504e-01
06172.00 1.314e-01
06174.00 1.299e-01
06176.00 1.420e-01
06178.00 1.515e-01
06180.00 1.596e-01
06182.00 1.631e-01
06184.00 1.533e-01
06186.00 1.318e-01
06188.00 1.225e-01
06190.00 1.174e-01
06192.00 1.172e-01
06194.00 1.264e-01
06196.00 1.320e-01
06198.00 1.274e-01
06200.00 1.197e-01
06202.00 1.205e-01
06204.00 1.271e-01
06206.00 1.299e-01
06208.00 1.351e-01
06210.00 1.328e-01
06212.00 1.179e-01
06214.00 1.063e-01
06216.00 1.091e-01
06218.00 1.195e-01
06220.00 1.254e-01
06222.00 1.346e-01
06224.00 1.336e-01
06226.00 1.230e-01
06228.00 1.127e-01
06230.00 9.810e-02
06232.00 8.883e-02
06234.00 9.945e-02
06236.00 1.248e-01
06238.00 1.379e-01
06240.00 1.479e-01
06242.00 1.545e-01
06244.00 1.591e-01
06246.00 1.580e-01
06248.00 1.464e-01
06250.00 1.321e-01
06252.00 1.299e-01
06254.00 1.375e-01
06256.00 1.317e-01
06258.00 1.054e-01
06260.00 1.046e-01
06262.00 1.377e-01
06264.00 1.644e-01
06266.00 1.624e-01
06268.00 1.469e-01
06270.00 1.360e-01
06272.00 1.156e-01
06274.00 1.176e-01
06276.00 1.465e-01
06278.00 1.599e-01
06280.00 1.520e-01
06282.00 1.411e-01
06284.00 1.406e-01
06286.00 1.443e-01
06288.00 1.457e-01
06290.00 1.484e-01
06292.00 1.475e-01
06294.00 1.443e-01
06296.00 1.387e-01
06298.00 1.267e-01
06300.00 1.159e-01
06302.00 1.199e-01
06304.00 1.355e-01
06306.00 1.435e-01
06308.00 1.525e-01
06310.00 1.545e-01
06312.00 1.469e-01
06314.00 1.405e-01
06316.00 1.408e-01
06318.00 1.434e-01
06320.00 1.424e-01
06322.00 1.357e-01
06324.00 1.426e-01
06326.00 1.687e-01
06328.00 1.785e-01
06330.00 1.681e-01
06332.00 1.542e-01
06334.00 1.464e-01
06336.00 1.402e-01
06338.00 1.429e-01
06340.00 1.600e-01
06342.00 1.634e-01
06344.00 1.587e-01
06346.00 1.528e-01
06348.00 1.426e-01
06350.00 1.348e-01
06352.00 1.421e-01
06354.00 1.614e-01
06356.00 1.681e-01
06358.00 1.714e-01
06360.00 1.672e-01
06362.00 1.513e-01
06364.00 1.374e-01
06366.00 1.301e-01
06368.00 1.261e-01
06370.00 1.257e-01
06372.00 1.308e-01
06374.00 1.305e-01
06376.00 1.270e-01
06378.00 1.238e-01
06380.00 1.196e-01
06382.00 1.170e-01
06384.00 1.186e-01
06386.00 1.229e-01
06388.00 1.261e-01
06390.00 1.308e-01
06392.00 1.325e-01
06394.00 1.317e-01
06396.00 1.309e-01
06398.00 1.289e-01
06400.00 1.282e-01
06402.00 1.341e-01
06404.00 1.455e-01
06406.00 1.404e-01
06408.00 1.130e-01
06410.00 1.069e-01
06412.00 1.170e-01
06414.00 1.287e-01
06416.00 1.417e-01
06418.00 1.531e-01
06420.00 1.500e-01
06422.00 1.334e-01
06424.00 1.285e-01
06426.00 1.283e-01
06428.00 1.300e-01
06430.00 1.390e-01
06432.00 1.425e-01
06434.00 1.296e-01
06436.00 1.089e-01
06438.00 1.022e-01
06440.00 1.030e-01
06442.00 1.063e-01
06444.00 1.184e-01
06446.00 1.252e-01
06448.00 1.234e-01
06450.00 1.218e-01
06452.00 1.283e-01
06454.00 1.395e-01
06456.00 1.441e-01
06458.00 1.470e-01
06460.00 1.442e-01
06462.00 1.291e-01
06464.00 1.233e-01
06466.00 1.388e-01
06468.00 1.563e-01
06470.00 1.467e-01
06472.00 1.164e-01
06474.00 1.066e-01
06476.00 1.040e-01
06478.00 1.092e-01
06480.00 1.287e-01
06482.00 1.453e-01
06484.00 1.511e-01
06486.00 1.514e-01
06488.00 1.488e-01
06490.00 1.413e-01
06492.00 1.338e-01
06494.00 1.183e-01
06496.00 1.148e-01
06498.00 1.290e-01
06500.00 1.439e-01
06502.00 1.461e-01
06504.00 1.422e-01
06506.00 1.427e-01
06508.00 1.429e-01
06510.00 1.468e-01
06512.00 1.581e-01
06514.00 1.629e-01
06516.00 1.565e-01
06518.00 1.470e-01
06520.00 1.418e-01
06522.00 1.370e-01
06524.00 1.422e-01
06526.00 1.621e-01
06528.00 1.712e-01
06530.00 1.766e-01
06532.00 1.735e-01
06534.00 1.553e-01
06536.00 1.307e-01
06538.00 1.208e-01
06540.00 1.190e-01
06542.00 1.184e-01
06544.00 1.252e-01
06546.00 1.265e-01
06548.00 1.211e-01
06550.00 1.157e-01
06552.00 1.142e-01
06554.00 1.145e-01
06556.00 1.156e-01
06558.00 1.218e-01
06560.00 1.190e-01
06562.00 1.073e-01
06564.00 9.850e-02
06566.00 9.098e-02
06568.00 8.824e-02
06570.00 9.741e-02
06572.00 1.162e-01
06574.00 1.319e-01
06576.00 1.582e-01
06578.00 1.633e-01
06580.00 1.645e-01
06582.00 1.656e-01
06584.00 1.668e-01
06586.00 1.680e-01
06588.00 1.691e-01
06590.00 1.703e-01
06592.00 1.715e-01
06594.00 1.726e-01
06596.00 1.738e-01
06598.00 1.750e-01
06600.00 1.761e-01
06602.00 1.773e-01
06604.00 1.785e-01
06606.00 1.786e-01
06608.00 1.759e-01
06610.00 1.731e-01
06612.00 1.704e-01
06614.00 1.676e-01
06616.00 1.649e-01
06618.00 1.621e-01
06620.00 1.594e-01
06622.00 1.566e-01
06624.00 1.539e-01
06626.00 1.396e-01
06628.00 1.318e-01
06630.00 1.322e-01
06632.00 1.385e-01
06634.00 1.556e-01
06636.00 1.738e-01
06638.00 1.731e-01
06640.00 1.568e-01
06642.00 1.575e-01
06644.00 1.697e-01
06646.00 1.780e-01
06648.00 1.851e-01
06650.00 1.907e-01
06652.00 1.953e-01
06654.00 1.975e-01
06656.00 1.900e-01
06658.00 1.668e-01
06660.00 1.653e-01
06662.00 1.834e-01
06664.00 1.932e-01
06666.00 1.923e-01
06668.00 1.904e-01
06670.00 1.943e-01
06672.00 2.006e-01
06674.00 2.001e-01
06676.00 1.929e-01
06678.00 1.898e-01
06680.00 1.894e-01
06682.00 1.870e-01
06684.00 1.806e-01
06686.00 1.735e-01
06688.00 1.695e-01
06690.00 1.664e-01
06692.00 1.695e-01
06694.00 1.829e-01
06696.00 1.876e-01
06698.00 1.838e-01
06700.00 1.810e-01
06702.00 1.844e-01
06704.00 1.889e-01
06706.00 1.852e-01
06708.00 1.737e-01
06710.00 1.696e-01
06712.00 1.692e-01
06714.00 1.695e-01
06716.00 1.708e-01
06718.00 1.730e-01
06720.00 1.761e-01
06722.00 1.799e-01
06724.00 1.839e-01
06726.00 1.913e-01
06728.00 1.908e-01
06730.00 1.837e-01
06732.00 1.761e-01
06734.00 1.632e-01
06736.00 1.554e-01
06738.00 1.694e-01
06740.00 2.003e-01
06742.00 2.189e-01
06744.00 2.394e-01
06746.00 2.465e-01
06748.00 2.416e-01
06750.00 2.304e-01
06752.00 2.080e-01
06754.00 1.842e-01
06756.00 1.871e-01
06758.00 2.138e-01
06760.00 2.199e-01
06762.00 2.188e-01
06764.00 2.117e-01
06766.00 1.941e-01
06768.00 1.768e-01
06770.00 1.661e-01
06772.00 1.587e-01
06774.00 1.538e-01
06776.00 1.519e-01
06778.00 1.522e-01
06780.00 1.562e-01
06782.00 1.606e-01
06784.00 1.687e-01
06786.00 1.733e-01
06788.00 1.640e-01
06790.00 1.444e-01
06792.00 1.390e-01
06794.00 1.434e-01
06796.00 1.449e-01
06798.00 1.463e-01
06800.00 1.487e-01
06802.00 1.519e-01
06804.00 1.565e-01
06806.00 1.657e-01
06808.00 1.821e-01
06810.00 1.811e-01
06812.00 1.610e-01
06814.00 1.521e-01
06816.00 1.528e-01
06818.00 1.544e-01
06820.00 1.534e-01
06822.00 1.517e-01
06824.00 1.490e-01
06826.00 1.456e-01
06828.00 1.408e-01
06830.00 1.324e-01
06832.00 1.279e-01
06834.00 1.261e-01
06836.00 1.287e-01
06838.00 1.412e-01
06840.00 1.610e-01
06842.00 1.617e-01
06844.00 1.448e-01
06846.00 1.358e-01
06848.00 1.246e-01
06850.00 1.198e-01
06852.00 1.255e-01
06854.00 1.348e-01
06856.00 1.389e-01
06858.00 1.421e-01
06860.00 1.393e-01
06862.00 1.274e-01
06864.00 1.213e-01
06866.00 1.168e-01
06868.00 1.176e-01
06870.00 1.288e-01
06872.00 1.440e-01
06874.00 1.461e-01
06876.00 1.391e-01
06878.00 1.346e-01
06880.00 1.278e-01
06882.00 1.225e-01
06884.00 1.187e-01
06886.00 1.155e-01
06888.00 1.114e-01
06890.00 1.074e-01
06892.00 1.123e-01
06894.00 1.314e-01
06896.00 1.359e-01
06898.00 1.311e-01
06900.00 1.257e-01
06902.00 1.182e-01
06904.00 1.118e-01
06906.00 1.138e-01
06908.00 1.223e-01
06910.00 1.228e-01
06912.00 1.155e-01
06914.00 1.157e-01
06916.00 1.234e-01
06918.00 1.296e-01
06920.00 1.326e-01
06922.00 1.329e-01
06924.00 1.263e-01
06926.00 1.114e-01
06928.00 1.049e-01
06930.00 1.024e-01
06932.00 1.010e-01
06934.00 1.031e-01
06936.00 1.039e-01
06938.00 9.988e-02
06940.00 9.314e-02
06942.00 8.710e-02
06944.00 7.891e-02
06946.00 7.469e-02
06948.00 7.376e-02
06950.00 7.279e-02
06952.00 7.183e-02
06954.00 7.084e-02
06956.00 6.901e-02
06958.00 6.654e-02
06960.00 6.642e-02
06962.00 7.014e-02
06964.00 6.937e-02
06966.00 6.253e-02
06968.00 5.952e-02
06970.00 6.354e-02
06972.00 7.111e-02
06974.00 7.932e-02
06976.00 9.041e-02
06978.00 9.746e-02
06980.00 1.021e-01
06982.00 1.061e-01
06984.00 1.106e-01
06986.00 1.120e-01
06988.00 1.055e-01
06990.00 9.597e-02
06992.00 1.005e-01
06994.00 1.188e-01
06996.00 1.264e-01
06998.00 1.296e-01
07000.00 1.317e-01
07002.00 1.299e-01
07004.00 1.300e-01
07006.00 1.388e-01
07008.00 1.534e-01
07010.00 1.621e-01
07012.00 1.724e-01
07014.00 1.724e-01
07016.00 1.540e-01
07018.00 1.492e-01
07020.00 1.699e-01
07022.00 1.984e-01
07024.00 2.151e-01
07026.00 2.297e-01
07028.00 2.284e-01
07030.00 2.076e-01
07032.00 1.934e-01
07034.00 1.782e-01
07036.00 1.696e-01
07038.00 1.719e-01
07040.00 1.820e-01
07042.00 1.979e-01
07044.00 2.274e-01
07046.00 2.388e-01
07048.00 2.376e-01
07050.00 2.361e-01
07052.00 2.340e-01
07054.00 2.294e-01
07056.00 2.195e-01
07058.00 2.060e-01
07060.00 2.026e-01
07062.00 2.057e-01
07064.00 2.112e-01
07066.00 2.272e-01
07068.00 2.336e-01
07070.00 2.254e-01
07072.00 2.112e-01
07074.00 1.971e-01
07076.00 1.783e-01
07078.00 1.776e-01
07080.00 1.965e-01
07082.00 2.059e-01
07084.00 2.104e-01
07086.00 2.139e-01
07088.00 2.192e-01
07090.00 2.227e-01
07092.00 2.149e-01
07094.00 1.923e-01
07096.00 1.915e-01
07098.00 2.112e-01
07100.00 2.204e-01
07102.00 2.185e-01
07104.00 2.158e-01
07106.00 2.191e-01
07108.00 2.243e-01
07110.00 2.206e-01
07112.00 2.089e-01
07114.00 2.001e-01
07116.00 1.855e-01
07118.00 1.813e-01
07120.00 1.948e-01
07122.00 2.103e-01
07124.00 2.104e-01
07126.00 2.020e-01
07128.00 1.983e-01
07130.00 1.929e-01
07132.00 1.926e-01
07134.00 1.988e-01
07136.00 2.033e-01
07138.00 2.057e-01
07140.00 2.045e-01
07142.00 1.922e-01
07144.00 1.678e-01
07146.00 1.547e-01
07148.00 1.460e-01
07150.00 1.408e-01
07152.00 1.398e-01
07154.00 1.415e-01
07156.00 1.453e-01
07158.00 1.514e-01
07160.00 1.594e-01
07162.00 1.740e-01
07164.00 1.765e-01
07166.00 1.676e-01
07168.00 1.619e-01
07170.00 1.612e-01
07172.00 1.601e-01
07174.00 1.544e-01
07176.00 1.459e-01
07178.00 1.407e-01
07180.00 1.350e-01
07182.00 1.348e-01
07184.00 1.419e-01
07186.00 1.469e-01
07188.00 1.478e-01
07190.00 1.465e-01
07192.00 1.422e-01
07194.00 1.332e-01
07196.00 1.352e-01
07198.00 1.500e-01
07200.00 1.560e-01
07202.00 1.542e-01
07204.00 1.515e-01
07206.00 1.495e-01
07208.00 1.478e-01
07210.00 1.505e-01
07212.00 1.589e-01
07214.00 1.601e-01
07216.00 1.553e-01
07218.00 1.524e-01
07220.00 1.509e-01
07222.00 1.505e-01
07224.00 1.518e-01
07226.00 1.544e-01
07228.00 1.547e-01
07230.00 1.531e-01
07232.00 1.524e-01
07234.00 1.497e-01
07236.00 1.508e-01
07238.00 1.578e-01
07240.00 1.669e-01
07242.00 1.752e-01
07244.00 1.858e-01
07246.00 1.813e-01
07248.00 1.584e-01
07250.00 1.462e-01
07252.00 1.377e-01
07254.00 1.361e-01
07256.00 1.458e-01
07258.00 1.613e-01
07260.00 1.694e-01
07262.00 1.745e-01
07264.00 1.788e-01
07266.00 1.838e-01
07268.00 1.823e-01
07270.00 1.686e-01
07272.00 1.584e-01
07274.00 1.642e-01
07276.00 1.789e-01
07278.00 1.884e-01
07280.00 2.025e-01
07282.00 2.038e-01
07284.00 1.935e-01
07286.00 1.831e-01
07288.00 1.720e-01
07290.00 1.617e-01
07292.00 1.556e-01
07294.00 1.518e-01
07296.00 1.561e-01
07298.00 1.724e-01
07300.00 1.815e-01
07302.00 1.881e-01
07304.00 1.912e-01
07306.00 1.883e-01
07308.00 1.831e-01
07310.00 1.829e-01
07312.00 1.864e-01
07314.00 1.855e-01
07316.00 1.804e-01
07318.00 1.786e-01
07320.00 1.781e-01
07322.00 1.814e-01
07324.00 1.923e-01
07326.00 2.074e-01
07328.00 2.126e-01
07330.00 2.132e-01
07332.00 2.077e-01
07334.00 1.878e-01
07336.00 1.796e-01
07338.00 1.908e-01
07340.00 2.031e-01
07342.00 1.987e-01
07344.00 1.850e-01
07346.00 1.797e-01
07348.00 1.800e-01
07350.00 1.751e-01
07352.00 1.650e-01
07354.00 1.573e-01
07356.00 1.540e-01
07358.00 1.530e-01
07360.00 1.529e-01
07362.00 1.545e-01
07364.00 1.565e-01
07366.00 1.604e-01
07368.00 1.630e-01
07370.00 1.639e-01
07372.00 1.653e-01
07374.00 1.704e-01
07376.00 1.758e-01
07378.00 1.699e-01
07380.00 1.512e-01
07382.00 1.445e-01
07384.00 1.444e-01
07386.00 1.444e-01
07388.00 1.436e-01
07390.00 1.450e-01
07392.00 1.529e-01
07394.00 1.652e-01
07396.00 1.639e-01
07398.00 1.460e-01
07400.00 1.424e-01
07402.00 1.476e-01
07404.00 1.532e-01
07406.00 1.587e-01
07408.00 1.642e-01
07410.00 1.688e-01
07412.00 1.744e-01
07414.00 1.679e-01
07416.00 1.452e-01
07418.00 1.333e-01
07420.00 1.276e-01
07422.00 1.263e-01
07424.00 1.317e-01
07426.00 1.403e-01
07428.00 1.411e-01
07430.00 1.348e-01
07432.00 1.371e-01
07434.00 1.478e-01
07436.00 1.526e-01
07438.00 1.507e-01
07440.00 1.474e-01
07442.00 1.461e-01
07444.00 1.451e-01
07446.00 1.430e-01
07448.00 1.357e-01
07450.00 1.393e-01
07452.00 1.577e-01
07454.00 1.661e-01
07456.00 1.594e-01
07458.00 1.472e-01
07460.00 1.367e-01
07462.00 1.237e-01
07464.00 1.220e-01
07466.00 1.318e-01
07468.00 1.380e-01
07470.00 1.445e-01
07472.00 1.495e-01
07474.00 1.516e-01
07476.00 1.523e-01
07478.00 1.545e-01
07480.00 1.579e-01
07482.00 1.577e-01
07484.00 1.548e-01
07486.00 1.509e-01
07488.00 1.434e-01
07490.00 1.381e-01
07492.00 1.399e-01
07494.00 1.457e-01
07496.00 1.474e-01
07498.00 1.483e-01
07500.00 1.472e-01
07502.00 1.425e-01
07504.00 1.401e-01
07506.00 1.429e-01
07508.00 1.444e-01
07510.00 1.376e-01
07512.00 1.252e-01
07514.00 1.161e-01
07516.00 1.014e-01
07518.00 1.012e-01
07520.00 1.162e-01
07522.00 1.309e-01
07524.00 1.440e-01
07526.00 1.546e-01
07528.00 1.544e-01
07530.00 1.443e-01
07532.00 1.399e-01
07534.00 1.375e-01
07536.00 1.335e-01
07538.00 1.268e-01
07540.00 1.215e-01
07542.00 1.187e-01
07544.00 1.183e-01
07546.00 1.248e-01
07548.00 1.428e-01
07550.00 1.467e-01
07552.00 1.397e-01
07554.00 1.356e-01
07556.00 1.338e-01
07558.00 1.338e-01
07560.00 1.364e-01
07562.00 1.412e-01
07564.00 1.465e-01
07566.00 1.560e-01
07568.00 1.594e-01
07570.00 1.590e-01
07572.00 1.562e-01
07574.00 1.509e-01
07576.00 1.438e-01
07578.00 1.361e-01
07580.00 1.260e-01
07582.00 1.245e-01
07584.00 1.340e-01
07586.00 1.350e-01
07588.00 1.296e-01
07590.00 1.222e-01
07592.00 1.133e-01
07594.00 1.035e-01
07596.00 9.664e-02
07598.00 8.510e-02
07600.00 9.792e-02
07602.00 1.511e-01
07604.00 1.684e-01
07606.00 1.375e-01
07608.00 1.032e-01
07610.00 9.538e-02
07612.00 9.912e-02
07614.00 1.016e-01
07616.00 1.114e-01
07618.00 1.145e-01
07620.00 1.138e-01
07622.00 1.123e-01
07624.00 1.075e-01
07626.00 1.049e-01
07628.00 1.163e-01
07630.00 1.408e-01
07632.00 1.327e-01
07634.00 8.230e-02
07636.00 7.026e-02
07638.00 9.025e-02
07640.00 1.130e-01
07642.00 1.349e-01
07644.00 1.539e-01
07646.00 1.480e-01
07648.00 1.179e-01
07650.00 1.042e-01
07652.00 9.517e-02
07654.00 8.816e-02
07656.00 8.325e-02
07658.00 8.103e-02
07660.00 8.261e-02
07662.00 8.700e-02
07664.00 8.879e-02
07666.00 9.100e-02
07668.00 8.950e-02
07670.00 7.924e-02
07672.00 7.868e-02
07674.00 9.515e-02
07676.00 1.126e-01
07678.00 1.143e-01
07680.00 1.068e-01
07682.00 1.027e-01
07684.00 9.599e-02
07686.00 9.267e-02
07688.00 9.259e-02
07690.00 9.224e-02
07692.00 9.079e-02
07694.00 8.887e-02
07696.00 8.649e-02
07698.00 8.384e-02
07700.00 7.969e-02
07702.00 7.281e-02
07704.00 6.830e-02
07706.00 6.392e-02
07708.00 6.335e-02
07710.00 7.067e-02
07712.00 8.229e-02
07714.00 8.700e-02
07716.00 8.649e-02
07718.00 9.031e-02
07720.00 9.722e-02
07722.00 1.024e-01
07724.00 1.055e-01
07726.00 1.078e-01
07728.00 1.103e-01
07730.00 1.126e-01
07732.00 1.132e-01
07734.00 1.111e-01
07736.00 1.113e-01
07738.00 1.113e-01
07740.00 1.142e-01
07742.00 1.228e-01
07744.00 1.322e-01
07746.00 1.336e-01
07748.00 1.291e-01
07750.00 1.303e-01
07752.00 1.353e-01
07754.00 1.384e-01
07756.00 1.393e-01
07758.00 1.414e-01
07760.00 1.468e-01
07762.00 1.535e-01
07764.00 1.578e-01
07766.00 1.623e-01
07768.00 1.615e-01
07770.00 1.532e-01
07772.00 1.493e-01
07774.00 1.505e-01
07776.00 1.532e-01
07778.00 1.576e-01
07780.00 1.633e-01
07782.00 1.575e-01
07784.00 1.320e-01
07786.00 1.300e-01
07788.00 1.450e-01
07790.00 1.605e-01
07792.00 1.807e-01
07794.00 1.957e-01
07796.00 1.846e-01
07798.00 1.520e-01
07800.00 1.384e-01
07802.00 1.273e-01
07804.00 1.299e-01
07806.00 1.518e-01
07808.00 1.719e-01
07810.00 1.853e-01
07812.00 1.934e-01
07814.00 1.855e-01
07816.00 1.580e-01
07818.00 1.506e-01
07820.00 1.573e-01
07822.00 1.591e-01
07824.00 1.578e-01
07826.00 1.544e-01
07828.00 1.465e-01
07830.00 1.362e-01
07832.00 1.363e-01
07834.00 1.465e-01
07836.00 1.516e-01
07838.00 1.571e-01
07840.00 1.598e-01
07842.00 1.556e-01
07844.00 1.533e-01
07846.00 1.666e-01
07848.00 1.923e-01
07850.00 1.905e-01
07852.00 1.631e-01
07854.00 1.472e-01
07856.00 1.309e-01
07858.00 1.230e-01
07860.00 1.298e-01
07862.00 1.431e-01
07864.00 1.496e-01
07866.00 1.565e-01
07868.00 1.517e-01
07870.00 1.327e-01
07872.00 1.190e-01
07874.00 1.038e-01
07876.00 9.705e-02
07878.00 1.087e-01
07880.00 1.311e-01
07882.00 1.431e-01
07884.00 1.562e-01
07886.00 1.551e-01
07888.00 1.327e-01
07890.00 1.236e-01
07892.00 1.332e-01
07894.00 1.465e-01
07896.00 1.522e-01
07898.00 1.552e-01
07900.00 1.570e-01
07902.00 1.573e-01
07904.00 1.554e-01
07906.00 1.510e-01
07908.00 1.455e-01
07910.00 1.366e-01
07912.00 1.288e-01
07914.00 1.330e-01
07916.00 1.494e-01
07918.00 1.441e-01
07920.00 1.173e-01
07922.00 1.028e-01
07924.00 9.242e-02
07926.00 9.222e-02
07928.00 1.114e-01
07930.00 1.401e-01
07932.00 1.499e-01
07934.00 1.476e-01
07936.00 1.486e-01
07938.00 1.460e-01
07940.00 1.466e-01
07942.00 1.519e-01
07944.00 1.574e-01
07946.00 1.601e-01
07948.00 1.614e-01
07950.00 1.609e-01
07952.00 1.549e-01
07954.00 1.567e-01
07956.00 1.697e-01
07958.00 1.736e-01
07960.00 1.626e-01
07962.00 1.458e-01
07964.00 1.306e-01
07966.00 1.114e-01
07968.00 1.123e-01
07970.00 1.414e-01
07972.00 1.471e-01
07974.00 1.262e-01
07976.00 1.144e-01
07978.00 1.298e-01
07980.00 1.553e-01
07982.00 1.642e-01
07984.00 1.655e-01
07986.00 1.645e-01
07988.00 1.582e-01
07990.00 1.506e-01
07992.00 1.405e-01
07994.00 1.295e-01
07996.00 1.169e-01
07998.00 1.038e-01
08000.00 1.049e-01
08002.00 1.227e-01
08004.00 1.298e-01
08006.00 1.368e-01
08008.00 1.361e-01
08010.00 1.216e-01
08012.00 1.060e-01
08014.00 1.045e-01
08016.00 1.107e-01
08018.00 1.221e-01
08020.00 1.487e-01
08022.00 1.599e-01
08024.00 1.618e-01
08026.00 1.563e-01
08028.00 1.387e-01
08030.00 1.174e-01
08032.00 1.127e-01
08034.00 1.189e-01
08036.00 1.235e-01
08038.00 1.338e-01
08040.00 1.395e-01
08042.00 1.438e-01
08044.00 1.422e-01
08046.00 1.281e-01
08048.00 1.071e-01
08050.00 1.018e-01
08052.00 1.071e-01
08054.00 1.122e-01
08056.00 1.236e-01
08058.00 1.316e-01
08060.00 1.366e-01
08062.00 1.381e-01
08064.00 1.318e-01
08066.00 1.186e-01
08068.00 1.235e-01
08070.00 1.472e-01
08072.00 1.597e-01
08074.00 1.748e-01
08076.00 1.748e-01
08078.00 1.445e-01
08080.00 1.080e-01
08082.00 1.070e-01
08084.00 1.291e-01
08086.00 1.463e-01
08088.00 1.824e-01
08090.00 1.892e-01
08092.00 1.601e-01
08094.00 1.318e-01
08096.00 1.214e-01
08098.00 1.185e-01
08100.00 1.195e-01
08102.00 1.320e-01
08104.00 1.296e-01
08106.00 1.107e-01
08108.00 1.042e-01
08110.00 1.156e-01
08112.00 1.283e-01
08114.00 1.296e-01
08116.00 1.255e-01
08118.00 1.196e-01
08120.00 1.035e-01
08122.00 1.015e-01
08124.00 1.145e-01
08126.00 1.209e-01
08128.00 1.126e-01
08130.00 1.028e-01
08132.00 1.083e-01
08134.00 1.249e-01
08136.00 1.307e-01
08138.00 1.311e-01
08140.00 1.313e-01
08142.00 1.297e-01
08144.00 1.275e-01
08146.00 1.261e-01
08148.00 1.237e-01
08150.00 1.158e-01
08152.00 1.001e-01
08154.00 9.507e-02
08156.00 9.966e-02
08158.00 9.973e-02
08160.00 9.209e-02
08162.00 8.745e-02
08164.00 9.636e-02
08166.00 1.126e-01
08168.00 1.113e-01
08170.00 8.766e-02
08172.00 8.785e-02
08174.00 1.099e-01
08176.00 1.206e-01
08178.00 1.102e-01
08180.00 9.718e-02
08182.00 1.008e-01
08184.00 1.140e-01
08186.00 1.235e-01
08188.00 1.383e-01
08190.00 1.429e-01
08192.00 1.382e-01
08194.00 1.304e-01
08196.00 1.191e-01
08198.00 1.064e-01
08200.00 1.009e-01
08202.00 9.926e-02
08204.00 1.018e-01
08206.00 1.116e-01
08208.00 1.186e-01
08210.00 1.250e-01
08212.00 1.283e-01
08214.00 1.235e-01
08216.00 1.146e-01
08218.00 1.186e-01
08220.00 1.390e-01
08222.00 1.399e-01
08224.00 1.245e-01
08226.00 1.147e-01
08228.00 1.117e-01
08230.00 1.122e-01
08232.00 1.179e-01
08234.00 1.287e-01
08236.00 1.279e-01
08238.00 1.136e-01
08240.00 1.106e-01
08242.00 1.175e-01
08244.00 1.217e-01
08246.00 1.182e-01
08248.00 1.133e-01
08250.00 1.157e-01
08252.00 1.232e-01
08254.00 1.284e-01
08256.00 1.356e-01
08258.00 1.386e-01
08260.00 1.348e-01
08262.00 1.332e-01
08264.00 1.404e-01
08266.00 1.512e-01
08268.00 1.533e-01
08270.00 1.496e-01
08272.00 1.467e-01
08274.00 1.425e-01
08276.00 1.377e-01
08278.00 1.307e-01
08280.00 1.252e-01
08282.00 1.244e-01
08284.00 1.268e-01
08286.00 1.359e-01
08288.00 1.600e-01
08290.00 1.670e-01
08292.00 1.594e-01
08294.00 1.542e-01
08296.00 1.563e-01
08298.00 1.591e-01
08300.00 1.567e-01
08302.00 1.519e-01
08304.00 1.416e-01
08306.00 1.201e-01
08308.00 1.091e-01
08310.00 1.044e-01
08312.00 1.063e-01
08314.00 1.200e-01
08316.00 1.385e-01
08318.00 1.389e-01
08320.00 1.239e-01
08322.00 1.200e-01
08324.00 1.242e-01
08326.00 1.209e-01
08328.00 1.078e-01
08330.00 9.346e-02
08332.00 8.134e-02
08334.00 7.022e-02
08336.00 7.618e-02
08338.00 1.135e-01
08340.00 1.140e-01
08342.00 8.461e-02
08344.00 6.152e-02
08346.00 4.697e-02
08348.00 3.928e-02
08350.00 4.602e-02
08352.00 6.704e-02
08354.00 6.983e-02
08356.00 5.801e-02
08358.00 5.437e-02
08360.00 6.032e-02
08362.00 5.921e-02
08364.00 3.943e-02
08366.00 1.482e-02
08368.00 1.393e-02
08370.00 3.275e-02
08372.00 3.555e-02
08374.00 2.739e-02
08376.00 2.681e-02
08378.00 3.679e-02
08380.00 4.476e-02
08382.00 4.112e-02
08384.00 3.185e-02
08386.00 3.255e-02
08388.00 4.338e-02
08390.00 4.353e-02
08392.00 4.025e-02
08394.00 3.020e-02
08396.00 4.552e-03
08398.00 -1.775e-02
08400.00 -1.262e-02
08402.00 1.118e-02
08404.00 2.475e-02
08406.00 3.913e-02
08408.00 4.937e-02
08410.00 5.782e-02
08412.00 6.123e-02
08414.00 5.810e-02
08416.00 5.023e-02
08418.00 3.864e-02
08420.00 1.851e-02
08422.00 1.687e-02
08424.00 3.609e-02
08426.00 4.190e-02
08428.00 3.584e-02
08430.00 2.674e-02
08432.00 1.420e-02
08434.00 9.695e-04
08436.00 9.799e-03
08438.00 4.319e-02
08440.00 5.820e-02
08442.00 6.902e-02
08444.00 7.148e-02
08446.00 6.032e-02
08448.00 4.771e-02
08450.00 4.524e-02
08452.00 4.769e-02
08454.00 5.264e-02
08456.00 6.369e-02
08458.00 7.142e-02
08460.00 7.278e-02
08462.00 8.322e-02
08464.00 1.150e-01
08466.00 1.477e-01
08468.00 1.476e-01
08470.00 1.222e-01
08472.00 1.168e-01
08474.00 1.253e-01
08476.00 1.206e-01
08478.00 9.735e-02
08480.00 8.190e-02
08482.00 8.932e-02
08484.00 1.074e-01
08486.00 1.158e-01
08488.00 1.224e-01
08490.00 1.253e-01
08492.00 1.197e-01
08494.00 1.222e-01
08496.00 1.409e-01
08498.00 1.542e-01
08500.00 1.391e-01
08502.00 1.075e-01
08504.00 1.076e-01
08506.00 1.428e-01
08508.00 1.449e-01
08510.00 1.233e-01
08512.00 1.063e-01
08514.00 9.771e-02
08516.00 9.279e-02
08518.00 9.082e-02
08520.00 9.204e-02
08522.00 9.709e-02
08524.00 1.077e-01
08526.00 1.176e-01
08528.00 1.319e-01
08530.00 1.404e-01
08532.00 1.370e-01
08534.00 1.275e-01
08536.00 1.211e-01
08538.00 1.125e-01
08540.00 1.101e-01
08542.00 1.130e-01
08544.00 1.162e-01
08546.00 1.239e-01
08548.00 1.275e-01
08550.00 1.173e-01
08552.00 9.942e-02
08554.00 9.659e-02
08556.00 1.038e-01
08558.00 1.104e-01
08560.00 1.249e-01
08562.00 1.318e-01
08564.00 1.261e-01
08566.00 1.178e-01
08568.00 1.162e-01
08570.00 1.167e-01
08572.00 1.258e-01
08574.00 1.493e-01
08576.00 1.614e-01
08578.00 1.675e-01
08580.00 1.687e-01
08582.00 1.620e-01
08584.00 1.525e-01
08586.00 1.532e-01
08588.00 1.623e-01
08590.00 1.606e-01
08592.00 1.482e-01
08594.00 1.436e-01
08596.00 1.443e-01
08598.00 1.499e-01
08600.00 1.648e-01
08602.00 1.845e-01
08604.00 1.871e-01
08606.00 1.700e-01
08608.00 1.739e-01
08610.00 1.938e-01
08612.00 2.083e-01
08614.00 2.164e-01
08616.00 2.215e-01
08618.00 2.215e-01
08620.00 2.166e-01
08622.00 2.332e-01
08624.00 2.848e-01
08626.00 2.968e-01
08628.00 2.733e-01
08630.00 2.555e-01
08632.00 2.537e-01
08634.00 2.566e-01
08636.00 2.556e-01
08638.00 2.544e-01
08640.00 2.517e-01
08642.00 2.488e-01
08644.00 2.428e-01
08646.00 2.289e-01
08648.00 2.209e-01
08650.00 2.294e-01
08652.00 2.450e-01
08654.00 2.457e-01
08656.00 2.351e-01
08658.00 2.319e-01
08660.00 2.312e-01
08662.00 2.307e-01
08664.00 2.276e-01
08666.00 2.288e-01
08668.00 2.419e-01
08670.00 2.633e-01
08672.00 2.772e-01
08674.00 2.969e-01
08676.00 2.955e-01
08678.00 2.646e-01
08680.00 2.494e-01
08682.00 2.629e-01
08684.00 2.850e-01
08686.00 2.970e-01
08688.00 3.084e-01
08690.00 3.033e-01
08692.00 2.713e-01
08694.00 2.627e-01
08696.00 2.778e-01
08698.00 2.899e-01
08700.00 2.889e-01
08702.00 2.821e-01
08704.00 2.735e-01
08706.00 2.586e-01
08708.00 2.528e-01
08710.00 2.564e-01
08712.00 2.539e-01
08714.00 2.400e-01
08716.00 2.307e-01
08718.00 2.401e-01
08720.00 2.601e-01
08722.00 2.645e-01
08724.00 2.601e-01
08726.00 2.552e-01
08728.00 2.414e-01
08730.00 2.364e-01
08732.00 2.491e-01
08734.00 2.619e-01
08736.00 2.521e-01
08738.00 2.263e-01
08740.00 2.224e-01
08742.00 2.385e-01
08744.00 2.398e-01
08746.00 2.315e-01
08748.00 2.202e-01
08750.00 2.076e-01
08752.00 1.926e-01
08754.00 1.751e-01
08756.00 1.530e-01
08758.00 1.388e-01
08760.00 1.252e-01
08762.00 1.225e-01
08764.00 1.298e-01
08766.00 1.464e-01
08768.00 1.781e-01
08770.00 2.190e-01
08772.00 2.353e-01
08774.00 2.330e-01
08776.00 2.350e-01
08778.00 2.343e-01
08780.00 2.312e-01
08782.00 2.230e-01
08784.00 2.155e-01
08786.00 2.160e-01
08788.00 2.217e-01
08790.00 2.242e-01
08792.00 2.295e-01
08794.00 2.265e-01
08796.00 2.156e-01
08798.00 2.034e-01
08800.00 1.873e-01
08802.00 1.736e-01
08804.00 1.793e-01
08806.00 2.039e-01
08808.00 2.072e-01
08810.00 1.954e-01
08812.00 1.891e-01
08814.00 1.890e-01
08816.00 1.848e-01
08818.00 1.651e-01
08820.00 1.412e-01
08822.00 1.506e-01
08824.00 1.965e-01
08826.00 2.087e-01
08828.00 2.009e-01
08830.00 1.954e-01
08832.00 1.937e-01
08834.00 1.895e-01
08836.00 1.782e-01
08838.00 1.618e-01
08840.00 1.500e-01
08842.00 1.352e-01
08844.00 1.319e-01
08846.00 1.390e-01
08848.00 1.487e-01
08850.00 1.602e-01
08852.00 1.738e-01
08854.00 1.903e-01
08856.00 2.134e-01
08858.00 2.091e-01
08860.00 1.770e-01
08862.00 1.537e-01
08864.00 1.265e-01
08866.00 1.105e-01
08868.00 1.175e-01
08870.00 1.358e-01
08872.00 1.396e-01
08874.00 1.349e-01
08876.00 1.385e-01
08878.00 1.481e-01
08880.00 1.548e-01
08882.00 1.628e-01
08884.00 1.640e-01
08886.00 1.489e-01
08888.00 1.229e-01
08890.00 1.079e-01
08892.00 8.714e-02
08894.00 9.280e-02
08896.00 1.244e-01
08898.00 1.563e-01
08900.00 1.960e-01
08902.00 2.263e-01
08904.00 2.154e-01
08906.00 1.724e-01
08908.00 1.469e-01
08910.00 1.293e-01
08912.00 9.823e-02
08914.00 4.056e-02
08916.00 4.189e-03
08918.00 1.274e-02
08920.00 4.172e-02
08922.00 5.429e-02
08924.00 6.157e-02
08926.00 7.929e-02
08928.00 1.116e-01
08930.00 1.303e-01
08932.00 1.334e-01
08934.00 1.345e-01
08936.00 1.436e-01
08938.00 1.544e-01
08940.00 1.509e-01
08942.00 1.309e-01
08944.00 1.237e-01
08946.00 1.226e-01
08948.00 1.217e-01
08950.00 1.228e-01
08952.00 1.220e-01
08954.00 1.138e-01
08956.00 1.002e-01
08958.00 8.899e-02
08960.00 7.095e-02
08962.00 6.840e-02
08964.00 8.173e-02
08966.00 9.512e-02
08968.00 1.061e-01
08970.00 1.153e-01
08972.00 1.178e-01
08974.00 1.137e-01
08976.00 1.141e-01
08978.00 1.140e-01
08980.00 1.182e-01
08982.00 1.294e-01
08984.00 1.388e-01
08986.00 1.424e-01
08988.00 1.420e-01
08990.00 1.349e-01
08992.00 1.132e-01
08994.00 1.126e-01
08996.00 1.351e-01
08998.00 1.430e-01
09000.00 1.345e-01
09002.00 1.178e-01
09004.00 9.129e-02
09006.00 5.497e-02
09008.00 5.398e-02
09010.00 9.084e-02
09012.00 1.054e-01
09014.00 1.140e-01
09016.00 1.153e-01
09018.00 1.045e-01
09020.00 9.048e-02
09022.00 8.815e-02
09024.00 9.301e-02
09026.00 9.308e-02
09028.00 9.111e-02
09030.00 9.059e-02
09032.00 9.147e-02
09034.00 9.227e-02
09036.00 9.314e-02
09038.00 9.344e-02
09040.00 8.982e-02
09042.00 8.315e-02
09044.00 7.513e-02
09046.00 5.553e-02
09048.00 5.400e-02
09050.00 8.299e-02
09052.00 1.077e-01
09054.00 9.494e-02
09056.00 6.195e-02
09058.00 6.909e-02
09060.00 1.194e-01
09062.00 1.312e-01
09064.00 1.187e-01
09066.00 1.079e-01
09068.00 1.020e-01
09070.00 9.708e-02
09072.00 9.308e-02
09074.00 9.061e-02
09076.00 8.348e-02
09078.00 6.124e-02
09080.00 6.462e-02
09082.00 9.777e-02
09084.00 1.271e-01
09086.00 1.424e-01
09088.00 1.498e-01
09090.00 1.452e-01
09092.00 1.229e-01
09094.00 1.203e-01
09096.00 1.300e-01
09098.00 1.392e-01
09100.00 1.499e-01
09102.00 1.610e-01
09104.00 1.752e-01
09106.00 1.895e-01
09108.00 1.774e-01
09110.00 1.313e-01
09112.00 1.128e-01
09114.00 1.069e-01
09116.00 1.047e-01
09118.00 1.054e-01
09120.00 1.108e-01
09122.00 1.236e-01
09124.00 1.440e-01
09126.00 1.528e-01
09128.00 1.586e-01
09130.00 1.538e-01
09132.00 1.305e-01
09134.00 1.152e-01
09136.00 1.187e-01
09138.00 1.289e-01
09140.00 1.304e-01
09142.00 1.295e-01
09144.00 1.236e-01
09146.00 1.101e-01
09148.00 1.001e-01
09150.00 9.173e-02
09152.00 8.586e-02
09154.00 8.042e-02
09156.00 7.830e-02
09158.00 9.691e-02
09160.00 1.448e-01
09162.00 1.632e-01
09164.00 1.717e-01
09166.00 1.640e-01
09168.00 1.287e-01
09170.00 9.139e-02
09172.00 7.721e-02
09174.00 7.500e-02
09176.00 7.704e-02
09178.00 9.429e-02
09180.00 9.854e-02
09182.00 9.408e-02
09184.00 8.914e-02
09186.00 8.286e-02
09188.00 7.834e-02
09190.00 8.448e-02
09192.00 9.983e-02
09194.00 1.091e-01
09196.00 1.191e-01
09198.00 1.235e-01
09200.00 1.203e-01
09202.00 1.177e-01
09204.00 1.221e-01
09206.00 1.276e-01
09208.00 1.193e-01
09210.00 9.445e-02
09212.00 8.877e-02
09214.00 9.602e-02
09216.00 1.024e-01
09218.00 1.116e-01
09220.00 1.174e-01
09222.00 1.122e-01
09224.00 9.979e-02
09226.00 9.023e-02
09228.00 7.324e-02
09230.00 7.217e-02
09232.00 8.427e-02
09234.00 9.884e-02
09236.00 1.183e-01
09238.00 1.366e-01
09240.00 1.412e-01
09242.00 1.354e-01
09244.00 1.372e-01
09246.00 1.441e-01
09248.00 1.454e-01
09250.00 1.421e-01
09252.00 1.371e-01
09254.00 1.286e-01
09256.00 1.202e-01
09258.00 1.248e-01
09260.00 1.416e-01
09262.00 1.509e-01
09264.00 1.568e-01
09266.00 1.653e-01
09268.00 1.803e-01
09270.00 1.906e-01
09272.00 1.878e-01
09274.00 1.764e-01
09276.00 1.608e-01
09278.00 1.256e-01
09280.00 1.203e-01
09282.00 1.474e-01
09284.00 1.573e-01
09286.00 1.363e-01
09288.00 1.115e-01
09290.00 1.095e-01
09292.00 1.197e-01
09294.00 1.317e-01
09296.00 1.530e-01
09298.00 1.704e-01
09300.00 1.915e-01
09302.00 2.038e-01
09304.00 2.096e-01
09306.00 2.016e-01
09308.00 1.512e-01
09310.00 4.779e-02
09312.00 1.513e-02
09314.00 1.861e-02
09316.00 4.598e-02
09318.00 1.172e-01
09320.00 1.867e-01
09322.00 2.288e-01
09324.00 2.566e-01
09326.00 2.654e-01
09328.00 2.531e-01
09330.00 2.339e-01
09332.00 1.893e-01
09334.00 1.617e-01
09336.00 1.592e-01
09338.00 1.615e-01
09340.00 1.483e-01
09342.00 1.274e-01
09344.00 1.355e-01
09346.00 1.871e-01
09348.00 1.921e-01
09350.00 1.588e-01
09352.00 1.263e-01
09354.00 9.808e-02
09356.00 7.566e-02
09358.00 7.731e-02
09360.00 1.018e-01
09362.00 1.079e-01
09364.00 1.249e-01
09366.00 1.005e-01
09368.00 2.123e-02
09370.00 -5.634e-02
09372.00 -1.191e-01
09374.00 -1.657e-01
09376.00 -1.301e-01
09378.00 -8.840e-03
09380.00 8.047e-02
09382.00 2.035e-01
09384.00 2.686e-01
09386.00 2.620e-01
09388.00 2.277e-01
09390.00 1.923e-01
09392.00 1.433e-01
09394.00 1.119e-01
09396.00 8.792e-02
09398.00 6.971e-02
09400.00 6.463e-02
09402.00 5.307e-02
09404.00 2.318e-02
09406.00 -4.490e-03
09408.00 1.301e-03
09410.00 3.406e-02
09412.00 3.922e-02
09414.00 2.563e-02
09416.00 2.143e-02
09418.00 2.396e-03
09420.00 1.811e-02
09422.00 1.199e-01
09424.00 2.480e-01
09426.00 2.495e-01
09428.00 1.391e-01
09430.00 1.197e-01
09432.00 1.570e-01
09434.00 1.660e-01
09436.00 1.442e-01
09438.00 1.167e-01
09440.00 9.751e-02
09442.00 7.945e-02
09444.00 5.661e-02
09446.00 2.202e-02
09448.00 7.203e-03
09450.00 -1.762e-03
09452.00 8.900e-03
09454.00 5.351e-02
09456.00 1.031e-01
09458.00 1.200e-01
09460.00 1.175e-01
09462.00 1.268e-01
09464.00 1.472e-01
09466.00 1.473e-01
09468.00 1.187e-01
09470.00 1.027e-01
09472.00 1.085e-01
09474.00 1.324e-01
09476.00 1.921e-01
09478.00 3.058e-01
09480.00 3.375e-01
09482.00 3.142e-01
09484.00 2.836e-01
09486.00 2.305e-01
09488.00 1.778e-01
09490.00 1.442e-01
09492.00 1.185e-01
09494.00 8.342e-02
09496.00 2.064e-02
09498.00 2.256e-02
09500.00 9.253e-02
09502.00 1.400e-01
09504.00 1.616e-01
09506.00 1.673e-01
09508.00 1.488e-01
09510.00 1.064e-01
09512.00 1.111e-01
09514.00 1.560e-01
09516.00 1.850e-01
09518.00 2.183e-01
09520.00 2.378e-01
09522.00 2.372e-01
09524.00 2.233e-01
09526.00 2.001e-01
09528.00 1.603e-01
09530.00 1.406e-01
09532.00 1.345e-01
09534.00 1.254e-01
09536.00 1.133e-01
09538.00 1.047e-01
09540.00 1.051e-01
09542.00 1.094e-01
09544.00 9.994e-02
09546.00 7.011e-02
09548.00 7.407e-02
09550.00 1.165e-01
09552.00 1.344e-01
09554.00 1.239e-01
09556.00 1.011e-01
09558.00 6.785e-02
09560.00 2.275e-02
09562.00 2.365e-02
09564.00 5.895e-02
09566.00 1.015e-01
09568.00 1.858e-01
09570.00 2.348e-01
09572.00 2.221e-01
09574.00 1.863e-01
09576.00 1.699e-01
09578.00 1.545e-01
09580.00 1.481e-01
09582.00 1.668e-01
09584.00 1.503e-01
09586.00 8.049e-02
09588.00 3.420e-02
09590.00 5.629e-02
09592.00 1.072e-01
09594.00 1.169e-01
09596.00 1.061e-01
09598.00 9.850e-02
09600.00 7.469e-02
09602.00 7.207e-02
09604.00 9.911e-02
09606.00 1.283e-01
09608.00 1.420e-01
09610.00 1.485e-01
09612.00 1.422e-01
09614.00 1.037e-01
09616.00 1.066e-01
09618.00 1.523e-01
09620.00 1.760e-01
09622.00 1.616e-01
09624.00 1.370e-01
09626.00 1.301e-01
09628.00 1.318e-01
09630.00 1.143e-01
09632.00 6.848e-02
09634.00 5.403e-02
09636.00 6.606e-02
09638.00 8.387e-02
09640.00 1.060e-01
09642.00 1.291e-01
09644.00 1.341e-01
09646.00 1.277e-01
09648.00 1.122e-01
09650.00 6.786e-02
09652.00 5.385e-02
09654.00 7.142e-02
09656.00 1.004e-01
09658.00 1.390e-01
09660.00 1.844e-01
09662.00 1.854e-01
09664.00 1.450e-01
09666.00 1.187e-01
09668.00 8.264e-02
09670.00 5.887e-02
09672.00 4.463e-02
09674.00 4.579e-02
09676.00 7.956e-02
09678.00 1.428e-01
09680.00 1.612e-01
09682.00 1.458e-01
09684.00 1.418e-01
09686.00 1.302e-01
09688.00 1.340e-01
09690.00 1.776e-01
09692.00 2.242e-01
09694.00 1.999e-01
09696.00 1.129e-01
09698.00 8.987e-02
09700.00 1.098e-01
09702.00 1.134e-01
09704.00 1.018e-01
09706.00 9.400e-02
09708.00 1.033e-01
09710.00 1.187e-01
09712.00 1.094e-01
09714.00 7.832e-02
09716.00 5.804e-02
09718.00 1.592e-02
09720.00 2.061e-02
09722.00 1.102e-01
09724.00 1.930e-01
09726.00 1.762e-01
09728.00 9.971e-02
09730.00 6.641e-02
09732.00 3.219e-02
09734.00 2.900e-02
09736.00 6.848e-02
09738.00 9.468e-02
09740.00 8.798e-02
09742.00 7.560e-02
09744.00 9.298e-02
09746.00 1.351e-01
09748.00 1.326e-01
09750.00 8.736e-02
09752.00 6.412e-02
09754.00 4.066e-02
09756.00 4.494e-02
09758.00 1.076e-01
09760.00 1.967e-01
09762.00 2.277e-01
09764.00 2.297e-01
09766.00 2.116e-01
09768.00 1.451e-01
09770.00 1.084e-01
09772.00 1.083e-01
09774.00 1.155e-01
09776.00 1.144e-01
09778.00 1.122e-01
09780.00 9.354e-02
09782.00 5.196e-02
09784.00 2.753e-02
09786.00 -4.379e-03
09788.00 -5.509e-03
09790.00 5.486e-02
09792.00 1.189e-01
09794.00 1.033e-01
09796.00 3.210e-02
09798.00 9.140e-03
09800.00 -1.038e-02
09802.00 1.007e-02
09804.00 1.031e-01
09806.00 1.621e-01
09808.00 1.274e-01
09810.00 5.936e-02
09812.00 6.265e-02
09814.00 1.155e-01
09816.00 1.282e-01
09818.00 1.171e-01
09820.00 1.168e-01
09822.00 1.308e-01
09824.00 1.417e-01
09826.00 1.375e-01
09828.00 1.251e-01
09830.00 1.205e-01
09832.00 1.224e-01
09834.00 1.155e-01
09836.00 9.555e-02
09838.00 8.822e-02
09840.00 9.750e-02
09842.00 1.154e-01
09844.00 1.437e-01
09846.00 1.869e-01
09848.00 1.672e-01
09850.00 6.395e-02
09852.00 3.019e-02
09854.00 3.733e-02
09856.00 6.773e-02
09858.00 1.282e-01
09860.00 2.035e-01
09862.00 2.557e-01
09864.00 3.069e-01
09866.00 3.135e-01
09868.00 2.796e-01
09870.00 2.348e-01
09872.00 1.615e-01
09874.00 9.335e-02
09876.00 4.702e-02
09878.00 1.543e-02
09880.00 1.757e-02
09882.00 6.813e-02
09884.00 8.281e-02
09886.00 7.607e-02
09888.00 7.949e-02
09890.00 1.030e-01
09892.00 1.225e-01
09894.00 1.092e-01
09896.00 7.359e-02
09898.00 8.828e-02
09900.00 1.638e-01
09902.00 1.830e-01
09904.00 1.624e-01
09906.00 1.387e-01
09908.00 1.192e-01
09910.00 9.703e-02
09912.00 6.551e-02
09914.00 1.698e-02
09916.00 2.398e-02
09918.00 7.984e-02
09920.00 1.323e-01
09922.00 2.072e-01
09924.00 2.606e-01
09926.00 2.648e-01
09928.00 2.408e-01
09930.00 2.208e-01
09932.00 1.758e-01
09934.00 1.799e-01
09936.00 2.718e-01
09938.00 2.658e-01
09940.00 8.922e-02
09942.00 -6.209e-02
09944.00 -4.567e-03
09946.00 1.738e-01
09948.00 2.127e-01
09950.00 1.682e-01
09952.00 1.520e-01
09954.00 1.295e-01
09956.00 1.118e-01
09958.00 9.169e-02
09960.00 8.493e-02
09962.00 1.303e-01
09964.00 2.298e-01
09966.00 2.222e-01
09968.00 1.118e-01
09970.00 5.385e-02
09972.00 1.618e-02
09974.00 3.340e-03
09976.00 3.743e-02
09978.00 8.839e-02
09980.00 6.958e-02
09982.00 -1.777e-02
09984.00 -2.165e-02
09986.00 3.844e-02
09988.00 7.917e-02
09990.00 8.953e-02
09992.00 1.158e-01
09994.00 2.018e-01
09996.00 3.207e-01
09998.00 3.630e-01
10000.00 3.793e-01
10002.00 3.256e-01
10004.00 1.552e-01
10006.00 4.128e-02
10008.00 5.282e-03
10010.00 9.739e-03
10012.00 3.935e-02
10014.00 1.028e-01
10016.00 1.724e-01
10018.00 3.063e-01
10020.00 3.423e-01
10022.00 2.738e-01
10024.00 2.165e-01
10026.00 2.169e-01
10028.00 2.283e-01
10030.00 1.906e-01
10032.00 1.101e-01
10034.00 8.138e-02
10036.00 7.613e-02
10038.00 9.112e-02
10040.00 1.379e-01
10042.00 1.889e-01
10044.00 2.383e-01
10046.00 2.834e-01
10048.00 2.586e-01
10050.00 1.324e-01
10052.00 1.149e-01
10054.00 1.852e-01
10056.00 2.208e-01
10058.00 1.967e-01
10060.00 1.725e-01
10062.00 2.027e-01
10064.00 2.660e-01
10066.00 2.966e-01
10068.00 3.399e-01
10070.00 3.173e-01
10072.00 2.174e-01
10074.00 1.255e-01
10076.00 4.330e-02
10078.00 -1.415e-02
10080.00 2.623e-02
10082.00 1.728e-01
10084.00 1.771e-01
10086.00 5.101e-02
10088.00 6.669e-03
10090.00 1.811e-02
10092.00 6.460e-02
10094.00 1.817e-01
10096.00 3.207e-01
10098.00 2.614e-01
10100.00 -3.023e-02
10102.00 -7.378e-02
10104.00 5.412e-02
10106.00 1.495e-01
10108.00 2.353e-01
10110.00 2.849e-01
10112.00 2.420e-01
10114.00 1.322e-01
10116.00 7.340e-02
10118.00 -1.398e-02
10120.00 4.541e-03
10122.00 1.665e-01
10124.00 2.628e-01
10126.00 2.433e-01
10128.00 1.754e-01
10130.00 1.030e-01
10132.00 -8.765e-03
10134.00 -1.946e-02
10136.00 6.632e-02
10138.00 1.177e-01
10140.00 1.511e-01
10142.00 1.881e-01
10144.00 2.560e-01
10146.00 3.200e-01
10148.00 2.793e-01
10150.00 1.542e-01
10152.00 2.597e-02
