03500.00 6.499e-01
03503.00 6.698e-01
03506.00 7.720e-01
03509.00 6.213e-01
03512.00 5.430e-01
03515.00 4.316e-01
03518.00 6.289e-01
03521.00 6.552e-01
03524.00 7.522e-01
03527.00 6.338e-01
03530.00 7.586e-01
03533.00 7.306e-01
03536.00 6.134e-01
03539.00 6.343e-01
03542.00 5.075e-01
03545.00 7.001e-01
03548.00 9.310e-01
03551.00 7.976e-01
03554.00 8.523e-01
03557.00 6.990e-01
03560.00 6.208e-01
03563.00 5.407e-01
03566.00 6.388e-01
03569.00 6.285e-01
03572.00 6.752e-01
03575.00 7.734e-01
03578.00 5.221e-01
03581.00 6.371e-01
03584.00 5.506e-01
03587.00 6.598e-01
03590.00 8.143e-01
03593.00 6.978e-01
03596.00 5.477e-01
03599.00 5.228e-01
03602.00 5.726e-01
03605.00 5.915e-01
03608.00 6.224e-01
03611.00 6.902e-01
03614.00 8.199e-01
03617.00 6.561e-01
03620.00 4.857e-01
03623.00 5.738e-01
03626.00 8.149e-01
03629.00 6.937e-01
03632.00 6.356e-01
03635.00 6.739e-01
03638.00 6.300e-01
03641.00 6.199e-01
03644.00 6.661e-01
03647.00 5.857e-01
03650.00 5.700e-01
03653.00 6.219e-01
03656.00 6.414e-01
03659.00 6.008e-01
03662.00 5.942e-01
03665.00 4.159e-01
03668.00 4.461e-01
03671.00 4.449e-01
03674.00 5.488e-01
03677.00 4.949e-01
03680.00 5.587e-01
03683.00 6.157e-01
03686.00 6.096e-01
03689.00 4.710e-01
03692.00 4.185e-01
03695.00 4.426e-01
03698.00 6.446e-01
03701.00 7.333e-01
03704.00 6.504e-01
03707.00 6.456e-01
03710.00 6.280e-01
03713.00 6.729e-01
03716.00 7.189e-01
03719.00 7.026e-01
03722.00 6.947e-01
03725.00 7.233e-01
03728.00 8.136e-01
03731.00 7.257e-01
03734.00 8.370e-01
03737.00 8.495e-01
03740.00 9.789e-01
03743.00 1.289e+00
03746.00 1.235e+00
03749.00 9.981e-01
03752.00 1.076e+00
03755.00 9.786e-01
03758.00 9.534e-01
03761.00 9.586e-01
03764.00 8.671e-01
03767.00 7.254e-01
03770.00 7.196e-01
03773.00 6.891e-01
03776.00 5.876e-01
03779.00 5.710e-01
03782.00 4.960e-01
03785.00 4.085e-01
03788.00 3.591e-01
03791.00 3.793e-01
03794.00 3.101e-01
03797.00 2.969e-01
03800.00 3.221e-01
03803.00 3.755e-01
03806.00 2.497e-01
03809.00 2.860e-01
03812.00 2.997e-01
03815.00 2.634e-01
03818.00 3.596e-01
03821.00 2.861e-01
03824.00 2.527e-01
03827.00 3.103e-01
03830.00 3.452e-01
03833.00 3.146e-01
03836.00 3.403e-01
03839.00 2.933e-01
03842.00 3.422e-01
03845.00 2.661e-01
03848.00 2.897e-01
03851.00 3.611e-01
03854.00 3.713e-01
03857.00 3.417e-01
03860.00 3.603e-01
03863.00 3.861e-01
03866.00 3.683e-01
03869.00 3.477e-01
03872.00 3.856e-01
03875.00 4.163e-01
03878.00 3.678e-01
03881.00 4.610e-01
03884.00 5.921e-01
03887.00 6.215e-01
03890.00 6.603e-01
03893.00 6.291e-01
03896.00 6.818e-01
03899.00 7.226e-01
03902.00 7.252e-01
03905.00 7.779e-01
03908.00 8.010e-01
03911.00 8.361e-01
03914.00 9.140e-01
03917.00 9.378e-01
03920.00 1.039e+00
03923.00 1.135e+00
03926.00 1.118e+00
03929.00 1.212e+00
03932.00 1.258e+00
03935.00 1.342e+00
03938.00 1.434e+00
03941.00 1.455e+00
03944.00 1.520e+00
03947.00 1.497e+00
03950.00 1.565e+00
03953.00 1.588e+00
03956.00 1.594e+00
03959.00 1.696e+00
03962.00 1.640e+00
03965.00 1.641e+00
03968.00 1.660e+00
03971.00 1.711e+00
03974.00 1.770e+00
03977.00 1.709e+00
03980.00 1.680e+00
03983.00 1.688e+00
03986.00 1.710e+00
03989.00 1.716e+00
03992.00 1.683e+00
03995.00 1.718e+00
03998.00 1.805e+00
04001.00 1.800e+00
04004.00 1.730e+00
04007.00 1.643e+00
04010.00 1.638e+00
04013.00 1.699e+00
04016.00 1.717e+00
04019.00 1.701e+00
04022.00 1.719e+00
04025.00 1.669e+00
04028.00 1.631e+00
04031.00 1.683e+00
04034.00 1.743e+00
04037.00 1.771e+00
04040.00 1.752e+00
04043.00 1.757e+00
04046.00 1.782e+00
04049.00 1.727e+00
04052.00 1.663e+00
04055.00 1.546e+00
04058.00 1.492e+00
04061.00 1.552e+00
04064.00 1.501e+00
04067.00 1.405e+00
04070.00 1.257e+00
04073.00 1.313e+00
04076.00 1.289e+00
04079.00 1.171e+00
04082.00 1.108e+00
04085.00 1.142e+00
04088.00 1.096e+00
04091.00 1.058e+00
04094.00 1.015e+00
04097.00 9.618e-01
04100.00 1.005e+00
04103.00 9.446e-01
04106.00 8.608e-01
04109.00 9.045e-01
04112.00 8.661e-01
04115.00 8.329e-01
04118.00 9.024e-01
04121.00 1.012e+00
04124.00 8.724e-01
04127.00 7.529e-01
04130.00 8.828e-01
04133.00 9.624e-01
04136.00 9.311e-01
04139.00 8.354e-01
04142.00 9.005e-01
04145.00 8.304e-01
04148.00 7.848e-01
04151.00 7.815e-01
04154.00 7.743e-01
04157.00 7.895e-01
04160.00 8.280e-01
04163.00 8.714e-01
04166.00 8.817e-01
04169.00 7.935e-01
04172.00 7.723e-01
04175.00 7.601e-01
04178.00 8.022e-01
04181.00 8.627e-01
04184.00 8.117e-01
04187.00 8.398e-01
04190.00 9.301e-01
04193.00 9.087e-01
04196.00 9.005e-01
04199.00 9.413e-01
04202.00 9.868e-01
04205.00 9.761e-01
04208.00 9.941e-01
04211.00 9.437e-01
04214.00 9.317e-01
04217.00 9.560e-01
04220.00 8.848e-01
04223.00 9.197e-01
04226.00 9.418e-01
04229.00 9.486e-01
04232.00 8.872e-01
04235.00 8.868e-01
04238.00 9.189e-01
04241.00 8.477e-01
04244.00 8.869e-01
04247.00 9.257e-01
04250.00 9.305e-01
04253.00 9.397e-01
04256.00 9.208e-01
04259.00 9.198e-01
04262.00 9.955e-01
04265.00 1.009e+00
04268.00 1.002e+00
04271.00 9.668e-01
04274.00 9.126e-01
04277.00 8.966e-01
04280.00 9.300e-01
04283.00 9.090e-01
04286.00 8.985e-01
04289.00 9.376e-01
04292.00 9.027e-01
04295.00 8.691e-01
04298.00 9.227e-01
04301.00 9.494e-01
04304.00 9.274e-01
04307.00 9.466e-01
04310.00 1.009e+00
04313.00 9.817e-01
04316.00 9.805e-01
04319.00 1.012e+00
04322.00 9.117e-01
04325.00 9.607e-01
04328.00 1.033e+00
04331.00 1.034e+00
04334.00 9.771e-01
04337.00 9.870e-01
04340.00 9.422e-01
04343.00 9.801e-01
04346.00 1.072e+00
04349.00 1.028e+00
04352.00 1.001e+00
04355.00 1.109e+00
04358.00 1.249e+00
04361.00 1.238e+00
04364.00 1.128e+00
04367.00 1.146e+00
04370.00 1.222e+00
04373.00 1.191e+00
04376.00 1.171e+00
04379.00 1.170e+00
04382.00 1.161e+00
04385.00 1.064e+00
04388.00 1.024e+00
04391.00 9.946e-01
04394.00 9.948e-01
04397.00 9.700e-01
04400.00 9.294e-01
04403.00 8.804e-01
04406.00 8.898e-01
04409.00 9.579e-01
04412.00 8.595e-01
04415.00 7.621e-01
04418.00 6.844e-01
04421.00 6.575e-01
04424.00 6.984e-01
04427.00 7.062e-01
04430.00 6.689e-01
04433.00 6.523e-01
04436.00 6.792e-01
04439.00 6.171e-01
04442.00 6.401e-01
04445.00 6.882e-01
04448.00 6.640e-01
04451.00 6.310e-01
04454.00 5.851e-01
04457.00 6.280e-01
04460.00 6.435e-01
04463.00 6.174e-01
04466.00 5.881e-01
04469.00 6.436e-01
04472.00 6.530e-01
04475.00 6.747e-01
04478.00 6.736e-01
04481.00 6.859e-01
04484.00 6.343e-01
04487.00 6.445e-01
04490.00 6.375e-01
04493.00 7.368e-01
04496.00 7.267e-01
04499.00 7.399e-01
04502.00 7.172e-01
04505.00 7.498e-01
04508.00 8.433e-01
04511.00 8.534e-01
04514.00 8.938e-01
04517.00 9.236e-01
04520.00 9.124e-01
04523.00 8.914e-01
04526.00 9.108e-01
04529.00 9.556e-01
04532.00 9.864e-01
04535.00 1.070e+00
04538.00 1.078e+00
04541.00 1.035e+00
04544.00 1.106e+00
04547.00 1.176e+00
04550.00 1.142e+00
04553.00 1.182e+00
04556.00 1.194e+00
04559.00 1.275e+00
04562.00 1.250e+00
04565.00 1.241e+00
04568.00 1.265e+00
04571.00 1.326e+00
04574.00 1.443e+00
04577.00 1.495e+00
04580.00 1.499e+00
04583.00 1.512e+00
04586.00 1.649e+00
04589.00 1.673e+00
04592.00 1.790e+00
04595.00 1.742e+00
04598.00 1.780e+00
04601.00 1.791e+00
04604.00 1.801e+00
04607.00 1.769e+00
04610.00 1.814e+00
04613.00 1.907e+00
04616.00 1.910e+00
04619.00 1.958e+00
04622.00 2.012e+00
04625.00 2.025e+00
04628.00 2.026e+00
04631.00 2.089e+00
04634.00 2.081e+00
04637.00 2.070e+00
04640.00 2.080e+00
04643.00 2.059e+00
04646.00 2.012e+00
04649.00 2.004e+00
04652.00 1.990e+00
04655.00 1.942e+00
04658.00 1.978e+00
04661.00 1.908e+00
04664.00 1.899e+00
04667.00 1.828e+00
04670.00 1.818e+00
04673.00 1.767e+00
04676.00 1.771e+00
04679.00 1.820e+00
04682.00 1.857e+00
04685.00 1.895e+00
04688.00 1.855e+00
04691.00 1.836e+00
04694.00 1.872e+00
04697.00 1.833e+00
04700.00 1.823e+00
04703.00 1.817e+00
04706.00 1.827e+00
04709.00 1.823e+00
04712.00 1.794e+00
04715.00 1.774e+00
04718.00 1.746e+00
04721.00 1.668e+00
04724.00 1.626e+00
04727.00 1.686e+00
04730.00 1.620e+00
04733.00 1.576e+00
04736.00 1.548e+00
04739.00 1.518e+00
04742.00 1.470e+00
04745.00 1.420e+00
04748.00 1.411e+00
04751.00 1.332e+00
04754.00 1.333e+00
04757.00 1.296e+00
04760.00 1.238e+00
04763.00 1.239e+00
04766.00 1.208e+00
04769.00 1.212e+00
04772.00 1.173e+00
04775.00 1.149e+00
04778.00 1.098e+00
04781.00 1.019e+00
04784.00 1.013e+00
04787.00 1.045e+00
04790.00 9.932e-01
04793.00 9.205e-01
04796.00 8.746e-01
04799.00 8.600e-01
04802.00 8.720e-01
04805.00 8.461e-01
04808.00 7.816e-01
04811.00 7.357e-01
04814.00 7.195e-01
04817.00 7.216e-01
04820.00 7.283e-01
04823.00 7.330e-01
04826.00 7.100e-01
04829.00 6.781e-01
04832.00 7.349e-01
04835.00 7.238e-01
04838.00 7.239e-01
04841.00 7.372e-01
04844.00 7.405e-01
04847.00 7.768e-01
04850.00 7.613e-01
04853.00 7.646e-01
04856.00 7.678e-01
04859.00 7.710e-01
04862.00 7.742e-01
04865.00 7.774e-01
04868.00 7.806e-01
04871.00 7.838e-01
04874.00 7.870e-01
04877.00 7.902e-01
04880.00 7.934e-01
04883.00 7.967e-01
04886.00 7.999e-01
04889.00 8.031e-01
04892.00 8.063e-01
04895.00 8.095e-01
04898.00 8.127e-01
04901.00 8.159e-01
04904.00 8.191e-01
04907.00 8.223e-01
04910.00 8.255e-01
04913.00 8.288e-01
04916.00 8.320e-01
04919.00 8.438e-01
04922.00 8.445e-01
04925.00 8.538e-01
04928.00 8.784e-01
04931.00 8.825e-01
04934.00 8.990e-01
04937.00 9.470e-01
04940.00 9.338e-01
04943.00 9.478e-01
04946.00 1.045e+00
04949.00 1.072e+00
04952.00 1.131e+00
04955.00 1.195e+00
04958.00 1.190e+00
04961.00 1.265e+00
04964.00 1.329e+00
04967.00 1.408e+00
04970.00 1.476e+00
04973.00 1.561e+00
04976.00 1.612e+00
04979.00 1.640e+00
04982.00 1.738e+00
04985.00 1.746e+00
04988.00 1.772e+00
04991.00 1.697e+00
04994.00 1.800e+00
04997.00 1.876e+00
05000.00 1.889e+00
05003.00 1.849e+00
05006.00 1.747e+00
05009.00 1.785e+00
05012.00 1.734e+00
05015.00 1.735e+00
05018.00 1.684e+00
05021.00 1.681e+00
05024.00 1.655e+00
05027.00 1.646e+00
05030.00 1.560e+00
05033.00 1.406e+00
05036.00 1.364e+00
05039.00 1.270e+00
05042.00 1.171e+00
05045.00 1.161e+00
05048.00 1.148e+00
05051.00 1.088e+00
05054.00 1.033e+00
05057.00 9.687e-01
05060.00 9.547e-01
05063.00 9.021e-01
05066.00 8.802e-01
05069.00 8.067e-01
05072.00 7.715e-01
05075.00 8.285e-01
05078.00 8.282e-01
05081.00 7.950e-01
05084.00 8.584e-01
05087.00 8.788e-01
05090.00 8.185e-01
05093.00 8.568e-01
05096.00 9.042e-01
05099.00 9.059e-01
05102.00 9.658e-01
05105.00 9.668e-01
05108.00 9.474e-01
05111.00 1.013e+00
05114.00 1.055e+00
05117.00 1.078e+00
05120.00 1.055e+00
05123.00 1.051e+00
05126.00 1.065e+00
05129.00 1.055e+00
05132.00 1.048e+00
05135.00 1.121e+00
05138.00 1.102e+00
05141.00 1.129e+00
05144.00 1.186e+00
05147.00 1.177e+00
05150.00 1.193e+00
05153.00 1.237e+00
05156.00 1.218e+00
05159.00 1.181e+00
05162.00 1.159e+00
05165.00 1.141e+00
05168.00 1.183e+00
05171.00 1.177e+00
05174.00 1.180e+00
05177.00 1.156e+00
05180.00 1.170e+00
05183.00 1.225e+00
05186.00 1.209e+00
05189.00 1.191e+00
05192.00 1.165e+00
05195.00 1.111e+00
05198.00 1.103e+00
05201.00 1.065e+00
05204.00 1.106e+00
05207.00 1.121e+00
05210.00 1.102e+00
05213.00 1.084e+00
05216.00 1.066e+00
05219.00 1.072e+00
05222.00 1.130e+00
05225.00 1.178e+00
05228.00 1.166e+00
05231.00 1.170e+00
05234.00 1.163e+00
05237.00 1.177e+00
05240.00 1.165e+00
05243.00 1.141e+00
05246.00 1.184e+00
05249.00 1.240e+00
05252.00 1.287e+00
05255.00 1.353e+00
05258.00 1.366e+00
05261.00 1.351e+00
05264.00 1.370e+00
05267.00 1.440e+00
05270.00 1.448e+00
05273.00 1.487e+00
05276.00 1.583e+00
05279.00 1.534e+00
05282.00 1.537e+00
05285.00 1.606e+00
05288.00 1.650e+00
05291.00 1.646e+00
05294.00 1.672e+00
05297.00 1.689e+00
05300.00 1.707e+00
05303.00 1.766e+00
05306.00 1.839e+00
05309.00 1.852e+00
05312.00 1.865e+00
05315.00 1.910e+00
05318.00 1.913e+00
05321.00 1.904e+00
05324.00 1.919e+00
05327.00 1.904e+00
05330.00 1.921e+00
05333.00 1.995e+00
05336.00 2.019e+00
05339.00 1.989e+00
05342.00 1.988e+00
05345.00 1.991e+00
05348.00 1.927e+00
05351.00 1.887e+00
05354.00 1.858e+00
05357.00 1.894e+00
05360.00 1.900e+00
05363.00 1.914e+00
05366.00 1.946e+00
05369.00 1.959e+00
05372.00 1.980e+00
05375.00 1.990e+00
05378.00 2.012e+00
05381.00 2.051e+00
05384.00 2.017e+00
05387.00 1.909e+00
05390.00 1.943e+00
05393.00 1.999e+00
05396.00 1.986e+00
05399.00 1.993e+00
05402.00 1.953e+00
05405.00 1.959e+00
05408.00 1.938e+00
05411.00 1.848e+00
05414.00 1.803e+00
05417.00 1.822e+00
05420.00 1.763e+00
05423.00 1.781e+00
05426.00 1.721e+00
05429.00 1.597e+00
05432.00 1.671e+00
05435.00 1.640e+00
05438.00 1.619e+00
05441.00 1.631e+00
05444.00 1.595e+00
05447.00 1.583e+00
05450.00 1.596e+00
05453.00 1.502e+00
05456.00 1.591e+00
05459.00 1.549e+00
05462.00 1.575e+00
05465.00 1.568e+00
05468.00 1.576e+00
05471.00 1.649e+00
05474.00 1.711e+00
05477.00 1.761e+00
05480.00 1.797e+00
05483.00 1.830e+00
05486.00 1.842e+00
05489.00 1.860e+00
05492.00 1.863e+00
05495.00 1.868e+00
05498.00 1.923e+00
05501.00 1.948e+00
05504.00 1.933e+00
05507.00 1.955e+00
05510.00 2.017e+00
05513.00 2.015e+00
05516.00 1.996e+00
05519.00 1.921e+00
05522.00 1.923e+00
05525.00 1.980e+00
05528.00 1.942e+00
05531.00 1.898e+00
05534.00 1.944e+00
05537.00 1.893e+00
05540.00 1.944e+00
05543.00 1.894e+00
05546.00 1.905e+00
05549.00 1.894e+00
05552.00 1.860e+00
05555.00 1.841e+00
05558.00 1.792e+00
05561.00 1.818e+00
05564.00 1.869e+00
05567.00 1.824e+00
05570.00 1.832e+00
05573.00 1.794e+00
05576.00 1.826e+00
05579.00 1.793e+00
05582.00 1.770e+00
05585.00 1.710e+00
05588.00 1.725e+00
05591.00 1.673e+00
05594.00 1.694e+00
05597.00 1.713e+00
05600.00 1.729e+00
05603.00 1.697e+00
05606.00 1.680e+00
05609.00 1.670e+00
05612.00 1.685e+00
05615.00 1.676e+00
05618.00 1.667e+00
05621.00 1.714e+00
05624.00 1.695e+00
05627.00 1.679e+00
05630.00 1.689e+00
05633.00 1.676e+00
05636.00 1.682e+00
05639.00 1.670e+00
05642.00 1.759e+00
05645.00 1.690e+00
05648.00 1.616e+00
05651.00 1.615e+00
05654.00 1.663e+00
05657.00 1.660e+00
05660.00 1.623e+00
05663.00 1.606e+00
05666.00 1.601e+00
05669.00 1.613e+00
05672.00 1.651e+00
05675.00 1.579e+00
05678.00 1.498e+00
05681.00 1.535e+00
05684.00 1.500e+00
05687.00 1.465e+00
05690.00 1.479e+00
05693.00 1.436e+00
05696.00 1.382e+00
05699.00 1.372e+00
05702.00 1.378e+00
05705.00 1.329e+00
05708.00 1.340e+00
05711.00 1.271e+00
05714.00 1.269e+00
05717.00 1.341e+00
05720.00 1.264e+00
05723.00 1.243e+00
05726.00 1.252e+00
05729.00 1.236e+00
05732.00 1.220e+00
05735.00 1.206e+00
05738.00 1.189e+00
05741.00 1.165e+00
05744.00 1.166e+00
05747.00 1.174e+00
05750.00 1.153e+00
05753.00 1.173e+00
05756.00 1.133e+00
05759.00 1.171e+00
05762.00 1.159e+00
05765.00 1.144e+00
05768.00 1.173e+00
05771.00 1.102e+00
05774.00 1.106e+00
05777.00 1.122e+00
05780.00 1.105e+00
05783.00 1.091e+00
05786.00 1.033e+00
05789.00 1.037e+00
05792.00 1.035e+00
05795.00 1.013e+00
05798.00 1.073e+00
05801.00 1.055e+00
05804.00 1.075e+00
05807.00 1.144e+00
05810.00 1.204e+00
05813.00 1.279e+00
05816.00 1.301e+00
05819.00 1.345e+00
05822.00 1.413e+00
05825.00 1.405e+00
05828.00 1.444e+00
05831.00 1.525e+00
05834.00 1.559e+00
05837.00 1.584e+00
05840.00 1.596e+00
05843.00 1.668e+00
05846.00 1.724e+00
05849.00 1.801e+00
05852.00 1.771e+00
05855.00 1.766e+00
05858.00 1.847e+00
05861.00 1.835e+00
05864.00 1.859e+00
05867.00 1.914e+00
05870.00 1.931e+00
05873.00 1.954e+00
05876.00 1.923e+00
05879.00 1.930e+00
05882.00 1.891e+00
05885.00 1.898e+00
05888.00 1.884e+00
05891.00 1.867e+00
05894.00 1.922e+00
05897.00 1.941e+00
05900.00 1.858e+00
05903.00 1.870e+00
05906.00 1.819e+00
05909.00 1.779e+00
05912.00 1.759e+00
05915.00 1.601e+00
05918.00 1.493e+00
05921.00 1.486e+00
05924.00 1.568e+00
05927.00 1.697e+00
05930.00 1.835e+00
05933.00 1.847e+00
05936.00 1.798e+00
05939.00 1.825e+00
05942.00 1.810e+00
05945.00 1.801e+00
05948.00 1.778e+00
05951.00 1.783e+00
05954.00 1.776e+00
05957.00 1.779e+00
05960.00 1.776e+00
05963.00 1.824e+00
05966.00 1.842e+00
05969.00 1.786e+00
05972.00 1.726e+00
05975.00 1.706e+00
05978.00 1.656e+00
05981.00 1.736e+00
05984.00 1.774e+00
05987.00 1.708e+00
05990.00 1.649e+00
05993.00 1.661e+00
05996.00 1.680e+00
05999.00 1.646e+00
06002.00 1.607e+00
06005.00 1.606e+00
06008.00 1.626e+00
06011.00 1.553e+00
06014.00 1.551e+00
06017.00 1.585e+00
06020.00 1.564e+00
06023.00 1.508e+00
06026.00 1.488e+00
06029.00 1.458e+00
06032.00 1.444e+00
06035.00 1.391e+00
06038.00 1.374e+00
06041.00 1.437e+00
06044.00 1.402e+00
06047.00 1.354e+00
06050.00 1.382e+00
06053.00 1.358e+00
06056.00 1.364e+00
06059.00 1.393e+00
06062.00 1.320e+00
06065.00 1.300e+00
06068.00 1.312e+00
06071.00 1.273e+00
06074.00 1.238e+00
06077.00 1.271e+00
06080.00 1.326e+00
06083.00 1.398e+00
06086.00 1.407e+00
06089.00 1.360e+00
06092.00 1.407e+00
06095.00 1.392e+00
06098.00 1.362e+00
06101.00 1.388e+00
06104.00 1.408e+00
06107.00 1.435e+00
06110.00 1.457e+00
06113.00 1.445e+00
06116.00 1.456e+00
06119.00 1.454e+00
06122.00 1.446e+00
06125.00 1.454e+00
06128.00 1.416e+00
06131.00 1.367e+00
06134.00 1.385e+00
06137.00 1.358e+00
06140.00 1.359e+00
06143.00 1.308e+00
06146.00 1.286e+00
06149.00 1.309e+00
06152.00 1.254e+00
06155.00 1.237e+00
06158.00 1.272e+00
06161.00 1.278e+00
06164.00 1.267e+00
06167.00 1.298e+00
06170.00 1.315e+00
06173.00 1.326e+00
06176.00 1.382e+00
06179.00 1.433e+00
06182.00 1.436e+00
06185.00 1.473e+00
06188.00 1.507e+00
06191.00 1.509e+00
06194.00 1.584e+00
06197.00 1.568e+00
06200.00 1.494e+00
06203.00 1.546e+00
06206.00 1.571e+00
06209.00 1.535e+00
06212.00 1.582e+00
06215.00 1.547e+00
06218.00 1.521e+00
06221.00 1.533e+00
06224.00 1.523e+00
06227.00 1.488e+00
06230.00 1.458e+00
06233.00 1.411e+00
06236.00 1.358e+00
06239.00 1.363e+00
06242.00 1.317e+00
06245.00 1.314e+00
06248.00 1.272e+00
06251.00 1.267e+00
06254.00 1.159e+00
06257.00 1.104e+00
06260.00 1.091e+00
06263.00 1.059e+00
06266.00 9.906e-01
06269.00 1.000e+00
06272.00 9.793e-01
06275.00 9.539e-01
06278.00 9.825e-01
06281.00 1.003e+00
06284.00 1.008e+00
06287.00 9.873e-01
06290.00 9.413e-01
06293.00 9.849e-01
06296.00 1.090e+00
06299.00 1.092e+00
06302.00 1.039e+00
06305.00 9.640e-01
06308.00 9.620e-01
06311.00 1.044e+00
06314.00 1.053e+00
06317.00 1.060e+00
06320.00 1.074e+00
06323.00 1.066e+00
06326.00 1.100e+00
06329.00 1.127e+00
06332.00 1.093e+00
06335.00 1.107e+00
06338.00 1.109e+00
06341.00 1.151e+00
06344.00 1.152e+00
06347.00 1.081e+00
06350.00 1.119e+00
06353.00 1.134e+00
06356.00 1.167e+00
06359.00 1.135e+00
06362.00 1.145e+00
06365.00 1.175e+00
06368.00 1.142e+00
06371.00 1.161e+00
06374.00 1.212e+00
06377.00 1.203e+00
06380.00 1.281e+00
06383.00 1.326e+00
06386.00 1.350e+00
06389.00 1.398e+00
06392.00 1.401e+00
06395.00 1.446e+00
06398.00 1.468e+00
06401.00 1.416e+00
06404.00 1.448e+00
06407.00 1.469e+00
06410.00 1.469e+00
06413.00 1.512e+00
06416.00 1.573e+00
06419.00 1.481e+00
06422.00 1.465e+00
06425.00 1.495e+00
06428.00 1.490e+00
06431.00 1.519e+00
06434.00 1.504e+00
06437.00 1.459e+00
06440.00 1.519e+00
06443.00 1.491e+00
06446.00 1.538e+00
06449.00 1.604e+00
06452.00 1.581e+00
06455.00 1.619e+00
06458.00 1.668e+00
06461.00 1.645e+00
06464.00 1.643e+00
06467.00 1.629e+00
06470.00 1.572e+00
06473.00 1.561e+00
06476.00 1.568e+00
06479.00 1.516e+00
06482.00 1.558e+00
06485.00 1.607e+00
06488.00 1.587e+00
06491.00 1.591e+00
06494.00 1.637e+00
06497.00 1.636e+00
06500.00 1.615e+00
06503.00 1.603e+00
06506.00 1.532e+00
06509.00 1.504e+00
06512.00 1.477e+00
06515.00 1.471e+00
06518.00 1.456e+00
06521.00 1.415e+00
06524.00 1.453e+00
06527.00 1.458e+00
06530.00 1.455e+00
06533.00 1.417e+00
06536.00 1.360e+00
06539.00 1.334e+00
06542.00 1.351e+00
06545.00 1.384e+00
06548.00 1.409e+00
06551.00 1.398e+00
06554.00 1.413e+00
06557.00 1.432e+00
06560.00 1.414e+00
06563.00 1.404e+00
06566.00 1.439e+00
06569.00 1.387e+00
06572.00 1.364e+00
06575.00 1.357e+00
06578.00 1.351e+00
06581.00 1.345e+00
06584.00 1.338e+00
06587.00 1.346e+00
06590.00 1.353e+00
06593.00 1.361e+00
06596.00 1.369e+00
06599.00 1.376e+00
06602.00 1.384e+00
06605.00 1.392e+00
06608.00 1.400e+00
06611.00 1.408e+00
06614.00 1.415e+00
06617.00 1.423e+00
06620.00 1.431e+00
06623.00 1.439e+00
06626.00 1.446e+00
06629.00 1.454e+00
06632.00 1.462e+00
06635.00 1.476e+00
06638.00 1.499e+00
06641.00 1.504e+00
06644.00 1.494e+00
06647.00 1.511e+00
06650.00 1.501e+00
06653.00 1.515e+00
06656.00 1.503e+00
06659.00 1.481e+00
06662.00 1.485e+00
06665.00 1.529e+00
06668.00 1.533e+00
06671.00 1.548e+00
06674.00 1.578e+00
06677.00 1.578e+00
06680.00 1.597e+00
06683.00 1.625e+00
06686.00 1.649e+00
06689.00 1.614e+00
06692.00 1.612e+00
06695.00 1.583e+00
06698.00 1.532e+00
06701.00 1.512e+00
06704.00 1.581e+00
06707.00 1.629e+00
06710.00 1.599e+00
06713.00 1.546e+00
06716.00 1.538e+00
06719.00 1.556e+00
06722.00 1.555e+00
06725.00 1.555e+00
06728.00 1.541e+00
06731.00 1.526e+00
06734.00 1.532e+00
06737.00 1.458e+00
06740.00 1.476e+00
06743.00 1.476e+00
06746.00 1.475e+00
06749.00 1.475e+00
06752.00 1.475e+00
06755.00 1.474e+00
06758.00 1.460e+00
06761.00 1.447e+00
06764.00 1.433e+00
06767.00 1.419e+00
06770.00 1.358e+00
06773.00 1.418e+00
06776.00 1.427e+00
06779.00 1.399e+00
06782.00 1.398e+00
06785.00 1.425e+00
06788.00 1.419e+00
06791.00 1.432e+00
06794.00 1.416e+00
06797.00 1.410e+00
06800.00 1.413e+00
06803.00 1.364e+00
06806.00 1.344e+00
06809.00 1.364e+00
06812.00 1.365e+00
06815.00 1.380e+00
06818.00 1.381e+00
06821.00 1.360e+00
06824.00 1.330e+00
06827.00 1.390e+00
06830.00 1.429e+00
06833.00 1.381e+00
06836.00 1.304e+00
06839.00 1.320e+00
06842.00 1.354e+00
06845.00 1.322e+00
06848.00 1.299e+00
06851.00 1.288e+00
06854.00 1.274e+00
06857.00 1.254e+00
06860.00 1.239e+00
06863.00 1.236e+00
06866.00 1.233e+00
06869.00 1.195e+00
06872.00 1.181e+00
06875.00 1.219e+00
06878.00 1.215e+00
06881.00 1.221e+00
06884.00 1.220e+00
06887.00 1.208e+00
06890.00 1.232e+00
06893.00 1.182e+00
06896.00 1.163e+00
06899.00 1.175e+00
06902.00 1.165e+00
06905.00 1.202e+00
06908.00 1.219e+00
06911.00 1.228e+00
06914.00 1.162e+00
06917.00 1.112e+00
06920.00 1.181e+00
06923.00 1.266e+00
06926.00 1.202e+00
06929.00 1.168e+00
06932.00 1.166e+00
06935.00 1.213e+00
06938.00 1.178e+00
06941.00 1.142e+00
06944.00 1.173e+00
06947.00 1.179e+00
06950.00 1.180e+00
06953.00 1.157e+00
06956.00 1.166e+00
06959.00 1.149e+00
06962.00 1.135e+00
06965.00 1.133e+00
06968.00 1.145e+00
06971.00 1.129e+00
06974.00 1.135e+00
06977.00 1.175e+00
06980.00 1.157e+00
06983.00 1.118e+00
06986.00 1.140e+00
06989.00 1.192e+00
06992.00 1.171e+00
06995.00 1.129e+00
06998.00 1.161e+00
07001.00 1.254e+00
07004.00 1.274e+00
07007.00 1.298e+00
07010.00 1.289e+00
07013.00 1.274e+00
07016.00 1.298e+00
07019.00 1.312e+00
07022.00 1.327e+00
07025.00 1.413e+00
07028.00 1.425e+00
07031.00 1.412e+00
07034.00 1.335e+00
07037.00 1.444e+00
07040.00 1.481e+00
07043.00 1.377e+00
07046.00 1.446e+00
07049.00 1.486e+00
07052.00 1.426e+00
07055.00 1.464e+00
07058.00 1.476e+00
07061.00 1.438e+00
07064.00 1.426e+00
07067.00 1.409e+00
07070.00 1.421e+00
07073.00 1.434e+00
07076.00 1.404e+00
07079.00 1.345e+00
07082.00 1.339e+00
07085.00 1.326e+00
07088.00 1.291e+00
07091.00 1.293e+00
07094.00 1.307e+00
07097.00 1.326e+00
07100.00 1.354e+00
07103.00 1.339e+00
07106.00 1.333e+00
07109.00 1.279e+00
07112.00 1.253e+00
07115.00 1.276e+00
07118.00 1.290e+00
07121.00 1.237e+00
07124.00 1.226e+00
07127.00 1.289e+00
07130.00 1.201e+00
07133.00 1.202e+00
07136.00 1.203e+00
07139.00 1.173e+00
07142.00 1.196e+00
07145.00 1.226e+00
07148.00 1.235e+00
07151.00 1.259e+00
07154.00 1.197e+00
07157.00 1.185e+00
07160.00 1.240e+00
07163.00 1.203e+00
07166.00 1.204e+00
07169.00 1.227e+00
07172.00 1.226e+00
07175.00 1.170e+00
07178.00 1.188e+00
07181.00 1.126e+00
07184.00 1.109e+00
07187.00 1.168e+00
07190.00 1.136e+00
07193.00 1.039e+00
07196.00 1.014e+00
07199.00 1.144e+00
07202.00 1.135e+00
07205.00 1.152e+00
07208.00 1.087e+00
07211.00 1.039e+00
07214.00 1.083e+00
07217.00 1.134e+00
07220.00 1.125e+00
07223.00 1.110e+00
07226.00 1.072e+00
07229.00 1.133e+00
07232.00 1.172e+00
07235.00 1.138e+00
07238.00 1.109e+00
07241.00 1.179e+00
07244.00 1.240e+00
07247.00 1.251e+00
07250.00 1.260e+00
07253.00 1.240e+00
07256.00 1.310e+00
07259.00 1.320e+00
07262.00 1.290e+00
07265.00 1.210e+00
07268.00 1.300e+00
07271.00 1.350e+00
07274.00 1.344e+00
07277.00 1.348e+00
07280.00 1.410e+00
07283.00 1.450e+00
07286.00 1.390e+00
07289.00 1.298e+00
07292.00 1.353e+00
07295.00 1.401e+00
07298.00 1.323e+00
07301.00 1.333e+00
07304.00 1.262e+00
07307.00 1.269e+00
07310.00 1.302e+00
07313.00 1.366e+00
07316.00 1.374e+00
07319.00 1.269e+00
07322.00 1.241e+00
07325.00 1.268e+00
07328.00 1.194e+00
07331.00 1.221e+00
07334.00 1.253e+00
07337.00 1.181e+00
07340.00 1.252e+00
07343.00 1.275e+00
07346.00 1.182e+00
07349.00 1.178e+00
07352.00 1.143e+00
07355.00 1.148e+00
07358.00 1.142e+00
07361.00 1.134e+00
07364.00 1.195e+00
07367.00 1.156e+00
07370.00 1.109e+00
07373.00 1.159e+00
07376.00 1.220e+00
07379.00 1.154e+00
07382.00 1.134e+00
07385.00 1.176e+00
07388.00 1.178e+00
07391.00 1.193e+00
07394.00 1.184e+00
07397.00 1.156e+00
07400.00 1.230e+00
07403.00 1.266e+00
07406.00 1.160e+00
07409.00 1.129e+00
07412.00 1.201e+00
07415.00 1.199e+00
07418.00 1.199e+00
07421.00 1.203e+00
07424.00 1.227e+00
07427.00 1.236e+00
07430.00 1.208e+00
07433.00 1.197e+00
07436.00 1.261e+00
07439.00 1.196e+00
07442.00 1.158e+00
07445.00 1.248e+00
07448.00 1.199e+00
07451.00 1.225e+00
07454.00 1.231e+00
07457.00 1.206e+00
07460.00 1.259e+00
07463.00 1.310e+00
07466.00 1.296e+00
07469.00 1.288e+00
07472.00 1.228e+00
07475.00 1.258e+00
07478.00 1.290e+00
07481.00 1.287e+00
07484.00 1.328e+00
07487.00 1.339e+00
07490.00 1.322e+00
07493.00 1.374e+00
07496.00 1.391e+00
07499.00 1.305e+00
07502.00 1.284e+00
07505.00 1.330e+00
07508.00 1.325e+00
07511.00 1.279e+00
07514.00 1.271e+00
07517.00 1.336e+00
07520.00 1.306e+00
07523.00 1.230e+00
07526.00 1.267e+00
07529.00 1.239e+00
07532.00 1.226e+00
07535.00 1.214e+00
07538.00 1.225e+00
07541.00 1.215e+00
07544.00 1.188e+00
07547.00 1.228e+00
07550.00 1.233e+00
07553.00 1.168e+00
07556.00 1.185e+00
07559.00 1.135e+00
07562.00 1.140e+00
07565.00 1.147e+00
07568.00 1.116e+00
07571.00 1.084e+00
07574.00 1.110e+00
07577.00 1.053e+00
07580.00 1.077e+00
07583.00 1.120e+00
07586.00 1.045e+00
07589.00 9.981e-01
07592.00 1.026e+00
07595.00 9.890e-01
07598.00 8.825e-01
07601.00 9.442e-01
07604.00 1.049e+00
07607.00 8.892e-01
07610.00 8.930e-01
07613.00 9.493e-01
07616.00 9.933e-01
07619.00 8.974e-01
07622.00 8.168e-01
07625.00 8.431e-01
07628.00 9.097e-01
07631.00 8.331e-01
07634.00 8.624e-01
07637.00 9.273e-01
07640.00 9.069e-01
07643.00 8.820e-01
07646.00 8.196e-01
07649.00 8.099e-01
07652.00 8.890e-01
07655.00 8.459e-01
07658.00 8.406e-01
07661.00 9.134e-01
07664.00 9.307e-01
07667.00 8.028e-01
07670.00 7.663e-01
07673.00 7.579e-01
07676.00 8.156e-01
07679.00 7.128e-01
07682.00 7.292e-01
07685.00 8.004e-01
07688.00 7.739e-01
07691.00 7.731e-01
07694.00 8.056e-01
07697.00 8.201e-01
07700.00 8.252e-01
07703.00 8.486e-01
07706.00 8.656e-01
07709.00 9.259e-01
07712.00 9.158e-01
07715.00 1.019e+00
07718.00 9.765e-01
07721.00 8.773e-01
07724.00 9.203e-01
07727.00 1.005e+00
07730.00 9.956e-01
07733.00 9.832e-01
07736.00 9.760e-01
07739.00 9.349e-01
07742.00 9.399e-01
07745.00 1.017e+00
07748.00 1.088e+00
07751.00 1.044e+00
07754.00 1.051e+00
07757.00 1.044e+00
07760.00 1.126e+00
07763.00 1.096e+00
07766.00 1.077e+00
07769.00 1.114e+00
07772.00 1.078e+00
07775.00 1.045e+00
07778.00 1.066e+00
07781.00 1.036e+00
07784.00 9.848e-01
07787.00 9.883e-01
07790.00 9.509e-01
07793.00 9.458e-01
07796.00 9.609e-01
07799.00 9.892e-01
07802.00 9.719e-01
07805.00 9.990e-01
07808.00 9.933e-01
07811.00 1.003e+00
07814.00 1.009e+00
07817.00 1.020e+00
07820.00 1.081e+00
07823.00 1.067e+00
07826.00 9.726e-01
07829.00 1.040e+00
07832.00 1.079e+00
07835.00 1.041e+00
07838.00 1.051e+00
07841.00 1.105e+00
07844.00 1.138e+00
07847.00 1.095e+00
07850.00 1.084e+00
07853.00 1.026e+00
07856.00 1.000e+00
07859.00 1.084e+00
07862.00 1.084e+00
07865.00 1.138e+00
07868.00 1.140e+00
07871.00 1.125e+00
07874.00 1.156e+00
07877.00 1.188e+00
07880.00 1.168e+00
07883.00 1.103e+00
07886.00 1.070e+00
07889.00 1.013e+00
07892.00 1.072e+00
07895.00 1.165e+00
07898.00 1.033e+00
07901.00 1.034e+00
07904.00 1.156e+00
07907.00 1.176e+00
07910.00 1.079e+00
07913.00 1.066e+00
07916.00 1.143e+00
07919.00 1.009e+00
07922.00 9.743e-01
07925.00 1.079e+00
07928.00 1.044e+00
07931.00 1.059e+00
07934.00 1.081e+00
07937.00 1.070e+00
07940.00 1.086e+00
07943.00 1.070e+00
07946.00 1.035e+00
07949.00 1.076e+00
07952.00 1.106e+00
07955.00 1.050e+00
07958.00 1.003e+00
07961.00 9.543e-01
07964.00 1.021e+00
07967.00 1.017e+00
07970.00 9.855e-01
07973.00 9.026e-01
07976.00 9.884e-01
07979.00 9.161e-01
07982.00 8.999e-01
07985.00 1.013e+00
07988.00 9.796e-01
07991.00 9.624e-01
07994.00 1.046e+00
07997.00 1.001e+00
08000.00 9.212e-01
08003.00 9.753e-01
08006.00 9.901e-01
08009.00 8.959e-01
08012.00 8.981e-01
08015.00 7.917e-01
08018.00 9.304e-01
08021.00 9.020e-01
08024.00 8.982e-01
08027.00 9.133e-01
08030.00 9.527e-01
08033.00 9.410e-01
08036.00 9.547e-01
08039.00 9.892e-01
08042.00 8.995e-01
08045.00 8.863e-01
08048.00 8.945e-01
08051.00 8.947e-01
08054.00 8.967e-01
08057.00 9.481e-01
08060.00 8.512e-01
08063.00 7.681e-01
08066.00 9.058e-01
08069.00 9.529e-01
08072.00 8.972e-01
08075.00 9.082e-01
08078.00 9.135e-01
08081.00 8.314e-01
08084.00 8.111e-01
08087.00 9.292e-01
08090.00 8.741e-01
08093.00 8.902e-01
08096.00 9.381e-01
08099.00 8.588e-01
08102.00 1.014e+00
08105.00 9.602e-01
08108.00 7.831e-01
08111.00 7.929e-01
08114.00 8.744e-01
08117.00 8.772e-01
08120.00 8.512e-01
08123.00 9.380e-01
08126.00 8.293e-01
08129.00 7.152e-01
08132.00 9.134e-01
08135.00 9.920e-01
08138.00 9.392e-01
08141.00 8.396e-01
08144.00 8.560e-01
08147.00 7.515e-01
08150.00 7.257e-01
08153.00 7.528e-01
08156.00 8.855e-01
08159.00 9.480e-01
08162.00 9.426e-01
08165.00 8.396e-01
08168.00 9.486e-01
08171.00 8.977e-01
08174.00 8.721e-01
08177.00 7.856e-01
08180.00 8.217e-01
08183.00 9.636e-01
08186.00 9.187e-01
08189.00 7.988e-01
08192.00 8.508e-01
08195.00 9.131e-01
08198.00 7.290e-01
08201.00 6.989e-01
08204.00 8.401e-01
08207.00 8.322e-01
08210.00 9.023e-01
08213.00 8.186e-01
08216.00 7.030e-01
08219.00 6.444e-01
08222.00 5.546e-01
08225.00 5.247e-01
08228.00 4.599e-01
08231.00 4.646e-01
08234.00 5.029e-01
08237.00 4.769e-01
08240.00 4.295e-01
08243.00 3.675e-01
08246.00 3.747e-01
08249.00 4.687e-01
08252.00 4.598e-01
08255.00 3.633e-01
08258.00 3.946e-01
08261.00 4.408e-01
08264.00 4.407e-01
08267.00 3.560e-01
08270.00 2.591e-01
08273.00 3.642e-01
08276.00 3.215e-01
08279.00 2.543e-01
08282.00 3.684e-01
08285.00 4.050e-01
08288.00 3.198e-01
08291.00 2.606e-01
08294.00 2.642e-01
08297.00 2.671e-01
08300.00 2.611e-01
08303.00 2.857e-01
08306.00 2.699e-01
08309.00 3.705e-01
08312.00 3.412e-01
08315.00 2.409e-01
08318.00 3.180e-01
08321.00 2.798e-01
08324.00 1.716e-01
08327.00 2.024e-01
08330.00 1.592e-01
08333.00 2.236e-01
08336.00 3.088e-01
08339.00 3.814e-01
08342.00 3.290e-01
08345.00 2.827e-01
08348.00 2.185e-01
08351.00 7.637e-02
08354.00 3.060e-01
08357.00 1.996e-01
08360.00 2.236e-01
08363.00 4.047e-01
08366.00 3.128e-01
08369.00 2.357e-01
08372.00 3.175e-01
08375.00 2.996e-01
08378.00 3.062e-01
08381.00 4.481e-01
08384.00 4.688e-01
08387.00 4.207e-01
08390.00 5.102e-01
08393.00 4.544e-01
08396.00 4.324e-01
08399.00 5.153e-01
08402.00 4.405e-01
08405.00 2.577e-01
08408.00 3.069e-01
08411.00 3.745e-01
08414.00 2.902e-01
08417.00 3.891e-01
08420.00 2.751e-01
08423.00 4.004e-01
08426.00 5.264e-01
08429.00 4.821e-01
08432.00 4.596e-01
08435.00 4.644e-01
08438.00 5.277e-01
08441.00 5.320e-01
08444.00 3.552e-01
08447.00 3.855e-01
08450.00 3.582e-01
