02884.87 -7.656e-18
02887.82 -1.544e-17
02890.77 -8.719e-18
02893.72 2.803e-16
02896.68 2.467e-16
02899.63 3.338e-16
02902.58 -2.108e-17
02905.53 8.102e-17
02908.48 1.427e-16
02911.43 -1.853e-16
02914.39 -1.158e-16
02917.34 -5.632e-16
02920.29 -8.905e-17
02923.24 -1.124e-16
02926.19 3.487e-16
02929.15 1.424e-16
02932.10 4.353e-16
02935.05 1.708e-16
02938.00 -1.821e-17
02940.95 -3.564e-17
02943.90 -6.148e-19
02946.86 3.752e-16
02949.81 2.323e-16
02952.76 -2.605e-16
02955.71 1.625e-16
02958.66 5.889e-17
02961.61 -6.367e-17
02964.57 6.520e-17
02967.52 -2.472e-16
02970.47 1.452e-16
02973.42 -3.877e-16
02976.37 -2.923e-16
02979.32 -1.303e-16
02982.28 1.390e-16
02985.23 -6.041e-16
02988.18 4.291e-16
02991.13 3.539e-16
02994.08 9.051e-17
02997.03 2.404e-16
02999.99 -1.903e-17
03002.94 2.562e-16
03005.89 2.624e-16
03008.84 3.839e-16
03011.79 -1.173e-16
03014.74 -2.998e-16
03017.70 1.006e-16
03020.65 2.193e-16
03023.60 8.666e-17
03026.55 6.508e-17
03029.50 -1.629e-16
03032.46 3.695e-17
03035.41 1.485e-16
03038.36 -1.261e-17
03041.31 3.828e-17
03044.26 2.142e-16
03047.21 1.454e-16
03050.17 2.452e-16
03053.12 -3.651e-17
03056.07 1.425e-16
03059.02 3.266e-16
03061.97 9.289e-17
03064.93 -2.058e-16
03067.88 -2.587e-16
03070.83 1.467e-16
03073.78 7.362e-17
03076.73 5.152e-17
03079.68 2.253e-16
03082.64 2.455e-16
03085.59 2.778e-16
03088.54 -4.774e-16
03091.49 -2.633e-16
03094.44 -3.418e-16
03097.39 -2.585e-16
03100.34 -7.360e-17
03103.30 1.771e-16
03106.25 -2.606e-16
03109.20 2.344e-16
03112.15 3.518e-16
03115.10 4.806e-17
03118.05 1.974e-16
03121.01 2.180e-16
03123.96 -5.907e-17
03126.91 -2.757e-17
03129.86 4.331e-17
03132.81 2.830e-16
03135.77 -1.325e-16
03138.72 -6.558e-17
03141.67 3.261e-17
03144.62 -1.768e-16
03147.57 4.021e-16
03150.52 -3.533e-16
03153.48 -3.462e-16
03156.43 -2.811e-16
03159.38 -3.564e-16
03162.33 1.223e-16
03165.28 -3.405e-17
03168.23 -1.324e-16
03171.19 1.065e-16
03174.14 1.951e-16
03177.09 1.094e-16
03180.04 2.130e-16
03182.99 -1.012e-16
03185.95 -2.220e-16
03188.90 3.016e-16
03191.85 6.103e-18
03194.80 -1.065e-16
03197.75 2.774e-17
03200.70 -3.103e-16
03203.66 5.173e-17
03206.61 3.241e-16
03209.56 2.471e-18
03212.51 2.219e-16
03215.46 2.297e-16
03218.41 -2.651e-16
03221.36 -2.253e-17
03224.32 -5.658e-17
03227.27 -1.679e-16
03230.22 -1.696e-16
03233.17 -1.727e-16
03236.12 -1.487e-16
03239.08 -1.704e-16
03242.03 1.339e-16
03244.98 1.942e-17
03247.93 -1.398e-16
03250.88 -1.259e-16
03253.83 -2.079e-16
03256.79 9.975e-17
03259.74 -7.590e-17
03262.69 -1.678e-16
03265.64 6.369e-17
03268.59 -1.073e-16
03271.54 -6.239e-17
03274.50 1.592e-16
03277.45 9.103e-17
03280.40 1.226e-16
03283.35 2.289e-16
03286.30 2.779e-17
03289.26 3.593e-17
03292.21 -1.340e-17
03295.16 -6.935e-17
03298.11 7.983e-17
03301.06 2.270e-16
03304.01 2.279e-16
03306.97 1.037e-16
03309.92 2.090e-17
03312.87 3.110e-16
03315.82 1.432e-16
03318.77 9.496e-17
03321.72 1.337e-16
03324.68 1.506e-16
03327.63 6.636e-17
03330.58 1.973e-16
03333.53 2.402e-16
03336.48 -7.710e-18
03339.43 1.917e-16
03342.39 2.734e-16
03345.34 2.532e-16
03348.29 -1.159e-17
03351.24 1.045e-16
03354.19 2.287e-16
03357.14 1.015e-16
03360.10 3.365e-17
03363.05 1.516e-16
03366.00 4.389e-16
03368.95 3.302e-16
03371.90 2.401e-16
03374.85 2.320e-16
03377.81 2.412e-16
03380.76 1.697e-16
03383.71 1.430e-16
03386.66 3.091e-16
03389.61 2.432e-16
03392.57 2.192e-16
03395.52 2.112e-16
03398.47 1.756e-16
03401.42 2.363e-16
03404.37 4.034e-16
03407.32 3.859e-16
03410.28 4.293e-16
03413.23 3.433e-16
03416.18 2.738e-16
03419.13 3.404e-16
03422.08 3.829e-16
03425.03 3.916e-16
03427.99 2.946e-16
03430.94 3.546e-16
03433.89 4.912e-16
03436.84 4.108e-16
03439.79 4.170e-16
03442.74 5.027e-16
03445.70 4.244e-16
03448.65 4.617e-16
03451.60 5.896e-16
03454.55 5.428e-16
03457.50 5.298e-16
03460.45 5.689e-16
03463.41 5.986e-16
03466.36 5.837e-16
03469.31 6.465e-16
03472.26 6.861e-16
03475.21 5.880e-16
03478.16 7.217e-16
03481.12 6.845e-16
03484.07 6.776e-16
03487.02 7.369e-16
03489.97 7.112e-16
03492.92 7.254e-16
03495.88 7.211e-16
03498.83 7.056e-16
03501.78 6.508e-16
03504.73 6.845e-16
03507.68 7.025e-16
03510.63 6.939e-16
03513.59 6.610e-16
03516.54 6.112e-16
03519.49 5.711e-16
03522.44 5.703e-16
03525.39 5.748e-16
03528.34 5.961e-16
03531.30 6.409e-16
03534.25 6.636e-16
03537.20 5.678e-16
03540.15 6.492e-16
03543.10 6.096e-16
03546.05 5.361e-16
03549.01 6.511e-16
03551.96 6.062e-16
03554.91 5.638e-16
03557.86 5.770e-16
03560.81 6.153e-16
03563.76 4.842e-16
03566.72 5.865e-16
03569.67 5.796e-16
03572.62 5.158e-16
03575.57 5.549e-16
03578.52 5.576e-16
03581.47 5.444e-16
03584.43 5.788e-16
03587.38 6.063e-16
03590.33 5.560e-16
03593.28 5.384e-16
03596.23 5.142e-16
03599.18 6.066e-16
03602.14 5.564e-16
03605.09 5.424e-16
03608.04 6.079e-16
03610.99 5.461e-16
03613.94 5.045e-16
03616.89 5.748e-16
03619.85 5.707e-16
03622.80 5.818e-16
03625.75 5.875e-16
03628.70 5.202e-16
03631.65 5.359e-16
03634.61 4.857e-16
03637.56 5.292e-16
03640.51 4.953e-16
03643.46 5.095e-16
03646.41 4.699e-16
03649.36 4.615e-16
03652.32 4.088e-16
03655.27 4.257e-16
03658.22 4.183e-16
03661.17 4.408e-16
03664.12 4.267e-16
03667.07 4.140e-16
03670.03 4.239e-16
03672.98 4.217e-16
03675.93 4.101e-16
03678.88 4.523e-16
03681.83 4.636e-16
03684.78 4.611e-16
03687.74 4.676e-16
03690.69 4.568e-16
03693.64 4.844e-16
03696.59 5.125e-16
03699.54 5.208e-16
03702.49 5.306e-16
03705.45 5.861e-16
03708.40 5.868e-16
03711.35 6.012e-16
03714.30 6.034e-16
03717.25 6.381e-16
03720.20 6.586e-16
03723.16 7.254e-16
03726.11 7.512e-16
03729.06 8.094e-16
03732.01 8.567e-16
03734.96 9.111e-16
03737.91 9.123e-16
03740.87 9.260e-16
03743.82 9.539e-16
03746.77 9.882e-16
03749.72 9.709e-16
03752.67 9.274e-16
03755.62 8.709e-16
03758.58 8.387e-16
03761.53 7.706e-16
03764.48 7.100e-16
03767.43 6.402e-16
03770.38 5.569e-16
03773.34 4.843e-16
03776.29 4.477e-16
03779.24 3.986e-16
03782.19 3.825e-16
03785.14 3.407e-16
03788.09 3.540e-16
03791.05 3.003e-16
03794.00 2.783e-16
03796.95 2.568e-16
03799.90 2.647e-16
03802.85 2.486e-16
03805.80 2.470e-16
03808.76 2.321e-16
03811.71 2.072e-16
03814.66 2.367e-16
03817.61 2.253e-16
03820.56 2.132e-16
03823.51 2.201e-16
03826.47 2.257e-16
03829.42 2.230e-16
03832.37 2.162e-16
03835.32 2.236e-16
03838.27 2.499e-16
03841.22 2.466e-16
03844.18 2.448e-16
03847.13 2.463e-16
03850.08 2.417e-16
03853.03 2.646e-16
03855.98 2.567e-16
03858.94 2.790e-16
03861.89 3.016e-16
03864.84 3.077e-16
03867.79 3.225e-16
03870.74 3.585e-16
03873.69 3.567e-16
03876.65 3.631e-16
03879.60 3.889e-16
03882.55 4.269e-16
03885.50 4.494e-16
03888.45 4.712e-16
03891.40 5.116e-16
03894.36 5.362e-16
03897.31 5.520e-16
03900.26 5.857e-16
03903.21 6.444e-16
03906.16 6.911e-16
03909.11 7.248e-16
03912.07 7.594e-16
03915.02 8.121e-16
03917.97 8.506e-16
03920.92 8.734e-16
03923.87 9.158e-16
03926.82 9.678e-16
03929.78 1.015e-15
03932.73 1.059e-15
03935.68 1.111e-15
03938.63 1.168e-15
03941.58 1.217e-15
03944.53 1.228e-15
03947.49 1.245e-15
03950.44 1.285e-15
03953.39 1.308e-15
03956.34 1.338e-15
03959.29 1.372e-15
03962.24 1.378e-15
03965.20 1.349e-15
03968.15 1.362e-15
03971.10 1.360e-15
03974.05 1.393e-15
03977.00 1.370e-15
03979.96 1.367e-15
03982.91 1.389e-15
03985.86 1.401e-15
03988.81 1.410e-15
03991.76 1.414e-15
03994.71 1.408e-15
03997.67 1.401e-15
04000.62 1.416e-15
04003.57 1.415e-15
04006.52 1.408e-15
04009.47 1.391e-15
04012.43 1.393e-15
04015.38 1.383e-15
04018.33 1.378e-15
04021.28 1.382e-15
04024.23 1.406e-15
04027.18 1.421e-15
04030.14 1.435e-15
04033.09 1.469e-15
04036.04 1.474e-15
04038.99 1.463e-15
04041.94 1.434e-15
04044.89 1.404e-15
04047.84 1.399e-15
04050.80 1.364e-15
04053.75 1.323e-15
04056.70 1.285e-15
04059.65 1.198e-15
04062.60 1.173e-15
04065.55 1.102e-15
04068.51 1.084e-15
04071.46 1.045e-15
04074.41 1.012e-15
04077.36 9.694e-16
04080.31 9.283e-16
04083.27 8.983e-16
04086.22 8.733e-16
04089.17 8.642e-16
04092.12 8.503e-16
04095.07 8.045e-16
04098.02 7.888e-16
04100.98 7.618e-16
04103.93 7.449e-16
04106.88 7.433e-16
04109.83 7.380e-16
04112.78 7.270e-16
04115.73 7.340e-16
04118.69 7.303e-16
04121.64 7.410e-16
04124.59 7.259e-16
04127.54 7.187e-16
04130.49 7.040e-16
04133.44 7.040e-16
04136.40 7.076e-16
04139.35 6.933e-16
04142.30 6.816e-16
04145.25 6.724e-16
04148.20 6.629e-16
04151.15 6.538e-16
04154.11 6.377e-16
04157.06 6.465e-16
04160.01 6.489e-16
04162.96 6.527e-16
04165.91 6.495e-16
04168.86 6.568e-16
04171.82 6.711e-16
04174.77 6.897e-16
04177.72 6.924e-16
04180.67 7.101e-16
04183.62 7.340e-16
04186.58 7.431e-16
04189.53 7.678e-16
04192.48 7.517e-16
04195.43 7.508e-16
04198.38 7.703e-16
04201.33 7.545e-16
04204.29 7.580e-16
04207.24 7.689e-16
04210.19 7.653e-16
04213.14 7.786e-16
04216.09 7.578e-16
04219.04 7.537e-16
04222.00 7.685e-16
04224.95 7.724e-16
04227.90 7.839e-16
04230.85 7.903e-16
04233.80 7.831e-16
04236.76 7.634e-16
04239.71 7.710e-16
04242.66 7.706e-16
04245.61 7.602e-16
04248.56 7.715e-16
04251.51 7.847e-16
04254.47 7.890e-16
04257.42 7.899e-16
04260.37 7.943e-16
04263.32 7.949e-16
04266.27 7.937e-16
04269.22 7.912e-16
04272.18 7.826e-16
04275.13 7.765e-16
04278.08 7.825e-16
04281.03 7.648e-16
04283.98 7.662e-16
04286.93 7.783e-16
04289.89 7.901e-16
04292.84 7.900e-16
04295.79 8.038e-16
04298.74 8.197e-16
04301.69 8.170e-16
04304.64 8.100e-16
04307.60 8.067e-16
04310.55 8.148e-16
04313.50 8.391e-16
04316.45 8.383e-16
04319.40 8.555e-16
04322.35 8.286e-16
04325.31 8.353e-16
04328.26 8.523e-16
04331.21 8.684e-16
04334.16 8.579e-16
04337.11 8.718e-16
04340.06 8.768e-16
04343.02 8.917e-16
04345.97 9.075e-16
04348.92 9.490e-16
04351.87 9.704e-16
04354.82 9.744e-16
04357.77 9.612e-16
04360.73 9.714e-16
04363.68 9.842e-16
04366.63 9.816e-16
04369.58 9.879e-16
04372.53 9.647e-16
04375.48 9.306e-16
04378.44 9.259e-16
04381.39 9.241e-16
04384.34 8.943e-16
04387.29 8.692e-16
04390.24 8.212e-16
04393.20 8.007e-16
04396.15 7.610e-16
04399.10 7.351e-16
04402.05 6.884e-16
04405.00 6.669e-16
04407.95 6.458e-16
04410.91 6.120e-16
04413.86 5.856e-16
04416.81 5.881e-16
04419.76 5.678e-16
04422.71 5.542e-16
04425.66 5.419e-16
04428.62 5.320e-16
04431.57 5.104e-16
04434.52 5.020e-16
04437.47 5.042e-16
04440.42 4.849e-16
04443.38 4.891e-16
04446.33 5.026e-16
04449.28 4.956e-16
04452.23 4.936e-16
04455.18 4.798e-16
04458.13 4.876e-16
04461.09 5.017e-16
04464.04 5.004e-16
04466.99 4.987e-16
04469.94 5.077e-16
04472.89 5.171e-16
04475.84 5.253e-16
04478.80 5.311e-16
04481.75 5.404e-16
04484.70 5.472e-16
04487.65 5.689e-16
04490.60 5.902e-16
04493.55 6.177e-16
04496.51 6.150e-16
04499.46 6.266e-16
04502.41 6.552e-16
04505.36 6.887e-16
04508.31 6.967e-16
04511.26 7.063e-16
04514.22 7.408e-16
04517.17 7.594e-16
04520.12 7.604e-16
04523.07 8.045e-16
04526.02 8.400e-16
04528.98 8.566e-16
04531.93 8.722e-16
04534.88 8.839e-16
04537.83 9.172e-16
04540.78 9.517e-16
04543.73 9.764e-16
04546.69 9.896e-16
04549.64 9.882e-16
04552.59 1.010e-15
04555.54 1.042e-15
04558.49 1.048e-15
04561.44 1.094e-15
04564.40 1.118e-15
04567.35 1.144e-15
04570.30 1.182e-15
04573.25 1.248e-15
04576.20 1.281e-15
04579.15 1.316e-15
04582.10 1.349e-15
04585.06 1.403e-15
04588.01 1.431e-15
04590.96 1.436e-15
04593.91 1.465e-15
04596.86 1.467e-15
04599.81 1.476e-15
04602.77 1.491e-15
04605.72 1.506e-15
04608.67 1.550e-15
04611.62 1.568e-15
04614.57 1.588e-15
04617.53 1.630e-15
04620.48 1.646e-15
04623.43 1.678e-15
04626.38 1.697e-15
04629.33 1.686e-15
04632.28 1.689e-15
04635.24 1.680e-15
04638.19 1.677e-15
04641.14 1.647e-15
04644.09 1.614e-15
04647.04 1.606e-15
04649.99 1.581e-15
04652.95 1.567e-15
04655.90 1.537e-15
04658.85 1.515e-15
04661.80 1.494e-15
04664.75 1.467e-15
04667.70 1.473e-15
04670.66 1.470e-15
04673.61 1.475e-15
04676.56 1.480e-15
04679.51 1.490e-15
04682.46 1.499e-15
04685.41 1.492e-15
04688.37 1.495e-15
04691.32 1.489e-15
04694.27 1.488e-15
04697.22 1.466e-15
04700.17 1.421e-15
04703.12 1.404e-15
04706.08 1.414e-15
04709.03 1.413e-15
04711.98 1.380e-15
04714.93 1.366e-15
04717.88 1.353e-15
04720.84 1.312e-15
04723.79 1.297e-15
04726.74 1.266e-15
04729.69 1.230e-15
04732.64 1.202e-15
04735.59 1.157e-15
04738.55 1.101e-15
04741.50 1.095e-15
04744.45 1.087e-15
04747.40 1.069e-15
04750.35 1.040e-15
04753.31 1.021e-15
04756.26 1.012e-15
04759.21 9.796e-16
04762.16 9.467e-16
04765.11 9.478e-16
04768.06 9.410e-16
04771.02 9.155e-16
04773.97 8.913e-16
04776.92 8.806e-16
04779.87 8.480e-16
04782.82 8.224e-16
04785.77 7.916e-16
04788.73 7.655e-16
04791.68 7.346e-16
04794.63 6.696e-16
04797.58 6.472e-16
04800.53 6.519e-16
04803.48 6.248e-16
04806.44 5.961e-16
04809.39 5.924e-16
04812.34 5.694e-16
04815.29 5.515e-16
04818.24 5.543e-16
04821.19 5.608e-16
04824.15 5.589e-16
04827.10 5.544e-16
04830.05 5.609e-16
04833.00 5.781e-16
04835.95 5.901e-16
04838.90 6.068e-16
04841.86 6.305e-16
04844.81 6.314e-16
04847.76 6.555e-16
04850.71 6.977e-16
04853.66 7.152e-16
04856.61 7.382e-16
04859.57 7.710e-16
04862.52 7.978e-16
04865.47 8.350e-16
04868.42 8.956e-16
04871.37 9.526e-16
04874.32 9.679e-16
04877.28 9.557e-16
04880.23 9.494e-16
04883.18 9.083e-16
04886.13 8.475e-16
04889.08 8.100e-16
04892.03 7.813e-16
04894.99 7.456e-16
04897.94 7.329e-16
04900.89 7.248e-16
04903.84 7.048e-16
04906.79 6.922e-16
04909.75 6.848e-16
04912.70 6.823e-16
04915.65 6.759e-16
04918.60 6.892e-16
04921.55 7.094e-16
04924.50 7.076e-16
04927.46 7.088e-16
04930.41 7.371e-16
04933.36 7.618e-16
04936.31 7.768e-16
04939.26 8.172e-16
04942.21 8.476e-16
04945.17 8.781e-16
04948.12 9.275e-16
04951.07 9.782e-16
04954.02 1.023e-15
04956.97 1.074e-15
04959.93 1.139e-15
04962.88 1.199e-15
04965.83 1.252e-15
04968.78 1.293e-15
04971.73 1.343e-15
04974.68 1.382e-15
04977.64 1.410e-15
04980.59 1.437e-15
04983.54 1.459e-15
04986.49 1.468e-15
04989.44 1.463e-15
04992.39 1.476e-15
04995.35 1.478e-15
04998.30 1.470e-15
05001.25 1.465e-15
05004.20 1.447e-15
05007.15 1.423e-15
05010.10 1.416e-15
05013.06 1.363e-15
05016.01 1.337e-15
05018.96 1.302e-15
05021.91 1.239e-15
05024.86 1.190e-15
05027.81 1.132e-15
05030.77 1.077e-15
05033.72 1.027e-15
05036.67 9.717e-16
05039.62 9.233e-16
05042.57 8.852e-16
05045.52 8.505e-16
05048.48 8.117e-16
05051.43 7.955e-16
05054.38 7.604e-16
05057.33 7.296e-16
05060.28 7.090e-16
05063.23 7.051e-16
05066.19 6.943e-16
05069.14 6.904e-16
05072.09 6.868e-16
05075.04 6.876e-16
05077.99 6.937e-16
05080.94 6.962e-16
05083.90 7.088e-16
05086.85 7.157e-16
05089.80 7.303e-16
05092.75 7.496e-16
05095.70 7.604e-16
05098.65 7.825e-16
05101.61 7.996e-16
05104.56 8.158e-16
05107.51 8.325e-16
05110.46 8.379e-16
05113.41 8.419e-16
05116.36 8.501e-16
05119.32 8.741e-16
05122.27 8.857e-16
05125.22 9.027e-16
05128.17 9.111e-16
05131.12 9.340e-16
05134.08 9.573e-16
05137.03 9.505e-16
05139.98 9.498e-16
05142.93 9.694e-16
05145.88 9.742e-16
05148.83 9.642e-16
05151.79 9.554e-16
05154.74 9.637e-16
05157.69 9.708e-16
05160.64 9.547e-16
05163.59 9.565e-16
05166.54 9.552e-16
05169.50 9.543e-16
05172.45 9.438e-16
05175.40 9.577e-16
05178.35 9.499e-16
05181.30 9.389e-16
05184.26 9.255e-16
05187.21 9.129e-16
05190.16 9.147e-16
05193.11 9.078e-16
05196.06 8.975e-16
05199.01 8.914e-16
05201.97 8.938e-16
05204.92 9.006e-16
05207.87 9.093e-16
05210.82 9.129e-16
05213.77 9.247e-16
05216.72 9.428e-16
05219.68 9.481e-16
05222.63 9.556e-16
05225.58 9.549e-16
05228.53 9.586e-16
05231.48 9.781e-16
05234.43 9.872e-16
05237.39 9.942e-16
05240.34 1.018e-15
05243.29 1.049e-15
05246.24 1.073e-15
05249.19 1.094e-15
05252.14 1.114e-15
05255.10 1.149e-15
05258.05 1.161e-15
05261.00 1.186e-15
05263.95 1.208e-15
05266.90 1.233e-15
05269.85 1.257e-15
05272.81 1.288e-15
05275.76 1.287e-15
05278.71 1.307e-15
05281.66 1.318e-15
05284.61 1.335e-15
05287.56 1.376e-15
05290.52 1.405e-15
05293.47 1.416e-15
05296.42 1.447e-15
05299.37 1.485e-15
05302.32 1.505e-15
05305.27 1.528e-15
05308.23 1.557e-15
05311.18 1.573e-15
05314.13 1.574e-15
05317.08 1.582e-15
05320.03 1.595e-15
05322.98 1.586e-15
05325.94 1.588e-15
05328.89 1.586e-15
05331.84 1.574e-15
05334.79 1.559e-15
05337.74 1.555e-15
05340.70 1.562e-15
05343.65 1.555e-15
05346.60 1.543e-15
05349.55 1.543e-15
05352.50 1.532e-15
05355.45 1.536e-15
05358.41 1.563e-15
05361.36 1.568e-15
05364.31 1.561e-15
05367.26 1.584e-15
05370.21 1.595e-15
05373.16 1.600e-15
05376.12 1.598e-15
05379.07 1.591e-15
05382.02 1.592e-15
05384.97 1.589e-15
05387.92 1.562e-15
05390.88 1.538e-15
05393.83 1.538e-15
05396.78 1.528e-15
05399.73 1.519e-15
05402.68 1.472e-15
05405.63 1.452e-15
05408.59 1.447e-15
05411.54 1.419e-15
05414.49 1.395e-15
05417.44 1.385e-15
05420.39 1.356e-15
05423.34 1.268e-15
05426.30 1.185e-15
05429.25 1.246e-15
05432.20 1.288e-15
05435.15 1.269e-15
05438.10 1.266e-15
05441.05 1.256e-15
05444.01 1.248e-15
05446.96 1.253e-15
05449.91 1.253e-15
05452.86 1.253e-15
05455.81 1.236e-15
05458.76 1.238e-15
05461.72 1.273e-15
05464.67 1.290e-15
05467.62 1.321e-15
05470.57 1.366e-15
05473.52 1.380e-15
05476.48 1.397e-15
05479.43 1.415e-15
05482.38 1.454e-15
05485.33 1.480e-15
05488.28 1.492e-15
05491.23 1.480e-15
05494.19 1.500e-15
05497.14 1.516e-15
05500.09 1.516e-15
05503.04 1.525e-15
05505.99 1.508e-15
05508.94 1.510e-15
05511.90 1.503e-15
05514.85 1.501e-15
05517.80 1.517e-15
05520.75 1.505e-15
05523.70 1.487e-15
05526.65 1.486e-15
05529.60 1.473e-15
05532.56 1.458e-15
05535.51 1.463e-15
05538.46 1.451e-15
05541.41 1.434e-15
05544.36 1.429e-15
05547.31 1.402e-15
05550.27 1.409e-15
05553.22 1.411e-15
05556.17 1.392e-15
05559.12 1.379e-15
05562.07 1.359e-15
05565.03 1.361e-15
05567.98 1.366e-15
05570.93 1.352e-15
05573.88 1.349e-15
05576.83 1.341e-15
05579.78 1.317e-15
05582.74 1.310e-15
05585.69 1.303e-15
05588.64 1.292e-15
05591.59 1.284e-15
05594.54 1.270e-15
05597.49 1.279e-15
05600.45 1.273e-15
05603.40 1.265e-15
05606.35 1.278e-15
05609.30 1.295e-15
05612.25 1.290e-15
05615.20 1.280e-15
05618.16 1.292e-15
05621.11 1.286e-15
05624.06 1.280e-15
05627.01 1.272e-15
05629.96 1.273e-15
05632.91 1.276e-15
05635.87 1.274e-15
05638.82 1.276e-15
05641.77 1.273e-15
05644.72 1.271e-15
05647.67 1.260e-15
05650.62 1.218e-15
05653.58 1.206e-15
05656.53 1.224e-15
05659.48 1.199e-15
05662.43 1.193e-15
05665.38 1.190e-15
05668.34 1.163e-15
05671.29 1.149e-15
05674.24 1.131e-15
05677.19 1.117e-15
05680.14 1.107e-15
05683.09 1.107e-15
05686.05 1.077e-15
05689.00 1.059e-15
05691.95 1.042e-15
05694.90 1.014e-15
05697.85 9.978e-16
05700.81 9.850e-16
05703.76 9.627e-16
05706.71 9.393e-16
05709.66 9.307e-16
05712.61 9.242e-16
05715.56 9.076e-16
05718.52 9.037e-16
05721.47 8.926e-16
05724.42 8.695e-16
05727.37 8.687e-16
05730.32 8.807e-16
05733.27 8.669e-16
05736.23 8.649e-16
05739.18 8.656e-16
05742.13 8.616e-16
05745.08 8.551e-16
05748.03 8.593e-16
05750.98 8.539e-16
05753.94 8.441e-16
05756.89 8.415e-16
05759.84 8.352e-16
05762.79 8.364e-16
05765.74 8.358e-16
05768.69 8.366e-16
05771.65 8.249e-16
05774.60 8.087e-16
05777.55 8.127e-16
05780.50 8.081e-16
05783.45 7.977e-16
05786.40 7.942e-16
05789.36 7.874e-16
05792.31 7.965e-16
05795.26 8.016e-16
05798.21 8.262e-16
05801.16 8.497e-16
05804.11 8.710e-16
05807.07 9.064e-16
05810.02 9.315e-16
05812.97 9.547e-16
05815.92 9.889e-16
05818.87 1.020e-15
05821.82 1.045e-15
05824.78 1.086e-15
05827.73 1.127e-15
05830.68 1.151e-15
05833.63 1.169e-15
05836.58 1.206e-15
05839.53 1.241e-15
05842.49 1.270e-15
05845.44 1.296e-15
05848.39 1.319e-15
05851.34 1.337e-15
05854.29 1.360e-15
05857.25 1.387e-15
05860.20 1.401e-15
05863.15 1.404e-15
05866.10 1.401e-15
05869.05 1.399e-15
05872.00 1.410e-15
05874.96 1.394e-15
05877.91 1.381e-15
05880.86 1.375e-15
05883.81 1.359e-15
05886.76 1.350e-15
05889.71 1.355e-15
05892.67 1.363e-15
05895.62 1.357e-15
05898.57 1.348e-15
05901.52 1.332e-15
05904.47 1.303e-15
05907.43 1.255e-15
05910.38 1.208e-15
05913.33 1.192e-15
05916.28 1.190e-15
05919.23 1.221e-15
05922.18 1.247e-15
05925.14 1.287e-15
05928.09 1.318e-15
05931.04 1.323e-15
05933.99 1.334e-15
05936.94 1.337e-15
05939.89 1.336e-15
05942.85 1.335e-15
05945.80 1.323e-15
05948.75 1.320e-15
05951.70 1.322e-15
05954.65 1.310e-15
05957.60 1.310e-15
05960.56 1.315e-15
05963.51 1.301e-15
05966.46 1.308e-15
05969.41 1.299e-15
05972.36 1.312e-15
05975.31 1.280e-15
05978.27 1.288e-15
05981.22 1.284e-15
05984.17 1.274e-15
05987.12 1.262e-15
05990.07 1.251e-15
05993.02 1.227e-15
05995.98 1.219e-15
05998.93 1.210e-15
06001.88 1.186e-15
06004.83 1.176e-15
06007.78 1.173e-15
06010.73 1.171e-15
06013.69 1.155e-15
06016.64 1.135e-15
06019.59 1.126e-15
06022.54 1.116e-15
06025.49 1.105e-15
06028.44 1.089e-15
06031.40 1.071e-15
06034.35 1.063e-15
06037.30 1.059e-15
06040.25 1.051e-15
06043.20 1.036e-15
06046.15 1.025e-15
06049.11 1.022e-15
06052.06 1.023e-15
06055.01 1.022e-15
06057.96 1.006e-15
06060.91 1.007e-15
06063.86 9.968e-16
06066.82 9.846e-16
06069.77 9.884e-16
06072.72 1.008e-15
06075.67 1.019e-15
06078.62 1.016e-15
06081.58 1.023e-15
06084.53 1.033e-15
06087.48 1.043e-15
06090.43 1.060e-15
06093.38 1.073e-15
06096.33 1.067e-15
06099.29 1.059e-15
06102.24 1.076e-15
06105.19 1.087e-15
06108.14 1.096e-15
06111.09 1.085e-15
06114.04 1.084e-15
06117.00 1.076e-15
06119.95 1.075e-15
06122.90 1.071e-15
06125.85 1.065e-15
06128.80 1.053e-15
06131.76 1.037e-15
06134.71 1.023e-15
06137.66 1.004e-15
06140.61 9.835e-16
06143.56 9.486e-16
06146.51 8.823e-16
06149.47 8.472e-16
06152.42 8.960e-16
06155.37 9.533e-16
06158.32 9.725e-16
06161.27 9.655e-16
06164.22 9.787e-16
06167.18 1.010e-15
06170.13 1.019e-15
06173.08 1.025e-15
06176.03 1.050e-15
06178.98 1.084e-15
06181.93 1.117e-15
06184.89 1.133e-15
06187.84 1.130e-15
06190.79 1.131e-15
06193.74 1.151e-15
06196.69 1.157e-15
06199.64 1.171e-15
06202.60 1.181e-15
06205.55 1.172e-15
06208.50 1.184e-15
06211.45 1.194e-15
06214.40 1.166e-15
06217.35 1.141e-15
06220.31 1.118e-15
06223.26 1.090e-15
06226.21 1.080e-15
06229.16 1.047e-15
06232.11 1.030e-15
06235.06 1.010e-15
06238.02 9.956e-16
06240.97 9.565e-16
06243.92 9.320e-16
06246.87 8.969e-16
06249.82 8.589e-16
06252.77 8.385e-16
06255.73 8.221e-16
06258.68 7.998e-16
06261.63 7.819e-16
06264.58 7.729e-16
06267.53 7.591e-16
06270.48 7.395e-16
06273.44 7.335e-16
06276.39 7.288e-16
06279.34 7.174e-16
06282.29 7.276e-16
06285.24 7.378e-16
06288.20 7.244e-16
06291.15 7.269e-16
06294.10 7.469e-16
06297.05 7.550e-16
06300.00 7.518e-16
06302.95 7.556e-16
06305.91 7.574e-16
06308.86 7.578e-16
06311.81 7.826e-16
06314.76 7.959e-16
06317.71 8.069e-16
06320.66 8.095e-16
06323.62 8.300e-16
06326.57 8.245e-16
06329.52 8.106e-16
06332.47 8.017e-16
06335.42 8.189e-16
06338.38 8.423e-16
06341.33 8.413e-16
06344.28 8.379e-16
06347.23 8.536e-16
06350.18 8.656e-16
06353.13 8.514e-16
06356.09 8.459e-16
06359.04 8.502e-16
06361.99 8.626e-16
06364.94 8.833e-16
06367.89 8.965e-16
06370.84 9.069e-16
06373.80 9.285e-16
06376.75 9.571e-16
06379.70 9.748e-16
06382.65 1.003e-15
06385.60 1.046e-15
06388.55 1.063e-15
06391.51 1.076e-15
06394.46 1.102e-15
06397.41 1.099e-15
06400.36 1.104e-15
06403.31 1.113e-15
06406.26 1.113e-15
06409.22 1.106e-15
06412.17 1.125e-15
06415.12 1.156e-15
06418.07 1.160e-15
06421.02 1.147e-15
06423.98 1.143e-15
06426.93 1.144e-15
06429.88 1.138e-15
06432.83 1.133e-15
06435.78 1.135e-15
06438.73 1.151e-15
06441.69 1.171e-15
06444.64 1.178e-15
06447.59 1.197e-15
06450.54 1.222e-15
06453.49 1.232e-15
06456.44 1.224e-15
06459.40 1.215e-15
06462.35 1.203e-15
06465.30 1.195e-15
06468.25 1.214e-15
06471.20 1.203e-15
06474.15 1.199e-15
06477.10 1.202e-15
06480.06 1.201e-15
06483.01 1.203e-15
06485.96 1.190e-15
06488.91 1.175e-15
06491.86 1.182e-15
06494.81 1.185e-15
06497.77 1.175e-15
06500.72 1.171e-15
06503.67 1.163e-15
06506.62 1.148e-15
06509.57 1.134e-15
06512.53 1.105e-15
06515.48 1.086e-15
06518.43 1.072e-15
06521.38 1.054e-15
06524.33 1.047e-15
06527.28 1.052e-15
06530.24 1.043e-15
06533.19 1.044e-15
06536.14 1.055e-15
06539.09 1.048e-15
06542.04 1.045e-15
06544.99 1.040e-15
06547.95 1.025e-15
06550.90 1.030e-15
06553.85 1.027e-15
06556.80 1.047e-15
06559.75 1.041e-15
06562.70 1.035e-15
06565.66 1.074e-15
06568.61 1.098e-15
06571.56 1.096e-15
06574.51 1.094e-15
06577.46 1.093e-15
06580.41 1.091e-15
06583.37 1.090e-15
06586.32 1.088e-15
06589.27 1.086e-15
06592.22 1.085e-15
06595.17 1.083e-15
06598.12 1.082e-15
06601.08 1.080e-15
06604.03 1.078e-15
06606.98 1.077e-15
06609.93 1.075e-15
06612.88 1.073e-15
06615.84 1.072e-15
06618.79 1.070e-15
06621.74 1.069e-15
06624.69 1.067e-15
06627.64 1.065e-15
06630.59 1.048e-15
06633.55 1.060e-15
06636.50 1.066e-15
06639.45 1.080e-15
06642.40 1.094e-15
06645.35 1.101e-15
06648.31 1.106e-15
06651.26 1.110e-15
06654.21 1.112e-15
06657.16 1.107e-15
06660.11 1.106e-15
06663.06 1.107e-15
06666.02 1.126e-15
06668.97 1.139e-15
06671.92 1.141e-15
06674.87 1.125e-15
06677.82 1.116e-15
06680.77 1.121e-15
06683.73 1.107e-15
06686.68 1.107e-15
06689.63 1.130e-15
06692.58 1.112e-15
06695.53 1.113e-15
06698.48 1.121e-15
06701.44 1.136e-15
06704.39 1.107e-15
06707.34 1.093e-15
06710.29 1.093e-15
06713.24 1.102e-15
06716.19 1.100e-15
06719.15 1.095e-15
06722.10 1.100e-15
06725.05 1.102e-15
06728.00 1.095e-15
06730.95 1.079e-15
06733.90 1.071e-15
06736.86 1.083e-15
06739.81 1.098e-15
06742.76 1.098e-15
06745.71 1.115e-15
06748.66 1.120e-15
06751.61 1.108e-15
06754.57 1.096e-15
06757.52 1.076e-15
06760.47 1.055e-15
06763.42 1.044e-15
06766.37 1.038e-15
06769.32 1.034e-15
06772.28 1.019e-15
06775.23 1.017e-15
06778.18 1.020e-15
06781.13 1.008e-15
06784.08 9.970e-16
06787.03 9.888e-16
06789.99 9.747e-16
06792.94 9.632e-16
06795.89 9.715e-16
06798.84 9.933e-16
06801.79 1.003e-15
06804.75 1.004e-15
06807.70 9.945e-16
06810.65 9.901e-16
06813.60 9.718e-16
06816.55 9.751e-16
06819.50 9.678e-16
06822.46 9.451e-16
06825.41 9.433e-16
06828.36 9.466e-16
06831.31 9.390e-16
06834.26 9.418e-16
06837.21 9.495e-16
06840.17 9.609e-16
06843.12 9.463e-16
06846.07 8.997e-16
06849.02 8.903e-16
06851.97 8.796e-16
06854.93 8.585e-16
06857.88 8.406e-16
06860.83 8.201e-16
06863.78 7.739e-16
06866.73 7.217e-16
06869.68 7.059e-16
06872.64 7.035e-16
06875.59 7.212e-16
06878.54 7.455e-16
06881.49 7.621e-16
06884.44 7.609e-16
06887.39 7.503e-16
06890.35 7.395e-16
06893.30 7.320e-16
06896.25 7.426e-16
06899.20 7.581e-16
06902.15 7.731e-16
06905.10 7.977e-16
06908.06 7.990e-16
06911.01 8.155e-16
06913.96 8.245e-16
06916.91 8.262e-16
06919.86 8.258e-16
06922.81 8.144e-16
06925.77 8.124e-16
06928.72 8.162e-16
06931.67 8.152e-16
06934.62 8.157e-16
06937.57 8.178e-16
06940.52 8.219e-16
06943.48 8.261e-16
06946.43 8.250e-16
06949.38 8.240e-16
06952.33 8.277e-16
06955.28 8.100e-16
06958.23 8.063e-16
06961.19 7.918e-16
06964.14 7.847e-16
06967.09 7.792e-16
06970.04 7.613e-16
06972.99 7.765e-16
06975.94 7.993e-16
06978.90 8.117e-16
06981.85 8.101e-16
06984.80 8.347e-16
06987.75 8.335e-16
06990.70 8.374e-16
06993.65 8.533e-16
06996.61 8.638e-16
06999.56 8.634e-16
07002.51 8.619e-16
07005.46 8.712e-16
07008.41 8.838e-16
07011.36 8.935e-16
07014.32 9.054e-16
07017.27 9.168e-16
07020.22 9.545e-16
07023.17 9.765e-16
07026.12 9.837e-16
07029.08 9.973e-16
07032.03 1.018e-15
07034.98 1.032e-15
07037.93 1.028e-15
07040.88 1.018e-15
07043.83 1.014e-15
07046.79 9.982e-16
07049.74 1.002e-15
07052.69 9.933e-16
07055.64 9.952e-16
07058.59 9.994e-16
07061.54 1.002e-15
07064.50 1.016e-15
07067.45 1.017e-15
07070.40 1.003e-15
07073.35 9.887e-16
07076.30 9.610e-16
07079.26 9.534e-16
07082.21 9.524e-16
07085.16 9.347e-16
07088.11 9.325e-16
07091.06 9.291e-16
07094.01 9.303e-16
07096.97 9.404e-16
07099.92 9.465e-16
07102.87 9.564e-16
07105.82 9.546e-16
07108.77 9.305e-16
07111.72 9.207e-16
07114.68 8.948e-16
07117.63 8.674e-16
07120.58 8.522e-16
07123.53 8.443e-16
07126.48 8.504e-16
07129.43 8.563e-16
07132.39 8.641e-16
07135.34 8.794e-16
07138.29 8.915e-16
07141.24 9.021e-16
07144.19 9.093e-16
07147.14 8.952e-16
07150.10 8.858e-16
07153.05 8.703e-16
07156.00 8.542e-16
07158.95 8.513e-16
07161.90 8.364e-16
07164.85 8.213e-16
07167.81 8.200e-16
07170.76 8.178e-16
07173.71 8.125e-16
07176.66 8.125e-16
07179.61 8.127e-16
07182.56 8.116e-16
07185.52 8.054e-16
07188.47 7.902e-16
07191.42 7.497e-16
07194.37 7.426e-16
07197.32 7.492e-16
07200.27 7.494e-16
07203.23 7.533e-16
07206.18 7.618e-16
07209.13 7.786e-16
07212.08 7.889e-16
07215.03 7.947e-16
07217.98 8.119e-16
07220.94 8.278e-16
07223.89 8.337e-16
07226.84 8.252e-16
07229.79 8.311e-16
07232.74 8.157e-16
07235.70 8.078e-16
07238.65 8.287e-16
07241.60 8.373e-16
07244.55 8.740e-16
07247.50 8.977e-16
07250.45 9.058e-16
07253.41 9.297e-16
07256.36 9.392e-16
07259.31 9.120e-16
07262.26 9.019e-16
07265.21 9.005e-16
07268.16 9.054e-16
07271.12 9.100e-16
07274.07 9.080e-16
07277.02 9.383e-16
07279.97 9.355e-16
07282.92 9.397e-16
07285.88 9.632e-16
07288.83 9.549e-16
07291.78 9.413e-16
07294.73 9.242e-16
07297.68 9.151e-16
07300.63 9.134e-16
07303.59 9.098e-16
07306.54 9.048e-16
07309.49 8.874e-16
07312.44 8.839e-16
07315.39 8.939e-16
07318.34 8.986e-16
07321.30 9.172e-16
07324.25 9.301e-16
07327.20 9.359e-16
07330.15 9.297e-16
07333.10 9.115e-16
07336.05 8.916e-16
07339.01 8.646e-16
07341.96 8.437e-16
07344.91 8.466e-16
07347.86 8.272e-16
07350.81 8.285e-16
07353.76 8.332e-16
07356.72 8.218e-16
07359.67 8.285e-16
07362.62 8.427e-16
07365.57 8.489e-16
07368.52 8.579e-16
07371.48 8.648e-16
07374.43 8.632e-16
07377.38 8.541e-16
07380.33 8.421e-16
07383.28 8.309e-16
07386.23 8.243e-16
07389.19 8.282e-16
07392.14 8.305e-16
07395.09 8.422e-16
07398.04 8.638e-16
07400.99 8.710e-16
07403.94 8.771e-16
07406.90 9.013e-16
07409.85 9.061e-16
07412.80 9.003e-16
07415.75 9.010e-16
07418.70 8.965e-16
07421.65 8.864e-16
07424.60 8.706e-16
07427.56 8.534e-16
07430.51 8.501e-16
07433.46 8.450e-16
07436.41 8.386e-16
07439.36 8.717e-16
07442.31 8.953e-16
07445.27 9.038e-16
07448.22 9.227e-16
07451.17 9.351e-16
07454.12 9.499e-16
07457.07 9.597e-16
07460.03 9.317e-16
07462.98 8.963e-16
07465.93 8.865e-16
07468.88 8.879e-16
07471.83 9.016e-16
07474.78 8.888e-16
07477.74 9.003e-16
07480.69 9.135e-16
07483.64 9.418e-16
07486.59 9.621e-16
07489.54 9.800e-16
07492.49 9.894e-16
07495.45 9.753e-16
07498.40 9.774e-16
07501.35 9.937e-16
07504.30 9.533e-16
07507.25 9.156e-16
07510.20 9.106e-16
07513.16 8.889e-16
07516.11 8.795e-16
07519.06 8.971e-16
07522.01 9.085e-16
07524.96 9.059e-16
07527.92 9.098e-16
07530.87 9.203e-16
07533.82 9.158e-16
07536.77 8.975e-16
07539.72 9.025e-16
07542.67 8.865e-16
07545.62 8.493e-16
07548.58 8.194e-16
07551.53 7.972e-16
07554.48 7.925e-16
07557.43 7.899e-16
07560.38 7.823e-16
07563.34 7.958e-16
07566.29 8.075e-16
07569.24 8.116e-16
07572.19 8.147e-16
07575.14 8.037e-16
07578.09 7.969e-16
07581.05 7.949e-16
07584.00 7.929e-16
07586.95 7.909e-16
07589.90 7.890e-16
07592.85 7.870e-16
07595.81 7.850e-16
07598.76 7.830e-16
07601.71 7.811e-16
07604.66 7.791e-16
07607.61 7.771e-16
07610.56 7.751e-16
07613.52 7.732e-16
07616.47 7.712e-16
07619.42 7.692e-16
07622.37 7.672e-16
07625.32 7.653e-16
07628.27 7.633e-16
07631.23 7.613e-16
07634.18 7.593e-16
07637.13 7.574e-16
07640.08 7.554e-16
07643.03 7.534e-16
07645.98 7.514e-16
07648.94 7.495e-16
07651.89 7.475e-16
07654.84 7.455e-16
07657.79 7.435e-16
07660.74 7.416e-16
07663.69 7.396e-16
07666.65 7.376e-16
07669.60 7.356e-16
07672.55 7.337e-16
07675.50 7.317e-16
07678.45 7.297e-16
07681.40 7.277e-16
07684.36 7.258e-16
07687.31 7.238e-16
07690.26 7.218e-16
07693.21 7.198e-16
07696.16 7.179e-16
07699.11 7.159e-16
07702.07 7.139e-16
07705.02 7.119e-16
07707.97 7.100e-16
07710.92 7.080e-16
07713.87 7.060e-16
07716.82 7.040e-16
07719.78 7.021e-16
07722.73 7.001e-16
07725.68 6.981e-16
07728.63 7.126e-16
07731.58 7.207e-16
07734.53 7.346e-16
07737.49 7.770e-16
07740.44 8.142e-16
07743.39 8.382e-16
07746.34 8.658e-16
07749.29 8.750e-16
07752.25 8.688e-16
07755.20 8.669e-16
07758.15 8.476e-16
07761.10 8.136e-16
07764.05 7.945e-16
07767.00 7.812e-16
07769.96 7.709e-16
07772.91 7.653e-16
07775.86 7.735e-16
07778.81 7.886e-16
07781.76 7.870e-16
07784.71 8.072e-16
07787.67 8.390e-16
07790.62 8.387e-16
07793.57 8.304e-16
07796.52 8.241e-16
07799.47 7.983e-16
07802.43 7.813e-16
07805.38 7.778e-16
07808.33 7.651e-16
07811.28 7.617e-16
07814.23 7.531e-16
07817.18 7.392e-16
07820.14 7.762e-16
07823.09 8.099e-16
07826.04 8.426e-16
07828.99 8.715e-16
07831.94 8.883e-16
07834.89 9.010e-16
07837.85 9.062e-16
07840.80 8.935e-16
07843.75 8.668e-16
07846.70 8.354e-16
07849.65 8.220e-16
07852.60 8.208e-16
07855.56 7.956e-16
07858.51 8.173e-16
07861.46 8.609e-16
07864.41 8.617e-16
07867.36 8.667e-16
07870.31 8.978e-16
07873.27 9.026e-16
07876.22 9.241e-16
07879.17 9.467e-16
07882.12 9.307e-16
07885.07 9.063e-16
07888.02 8.911e-16
07890.98 8.651e-16
07893.93 8.518e-16
07896.88 8.387e-16
07899.83 8.059e-16
07902.78 7.991e-16
07905.73 7.812e-16
07908.69 7.773e-16
07911.64 8.084e-16
07914.59 8.368e-16
07917.54 8.490e-16
07920.49 8.548e-16
07923.44 8.793e-16
07926.40 8.952e-16
07929.35 8.790e-16
07932.30 8.731e-16
07935.25 8.617e-16
07938.20 8.390e-16
07941.15 8.185e-16
07944.11 8.044e-16
07947.06 7.716e-16
07950.01 7.496e-16
07952.96 7.433e-16
07955.91 7.383e-16
07958.86 7.362e-16
07961.82 7.377e-16
07964.77 7.521e-16
07967.72 7.500e-16
07970.67 7.710e-16
07973.62 7.765e-16
07976.58 7.861e-16
07979.53 8.198e-16
07982.48 8.345e-16
07985.43 8.239e-16
07988.38 8.208e-16
07991.33 8.145e-16
07994.29 7.942e-16
07997.24 7.754e-16
08000.19 7.622e-16
08003.14 7.349e-16
08006.09 7.045e-16
08009.04 6.902e-16
08012.00 6.748e-16
08014.95 6.497e-16
08017.90 6.563e-16
08020.85 6.933e-16
08023.80 6.997e-16
08026.76 7.179e-16
08029.71 7.330e-16
08032.66 7.518e-16
08035.61 7.526e-16
08038.56 7.572e-16
08041.51 7.675e-16
08044.47 7.617e-16
08047.42 7.585e-16
08050.37 7.658e-16
08053.32 7.497e-16
08056.27 7.299e-16
08059.22 7.035e-16
08062.18 6.760e-16
08065.13 6.541e-16
08068.08 6.409e-16
08071.03 6.361e-16
08073.98 6.503e-16
08076.93 6.718e-16
08079.89 6.753e-16
08082.84 6.850e-16
08085.79 6.990e-16
08088.74 7.175e-16
08091.69 7.387e-16
08094.64 7.498e-16
08097.60 7.525e-16
08100.55 7.443e-16
08103.50 7.229e-16
08106.45 6.656e-16
08109.40 6.072e-16
08112.35 6.406e-16
08115.31 6.272e-16
08118.26 6.172e-16
08121.21 5.977e-16
08124.16 5.821e-16
08127.11 5.742e-16
08130.06 5.712e-16
08133.02 5.841e-16
08135.97 6.029e-16
08138.92 6.140e-16
08141.87 6.334e-16
08144.82 6.462e-16
08147.77 6.542e-16
08150.73 6.513e-16
08153.68 6.637e-16
08156.63 6.772e-16
08159.58 6.790e-16
08162.53 6.789e-16
08165.48 6.776e-16
08168.44 6.728e-16
08171.39 6.546e-16
08174.34 6.262e-16
08177.29 6.065e-16
08180.24 5.921e-16
08183.20 5.733e-16
08186.15 5.449e-16
08189.10 5.283e-16
08192.05 5.276e-16
08195.00 5.201e-16
08197.95 5.078e-16
08200.91 4.928e-16
08203.86 4.998e-16
08206.81 5.012e-16
08209.76 4.987e-16
08212.71 4.766e-16
08215.66 4.619e-16
08218.62 4.467e-16
08221.57 4.139e-16
08224.52 3.885e-16
08227.47 3.579e-16
08230.42 3.575e-16
08233.38 3.376e-16
08236.33 3.059e-16
08239.28 2.848e-16
08242.23 2.781e-16
08245.18 2.675e-16
08248.13 2.489e-16
08251.08 2.384e-16
08254.04 2.344e-16
08256.99 2.314e-16
08259.94 2.440e-16
08262.89 2.386e-16
08265.84 2.222e-16
08268.80 2.191e-16
08271.75 2.215e-16
08274.70 2.070e-16
08277.65 1.989e-16
08280.60 2.082e-16
08283.55 1.936e-16
08286.51 1.800e-16
08289.46 1.740e-16
08292.41 1.694e-16
08295.36 1.571e-16
08298.31 1.612e-16
08301.26 1.633e-16
08304.22 1.671e-16
08307.17 1.713e-16
08310.12 1.560e-16
08313.07 1.717e-16
08316.02 1.888e-16
08318.98 1.882e-16
08321.93 1.955e-16
08324.88 2.027e-16
08327.83 2.010e-16
08330.78 1.999e-16
08333.73 1.928e-16
08336.68 1.760e-16
08339.64 1.667e-16
08342.59 1.581e-16
08345.54 1.502e-16
08348.49 1.536e-16
08351.44 1.674e-16
08354.40 1.796e-16
08357.35 1.786e-16
08360.30 1.841e-16
08363.25 2.116e-16
08366.20 2.316e-16
08369.15 2.266e-16
08372.10 2.252e-16
08375.06 2.194e-16
08378.01 2.130e-16
08380.96 2.021e-16
08383.91 1.886e-16
08386.86 1.771e-16
08389.82 1.739e-16
08392.77 1.776e-16
08395.72 1.756e-16
08398.67 1.721e-16
08401.62 1.840e-16
08404.57 2.096e-16
08407.53 2.037e-16
08410.48 2.199e-16
08413.43 2.428e-16
08416.38 2.577e-16
08419.33 2.655e-16
08422.28 2.495e-16
08425.24 2.541e-16
08428.19 2.641e-16
08431.14 2.633e-16
08434.09 2.711e-16
08437.04 2.653e-16
08440.00 2.487e-16
08442.95 2.461e-16
08445.90 2.500e-16
08448.85 2.423e-16
08451.80 2.437e-16
08454.75 2.739e-16
08457.70 2.952e-16
08460.66 2.994e-16
08463.61 3.242e-16
08466.56 3.527e-16
08469.51 3.622e-16
08472.46 3.650e-16
08475.42 3.741e-16
08478.37 3.744e-16
08481.32 3.508e-16
08484.27 3.322e-16
08487.22 3.245e-16
08490.17 3.274e-16
08493.13 3.362e-16
08496.08 3.465e-16
08499.03 3.686e-16
08501.98 3.970e-16
08504.93 4.066e-16
08507.88 4.178e-16
08510.84 4.618e-16
08513.79 4.637e-16
08516.74 4.691e-16
08519.69 4.860e-16
08522.64 4.807e-16
08525.59 4.697e-16
08528.55 4.584e-16
08531.50 4.417e-16
08534.45 4.421e-16
08537.40 4.383e-16
08540.35 4.473e-16
08543.31 4.482e-16
08546.26 4.591e-16
08549.21 4.820e-16
08552.16 5.305e-16
08555.11 5.650e-16
08558.06 5.878e-16
08561.01 6.380e-16
08563.97 6.498e-16
08566.92 6.830e-16
08569.87 6.801e-16
08572.82 7.143e-16
08575.77 7.197e-16
08578.73 6.973e-16
08581.68 6.634e-16
08584.63 6.341e-16
08587.58 6.444e-16
08590.53 6.464e-16
08593.48 6.587e-16
08596.44 6.850e-16
08599.39 7.228e-16
08602.34 7.533e-16
08605.29 7.862e-16
08608.24 8.262e-16
08611.19 8.802e-16
08614.15 9.193e-16
08617.10 9.067e-16
08620.05 9.264e-16
08623.00 9.144e-16
08625.95 9.083e-16
08628.90 8.998e-16
08631.86 8.787e-16
08634.81 8.532e-16
08637.76 8.198e-16
08640.71 7.868e-16
08643.66 7.703e-16
08646.61 7.513e-16
08649.57 7.523e-16
08652.52 7.670e-16
08655.47 7.843e-16
08658.42 8.152e-16
08661.37 8.345e-16
08664.33 8.410e-16
08667.28 8.618e-16
08670.23 8.841e-16
08673.18 9.039e-16
08676.13 9.115e-16
08679.08 9.192e-16
08682.03 9.324e-16
08684.99 9.209e-16
08687.94 8.899e-16
08690.89 8.475e-16
08693.84 7.984e-16
08696.79 7.783e-16
08699.75 7.763e-16
08702.70 7.480e-16
08705.65 7.418e-16
08708.60 7.351e-16
08711.55 7.612e-16
08714.50 7.883e-16
08717.46 8.001e-16
08720.41 8.227e-16
08723.36 8.369e-16
08726.31 8.581e-16
08729.26 8.616e-16
08732.22 8.401e-16
08735.17 8.547e-16
08738.12 8.657e-16
08741.07 8.387e-16
08744.02 8.248e-16
08746.97 8.308e-16
08749.92 8.029e-16
08752.88 7.697e-16
08755.83 7.473e-16
08758.78 7.020e-16
08761.73 6.797e-16
08764.68 6.865e-16
08767.64 6.899e-16
08770.59 6.911e-16
08773.54 7.162e-16
08776.49 7.500e-16
08779.44 7.568e-16
08782.39 7.775e-16
08785.35 7.771e-16
08788.30 7.817e-16
08791.25 7.847e-16
08794.20 7.864e-16
08797.15 7.840e-16
08800.10 7.722e-16
08803.06 7.622e-16
08806.01 7.304e-16
08808.96 7.099e-16
08811.91 6.852e-16
08814.86 6.603e-16
08817.81 6.234e-16
08820.77 6.331e-16
08823.72 6.528e-16
08826.67 6.271e-16
08829.62 6.622e-16
08832.57 7.116e-16
08835.52 7.065e-16
08838.48 7.322e-16
08841.43 7.431e-16
08844.38 7.419e-16
08847.33 7.499e-16
08850.28 7.616e-16
08853.23 7.581e-16
08856.19 7.177e-16
08859.14 6.941e-16
08862.09 6.585e-16
08865.04 6.369e-16
08867.99 6.245e-16
08870.94 6.004e-16
08873.90 5.929e-16
08876.85 6.031e-16
08879.80 6.031e-16
08882.75 6.217e-16
08885.70 6.414e-16
08888.66 6.713e-16
08891.61 7.019e-16
08894.56 6.983e-16
08897.51 6.910e-16
08900.46 6.914e-16
08903.41 6.916e-16
08906.36 6.972e-16
08909.32 6.796e-16
08912.27 6.881e-16
08915.22 6.373e-16
08918.17 6.099e-16
08921.12 5.636e-16
08924.08 5.156e-16
08927.03 5.139e-16
08929.98 5.151e-16
08932.93 5.049e-16
08935.88 5.013e-16
08938.83 5.231e-16
08941.79 5.249e-16
08944.74 5.244e-16
08947.69 5.559e-16
08950.64 5.592e-16
08953.59 5.528e-16
08956.55 5.827e-16
08959.50 5.566e-16
08962.45 5.533e-16
08965.40 5.434e-16
08968.35 5.135e-16
08971.30 5.137e-16
08974.25 5.016e-16
08977.21 4.695e-16
08980.16 4.522e-16
08983.11 4.201e-16
08986.06 3.919e-16
08989.01 3.973e-16
08991.97 4.122e-16
08994.92 4.326e-16
08997.87 4.406e-16
09000.82 4.634e-16
09003.77 4.783e-16
09006.72 4.821e-16
09009.68 5.419e-16
09012.63 5.409e-16
09015.58 5.346e-16
09018.53 5.450e-16
09021.48 5.831e-16
09024.43 6.152e-16
09027.39 5.994e-16
09030.34 5.757e-16
09033.29 5.732e-16
09036.24 5.428e-16
09039.19 5.533e-16
09042.15 5.041e-16
09045.10 4.638e-16
09048.05 4.528e-16
09051.00 4.420e-16
09053.95 4.119e-16
09056.90 3.828e-16
09059.85 3.845e-16
09062.81 3.598e-16
09065.76 3.529e-16
09068.71 3.350e-16
09071.66 3.430e-16
09074.61 3.730e-16
09077.56 4.597e-16
09080.52 5.466e-16
09083.47 5.199e-16
09086.42 5.084e-16
