03115.59 -1.380e-17
03117.33 -1.630e-16
03119.07 -1.402e-16
03120.80 2.162e-16
03122.54 7.347e-16
03124.28 6.358e-16
03126.02 5.701e-16
03127.76 1.327e-16
03129.50 1.252e-16
03131.23 1.518e-16
03132.97 4.505e-16
03134.71 6.293e-16
03136.45 6.067e-16
03138.19 8.418e-16
03139.93 6.535e-16
03141.66 3.121e-16
03143.40 1.040e-16
03145.14 3.034e-16
03146.88 2.147e-16
03148.62 2.130e-16
03150.36 5.666e-16
03152.09 6.636e-16
03153.83 1.986e-16
03155.57 4.239e-16
03157.31 3.591e-16
03159.05 4.369e-16
03160.79 3.970e-16
03162.52 4.902e-17
03164.26 1.307e-16
03166.00 3.056e-16
03167.74 1.281e-16
03169.48 1.552e-16
03171.22 5.619e-16
03172.95 4.217e-16
03174.69 1.687e-16
03176.43 3.459e-16
03178.17 -8.450e-17
03179.91 5.822e-17
03181.65 3.879e-16
03183.38 1.838e-16
03185.12 7.965e-17
03186.86 2.523e-16
03188.60 2.403e-16
03190.34 2.273e-16
03192.08 7.510e-17
03193.81 5.595e-17
03195.55 5.341e-17
03197.29 -4.095e-17
03199.03 -2.924e-17
03200.77 6.910e-17
03202.50 8.173e-17
03204.24 3.233e-17
03205.98 -5.684e-17
03207.72 7.381e-17
03209.46 1.289e-16
03211.20 1.164e-16
03212.93 -2.092e-17
03214.67 1.029e-16
03216.41 9.323e-17
03218.15 1.350e-16
03219.89 9.245e-17
03221.63 1.400e-17
03223.36 1.061e-16
03225.10 2.362e-17
03226.84 8.520e-17
03228.58 9.692e-17
03230.32 1.035e-16
03232.06 1.694e-16
03233.79 1.576e-16
03235.53 1.312e-16
03237.27 7.825e-17
03239.01 6.462e-17
03240.75 1.319e-16
03242.49 5.005e-17
03244.22 1.098e-17
03245.96 -2.918e-17
03247.70 1.103e-17
03249.44 7.347e-17
03251.18 1.101e-16
03252.92 1.973e-16
03254.65 1.040e-16
03256.39 -1.216e-17
03258.13 1.486e-17
03259.87 9.430e-17
03261.61 7.578e-18
03263.35 1.577e-16
03265.08 -3.451e-17
03266.82 1.603e-17
03268.56 -9.504e-18
03270.30 4.354e-17
03272.04 1.044e-16
03273.78 7.836e-17
03275.51 2.596e-17
03277.25 6.362e-17
03278.99 -1.410e-18
03280.73 1.041e-16
03282.47 2.362e-17
03284.21 6.744e-17
03285.94 1.433e-16
03287.68 1.293e-16
03289.42 1.505e-16
03291.16 9.725e-17
03292.90 8.505e-17
03294.64 1.008e-16
03296.37 4.894e-17
03298.11 -1.483e-17
03299.85 -8.272e-19
03301.59 8.267e-17
03303.33 1.088e-17
03305.06 -9.167e-18
03306.80 7.414e-17
03308.54 7.919e-17
03310.28 -2.110e-17
03312.02 4.316e-17
03313.76 7.336e-17
03315.49 9.554e-17
03317.23 4.729e-17
03318.97 1.236e-16
03320.71 1.445e-16
03322.45 1.040e-16
03324.19 5.676e-17
03325.92 2.498e-17
03327.66 6.080e-17
03329.40 9.502e-17
03331.14 6.432e-17
03332.88 5.461e-17
03334.62 5.814e-17
03336.35 -2.689e-17
03338.09 2.969e-17
03339.83 1.054e-16
03341.57 7.975e-17
03343.31 1.103e-16
03345.05 1.004e-16
03346.78 1.519e-16
03348.52 8.745e-17
03350.26 1.013e-16
03352.00 1.058e-16
03353.74 1.060e-16
03355.48 8.565e-17
03357.21 4.038e-17
03358.95 1.122e-16
03360.69 1.058e-16
03362.43 4.219e-17
03364.17 1.002e-16
03365.91 1.335e-16
03367.64 1.347e-16
03369.38 1.471e-16
03371.12 1.468e-16
03372.86 1.018e-16
03374.60 1.110e-17
03376.34 6.234e-17
03378.07 8.918e-17
03379.81 1.003e-16
03381.55 1.420e-16
03383.29 7.349e-17
03385.03 4.085e-17
03386.77 9.410e-17
03388.50 6.950e-17
03390.24 3.644e-17
03391.98 4.207e-17
03393.72 7.459e-17
03395.46 6.454e-17
03397.20 9.500e-17
03398.93 7.069e-17
03400.67 1.152e-16
03402.41 8.814e-17
03404.15 6.749e-17
03405.89 3.160e-17
03407.62 2.076e-17
03409.36 7.827e-17
03411.10 1.064e-16
03412.84 7.085e-17
03414.58 5.979e-17
03416.32 5.333e-17
03418.05 1.618e-17
03419.79 1.037e-17
03421.53 7.652e-17
03423.27 1.011e-16
03425.01 7.723e-17
03426.75 7.867e-17
03428.48 8.092e-17
03430.22 5.348e-17
03431.96 -2.099e-17
03433.70 2.094e-17
03435.44 4.677e-17
03437.18 3.462e-17
03438.91 2.909e-17
03440.65 7.900e-17
03442.39 1.775e-16
03444.13 9.226e-17
03445.87 1.016e-16
03447.61 6.191e-17
03449.34 7.399e-17
03451.08 7.690e-17
03452.82 6.873e-17
03454.56 8.999e-17
03456.30 1.076e-16
03458.04 3.747e-17
03459.77 1.037e-16
03461.51 1.297e-16
03463.25 1.106e-16
03464.99 1.536e-16
03466.73 2.576e-17
03468.47 4.675e-17
03470.20 7.729e-17
03471.94 1.086e-16
03473.68 5.361e-17
03475.42 6.787e-17
03477.16 4.361e-17
03478.90 6.043e-17
03480.63 1.005e-16
03482.37 1.086e-16
03484.11 1.099e-16
03485.85 1.728e-16
03487.59 1.160e-16
03489.33 8.141e-17
03491.06 5.007e-17
03492.80 3.048e-17
03494.54 1.157e-16
03496.28 7.366e-17
03498.02 9.298e-17
03499.76 1.050e-16
03501.49 9.589e-17
03503.23 1.032e-16
03504.97 8.709e-17
03506.71 7.393e-17
03508.45 1.130e-16
03510.18 1.284e-16
03511.92 9.635e-17
03513.66 7.950e-17
03515.40 1.231e-16
03517.14 1.267e-16
03518.88 7.886e-17
03520.61 1.099e-16
03522.35 9.474e-17
03524.09 1.179e-16
03525.83 1.303e-16
03527.57 1.112e-16
03529.31 8.382e-17
03531.04 8.577e-17
03532.78 1.075e-16
03534.52 8.205e-17
03536.26 8.580e-17
03538.00 1.006e-16
03539.74 4.596e-17
03541.47 6.099e-17
03543.21 8.765e-17
03544.95 5.329e-17
03546.69 7.064e-17
03548.43 6.895e-17
03550.17 1.527e-17
03551.90 5.354e-17
03553.64 7.938e-17
03555.38 1.877e-17
03557.12 1.019e-16
03558.86 1.182e-16
03560.60 7.493e-17
03562.33 6.086e-17
03564.07 7.187e-17
03565.81 7.649e-17
03567.55 3.948e-17
03569.29 3.910e-17
03571.03 5.211e-17
03572.76 3.054e-17
03574.50 3.323e-17
03576.24 5.477e-17
03577.98 1.010e-16
03579.72 1.123e-16
03581.46 1.009e-16
03583.19 4.781e-17
03584.93 8.159e-17
03586.67 7.189e-17
03588.41 7.385e-17
03590.15 9.234e-17
03591.89 9.528e-17
03593.62 1.162e-16
03595.36 1.024e-16
03597.10 9.367e-17
03598.84 1.051e-16
03600.58 4.375e-17
03602.32 7.726e-17
03604.05 1.018e-16
03605.79 6.862e-17
03607.53 4.128e-17
03609.27 8.428e-17
03611.01 1.300e-16
03612.74 1.207e-16
03614.48 7.569e-17
03616.22 4.920e-17
03617.96 8.549e-17
03619.70 9.093e-17
03621.44 9.814e-17
03623.17 8.538e-17
03624.91 1.299e-16
03626.65 6.717e-17
03628.39 7.742e-17
03630.13 6.806e-17
03631.87 7.195e-17
03633.60 1.051e-16
03635.34 1.309e-16
03637.08 9.215e-17
03638.82 1.113e-16
03640.56 8.638e-17
03642.30 9.699e-17
03644.03 1.318e-16
03645.77 1.076e-16
03647.51 1.373e-16
03649.25 1.447e-16
03650.99 5.690e-17
03652.73 6.033e-17
03654.46 1.158e-16
03656.20 1.122e-16
03657.94 1.083e-16
03659.68 9.586e-17
03661.42 1.118e-16
03663.16 1.281e-16
03664.89 1.381e-16
03666.63 1.061e-16
03668.37 1.015e-16
03670.11 8.256e-17
03671.85 7.036e-17
03673.59 6.898e-17
03675.32 9.332e-17
03677.06 7.243e-17
03678.80 7.562e-17
03680.54 3.938e-17
03682.28 5.785e-17
03684.02 7.380e-17
03685.75 1.019e-16
03687.49 6.571e-17
03689.23 9.611e-17
03690.97 4.981e-17
03692.71 5.414e-17
03694.45 1.051e-16
03696.18 8.144e-17
03697.92 1.053e-16
03699.66 7.364e-17
03701.40 7.174e-17
03703.14 5.743e-17
03704.88 6.715e-17
03706.61 5.945e-17
03708.35 5.992e-17
03710.09 1.005e-16
03711.83 8.679e-17
03713.57 6.617e-17
03715.30 6.210e-17
03717.04 5.566e-17
03718.78 8.344e-17
03720.52 1.073e-16
03722.26 7.978e-17
03724.00 5.600e-17
03725.73 6.852e-17
03727.47 6.234e-17
03729.21 8.960e-17
03730.95 6.174e-17
03732.69 5.683e-17
03734.43 9.864e-17
03736.16 7.998e-17
03737.90 6.644e-17
03739.64 7.262e-17
03741.38 4.469e-17
03743.12 5.673e-17
03744.86 8.034e-17
03746.59 1.080e-16
03748.33 7.968e-17
03750.07 8.366e-17
03751.81 9.011e-17
03753.55 6.287e-17
03755.29 8.118e-17
03757.02 4.989e-17
03758.76 2.014e-17
03760.50 3.525e-17
03762.24 2.972e-17
03763.98 1.876e-17
03765.72 4.468e-17
03767.45 7.037e-17
03769.19 3.034e-17
03770.93 8.229e-17
03772.67 6.719e-17
03774.41 3.143e-17
03776.15 4.027e-17
03777.88 3.717e-17
03779.62 4.461e-17
03781.36 1.925e-17
03783.10 6.980e-17
03784.84 3.988e-17
03786.58 2.613e-17
03788.31 8.723e-18
03790.05 2.446e-17
03791.79 6.531e-17
03793.53 4.625e-17
03795.27 2.027e-17
03797.01 4.294e-17
03798.74 7.148e-17
03800.48 1.047e-17
03802.22 1.801e-17
03803.96 3.121e-17
03805.70 4.386e-17
03807.44 8.635e-17
03809.17 7.984e-17
03810.91 6.606e-17
03812.65 4.378e-17
03814.39 4.684e-17
03816.13 8.681e-17
03817.87 3.880e-17
03819.60 5.393e-17
03821.34 4.350e-17
03823.08 3.584e-17
03824.82 6.050e-17
03826.56 3.335e-17
03828.29 1.198e-17
03830.03 -5.264e-18
03831.77 2.076e-17
03833.51 5.450e-17
03835.25 6.015e-17
03836.99 -2.656e-18
03838.72 3.646e-17
03840.46 4.356e-17
03842.20 4.858e-17
03843.94 1.602e-17
03845.68 4.274e-17
03847.42 5.059e-17
03849.15 7.848e-17
03850.89 3.944e-17
03852.63 3.976e-18
03854.37 4.634e-17
03856.11 2.755e-17
03857.85 3.642e-17
03859.58 4.808e-17
03861.32 1.451e-17
03863.06 4.870e-17
03864.80 9.644e-18
03866.54 3.903e-17
03868.28 4.207e-17
03870.01 5.401e-17
03871.75 8.716e-17
03873.49 7.738e-17
03875.23 4.895e-17
03876.97 4.763e-17
03878.71 3.328e-17
03880.44 4.938e-17
03882.18 5.300e-17
03883.92 3.620e-17
03885.66 5.593e-17
03887.40 7.125e-17
03889.14 5.633e-17
03890.87 5.792e-17
03892.61 6.205e-17
03894.35 4.559e-17
03896.09 4.956e-17
03897.83 6.193e-17
03899.57 6.975e-17
03901.30 7.135e-17
03903.04 1.051e-16
03904.78 9.716e-17
03906.52 7.618e-17
03908.26 8.010e-17
03910.00 9.672e-17
03911.73 9.243e-17
03913.47 1.079e-16
03915.21 1.501e-16
03916.95 1.634e-16
03918.69 1.197e-16
03920.43 1.483e-16
03922.16 1.351e-16
03923.90 1.390e-16
03925.64 1.508e-16
03927.38 1.412e-16
03929.12 1.742e-16
03930.85 1.722e-16
03932.59 1.879e-16
03934.33 1.558e-16
03936.07 1.292e-16
03937.81 2.127e-16
03939.55 2.120e-16
03941.28 1.927e-16
03943.02 1.778e-16
03944.76 1.906e-16
03946.50 2.043e-16
03948.24 1.813e-16
03949.98 2.055e-16
03951.71 1.818e-16
03953.45 1.953e-16
03955.19 2.182e-16
03956.93 2.139e-16
03958.67 1.908e-16
03960.41 1.364e-16
03962.14 1.927e-16
03963.88 1.409e-16
03965.62 1.648e-16
03967.36 1.475e-16
03969.10 1.760e-16
03970.84 2.194e-16
03972.57 1.767e-16
03974.31 1.562e-16
03976.05 1.936e-16
03977.79 1.915e-16
03979.53 1.818e-16
03981.27 1.684e-16
03983.00 1.623e-16
03984.74 1.572e-16
03986.48 1.929e-16
03988.22 1.981e-16
03989.96 1.913e-16
03991.70 1.844e-16
03993.43 1.733e-16
03995.17 1.779e-16
03996.91 1.961e-16
03998.65 1.959e-16
04000.39 1.978e-16
04002.13 1.939e-16
04003.86 1.997e-16
04005.60 1.810e-16
04007.34 2.116e-16
04009.08 2.194e-16
04010.82 2.077e-16
04012.56 2.162e-16
04014.29 1.966e-16
04016.03 1.962e-16
04017.77 1.711e-16
04019.51 1.652e-16
04021.25 1.975e-16
04022.99 2.085e-16
04024.72 2.056e-16
04026.46 1.830e-16
04028.20 2.174e-16
04029.94 2.494e-16
04031.68 2.481e-16
04033.41 2.276e-16
04035.15 2.423e-16
04036.89 2.425e-16
04038.63 2.544e-16
04040.37 2.371e-16
04042.11 2.359e-16
04043.84 2.098e-16
04045.58 2.336e-16
04047.32 2.453e-16
04049.06 2.527e-16
04050.80 2.353e-16
04052.54 2.213e-16
04054.27 2.334e-16
04056.01 2.254e-16
04057.75 2.397e-16
04059.49 2.631e-16
04061.23 2.713e-16
04062.97 2.614e-16
04064.70 2.750e-16
04066.44 2.670e-16
04068.18 2.709e-16
04069.92 2.264e-16
04071.66 2.254e-16
04073.40 2.213e-16
04075.13 2.409e-16
04076.87 2.211e-16
04078.61 2.017e-16
04080.35 2.365e-16
04082.09 2.904e-16
04083.83 2.250e-16
04085.56 2.296e-16
04087.30 2.076e-16
04089.04 2.106e-16
04090.78 2.319e-16
04092.52 2.428e-16
04094.26 2.466e-16
04095.99 2.531e-16
04097.73 2.475e-16
04099.47 2.324e-16
04101.21 1.954e-16
04102.95 2.250e-16
04104.69 2.248e-16
04106.42 2.157e-16
04108.16 2.447e-16
04109.90 2.568e-16
04111.64 2.205e-16
04113.38 1.943e-16
04115.12 1.822e-16
04116.85 2.153e-16
04118.59 2.207e-16
04120.33 2.145e-16
04122.07 2.322e-16
04123.81 2.167e-16
04125.55 1.733e-16
04127.28 1.997e-16
04129.02 2.315e-16
04130.76 2.478e-16
04132.50 2.439e-16
04134.24 2.746e-16
04135.97 2.442e-16
04137.71 2.302e-16
04139.45 2.080e-16
04141.19 2.246e-16
04142.93 2.100e-16
04144.67 1.904e-16
04146.40 1.858e-16
04148.14 2.015e-16
04149.88 1.868e-16
04151.62 1.888e-16
04153.36 1.776e-16
04155.10 2.005e-16
04156.83 1.558e-16
04158.57 1.032e-16
04160.31 1.712e-16
04162.05 1.649e-16
04163.79 1.595e-16
04165.53 1.665e-16
04167.26 2.049e-16
04169.00 2.060e-16
04170.74 1.693e-16
04172.48 1.603e-16
04174.22 1.768e-16
04175.96 1.816e-16
04177.69 1.526e-16
04179.43 1.630e-16
04181.17 2.201e-16
04182.91 2.405e-16
04184.65 1.934e-16
04186.39 1.825e-16
04188.12 1.856e-16
04189.86 1.575e-16
04191.60 2.095e-16
04193.34 2.066e-16
04195.08 2.559e-16
04196.82 2.244e-16
04198.55 1.959e-16
04200.29 1.815e-16
04202.03 1.898e-16
04203.77 1.839e-16
04205.51 2.211e-16
04207.25 2.001e-16
04208.98 2.029e-16
04210.72 2.328e-16
04212.46 2.135e-16
04214.20 1.781e-16
04215.94 1.730e-16
04217.68 2.056e-16
04219.41 1.929e-16
04221.15 2.392e-16
04222.89 2.025e-16
04224.63 2.140e-16
04226.37 2.333e-16
04228.11 2.356e-16
04229.84 2.140e-16
04231.58 2.107e-16
04233.32 2.188e-16
04235.06 2.267e-16
04236.80 2.072e-16
04238.53 2.102e-16
04240.27 1.962e-16
04242.01 2.019e-16
04243.75 1.895e-16
04245.49 1.917e-16
04247.23 1.909e-16
04248.96 1.846e-16
04250.70 1.906e-16
04252.44 1.970e-16
04254.18 1.933e-16
04255.92 1.842e-16
04257.66 1.981e-16
04259.39 1.976e-16
04261.13 1.962e-16
04262.87 2.093e-16
04264.61 2.075e-16
04266.35 2.069e-16
04268.09 1.971e-16
04269.82 1.668e-16
04271.56 1.867e-16
04273.30 1.846e-16
04275.04 2.000e-16
04276.78 2.032e-16
04278.52 2.073e-16
04280.25 2.200e-16
04281.99 2.034e-16
04283.73 2.080e-16
04285.47 1.752e-16
04287.21 2.183e-16
04288.95 2.057e-16
04290.68 1.889e-16
04292.42 2.287e-16
04294.16 2.152e-16
04295.90 1.897e-16
04297.64 2.119e-16
04299.38 1.825e-16
04301.11 1.934e-16
04302.85 2.065e-16
04304.59 1.405e-16
04306.33 1.645e-16
04308.07 1.644e-16
04309.81 1.861e-16
04311.54 1.904e-16
04313.28 1.932e-16
04315.02 1.876e-16
04316.76 1.979e-16
04318.50 1.843e-16
04320.24 2.316e-16
04321.97 2.246e-16
04323.71 1.737e-16
04325.45 2.211e-16
04327.19 2.259e-16
04328.93 1.875e-16
04330.67 1.687e-16
04332.40 1.949e-16
04334.14 1.963e-16
04335.88 1.863e-16
04337.62 1.902e-16
04339.36 1.982e-16
04341.09 2.021e-16
04342.83 1.951e-16
04344.57 1.745e-16
04346.31 1.751e-16
04348.05 2.019e-16
04349.79 1.736e-16
04351.52 1.977e-16
04353.26 1.619e-16
04355.00 1.614e-16
04356.74 1.603e-16
04358.48 1.897e-16
04360.22 2.081e-16
04361.95 1.821e-16
04363.69 2.097e-16
04365.43 2.108e-16
04367.17 2.052e-16
04368.91 2.156e-16
04370.65 1.533e-16
04372.38 1.792e-16
04374.12 1.529e-16
04375.86 1.308e-16
04377.60 1.879e-16
04379.34 1.888e-16
04381.08 2.000e-16
04382.81 2.010e-16
04384.55 2.312e-16
04386.29 1.837e-16
04388.03 1.471e-16
04389.77 2.093e-16
04391.51 1.643e-16
04393.24 1.308e-16
04394.98 2.157e-16
04396.72 1.505e-16
04398.46 1.619e-16
04400.20 1.627e-16
04401.94 1.698e-16
04403.67 1.475e-16
04405.41 1.703e-16
04407.15 1.798e-16
04408.89 1.517e-16
04410.63 1.164e-16
04412.37 1.555e-16
04414.10 1.747e-16
04415.84 1.567e-16
04417.58 1.591e-16
04419.32 1.562e-16
04421.06 1.623e-16
04422.80 2.165e-16
04424.53 1.971e-16
04426.27 1.695e-16
04428.01 1.863e-16
04429.75 2.039e-16
04431.49 1.969e-16
04433.23 1.760e-16
04434.96 1.786e-16
04436.70 1.973e-16
04438.44 1.804e-16
04440.18 1.787e-16
04441.92 1.914e-16
04443.65 1.862e-16
04445.39 2.423e-16
04447.13 2.110e-16
04448.87 1.736e-16
04450.61 1.678e-16
04452.35 1.992e-16
04454.08 2.110e-16
04455.82 1.988e-16
04457.56 2.004e-16
04459.30 2.034e-16
04461.04 1.755e-16
04462.78 1.867e-16
04464.51 1.566e-16
04466.25 1.648e-16
04467.99 1.906e-16
04469.73 2.008e-16
04471.47 1.825e-16
04473.21 1.621e-16
04474.94 2.004e-16
04476.68 2.066e-16
04478.42 1.881e-16
04480.16 1.777e-16
04481.90 1.684e-16
04483.64 1.944e-16
04485.37 2.092e-16
04487.11 1.889e-16
04488.85 1.857e-16
04490.59 2.036e-16
04492.33 2.210e-16
04494.07 1.949e-16
04495.80 1.825e-16
04497.54 1.875e-16
04499.28 1.978e-16
04501.02 1.754e-16
04502.76 1.760e-16
04504.50 1.896e-16
04506.23 2.050e-16
04507.97 2.414e-16
04509.71 1.978e-16
04511.45 1.765e-16
04513.19 1.841e-16
04514.93 2.183e-16
04516.66 2.384e-16
04518.40 2.333e-16
04520.14 2.192e-16
04521.88 2.112e-16
04523.62 2.287e-16
04525.36 2.462e-16
04527.09 2.249e-16
04528.83 1.957e-16
04530.57 2.154e-16
04532.31 2.237e-16
04534.05 2.247e-16
04535.79 2.275e-16
04537.52 2.465e-16
04539.26 2.365e-16
04541.00 2.055e-16
04542.74 2.551e-16
04544.48 2.147e-16
04546.22 2.411e-16
04547.95 2.631e-16
04549.69 2.764e-16
04551.43 2.984e-16
04553.17 2.909e-16
04554.91 2.901e-16
04556.64 2.899e-16
04558.38 2.768e-16
04560.12 2.790e-16
04561.86 2.508e-16
04563.60 2.362e-16
04565.34 2.557e-16
04567.07 3.227e-16
04568.81 2.868e-16
04570.55 2.584e-16
04572.29 2.943e-16
04574.03 2.824e-16
04575.77 2.732e-16
04577.50 2.952e-16
04579.24 2.964e-16
04580.98 2.960e-16
04582.72 2.906e-16
04584.46 2.800e-16
04586.20 3.260e-16
04587.93 3.401e-16
04589.67 3.298e-16
04591.41 3.400e-16
04593.15 3.243e-16
04594.89 3.283e-16
04596.63 3.571e-16
04598.36 3.271e-16
04600.10 3.707e-16
04601.84 3.366e-16
04603.58 3.292e-16
04605.32 3.201e-16
04607.06 3.164e-16
04608.79 3.610e-16
04610.53 3.837e-16
04612.27 3.545e-16
04614.01 3.409e-16
04615.75 3.594e-16
04617.49 3.408e-16
04619.22 3.093e-16
04620.96 3.188e-16
04622.70 3.581e-16
04624.44 3.919e-16
04626.18 3.681e-16
04627.92 3.448e-16
04629.65 3.276e-16
04631.39 3.105e-16
04633.13 3.276e-16
04634.87 3.452e-16
04636.61 3.464e-16
04638.35 3.344e-16
04640.08 3.286e-16
04641.82 3.072e-16
04643.56 3.462e-16
04645.30 3.184e-16
04647.04 2.733e-16
04648.78 2.860e-16
04650.51 2.873e-16
04652.25 2.880e-16
04653.99 2.778e-16
04655.73 2.912e-16
04657.47 2.965e-16
04659.20 3.123e-16
04660.94 2.975e-16
04662.68 2.879e-16
04664.42 2.982e-16
04666.16 3.113e-16
04667.90 3.391e-16
04669.63 2.875e-16
04671.37 3.164e-16
04673.11 3.151e-16
04674.85 2.884e-16
04676.59 2.723e-16
04678.33 2.856e-16
04680.06 2.865e-16
04681.80 3.127e-16
04683.54 3.380e-16
04685.28 3.296e-16
04687.02 3.563e-16
04688.76 3.425e-16
04690.49 3.495e-16
04692.23 3.476e-16
04693.97 3.537e-16
04695.71 3.624e-16
04697.45 3.273e-16
04699.19 3.012e-16
04700.92 3.314e-16
04702.66 3.467e-16
04704.40 3.394e-16
04706.14 3.487e-16
04707.88 3.188e-16
04709.62 3.459e-16
04711.35 3.378e-16
04713.09 3.285e-16
04714.83 3.631e-16
04716.57 3.470e-16
04718.31 3.781e-16
04720.05 3.610e-16
04721.78 3.799e-16
04723.52 3.522e-16
04725.26 3.165e-16
04727.00 3.786e-16
04728.74 4.111e-16
04730.48 4.005e-16
04732.21 3.605e-16
04733.95 3.317e-16
04735.69 3.556e-16
04737.43 3.515e-16
04739.17 3.192e-16
04740.91 3.408e-16
04742.64 3.549e-16
04744.38 3.599e-16
04746.12 3.580e-16
04747.86 3.635e-16
04749.60 3.812e-16
04751.34 3.390e-16
04753.07 3.223e-16
04754.81 3.046e-16
04756.55 3.164e-16
04758.29 3.149e-16
04760.03 3.708e-16
04761.76 3.500e-16
04763.50 3.435e-16
04765.24 3.270e-16
04766.98 3.182e-16
04768.72 3.567e-16
04770.46 3.314e-16
04772.19 2.898e-16
04773.93 3.195e-16
04775.67 3.103e-16
04777.41 3.046e-16
04779.15 2.956e-16
04780.89 2.874e-16
04782.62 2.968e-16
04784.36 2.739e-16
04786.10 2.913e-16
04787.84 3.074e-16
04789.58 2.729e-16
04791.32 3.167e-16
04793.05 3.078e-16
04794.79 3.330e-16
04796.53 3.646e-16
04798.27 3.301e-16
04800.01 2.885e-16
04801.75 2.926e-16
04803.48 2.880e-16
04805.22 2.819e-16
04806.96 2.810e-16
04808.70 2.997e-16
04810.44 2.882e-16
04812.18 2.756e-16
04813.91 2.678e-16
04815.65 2.978e-16
04817.39 2.780e-16
04819.13 2.596e-16
04820.87 2.783e-16
04822.61 3.007e-16
04824.34 3.062e-16
04826.08 2.694e-16
04827.82 2.677e-16
04829.56 2.620e-16
04831.30 2.869e-16
04833.04 2.979e-16
04834.77 2.550e-16
04836.51 2.564e-16
04838.25 2.621e-16
04839.99 2.392e-16
04841.73 2.352e-16
04843.47 2.196e-16
04845.20 2.756e-16
04846.94 2.368e-16
04848.68 2.411e-16
04850.42 2.250e-16
04852.16 2.157e-16
04853.90 1.818e-16
04855.63 2.252e-16
04857.37 2.165e-16
04859.11 2.090e-16
04860.85 2.002e-16
04862.59 1.930e-16
04864.32 2.024e-16
04866.06 2.178e-16
04867.80 1.726e-16
04869.54 1.643e-16
04871.28 1.604e-16
04873.02 1.802e-16
04874.75 2.076e-16
04876.49 1.846e-16
04878.23 1.677e-16
04879.97 1.692e-16
04881.71 1.669e-16
04883.45 1.775e-16
04885.18 1.595e-16
04886.92 1.601e-16
04888.66 2.248e-16
04890.40 2.069e-16
04892.14 1.445e-16
04893.88 1.551e-16
04895.61 1.551e-16
04897.35 1.420e-16
04899.09 1.657e-16
04900.83 1.517e-16
04902.57 1.486e-16
04904.31 1.496e-16
04906.04 1.612e-16
04907.78 1.445e-16
04909.52 1.512e-16
04911.26 1.583e-16
04913.00 1.496e-16
04914.74 1.628e-16
04916.47 1.672e-16
04918.21 1.436e-16
04919.95 1.684e-16
04921.69 1.849e-16
04923.43 1.603e-16
04925.17 1.669e-16
04926.90 1.666e-16
04928.64 1.665e-16
04930.38 1.887e-16
04932.12 1.949e-16
04933.86 1.902e-16
04935.60 1.872e-16
04937.33 1.893e-16
04939.07 1.715e-16
04940.81 1.959e-16
04942.55 1.943e-16
04944.29 2.188e-16
04946.03 2.134e-16
04947.76 2.069e-16
04949.50 2.100e-16
04951.24 2.129e-16
04952.98 2.134e-16
04954.72 2.332e-16
04956.46 2.380e-16
04958.19 2.343e-16
04959.93 2.248e-16
04961.67 2.452e-16
04963.41 2.416e-16
04965.15 2.346e-16
04966.88 2.284e-16
04968.62 2.425e-16
04970.36 2.479e-16
04972.10 2.688e-16
04973.84 2.924e-16
04975.58 2.904e-16
04977.31 2.961e-16
04979.05 3.062e-16
04980.79 3.054e-16
04982.53 3.027e-16
04984.27 2.955e-16
04986.01 3.222e-16
04987.74 3.255e-16
04989.48 3.168e-16
04991.22 3.177e-16
04992.96 3.165e-16
04994.70 3.410e-16
04996.44 3.468e-16
04998.17 3.437e-16
04999.91 3.507e-16
05001.65 3.628e-16
05003.39 3.532e-16
05005.13 3.661e-16
05006.87 3.852e-16
05008.60 3.858e-16
05010.34 3.964e-16
05012.08 3.998e-16
05013.82 3.939e-16
05015.56 3.880e-16
05017.30 4.010e-16
05019.03 3.956e-16
05020.77 3.821e-16
05022.51 3.974e-16
05024.25 4.041e-16
05025.99 4.268e-16
05027.73 4.374e-16
05029.46 4.141e-16
05031.20 4.017e-16
05032.94 4.173e-16
05034.68 4.155e-16
05036.42 4.365e-16
05038.16 4.322e-16
05039.89 4.100e-16
05041.63 4.023e-16
05043.37 3.962e-16
05045.11 3.931e-16
05046.85 3.947e-16
05048.59 3.903e-16
05050.32 4.028e-16
05052.06 4.089e-16
05053.80 3.822e-16
05055.54 3.894e-16
05057.28 3.898e-16
05059.02 3.828e-16
05060.75 3.692e-16
05062.49 3.691e-16
05064.23 3.442e-16
05065.97 3.338e-16
05067.71 3.343e-16
05069.44 3.312e-16
05071.18 3.244e-16
05072.92 3.290e-16
05074.66 3.216e-16
05076.40 3.193e-16
05078.14 3.093e-16
05079.87 2.978e-16
05081.61 2.955e-16
05083.35 2.930e-16
05085.09 2.936e-16
05086.83 2.719e-16
05088.57 2.619e-16
05090.30 2.801e-16
05092.04 2.701e-16
05093.78 2.350e-16
05095.52 2.349e-16
05097.26 2.514e-16
05099.00 2.545e-16
05100.73 2.468e-16
05102.47 2.476e-16
05104.21 2.661e-16
05105.95 2.473e-16
05107.69 2.328e-16
05109.43 2.510e-16
05111.16 2.545e-16
05112.90 2.459e-16
05114.64 2.299e-16
05116.38 2.423e-16
05118.12 2.622e-16
05119.86 2.472e-16
05121.59 2.513e-16
05123.33 2.687e-16
05125.07 2.590e-16
05126.81 2.373e-16
05128.55 2.504e-16
05130.29 2.462e-16
05132.02 2.428e-16
05133.76 2.473e-16
05135.50 2.705e-16
05137.24 2.590e-16
05138.98 2.590e-16
05140.72 2.660e-16
05142.45 2.625e-16
05144.19 2.783e-16
05145.93 2.687e-16
05147.67 2.599e-16
05149.41 2.770e-16
05151.15 2.843e-16
05152.88 2.884e-16
05154.62 2.787e-16
05156.36 2.751e-16
05158.10 2.815e-16
05159.84 2.980e-16
05161.58 2.821e-16
05163.31 2.849e-16
05165.05 2.875e-16
05166.79 2.899e-16
05168.53 3.006e-16
05170.27 3.130e-16
05172.00 3.094e-16
05173.74 2.941e-16
05175.48 2.897e-16
05177.22 2.911e-16
05178.96 3.095e-16
05180.70 3.027e-16
05182.43 3.065e-16
05184.17 3.125e-16
05185.91 3.265e-16
05187.65 3.175e-16
05189.39 3.040e-16
05191.13 3.117e-16
05192.86 3.047e-16
05194.60 2.946e-16
05196.34 3.042e-16
05198.08 3.182e-16
05199.82 3.285e-16
05201.56 2.959e-16
05203.29 3.165e-16
05205.03 3.226e-16
05206.77 2.966e-16
05208.51 3.141e-16
05210.25 3.222e-16
05211.99 2.996e-16
05213.72 3.000e-16
05215.46 3.007e-16
05217.20 3.059e-16
05218.94 3.098e-16
05220.68 3.076e-16
05222.42 3.044e-16
05224.15 3.163e-16
05225.89 3.094e-16
05227.63 3.095e-16
05229.37 2.909e-16
05231.11 2.797e-16
05232.85 3.125e-16
05234.58 3.083e-16
05236.32 3.008e-16
05238.06 3.013e-16
05239.80 2.866e-16
05241.54 2.995e-16
05243.28 3.139e-16
05245.01 3.057e-16
05246.75 3.083e-16
05248.49 2.849e-16
05250.23 3.026e-16
05251.97 3.056e-16
05253.71 3.008e-16
05255.44 3.119e-16
05257.18 3.005e-16
05258.92 2.698e-16
05260.66 2.929e-16
05262.40 3.037e-16
05264.14 2.726e-16
05265.87 2.867e-16
05267.61 2.899e-16
05269.35 2.971e-16
05271.09 3.120e-16
05272.83 3.106e-16
05274.57 3.180e-16
05276.30 3.245e-16
05278.04 3.264e-16
05279.78 3.015e-16
05281.52 3.176e-16
05283.26 3.240e-16
05284.99 3.108e-16
05286.73 3.074e-16
05288.47 2.849e-16
05290.21 3.074e-16
05291.95 3.256e-16
05293.69 3.421e-16
05295.42 3.138e-16
05297.16 3.040e-16
05298.90 3.320e-16
05300.64 3.421e-16
05302.38 3.382e-16
05304.12 3.196e-16
05305.85 3.158e-16
05307.59 3.234e-16
05309.33 3.448e-16
05311.07 3.533e-16
05312.81 3.326e-16
05314.55 3.285e-16
05316.28 3.529e-16
05318.02 3.456e-16
05319.76 3.433e-16
05321.50 3.502e-16
05323.24 3.341e-16
05324.98 3.465e-16
05326.71 3.405e-16
05328.45 3.430e-16
05330.19 3.522e-16
05331.93 3.598e-16
05333.67 3.468e-16
05335.41 3.286e-16
05337.14 3.382e-16
05338.88 3.482e-16
05340.62 3.506e-16
05342.36 3.494e-16
05344.10 3.422e-16
05345.84 3.539e-16
05347.57 3.527e-16
05349.31 3.506e-16
05351.05 3.513e-16
05352.79 3.634e-16
05354.53 3.633e-16
05356.27 3.534e-16
05358.00 3.615e-16
05359.74 3.538e-16
05361.48 3.571e-16
05363.22 3.701e-16
05364.96 3.535e-16
05366.70 3.422e-16
05368.43 3.550e-16
05370.17 3.726e-16
05371.91 3.782e-16
05373.65 3.523e-16
05375.39 3.409e-16
05377.13 3.734e-16
05378.86 3.830e-16
05380.60 3.488e-16
05382.34 3.445e-16
05384.08 3.641e-16
05385.82 3.886e-16
05387.55 3.673e-16
05389.29 3.662e-16
05391.03 3.766e-16
05392.77 3.935e-16
05394.51 3.823e-16
05396.25 3.616e-16
05397.98 3.687e-16
05399.72 3.797e-16
05401.46 3.513e-16
05403.20 3.532e-16
05404.94 3.637e-16
05406.68 4.003e-16
05408.41 3.929e-16
05410.15 4.132e-16
05411.89 3.930e-16
05413.63 3.871e-16
05415.37 3.889e-16
05417.11 3.901e-16
05418.84 3.793e-16
05420.58 3.898e-16
05422.32 3.854e-16
05424.06 3.704e-16
05425.80 3.551e-16
05427.54 3.589e-16
05429.27 3.629e-16
05431.01 3.490e-16
05432.75 3.858e-16
05434.49 3.952e-16
05436.23 3.809e-16
05437.97 3.720e-16
05439.70 3.609e-16
05441.44 3.857e-16
05443.18 4.016e-16
05444.92 3.919e-16
05446.66 3.677e-16
05448.40 3.600e-16
05450.13 3.615e-16
05451.87 3.869e-16
05453.61 3.642e-16
05455.35 3.830e-16
05457.09 3.734e-16
05458.83 3.636e-16
05460.56 3.820e-16
05462.30 3.697e-16
05464.04 3.718e-16
05465.78 3.951e-16
05467.52 3.870e-16
05469.26 3.566e-16
05470.99 3.538e-16
05472.73 3.498e-16
05474.47 3.663e-16
05476.21 3.589e-16
05477.95 3.733e-16
05479.69 3.433e-16
05481.42 3.442e-16
05483.16 3.851e-16
05484.90 3.817e-16
05486.64 3.770e-16
05488.38 3.779e-16
05490.11 3.593e-16
05491.85 3.564e-16
05493.59 3.795e-16
05495.33 3.837e-16
05497.07 3.396e-16
05498.81 3.487e-16
05500.54 3.733e-16
05502.28 3.694e-16
05504.02 4.098e-16
05505.76 3.846e-16
05507.50 3.953e-16
05509.24 3.889e-16
05510.97 3.614e-16
05512.71 3.998e-16
05514.45 3.905e-16
05516.19 3.963e-16
05517.93 4.110e-16
05519.67 4.188e-16
05521.40 4.373e-16
05523.14 4.262e-16
05524.88 4.012e-16
05526.62 3.844e-16
05528.36 3.990e-16
05530.10 4.259e-16
05531.83 3.835e-16
05533.57 3.969e-16
05535.31 4.010e-16
05537.05 4.066e-16
05538.79 4.259e-16
05540.53 4.118e-16
05542.26 4.157e-16
05544.00 4.266e-16
05545.74 4.421e-16
05547.48 4.198e-16
05549.22 4.167e-16
05550.96 4.373e-16
05552.69 4.394e-16
05554.43 4.463e-16
05556.17 4.352e-16
05557.91 3.927e-16
05559.65 4.375e-16
05561.39 4.481e-16
05563.12 4.369e-16
05564.86 4.376e-16
05566.60 4.205e-16
05568.34 4.261e-16
05570.08 4.627e-16
05571.82 4.461e-16
05573.55 4.411e-16
05575.29 4.466e-16
05577.03 4.543e-16
05578.77 4.584e-16
05580.51 4.197e-16
05582.25 4.231e-16
05583.98 4.121e-16
05585.72 4.082e-16
05587.46 3.902e-16
05589.20 4.208e-16
05590.94 4.159e-16
05592.67 3.778e-16
05594.41 4.009e-16
05596.15 4.118e-16
05597.89 3.760e-16
05599.63 3.676e-16
05601.37 3.417e-16
05603.10 3.541e-16
05604.84 3.747e-16
05606.58 3.568e-16
05608.32 3.544e-16
05610.06 3.418e-16
05611.80 3.192e-16
05613.53 3.320e-16
05615.27 3.398e-16
05617.01 3.296e-16
05618.75 3.565e-16
05620.49 3.353e-16
05622.23 3.123e-16
05623.96 3.288e-16
05625.70 3.453e-16
05627.44 3.297e-16
05629.18 2.950e-16
05630.92 2.953e-16
05632.66 2.843e-16
05634.39 2.920e-16
05636.13 2.957e-16
05637.87 2.846e-16
05639.61 2.907e-16
05641.35 2.926e-16
05643.09 2.873e-16
05644.82 2.485e-16
05646.56 2.451e-16
05648.30 2.576e-16
05650.04 2.864e-16
05651.78 2.830e-16
05653.52 2.674e-16
05655.25 2.692e-16
05656.99 2.423e-16
05658.73 2.512e-16
05660.47 2.512e-16
05662.21 2.345e-16
05663.95 2.397e-16
05665.68 2.532e-16
05667.42 2.368e-16
05669.16 2.239e-16
05670.90 2.290e-16
05672.64 2.178e-16
05674.38 2.221e-16
05676.11 2.097e-16
05677.85 2.094e-16
05679.59 2.008e-16
05681.33 1.913e-16
05683.07 2.139e-16
05684.81 1.958e-16
05686.54 1.884e-16
05688.28 1.771e-16
05690.02 1.681e-16
05691.76 1.604e-16
05693.50 1.724e-16
05695.23 1.907e-16
05696.97 1.876e-16
05698.71 1.752e-16
05700.45 1.477e-16
05702.19 1.555e-16
05703.93 1.777e-16
05705.66 1.717e-16
05707.40 1.119e-16
05709.14 1.363e-16
05710.88 1.134e-16
05712.62 1.352e-16
05714.36 1.232e-16
05716.09 1.327e-16
05717.83 1.237e-16
05719.57 1.330e-16
05721.31 1.197e-16
05723.05 1.244e-16
05724.79 1.221e-16
05726.52 1.087e-16
05728.26 1.172e-16
05730.00 8.994e-17
05731.74 6.223e-17
05733.48 1.022e-16
05735.22 1.231e-16
05736.95 1.489e-16
05738.69 1.483e-16
05740.43 1.128e-16
05742.17 1.282e-16
05743.91 9.037e-17
05745.65 9.624e-17
05747.38 1.107e-16
05749.12 8.606e-17
05750.86 1.121e-16
05752.60 1.065e-16
05754.34 8.869e-17
05756.08 1.173e-16
05757.81 9.900e-17
05759.55 1.051e-16
05761.29 1.211e-16
05763.03 1.141e-16
05764.77 1.338e-16
05766.51 1.163e-16
05768.24 9.758e-17
05769.98 1.237e-16
05771.72 1.374e-16
05773.46 1.205e-16
05775.20 1.258e-16
05776.94 1.479e-16
05778.67 1.704e-16
05780.41 1.516e-16
05782.15 1.533e-16
05783.89 1.717e-16
05785.63 1.335e-16
05787.37 1.568e-16
05789.10 1.894e-16
05790.84 1.640e-16
05792.58 1.857e-16
05794.32 1.707e-16
05796.06 1.459e-16
05797.79 1.819e-16
05799.53 2.239e-16
05801.27 2.303e-16
05803.01 2.095e-16
05804.75 2.089e-16
05806.49 2.218e-16
05808.22 2.559e-16
05809.96 2.287e-16
05811.70 2.578e-16
05813.44 2.441e-16
05815.18 2.429e-16
05816.92 2.804e-16
05818.65 2.945e-16
05820.39 3.426e-16
05822.13 3.332e-16
05823.87 3.091e-16
05825.61 3.213e-16
05827.35 3.427e-16
05829.08 3.837e-16
05830.82 3.940e-16
05832.56 3.427e-16
05834.30 3.425e-16
05836.04 3.695e-16
05837.78 3.651e-16
05839.51 4.090e-16
05841.25 4.585e-16
05842.99 4.273e-16
05844.73 4.344e-16
05846.47 4.398e-16
05848.21 4.378e-16
05849.94 4.837e-16
05851.68 4.738e-16
05853.42 4.939e-16
05855.16 4.716e-16
05856.90 4.541e-16
05858.64 5.065e-16
05860.37 5.108e-16
05862.11 4.953e-16
05863.85 4.999e-16
05865.59 5.324e-16
05867.33 5.112e-16
05869.07 5.165e-16
05870.80 5.000e-16
05872.54 5.298e-16
05874.28 5.231e-16
05876.02 4.991e-16
05877.76 4.990e-16
05879.50 5.062e-16
05881.23 5.370e-16
05882.97 5.554e-16
05884.71 5.439e-16
05886.45 5.404e-16
05888.19 5.735e-16
05889.93 5.626e-16
05891.66 5.332e-16
05893.40 5.877e-16
05895.14 5.641e-16
05896.88 5.471e-16
05898.62 5.639e-16
05900.35 5.917e-16
05902.09 5.636e-16
05903.83 5.751e-16
05905.57 5.897e-16
05907.31 5.929e-16
05909.05 6.315e-16
05910.78 6.153e-16
05912.52 6.235e-16
05914.26 5.964e-16
05916.00 5.833e-16
05917.74 5.831e-16
05919.48 5.952e-16
05921.21 5.529e-16
05922.95 5.710e-16
05924.69 5.198e-16
05926.43 5.025e-16
05928.17 5.144e-16
05929.91 5.982e-16
05931.64 6.163e-16
05933.38 6.128e-16
05935.12 5.483e-16
05936.86 5.125e-16
05938.60 5.865e-16
05940.34 5.911e-16
05942.07 5.713e-16
05943.81 5.896e-16
05945.55 5.992e-16
05947.29 5.978e-16
05949.03 5.684e-16
05950.77 5.876e-16
05952.50 6.277e-16
05954.24 6.092e-16
05955.98 5.748e-16
05957.72 6.349e-16
05959.46 5.679e-16
05961.20 5.360e-16
05962.93 5.645e-16
05964.67 5.875e-16
05966.41 6.098e-16
05968.15 5.781e-16
05969.89 5.714e-16
05971.63 5.855e-16
05973.36 6.004e-16
05975.10 5.814e-16
05976.84 5.854e-16
05978.58 6.172e-16
05980.32 5.723e-16
05982.06 4.924e-16
05983.79 4.824e-16
05985.53 5.223e-16
05987.27 5.239e-16
05989.01 5.172e-16
05990.75 5.097e-16
05992.49 5.057e-16
05994.22 5.047e-16
05995.96 5.055e-16
05997.70 5.059e-16
05999.44 5.040e-16
06001.18 5.009e-16
06002.92 4.984e-16
06004.65 4.946e-16
06006.39 4.880e-16
06008.13 4.847e-16
06009.87 4.902e-16
06011.61 4.967e-16
06013.34 4.954e-16
06015.08 4.883e-16
06016.82 4.794e-16
06018.56 4.713e-16
06020.30 4.662e-16
06022.04 4.629e-16
06023.77 4.591e-16
06025.51 4.552e-16
06027.25 4.521e-16
06028.99 4.500e-16
06030.73 4.488e-16
06032.47 4.471e-16
06034.20 4.435e-16
06035.94 4.381e-16
06037.68 4.320e-16
06039.42 4.280e-16
06041.16 4.297e-16
06042.90 4.331e-16
06044.63 4.318e-16
06046.37 4.259e-16
06048.11 4.181e-16
06049.85 4.134e-16
06051.59 4.179e-16
06053.33 4.272e-16
06055.06 4.313e-16
06056.80 4.286e-16
06058.54 4.223e-16
06060.28 4.157e-16
06062.02 4.129e-16
06063.76 4.144e-16
06065.49 4.188e-16
06067.23 4.223e-16
06068.97 4.192e-16
06070.71 4.125e-16
06072.45 4.118e-16
06074.19 4.156e-16
06075.92 4.139e-16
06077.66 4.059e-16
06079.40 3.986e-16
06081.14 3.941e-16
06082.88 3.912e-16
06084.62 3.900e-16
06086.35 3.913e-16
06088.09 3.949e-16
06089.83 4.001e-16
06091.57 4.044e-16
06093.31 4.032e-16
06095.05 3.960e-16
06096.78 3.866e-16
06098.52 3.788e-16
06100.26 3.761e-16
06102.00 3.789e-16
06103.74 3.821e-16
06105.48 3.831e-16
06107.21 3.821e-16
06108.95 3.802e-16
06110.69 3.800e-16
06112.43 3.819e-16
06114.17 3.817e-16
06115.90 3.775e-16
06117.64 3.711e-16
06119.38 3.646e-16
06121.12 3.615e-16
06122.86 3.633e-16
06124.60 3.686e-16
06126.33 3.752e-16
06128.07 3.796e-16
06129.81 3.795e-16
06131.55 3.748e-16
06133.29 3.671e-16
06135.03 3.619e-16
06136.76 3.626e-16
06138.50 3.651e-16
06140.24 3.658e-16
06141.98 3.630e-16
06143.72 3.564e-16
06145.46 3.522e-16
06147.19 3.547e-16
06148.93 3.607e-16
06150.67 3.666e-16
06152.41 3.699e-16
06154.15 3.687e-16
06155.89 3.637e-16
06157.62 3.566e-16
06159.36 3.522e-16
06161.10 3.540e-16
06162.84 3.591e-16
06164.58 3.639e-16
06166.32 3.635e-16
06168.05 3.550e-16
06169.79 3.479e-16
06171.53 3.514e-16
06173.27 3.586e-16
06175.01 3.614e-16
06176.75 3.566e-16
06178.48 3.434e-16
06180.22 3.323e-16
06181.96 3.346e-16
06183.70 3.442e-16
06185.44 3.517e-16
06187.18 3.530e-16
06188.91 3.455e-16
06190.65 3.374e-16
06192.39 3.393e-16
06194.13 3.452e-16
06195.87 3.456e-16
06197.61 3.447e-16
06199.34 3.499e-16
06201.08 3.568e-16
06202.82 3.576e-16
06204.56 3.542e-16
06206.30 3.515e-16
06208.04 3.502e-16
06209.77 3.492e-16
06211.51 3.508e-16
06213.25 3.583e-16
06214.99 3.665e-16
06216.73 3.668e-16
06218.46 3.600e-16
06220.20 3.511e-16
06221.94 3.450e-16
06223.68 3.464e-16
06225.42 3.518e-16
06227.16 3.533e-16
06228.89 3.501e-16
06230.63 3.463e-16
06232.37 3.429e-16
06234.11 3.390e-16
06235.85 3.364e-16
06237.59 3.378e-16
06239.32 3.440e-16
06241.06 3.545e-16
06242.80 3.639e-16
06244.54 3.629e-16
06246.28 3.533e-16
06248.02 3.465e-16
06249.75 3.463e-16
06251.49 3.500e-16
06253.23 3.550e-16
06254.97 3.585e-16
06256.71 3.590e-16
06258.45 3.561e-16
06260.18 3.527e-16
06261.92 3.556e-16
06263.66 3.643e-16
06265.40 3.691e-16
06267.14 3.672e-16
06268.88 3.642e-16
06270.61 3.636e-16
06272.35 3.668e-16
06274.09 3.722e-16
06275.83 3.731e-16
06277.57 3.675e-16
06279.31 3.617e-16
06281.04 3.598e-16
06282.78 3.637e-16
06284.52 3.720e-16
06286.26 3.763e-16
06288.00 3.734e-16
06289.74 3.709e-16
06291.47 3.732e-16
06293.21 3.780e-16
06294.95 3.832e-16
06296.69 3.872e-16
06298.43 3.893e-16
06300.17 3.928e-16
06301.90 3.986e-16
06303.64 3.999e-16
06305.38 3.931e-16
06307.12 3.839e-16
06308.86 3.773e-16
06310.60 3.737e-16
06312.33 3.732e-16
06314.07 3.755e-16
06315.81 3.798e-16
06317.55 3.839e-16
06319.29 3.860e-16
06321.02 3.850e-16
06322.76 3.808e-16
06324.50 3.764e-16
06326.24 3.748e-16
06327.98 3.761e-16
06329.72 3.796e-16
06331.45 3.830e-16
06333.19 3.841e-16
06334.93 3.850e-16
06336.67 3.873e-16
06338.41 3.875e-16
06340.15 3.822e-16
06341.88 3.740e-16
06343.62 3.662e-16
06345.36 3.620e-16
06347.10 3.637e-16
06348.84 3.674e-16
06350.58 3.683e-16
06352.31 3.675e-16
06354.05 3.670e-16
06355.79 3.687e-16
06357.53 3.739e-16
06359.27 3.769e-16
06361.01 3.711e-16
06362.74 3.616e-16
06364.48 3.557e-16
06366.22 3.553e-16
06367.96 3.605e-16
06369.70 3.667e-16
06371.44 3.685e-16
06373.17 3.659e-16
06374.91 3.614e-16
06376.65 3.570e-16
06378.39 3.543e-16
06380.13 3.533e-16
06381.87 3.529e-16
06383.60 3.538e-16
06385.34 3.567e-16
06387.08 3.613e-16
06388.82 3.665e-16
06390.56 3.697e-16
06392.30 3.677e-16
06394.03 3.631e-16
06395.77 3.616e-16
06397.51 3.619e-16
06399.25 3.580e-16
06400.99 3.523e-16
06402.73 3.519e-16
06404.46 3.560e-16
06406.20 3.584e-16
06407.94 3.578e-16
06409.68 3.563e-16
06411.42 3.536e-16
06413.16 3.480e-16
06414.89 3.415e-16
06416.63 3.394e-16
06418.37 3.429e-16
06420.11 3.495e-16
06421.85 3.565e-16
06423.58 3.608e-16
06425.32 3.610e-16
06427.06 3.574e-16
06428.80 3.523e-16
06430.54 3.506e-16
06432.28 3.522e-16
06434.01 3.515e-16
06435.75 3.471e-16
06437.49 3.433e-16
06439.23 3.419e-16
06440.97 3.415e-16
06442.71 3.422e-16
06444.44 3.454e-16
06446.18 3.508e-16
06447.92 3.554e-16
06449.66 3.571e-16
06451.40 3.561e-16
06453.14 3.525e-16
06454.87 3.462e-16
06456.61 3.400e-16
06458.35 3.427e-16
06460.09 3.560e-16
06461.83 3.665e-16
06463.57 3.664e-16
06465.30 3.612e-16
06467.04 3.559e-16
06468.78 3.538e-16
06470.52 3.569e-16
06472.26 3.624e-16
06474.00 3.677e-16
06475.73 3.714e-16
06477.47 3.728e-16
06479.21 3.743e-16
06480.95 3.775e-16
06482.69 3.795e-16
06484.43 3.782e-16
06486.16 3.763e-16
06487.90 3.756e-16
06489.64 3.760e-16
06491.38 3.767e-16
06493.12 3.752e-16
06494.86 3.701e-16
06496.59 3.667e-16
06498.33 3.690e-16
06500.07 3.706e-16
06501.81 3.656e-16
06503.55 3.574e-16
06505.29 3.502e-16
06507.02 3.417e-16
06508.76 3.302e-16
06510.50 3.233e-16
06512.24 3.280e-16
06513.98 3.367e-16
06515.72 3.401e-16
06517.45 3.394e-16
06519.19 3.377e-16
06520.93 3.340e-16
06522.67 3.275e-16
06524.41 3.211e-16
06526.14 3.180e-16
06527.88 3.162e-16
06529.62 3.124e-16
06531.36 3.073e-16
06533.10 3.025e-16
06534.84 2.968e-16
06536.57 2.888e-16
06538.31 2.812e-16
06540.05 2.779e-16
06541.79 2.757e-16
06543.53 2.688e-16
06545.27 2.601e-16
06547.00 2.552e-16
06548.74 2.541e-16
06550.48 2.540e-16
06552.22 2.527e-16
06553.96 2.480e-16
06555.70 2.403e-16
06557.43 2.310e-16
06559.17 2.237e-16
06560.91 2.230e-16
06562.65 2.254e-16
06564.39 2.226e-16
06566.13 2.160e-16
06567.86 2.118e-16
06569.60 2.121e-16
06571.34 2.166e-16
06573.08 2.221e-16
06574.82 2.228e-16
06576.56 2.201e-16
06578.29 2.203e-16
06580.03 2.237e-16
06581.77 2.255e-16
06583.51 2.259e-16
06585.25 2.292e-16
06586.99 2.368e-16
06588.72 2.481e-16
06590.46 2.615e-16
06592.20 2.745e-16
06593.94 2.847e-16
06595.68 2.895e-16
06597.42 2.904e-16
06599.15 2.933e-16
06600.89 3.004e-16
06602.63 3.083e-16
06604.37 3.151e-16
06606.11 3.199e-16
06607.85 3.223e-16
06609.58 3.223e-16
06611.32 3.214e-16
06613.06 3.228e-16
06614.80 3.276e-16
06616.54 3.331e-16
06618.28 3.383e-16
06620.01 3.446e-16
06621.75 3.527e-16
06623.49 3.621e-16
06625.23 3.712e-16
06626.97 3.750e-16
06628.71 3.721e-16
06630.44 3.676e-16
06632.18 3.653e-16
06633.92 3.652e-16
06635.66 3.675e-16
06637.40 3.730e-16
06639.13 3.808e-16
06640.87 3.872e-16
06642.61 3.896e-16
06644.35 3.905e-16
06646.09 3.917e-16
06647.83 3.941e-16
06649.56 3.972e-16
06651.30 3.973e-16
06653.04 3.923e-16
06654.78 3.900e-16
06656.52 3.959e-16
06658.26 4.057e-16
06659.99 4.145e-16
06661.73 4.179e-16
06663.47 4.136e-16
06665.21 4.101e-16
06666.95 4.151e-16
06668.69 4.222e-16
06670.42 4.249e-16
06672.16 4.239e-16
06673.90 4.211e-16
06675.64 4.194e-16
06677.38 4.214e-16
06679.12 4.241e-16
06680.85 4.243e-16
06682.59 4.217e-16
06684.33 4.166e-16
06686.07 4.126e-16
06687.81 4.133e-16
06689.55 4.156e-16
06691.28 4.159e-16
06693.02 4.152e-16
06694.76 4.160e-16
06696.50 4.195e-16
06698.24 4.264e-16
06699.98 4.334e-16
06701.71 4.364e-16
06703.45 4.339e-16
06705.19 4.252e-16
06706.93 4.170e-16
06708.67 4.175e-16
06710.41 4.220e-16
06712.14 4.211e-16
06713.88 4.162e-16
06715.62 4.129e-16
06717.36 4.083e-16
06719.10 3.966e-16
06720.84 3.848e-16
06722.57 3.853e-16
06724.31 3.935e-16
06726.05 3.965e-16
06727.79 3.935e-16
06729.53 3.887e-16
06731.27 3.861e-16
06733.00 3.897e-16
06734.74 3.955e-16
06736.48 3.938e-16
06738.22 3.869e-16
06739.96 3.854e-16
06741.69 3.891e-16
06743.43 3.905e-16
06745.17 3.889e-16
06746.91 3.877e-16
06748.65 3.890e-16
06750.39 3.941e-16
06752.12 4.006e-16
06753.86 4.019e-16
06755.60 3.981e-16
06757.34 3.949e-16
06759.08 3.940e-16
06760.82 3.927e-16
06762.55 3.905e-16
06764.29 3.893e-16
06766.03 3.887e-16
06767.77 3.865e-16
06769.51 3.823e-16
06771.25 3.776e-16
06772.98 3.737e-16
06774.72 3.719e-16
06776.46 3.717e-16
06778.20 3.703e-16
06779.94 3.667e-16
06781.68 3.622e-16
06783.41 3.583e-16
06785.15 3.576e-16
06786.89 3.599e-16
06788.63 3.598e-16
06790.37 3.553e-16
06792.11 3.501e-16
06793.84 3.473e-16
06795.58 3.485e-16
06797.32 3.532e-16
06799.06 3.574e-16
06800.80 3.577e-16
06802.54 3.538e-16
06804.27 3.466e-16
06806.01 3.402e-16
06807.75 3.373e-16
06809.49 3.358e-16
06811.23 3.342e-16
06812.97 3.328e-16
06814.70 3.318e-16
06816.44 3.326e-16
06818.18 3.356e-16
06819.92 3.404e-16
06821.66 3.455e-16
06823.40 3.460e-16
06825.13 3.388e-16
06826.87 3.293e-16
06828.61 3.229e-16
06830.35 3.230e-16
06832.09 3.306e-16
06833.83 3.354e-16
06835.56 3.289e-16
06837.30 3.197e-16
06839.04 3.166e-16
06840.78 3.187e-16
06842.52 3.232e-16
06844.25 3.245e-16
06845.99 3.178e-16
06847.73 3.086e-16
06849.47 3.039e-16
06851.21 3.028e-16
06852.95 3.036e-16
06854.68 3.072e-16
06856.42 3.141e-16
06858.16 3.200e-16
06859.90 3.202e-16
06861.64 3.146e-16
06863.38 3.050e-16
06865.11 2.933e-16
06866.85 2.820e-16
06868.59 2.717e-16
06870.33 2.628e-16
06872.07 2.580e-16
06873.81 2.609e-16
06875.54 2.677e-16
06877.28 2.726e-16
06879.02 2.762e-16
06880.76 2.818e-16
06882.50 2.853e-16
06884.24 2.807e-16
06885.97 2.726e-16
06887.71 2.697e-16
06889.45 2.710e-16
06891.19 2.714e-16
06892.93 2.687e-16
06894.67 2.613e-16
06896.40 2.526e-16
06898.14 2.484e-16
06899.88 2.483e-16
06901.62 2.488e-16
06903.36 2.483e-16
06905.10 2.459e-16
06906.83 2.420e-16
06908.57 2.378e-16
06910.31 2.347e-16
06912.05 2.352e-16
06913.79 2.369e-16
06915.53 2.338e-16
06917.26 2.265e-16
06919.00 2.203e-16
06920.74 2.171e-16
06922.48 2.155e-16
06924.22 2.151e-16
06925.96 2.153e-16
06927.69 2.155e-16
06929.43 2.151e-16
06931.17 2.128e-16
06932.91 2.057e-16
06934.65 1.952e-16
06936.39 1.863e-16
06938.12 1.822e-16
06939.86 1.842e-16
06941.60 1.906e-16
06943.34 1.952e-16
06945.08 1.955e-16
06946.81 1.934e-16
06948.55 1.917e-16
06950.29 1.953e-16
06952.03 2.041e-16
06953.77 2.097e-16
06955.51 2.093e-16
06957.24 2.100e-16
06958.98 2.151e-16
06960.72 2.206e-16
06962.46 2.247e-16
06964.20 2.307e-16
06965.94 2.397e-16
06967.67 2.503e-16
06969.41 2.604e-16
06971.15 2.659e-16
06972.89 2.664e-16
06974.63 2.722e-16
06976.37 2.884e-16
06978.10 3.040e-16
06979.84 3.120e-16
06981.58 3.173e-16
06983.32 3.246e-16
06985.06 3.354e-16
06986.80 3.498e-16
06988.53 3.601e-16
06990.27 3.617e-16
06992.01 3.637e-16
06993.75 3.732e-16
06995.49 3.839e-16
06997.23 3.905e-16
06998.96 3.973e-16
07000.70 4.074e-16
07002.44 4.130e-16
07004.18 4.083e-16
07005.92 4.021e-16
07007.66 4.031e-16
07009.39 4.102e-16
07011.13 4.203e-16
07012.87 4.302e-16
07014.61 4.369e-16
07016.35 4.421e-16
07018.09 4.480e-16
07019.82 4.547e-16
07021.56 4.613e-16
07023.30 4.644e-16
07025.04 4.608e-16
07026.78 4.566e-16
07028.52 4.589e-16
07030.25 4.673e-16
07031.99 4.788e-16
07033.73 4.873e-16
07035.47 4.865e-16
07037.21 4.805e-16
07038.95 4.764e-16
07040.68 4.761e-16
07042.42 4.798e-16
07044.16 4.843e-16
07045.90 4.849e-16
07047.64 4.837e-16
07049.37 4.857e-16
07051.11 4.883e-16
07052.85 4.868e-16
07054.59 4.833e-16
07056.33 4.827e-16
07058.07 4.865e-16
07059.80 4.952e-16
07061.54 5.031e-16
07063.28 5.014e-16
07065.02 4.928e-16
07066.76 4.858e-16
07068.50 4.834e-16
07070.23 4.856e-16
07071.97 4.909e-16
07073.71 4.964e-16
07075.45 4.993e-16
07077.19 4.969e-16
07078.93 4.907e-16
07080.66 4.848e-16
07082.40 4.820e-16
07084.14 4.848e-16
07085.88 4.897e-16
07087.62 4.880e-16
07089.36 4.797e-16
07091.09 4.720e-16
07092.83 4.670e-16
07094.57 4.617e-16
07096.31 4.571e-16
07098.05 4.576e-16
07099.79 4.623e-16
07101.52 4.650e-16
07103.26 4.633e-16
07105.00 4.588e-16
07106.74 4.538e-16
07108.48 4.524e-16
07110.22 4.545e-16
07111.95 4.544e-16
07113.69 4.508e-16
07115.43 4.498e-16
07117.17 4.518e-16
07118.91 4.481e-16
07120.65 4.369e-16
07122.38 4.260e-16
07124.12 4.202e-16
07125.86 4.181e-16
07127.60 4.182e-16
07129.34 4.178e-16
07131.08 4.159e-16
07132.81 4.153e-16
07134.55 4.174e-16
07136.29 4.202e-16
07138.03 4.217e-16
07139.77 4.189e-16
07141.51 4.113e-16
07143.24 4.044e-16
07144.98 4.014e-16
07146.72 3.992e-16
07148.46 3.949e-16
07150.20 3.870e-16
07151.93 3.761e-16
07153.67 3.694e-16
07155.41 3.715e-16
07157.15 3.779e-16
07158.89 3.837e-16
07160.63 3.863e-16
07162.36 3.842e-16
07164.10 3.797e-16
07165.84 3.750e-16
07167.58 3.710e-16
07169.32 3.678e-16
07171.06 3.647e-16
07172.79 3.608e-16
07174.53 3.560e-16
07176.27 3.507e-16
07178.01 3.460e-16
07179.75 3.433e-16
07181.49 3.450e-16
07183.22 3.525e-16
07184.96 3.608e-16
07186.70 3.641e-16
07188.44 3.642e-16
07190.18 3.638e-16
07191.92 3.635e-16
07193.65 3.633e-16
07195.39 3.641e-16
07197.13 3.666e-16
07198.87 3.699e-16
07200.61 3.733e-16
07202.35 3.772e-16
07204.08 3.822e-16
07205.82 3.875e-16
07207.56 3.917e-16
07209.30 3.947e-16
07211.04 3.969e-16
07212.78 3.981e-16
07214.51 3.983e-16
07216.25 3.979e-16
07217.99 3.978e-16
07219.73 3.983e-16
07221.47 3.995e-16
07223.21 4.015e-16
07224.94 4.050e-16
07226.68 4.084e-16
07228.42 4.090e-16
07230.16 4.103e-16
07231.90 4.189e-16
07233.64 4.293e-16
07235.37 4.291e-16
07237.11 4.224e-16
07238.85 4.225e-16
07240.59 4.282e-16
07242.33 4.298e-16
07244.07 4.288e-16
07245.80 4.336e-16
07247.54 4.433e-16
07249.28 4.502e-16
07251.02 4.531e-16
07252.76 4.549e-16
07254.49 4.562e-16
07256.23 4.554e-16
07257.97 4.541e-16
07259.71 4.560e-16
07261.45 4.594e-16
07263.19 4.567e-16
07264.92 4.485e-16
07266.66 4.434e-16
07268.40 4.432e-16
07270.14 4.423e-16
07271.88 4.386e-16
07273.62 4.336e-16
07275.35 4.295e-16
07277.09 4.299e-16
07278.83 4.356e-16
07280.57 4.434e-16
07282.31 4.511e-16
07284.05 4.580e-16
07285.78 4.630e-16
07287.52 4.634e-16
07289.26 4.607e-16
07291.00 4.630e-16
07292.74 4.730e-16
07294.48 4.831e-16
07296.21 4.888e-16
07297.95 4.920e-16
07299.69 4.941e-16
07301.43 4.976e-16
07303.17 5.024e-16
07304.91 5.036e-16
07306.64 4.991e-16
07308.38 4.941e-16
07310.12 4.925e-16
07311.86 4.951e-16
07313.60 5.006e-16
07315.34 5.024e-16
07317.07 4.968e-16
07318.81 4.899e-16
07320.55 4.870e-16
07322.29 4.888e-16
07324.03 4.944e-16
07325.77 4.986e-16
07327.50 4.976e-16
07329.24 4.928e-16
07330.98 4.861e-16
07332.72 4.777e-16
07334.46 4.683e-16
07336.20 4.643e-16
07337.93 4.697e-16
07339.67 4.782e-16
07341.41 4.832e-16
07343.15 4.848e-16
07344.89 4.841e-16
07346.63 4.831e-16
07348.36 4.838e-16
07350.10 4.863e-16
07351.84 4.899e-16
07353.58 4.905e-16
07355.32 4.846e-16
07357.06 4.780e-16
07358.79 4.775e-16
07360.53 4.771e-16
07362.27 4.696e-16
07364.01 4.619e-16
07365.75 4.629e-16
07367.48 4.676e-16
07369.22 4.679e-16
07370.96 4.648e-16
07372.70 4.615e-16
07374.44 4.555e-16
07376.18 4.438e-16
07377.91 4.324e-16
07379.65 4.295e-16
07381.39 4.336e-16
07383.13 4.402e-16
07384.87 4.445e-16
07386.61 4.421e-16
07388.34 4.346e-16
07390.08 4.264e-16
07391.82 4.183e-16
07393.56 4.095e-16
07395.30 4.014e-16
07397.04 3.953e-16
07398.77 3.942e-16
07400.51 4.019e-16
07402.25 4.128e-16
07403.99 4.161e-16
07405.73 4.130e-16
07407.47 4.117e-16
07409.20 4.120e-16
07410.94 4.086e-16
07412.68 4.029e-16
07414.42 3.997e-16
07416.16 3.994e-16
07417.90 3.989e-16
07419.63 3.963e-16
07421.37 3.904e-16
07423.11 3.825e-16
07424.85 3.762e-16
07426.59 3.721e-16
07428.33 3.675e-16
07430.06 3.631e-16
07431.80 3.624e-16
07433.54 3.656e-16
07435.28 3.697e-16
07437.02 3.721e-16
07438.76 3.690e-16
07440.49 3.625e-16
07442.23 3.618e-16
07443.97 3.673e-16
07445.71 3.682e-16
07447.45 3.615e-16
07449.19 3.555e-16
07450.92 3.534e-16
07452.66 3.515e-16
07454.40 3.492e-16
07456.14 3.498e-16
07457.88 3.535e-16
07459.62 3.564e-16
07461.35 3.559e-16
07463.09 3.520e-16
07464.83 3.458e-16
07466.57 3.395e-16
07468.31 3.351e-16
07470.04 3.320e-16
07471.78 3.302e-16
07473.52 3.293e-16
07475.26 3.295e-16
07477.00 3.333e-16
07478.74 3.399e-16
07480.47 3.393e-16
07482.21 3.267e-16
07483.95 3.128e-16
07485.69 3.058e-16
07487.43 3.047e-16
07489.17 3.078e-16
07490.90 3.125e-16
07492.64 3.163e-16
07494.38 3.189e-16
07496.12 3.206e-16
07497.86 3.233e-16
07499.60 3.279e-16
07501.33 3.322e-16
07503.07 3.337e-16
07504.81 3.296e-16
07506.55 3.192e-16
07508.29 3.133e-16
07510.03 3.205e-16
07511.76 3.302e-16
07513.50 3.313e-16
07515.24 3.263e-16
07516.98 3.191e-16
07518.72 3.118e-16
07520.46 3.062e-16
07522.19 3.057e-16
07523.93 3.123e-16
07525.67 3.202e-16
07527.41 3.230e-16
07529.15 3.188e-16
07530.89 3.078e-16
07532.62 2.953e-16
07534.36 2.874e-16
07536.10 2.853e-16
07537.84 2.884e-16
07539.58 2.936e-16
07541.32 2.970e-16
07543.05 2.981e-16
07544.79 2.974e-16
07546.53 2.970e-16
07548.27 2.996e-16
07550.01 3.022e-16
07551.75 2.996e-16
07553.48 2.953e-16
07555.22 2.955e-16
07556.96 2.964e-16
07558.70 2.906e-16
07560.44 2.819e-16
07562.18 2.789e-16
07563.91 2.803e-16
07565.65 2.807e-16
07567.39 2.793e-16
07569.13 2.770e-16
07570.87 2.753e-16
07572.60 2.763e-16
07574.34 2.781e-16
07576.08 2.758e-16
07577.82 2.724e-16
07579.56 2.757e-16
07581.30 2.841e-16
07583.03 2.904e-16
07584.77 2.911e-16
07586.51 2.850e-16
07588.25 2.736e-16
07589.99 2.604e-16
07591.73 2.482e-16
07593.46 2.383e-16
07595.20 2.324e-16
07596.94 2.327e-16
07598.68 2.341e-16
07600.42 2.236e-16
07602.16 2.033e-16
07603.89 1.913e-16
07605.63 1.941e-16
07607.37 2.059e-16
07609.11 2.213e-16
07610.85 2.347e-16
07612.59 2.439e-16
07614.32 2.517e-16
07616.06 2.590e-16
07617.80 2.638e-16
07619.54 2.649e-16
07621.28 2.612e-16
07623.02 2.539e-16
07624.75 2.484e-16
07626.49 2.459e-16
07628.23 2.401e-16
07629.97 2.300e-16
07631.71 2.269e-16
07633.45 2.336e-16
07635.18 2.369e-16
07636.92 2.307e-16
07638.66 2.243e-16
07640.40 2.244e-16
07642.14 2.326e-16
07643.88 2.473e-16
07645.61 2.577e-16
07647.35 2.574e-16
07649.09 2.526e-16
07650.83 2.486e-16
07652.57 2.456e-16
07654.31 2.441e-16
07656.04 2.458e-16
07657.78 2.508e-16
07659.52 2.548e-16
07661.26 2.551e-16
07663.00 2.562e-16
07664.74 2.613e-16
07666.47 2.657e-16
07668.21 2.655e-16
07669.95 2.640e-16
07671.69 2.641e-16
07673.43 2.650e-16
07675.16 2.654e-16
07676.90 2.671e-16
07678.64 2.710e-16
07680.38 2.746e-16
07682.12 2.755e-16
07683.86 2.749e-16
07685.59 2.745e-16
07687.33 2.739e-16
07689.07 2.723e-16
07690.81 2.696e-16
07692.55 2.655e-16
07694.29 2.612e-16
07696.02 2.579e-16
07697.76 2.556e-16
07699.50 2.546e-16
07701.24 2.528e-16
07702.98 2.483e-16
07704.72 2.476e-16
07706.45 2.581e-16
07708.19 2.695e-16
07709.93 2.679e-16
07711.67 2.605e-16
07713.41 2.597e-16
07715.15 2.627e-16
07716.88 2.621e-16
07718.62 2.589e-16
07720.36 2.568e-16
07722.10 2.574e-16
07723.84 2.619e-16
07725.58 2.693e-16
07727.31 2.770e-16
07729.05 2.859e-16
07730.79 2.982e-16
07732.53 3.094e-16
07734.27 3.116e-16
07736.01 3.089e-16
07737.74 3.117e-16
07739.48 3.177e-16
07741.22 3.185e-16
07742.96 3.149e-16
07744.70 3.125e-16
07746.44 3.143e-16
07748.17 3.223e-16
07749.91 3.321e-16
07751.65 3.351e-16
07753.39 3.286e-16
07755.13 3.137e-16
07756.87 2.989e-16
07758.60 2.994e-16
07760.34 3.132e-16
07762.08 3.244e-16
07763.82 3.279e-16
07765.56 3.289e-16
07767.30 3.285e-16
07769.03 3.247e-16
07770.77 3.193e-16
07772.51 3.181e-16
07774.25 3.223e-16
07775.99 3.287e-16
07777.72 3.339e-16
07779.46 3.341e-16
07781.20 3.301e-16
07782.94 3.291e-16
07784.68 3.330e-16
07786.42 3.355e-16
07788.15 3.357e-16
07789.89 3.405e-16
07791.63 3.508e-16
07793.37 3.589e-16
07795.11 3.596e-16
07796.85 3.512e-16
07798.58 3.380e-16
07800.32 3.364e-16
07802.06 3.514e-16
07803.80 3.654e-16
07805.54 3.679e-16
07807.28 3.648e-16
07809.01 3.614e-16
07810.75 3.606e-16
07812.49 3.643e-16
07814.23 3.711e-16
07815.97 3.779e-16
07817.71 3.773e-16
07819.44 3.657e-16
07821.18 3.487e-16
07822.92 3.329e-16
07824.66 3.253e-16
07826.40 3.292e-16
07828.14 3.346e-16
07829.87 3.334e-16
07831.61 3.295e-16
07833.35 3.267e-16
07835.09 3.263e-16
07836.83 3.286e-16
07838.57 3.279e-16
07840.30 3.205e-16
07842.04 3.134e-16
07843.78 3.132e-16
07845.52 3.149e-16
07847.26 3.138e-16
07849.00 3.164e-16
07850.73 3.279e-16
07852.47 3.349e-16
07854.21 3.251e-16
07855.95 3.100e-16
07857.69 3.031e-16
07859.43 3.046e-16
07861.16 3.119e-16
07862.90 3.217e-16
07864.64 3.299e-16
07866.38 3.315e-16
07868.12 3.225e-16
07869.86 3.087e-16
07871.59 2.980e-16
07873.33 2.932e-16
07875.07 2.954e-16
07876.81 2.974e-16
07878.55 2.901e-16
07880.28 2.814e-16
07882.02 2.835e-16
07883.76 2.904e-16
07885.50 2.910e-16
07887.24 2.873e-16
07888.98 2.856e-16
07890.71 2.868e-16
07892.45 2.904e-16
07894.19 2.926e-16
07895.93 2.885e-16
07897.67 2.811e-16
07899.41 2.771e-16
07901.14 2.778e-16
07902.88 2.828e-16
07904.62 2.860e-16
07906.36 2.780e-16
07908.10 2.648e-16
07909.84 2.610e-16
07911.57 2.656e-16
07913.31 2.690e-16
07915.05 2.672e-16
07916.79 2.591e-16
07918.53 2.491e-16
07920.27 2.459e-16
07922.00 2.506e-16
07923.74 2.589e-16
07925.48 2.678e-16
07927.22 2.758e-16
07928.96 2.816e-16
07930.70 2.845e-16
07932.43 2.857e-16
07934.17 2.880e-16
07935.91 2.907e-16
07937.65 2.899e-16
07939.39 2.836e-16
07941.13 2.717e-16
07942.86 2.591e-16
07944.60 2.570e-16
07946.34 2.673e-16
07948.08 2.813e-16
07949.82 2.917e-16
07951.56 2.929e-16
07953.29 2.846e-16
07955.03 2.745e-16
07956.77 2.677e-16
07958.51 2.646e-16
07960.25 2.652e-16
07961.99 2.687e-16
07963.72 2.730e-16
07965.46 2.744e-16
07967.20 2.715e-16
07968.94 2.659e-16
07970.68 2.604e-16
07972.42 2.590e-16
07974.15 2.633e-16
07975.89 2.694e-16
07977.63 2.733e-16
07979.37 2.714e-16
07981.11 2.635e-16
07982.84 2.586e-16
07984.58 2.617e-16
07986.32 2.645e-16
07988.06 2.618e-16
07989.80 2.574e-16
07991.54 2.547e-16
07993.27 2.531e-16
07995.01 2.526e-16
07996.75 2.556e-16
07998.49 2.625e-16
08000.23 2.682e-16
08001.97 2.687e-16
08003.70 2.672e-16
08005.44 2.666e-16
08007.18 2.663e-16
08008.92 2.650e-16
08010.66 2.584e-16
08012.40 2.443e-16
08014.13 2.375e-16
08015.87 2.499e-16
08017.61 2.636e-16
08019.35 2.612e-16
08021.09 2.550e-16
08022.83 2.589e-16
08024.56 2.662e-16
08026.30 2.688e-16
08028.04 2.650e-16
08029.78 2.549e-16
08031.52 2.481e-16
08033.26 2.542e-16
08034.99 2.635e-16
08036.73 2.637e-16
08038.47 2.578e-16
08040.21 2.518e-16
08041.95 2.487e-16
08043.69 2.506e-16
08045.42 2.525e-16
08047.16 2.477e-16
08048.90 2.414e-16
08050.64 2.415e-16
08052.38 2.442e-16
08054.12 2.424e-16
08055.85 2.373e-16
08057.59 2.321e-16
08059.33 2.298e-16
08061.07 2.334e-16
08062.81 2.388e-16
08064.55 2.390e-16
08066.28 2.351e-16
08068.02 2.320e-16
08069.76 2.296e-16
08071.50 2.254e-16
08073.24 2.227e-16
08074.98 2.277e-16
08076.71 2.372e-16
08078.45 2.430e-16
08080.19 2.440e-16
08081.93 2.433e-16
08083.67 2.395e-16
08085.41 2.286e-16
08087.14 2.151e-16
08088.88 2.097e-16
08090.62 2.134e-16
08092.36 2.199e-16
08094.10 2.273e-16
08095.83 2.380e-16
08097.57 2.477e-16
08099.31 2.460e-16
08101.05 2.340e-16
08102.79 2.225e-16
08104.53 2.161e-16
08106.26 2.137e-16
08108.00 2.144e-16
08109.74 2.179e-16
08111.48 2.214e-16
08113.22 2.200e-16
08114.96 2.133e-16
08116.69 2.073e-16
08118.43 2.051e-16
08120.17 2.064e-16
08121.91 2.101e-16
08123.65 2.133e-16
08125.39 2.140e-16
08127.12 2.126e-16
08128.86 2.092e-16
08130.60 2.042e-16
08132.34 1.993e-16
08134.08 1.994e-16
08135.82 2.063e-16
08137.55 2.156e-16
08139.29 2.234e-16
08141.03 2.261e-16
08142.77 2.226e-16
08144.51 2.163e-16
08146.25 2.112e-16
08147.98 2.122e-16
08149.72 2.196e-16
08151.46 2.221e-16
08153.20 2.139e-16
08154.94 2.059e-16
08156.68 2.060e-16
08158.41 2.111e-16
08160.15 2.179e-16
08161.89 2.248e-16
08163.63 2.305e-16
08165.37 2.369e-16
08167.11 2.449e-16
08168.84 2.508e-16
08170.58 2.515e-16
08172.32 2.484e-16
08174.06 2.432e-16
08175.80 2.380e-16
08177.54 2.347e-16
08179.27 2.333e-16
08181.01 2.336e-16
08182.75 2.332e-16
08184.49 2.305e-16
08186.23 2.302e-16
08187.97 2.362e-16
08189.70 2.419e-16
08191.44 2.406e-16
08193.18 2.346e-16
08194.92 2.276e-16
08196.66 2.238e-16
08198.39 2.265e-16
08200.13 2.306e-16
08201.87 2.300e-16
08203.61 2.279e-16
08205.35 2.288e-16
08207.09 2.274e-16
08208.82 2.173e-16
08210.56 2.062e-16
08212.30 2.049e-16
08214.04 2.088e-16
08215.78 2.097e-16
08217.52 2.096e-16
08219.25 2.132e-16
08220.99 2.170e-16
08222.73 2.158e-16
08224.47 2.101e-16
08226.21 2.029e-16
08227.95 1.975e-16
08229.68 1.976e-16
08231.42 2.022e-16
08233.16 2.084e-16
08234.90 2.137e-16
08236.64 2.160e-16
08238.38 2.148e-16
08240.11 2.101e-16
08241.85 2.049e-16
08243.59 2.033e-16
08245.33 2.058e-16
08247.07 2.104e-16
08248.81 2.155e-16
08250.54 2.196e-16
08252.28 2.224e-16
08254.02 2.249e-16
08255.76 2.268e-16
08257.50 2.275e-16
08259.24 2.273e-16
08260.97 2.280e-16
08262.71 2.292e-16
08264.45 2.291e-16
08266.19 2.272e-16
08267.93 2.244e-16
08269.67 2.211e-16
08271.40 2.175e-16
08273.14 2.136e-16
08274.88 2.083e-16
08276.62 2.023e-16
08278.36 1.976e-16
08280.10 1.944e-16
08281.83 1.891e-16
08283.57 1.844e-16
08285.31 1.910e-16
08287.05 2.064e-16
08288.79 2.096e-16
08290.53 1.972e-16
08292.26 1.919e-16
08294.00 2.003e-16
08295.74 2.050e-16
08297.48 1.990e-16
08299.22 1.924e-16
08300.95 1.900e-16
08302.69 1.883e-16
08304.43 1.857e-16
08306.17 1.834e-16
08307.91 1.824e-16
08309.65 1.850e-16
08311.38 1.902e-16
08313.12 1.897e-16
08314.86 1.806e-16
08316.60 1.734e-16
08318.34 1.743e-16
08320.08 1.778e-16
08321.81 1.790e-16
08323.55 1.758e-16
08325.29 1.678e-16
08327.03 1.595e-16
08328.77 1.541e-16
08330.51 1.487e-16
08332.24 1.410e-16
08333.98 1.335e-16
08335.72 1.280e-16
08337.46 1.241e-16
08339.20 1.210e-16
08340.94 1.149e-16
08342.67 1.040e-16
08344.41 1.012e-16
08346.15 1.151e-16
08347.89 1.262e-16
08349.63 1.180e-16
08351.37 1.034e-16
08353.10 9.685e-17
08354.84 1.019e-16
08356.58 1.188e-16
08358.32 1.330e-16
08360.06 1.308e-16
08361.80 1.204e-16
08363.53 1.130e-16
08365.27 1.088e-16
08367.01 1.068e-16
08368.75 1.045e-16
08370.49 9.965e-17
08372.23 9.394e-17
08373.96 8.991e-17
08375.70 8.864e-17
08377.44 9.076e-17
08379.18 9.156e-17
08380.92 8.558e-17
08382.66 7.965e-17
08384.39 8.313e-17
08386.13 9.300e-17
08387.87 1.027e-16
08389.61 1.070e-16
08391.35 1.012e-16
08393.09 9.144e-17
08394.82 8.773e-17
08396.56 9.130e-17
08398.30 9.995e-17
08400.04 1.101e-16
08401.78 1.171e-16
08403.51 1.224e-16
08405.25 1.299e-16
08406.99 1.364e-16
08408.73 1.350e-16
08410.47 1.275e-16
08412.21 1.195e-16
08413.94 1.148e-16
08415.68 1.161e-16
08417.42 1.205e-16
08419.16 1.222e-16
08420.90 1.194e-16
08422.64 1.124e-16
08424.37 1.068e-16
08426.11 1.119e-16
08427.85 1.260e-16
08429.59 1.396e-16
08431.33 1.472e-16
08433.07 1.464e-16
08434.80 1.406e-16
08436.54 1.386e-16
08438.28 1.429e-16
08440.02 1.498e-16
08441.76 1.582e-16
08443.50 1.699e-16
08445.23 1.827e-16
08446.97 1.895e-16
08448.71 1.904e-16
08450.45 1.939e-16
08452.19 2.011e-16
08453.93 2.033e-16
08455.66 2.003e-16
08457.40 2.030e-16
08459.14 2.145e-16
08460.88 2.275e-16
08462.62 2.370e-16
08464.36 2.426e-16
08466.09 2.439e-16
08467.83 2.415e-16
08469.57 2.371e-16
08471.31 2.340e-16
08473.05 2.345e-16
08474.79 2.396e-16
08476.52 2.479e-16
08478.26 2.539e-16
08480.00 2.548e-16
08481.74 2.542e-16
08483.48 2.552e-16
08485.22 2.611e-16
08486.95 2.715e-16
08488.69 2.770e-16
08490.43 2.715e-16
08492.17 2.579e-16
08493.91 2.416e-16
08495.65 2.336e-16
08497.38 2.399e-16
08499.12 2.495e-16
08500.86 2.531e-16
08502.60 2.521e-16
08504.34 2.487e-16
08506.07 2.474e-16
08507.81 2.512e-16
08509.55 2.547e-16
08511.29 2.533e-16
08513.03 2.490e-16
08514.77 2.445e-16
08516.50 2.445e-16
08518.24 2.518e-16
08519.98 2.582e-16
08521.72 2.559e-16
08523.46 2.514e-16
08525.20 2.519e-16
08526.93 2.571e-16
08528.67 2.654e-16
08530.41 2.753e-16
08532.15 2.846e-16
08533.89 2.931e-16
08535.63 3.008e-16
08537.36 3.062e-16
08539.10 3.081e-16
08540.84 3.070e-16
08542.58 3.044e-16
08544.32 3.037e-16
08546.06 3.086e-16
08547.79 3.183e-16
08549.53 3.312e-16
08551.27 3.391e-16
08553.01 3.335e-16
08554.75 3.226e-16
08556.49 3.193e-16
08558.22 3.253e-16
08559.96 3.387e-16
08561.70 3.508e-16
08563.44 3.503e-16
08565.18 3.445e-16
08566.92 3.483e-16
08568.65 3.587e-16
08570.39 3.655e-16
08572.13 3.694e-16
08573.87 3.755e-16
08575.61 3.813e-16
08577.35 3.814e-16
08579.08 3.793e-16
08580.82 3.832e-16
08582.56 3.942e-16
08584.30 4.097e-16
08586.04 4.240e-16
08587.78 4.290e-16
08589.51 4.255e-16
08591.25 4.205e-16
08592.99 4.180e-16
08594.73 4.201e-16
08596.47 4.280e-16
08598.21 4.414e-16
08599.94 4.580e-16
08601.68 4.748e-16
08603.42 4.869e-16
08605.16 4.870e-16
08606.90 4.812e-16
08608.63 4.882e-16
08610.37 5.086e-16
08612.11 5.242e-16
08613.85 5.295e-16
08615.59 5.311e-16
08617.33 5.350e-16
08619.06 5.480e-16
08620.80 5.683e-16
08622.54 5.820e-16
08624.28 5.858e-16
08626.02 5.915e-16
08627.76 6.017e-16
08629.49 6.060e-16
08631.23 6.027e-16
08632.97 6.034e-16
08634.71 6.126e-16
08636.45 6.238e-16
08638.19 6.321e-16
08639.92 6.361e-16
08641.66 6.357e-16
08643.40 6.340e-16
08645.14 6.332e-16
08646.88 6.334e-16
08648.62 6.344e-16
08650.35 6.339e-16
08652.09 6.329e-16
08653.83 6.400e-16
08655.57 6.580e-16
08657.31 6.750e-16
08659.05 6.811e-16
08660.78 6.725e-16
08662.52 6.513e-16
08664.26 6.372e-16
08666.00 6.427e-16
08667.74 6.532e-16
08669.48 6.567e-16
08671.21 6.598e-16
08672.95 6.670e-16
08674.69 6.700e-16
08676.43 6.635e-16
08678.17 6.591e-16
08679.91 6.657e-16
08681.64 6.728e-16
08683.38 6.716e-16
08685.12 6.751e-16
08686.86 6.936e-16
08688.60 7.088e-16
08690.34 7.044e-16
08692.07 6.969e-16
08693.81 7.036e-16
08695.55 7.187e-16
08697.29 7.341e-16
08699.03 7.472e-16
08700.77 7.562e-16
08702.50 7.607e-16
08704.24 7.609e-16
08705.98 7.593e-16
08707.72 7.584e-16
08709.46 7.588e-16
08711.19 7.600e-16
08712.93 7.625e-16
08714.67 7.670e-16
08716.41 7.662e-16
08718.15 7.525e-16
08719.89 7.357e-16
08721.62 7.300e-16
08723.36 7.325e-16
08725.10 7.353e-16
08726.84 7.344e-16
08728.58 7.273e-16
08730.32 7.168e-16
08732.05 7.077e-16
08733.79 7.017e-16
08735.53 6.992e-16
08737.27 6.947e-16
08739.01 6.803e-16
08740.75 6.610e-16
08742.48 6.478e-16
08744.22 6.426e-16
08745.96 6.436e-16
08747.70 6.456e-16
08749.44 6.415e-16
08751.18 6.341e-16
08752.91 6.315e-16
08754.65 6.341e-16
08756.39 6.378e-16
08758.13 6.381e-16
08759.87 6.295e-16
08761.61 6.153e-16
08763.34 6.054e-16
08765.08 6.013e-16
08766.82 5.996e-16
08768.56 5.943e-16
08770.30 5.755e-16
08772.04 5.531e-16
08773.77 5.558e-16
08775.51 5.804e-16
08777.25 5.933e-16
08778.99 5.858e-16
08780.73 5.738e-16
08782.47 5.676e-16
08784.20 5.744e-16
08785.94 5.897e-16
08787.68 5.928e-16
08789.42 5.803e-16
08791.16 5.709e-16
08792.90 5.703e-16
08794.63 5.658e-16
08796.37 5.540e-16
08798.11 5.446e-16
08799.85 5.405e-16
08801.59 5.347e-16
08803.33 5.247e-16
08805.06 5.151e-16
08806.80 5.082e-16
08808.54 5.026e-16
08810.28 4.966e-16
08812.02 4.870e-16
08813.76 4.726e-16
08815.49 4.541e-16
08817.23 4.362e-16
08818.97 4.342e-16
08820.71 4.523e-16
08822.45 4.686e-16
08824.18 4.669e-16
08825.92 4.467e-16
08827.66 4.141e-16
08829.40 3.929e-16
08831.14 3.981e-16
08832.88 4.132e-16
08834.61 4.226e-16
08836.35 4.188e-16
08838.09 4.005e-16
08839.83 3.887e-16
08841.57 3.986e-16
08843.31 4.138e-16
08845.04 4.191e-16
08846.78 4.150e-16
08848.52 4.046e-16
08850.26 3.988e-16
08852.00 4.057e-16
08853.74 4.116e-16
08855.47 4.036e-16
08857.21 3.879e-16
08858.95 3.730e-16
08860.69 3.665e-16
08862.43 3.742e-16
08864.17 3.846e-16
08865.90 3.855e-16
08867.64 3.849e-16
08869.38 3.923e-16
08871.12 4.029e-16
08872.86 4.099e-16
08874.60 4.106e-16
08876.33 4.037e-16
08878.07 3.950e-16
08879.81 3.914e-16
08881.55 3.926e-16
08883.29 3.960e-16
08885.03 4.001e-16
08886.76 4.034e-16
08888.50 4.032e-16
08890.24 3.972e-16
08891.98 3.854e-16
08893.72 3.689e-16
08895.46 3.529e-16
08897.19 3.432e-16
08898.93 3.419e-16
08900.67 3.491e-16
08902.41 3.584e-16
08904.15 3.605e-16
08905.89 3.565e-16
08907.62 3.522e-16
08909.36 3.482e-16
08911.10 3.434e-16
08912.84 3.384e-16
08914.58 3.347e-16
08916.32 3.297e-16
08918.05 3.191e-16
08919.79 3.048e-16
08921.53 2.917e-16
08923.27 2.854e-16
08925.01 2.931e-16
08926.74 3.049e-16
08928.48 2.987e-16
08930.22 2.810e-16
08931.96 2.796e-16
08933.70 2.942e-16
08935.44 3.026e-16
08937.17 3.019e-16
08938.91 3.038e-16
08940.65 3.089e-16
08942.39 3.082e-16
08944.13 3.032e-16
08945.87 3.053e-16
08947.60 3.150e-16
08949.34 3.216e-16
08951.08 3.224e-16
08952.82 3.225e-16
08954.56 3.245e-16
08956.30 3.286e-16
08958.03 3.346e-16
08959.77 3.420e-16
08961.51 3.491e-16
08963.25 3.528e-16
08964.99 3.510e-16
08966.73 3.423e-16
08968.46 3.285e-16
08970.20 3.158e-16
08971.94 3.082e-16
08973.68 3.063e-16
08975.42 3.083e-16
08977.16 3.076e-16
08978.89 3.004e-16
08980.63 2.888e-16
08982.37 2.770e-16
08984.11 2.753e-16
08985.85 2.864e-16
08987.59 2.930e-16
08989.32 2.869e-16
08991.06 2.853e-16
08992.80 2.957e-16
08994.54 2.954e-16
08996.28 2.740e-16
08998.02 2.584e-16
08999.75 2.651e-16
09001.49 2.750e-16
09003.23 2.735e-16
09004.97 2.658e-16
09006.71 2.574e-16
09008.45 2.523e-16
09010.18 2.536e-16
09011.92 2.581e-16
09013.66 2.624e-16
09015.40 2.683e-16
09017.14 2.763e-16
09018.88 2.787e-16
09020.61 2.704e-16
09022.35 2.616e-16
09024.09 2.621e-16
09025.83 2.675e-16
09027.57 2.725e-16
09029.30 2.763e-16
09031.04 2.786e-16
09032.78 2.776e-16
09034.52 2.724e-16
09036.26 2.709e-16
09038.00 2.803e-16
09039.73 2.922e-16
09041.47 2.958e-16
09043.21 2.958e-16
09044.95 2.990e-16
09046.69 2.989e-16
09048.43 2.879e-16
09050.16 2.756e-16
09051.90 2.745e-16
09053.64 2.796e-16
09055.38 2.816e-16
09057.12 2.795e-16
09058.86 2.745e-16
09060.59 2.682e-16
09062.33 2.630e-16
09064.07 2.614e-16
09065.81 2.660e-16
09067.55 2.736e-16
09069.29 2.786e-16
09071.02 2.828e-16
09072.76 2.907e-16
09074.50 2.984e-16
09076.24 2.984e-16
09077.98 2.935e-16
09079.72 2.904e-16
09081.45 2.891e-16
09083.19 2.867e-16
09084.93 2.795e-16
09086.67 2.626e-16
09088.41 2.464e-16
09090.15 2.503e-16
09091.88 2.651e-16
09093.62 2.627e-16
09095.36 2.453e-16
09097.10 2.347e-16
09098.84 2.363e-16
09100.58 2.441e-16
09102.31 2.542e-16
09104.05 2.629e-16
09105.79 2.681e-16
09107.53 2.700e-16
09109.27 2.688e-16
09111.01 2.637e-16
09112.74 2.591e-16
09114.48 2.645e-16
09116.22 2.770e-16
09117.96 2.801e-16
09119.70 2.715e-16
09121.44 2.644e-16
09123.17 2.636e-16
09124.91 2.646e-16
09126.65 2.647e-16
09128.39 2.630e-16
09130.13 2.600e-16
09131.86 2.597e-16
09133.60 2.627e-16
09135.34 2.638e-16
09137.08 2.624e-16
09138.82 2.643e-16
09140.56 2.724e-16
09142.29 2.854e-16
09144.03 2.977e-16
09145.77 2.935e-16
09147.51 2.691e-16
09149.25 2.445e-16
09150.99 2.316e-16
09152.72 2.231e-16
09154.46 2.159e-16
09156.20 2.178e-16
09157.94 2.312e-16
09159.68 2.472e-16
09161.42 2.579e-16
09163.15 2.575e-16
09164.89 2.453e-16
09166.63 2.369e-16
09168.37 2.418e-16
09170.11 2.461e-16
09171.85 2.402e-16
09173.58 2.338e-16
09175.32 2.341e-16
09177.06 2.385e-16
09178.80 2.433e-16
09180.54 2.406e-16
09182.28 2.266e-16
09184.01 2.206e-16
09185.75 2.370e-16
09187.49 2.546e-16
09189.23 2.540e-16
09190.97 2.446e-16
09192.71 2.377e-16
09194.44 2.372e-16
09196.18 2.447e-16
09197.92 2.512e-16
09199.66 2.478e-16
09201.40 2.426e-16
09203.14 2.450e-16
09204.87 2.518e-16
09206.61 2.583e-16
09208.35 2.640e-16
09210.09 2.689e-16
09211.83 2.730e-16
09213.57 2.762e-16
09215.30 2.772e-16
09217.04 2.751e-16
09218.78 2.706e-16
09220.52 2.650e-16
09222.26 2.618e-16
09224.00 2.645e-16
09225.73 2.716e-16
09227.47 2.798e-16
09229.21 2.841e-16
09230.95 2.792e-16
09232.69 2.694e-16
09234.42 2.619e-16
09236.16 2.616e-16
09237.90 2.723e-16
09239.64 2.865e-16
09241.38 2.926e-16
09243.12 2.882e-16
09244.85 2.753e-16
09246.59 2.618e-16
09248.33 2.578e-16
09250.07 2.651e-16
09251.81 2.811e-16
09253.55 2.968e-16
09255.28 2.995e-16
09257.02 2.920e-16
09258.76 2.877e-16
09260.50 2.862e-16
09262.24 2.779e-16
09263.98 2.692e-16
09265.71 2.777e-16
09267.45 2.966e-16
09269.19 3.013e-16
09270.93 2.913e-16
09272.67 2.847e-16
09274.41 2.864e-16
09276.14 2.914e-16
09277.88 2.961e-16
09279.62 2.974e-16
09281.36 2.932e-16
09283.10 2.824e-16
09284.84 2.712e-16
09286.57 2.735e-16
09288.31 2.902e-16
09290.05 3.069e-16
09291.79 3.177e-16
09293.53 3.272e-16
09295.27 3.364e-16
09297.00 3.413e-16
09298.74 3.461e-16
09300.48 3.669e-16
09302.22 4.020e-16
09303.96 4.226e-16
09305.70 4.169e-16
09307.43 3.998e-16
09309.17 3.854e-16
09310.91 3.869e-16
09312.65 4.103e-16
09314.39 4.494e-16
09316.13 4.911e-16
09317.86 5.113e-16
09319.60 4.973e-16
09321.34 4.579e-16
09323.08 4.121e-16
09324.82 4.023e-16
09326.56 4.437e-16
09328.29 4.793e-16
09330.03 4.726e-16
09331.77 4.522e-16
09333.51 4.394e-16
09335.25 4.288e-16
09336.98 4.167e-16
09338.72 4.028e-16
09340.46 3.870e-16
09342.20 3.703e-16
09343.94 3.558e-16
09345.68 3.543e-16
09347.41 3.719e-16
09349.15 3.932e-16
09350.89 4.049e-16
09352.63 4.126e-16
09354.37 4.221e-16
09356.11 4.355e-16
09357.84 4.525e-16
09359.58 4.559e-16
09361.32 4.329e-16
09363.06 4.115e-16
09364.80 4.177e-16
09366.54 4.266e-16
09368.27 4.119e-16
09370.01 3.947e-16
09371.75 3.981e-16
09373.49 3.968e-16
09375.23 3.637e-16
09376.97 3.181e-16
09378.70 2.855e-16
09380.44 2.756e-16
09382.18 2.924e-16
09383.92 3.170e-16
09385.66 3.261e-16
09387.40 3.237e-16
09389.13 3.205e-16
09390.87 3.217e-16
09392.61 3.313e-16
09394.35 3.390e-16
09396.09 3.306e-16
09397.83 3.184e-16
09399.56 3.223e-16
09401.30 3.307e-16
09403.04 3.222e-16
09404.78 3.045e-16
09406.52 2.959e-16
09408.26 2.965e-16
09409.99 2.995e-16
09411.73 3.071e-16
09413.47 3.237e-16
09415.21 3.450e-16
09416.95 3.624e-16
09418.69 3.723e-16
09420.42 3.739e-16
09422.16 3.666e-16
09423.90 3.497e-16
09425.64 3.342e-16
09427.38 3.368e-16
09429.12 3.546e-16
09430.85 3.730e-16
09432.59 3.760e-16
09434.33 3.463e-16
09436.07 2.988e-16
09437.81 2.716e-16
09439.54 2.783e-16
09441.28 3.151e-16
09443.02 3.536e-16
09444.76 3.419e-16
09446.50 2.860e-16
09448.24 2.474e-16
09449.97 2.418e-16
09451.71 2.401e-16
09453.45 2.361e-16
09455.19 2.451e-16
09456.93 2.689e-16
09458.67 2.977e-16
09460.40 3.220e-16
09462.14 3.317e-16
09463.88 3.274e-16
09465.62 3.251e-16
09467.36 3.318e-16
09469.10 3.428e-16
09470.83 3.516e-16
09472.57 3.473e-16
09474.31 3.314e-16
09476.05 3.264e-16
09477.79 3.439e-16
09479.53 3.793e-16
09481.26 4.181e-16
09483.00 4.252e-16
09484.74 3.882e-16
09486.48 3.414e-16
09488.22 3.091e-16
09489.96 2.902e-16
09491.69 2.840e-16
09493.43 2.901e-16
09495.17 3.053e-16
09496.91 3.229e-16
09498.65 3.367e-16
09500.39 3.409e-16
09502.12 3.350e-16
09503.86 3.349e-16
09505.60 3.491e-16
09507.34 3.586e-16
09509.08 3.500e-16
09510.82 3.315e-16
09512.55 3.138e-16
09514.29 3.165e-16
09516.03 3.488e-16
09517.77 3.747e-16
09519.51 3.639e-16
09521.25 3.285e-16
09522.98 2.852e-16
09524.72 2.461e-16
09526.46 2.221e-16
09528.20 2.163e-16
09529.94 2.276e-16
09531.68 2.500e-16
09533.41 2.754e-16
09535.15 2.911e-16
09536.89 2.876e-16
09538.63 2.752e-16
09540.37 2.671e-16
09542.11 2.654e-16
09543.84 2.698e-16
09545.58 2.697e-16
09547.32 2.543e-16
09549.06 2.381e-16
09550.80 2.389e-16
09552.53 2.521e-16
09554.27 2.672e-16
09556.01 2.858e-16
09557.75 3.112e-16
09559.49 3.215e-16
09561.23 2.918e-16
09562.96 2.478e-16
09564.70 2.288e-16
09566.44 2.316e-16
09568.18 2.394e-16
09569.92 2.435e-16
09571.66 2.370e-16
09573.39 2.259e-16
09575.13 2.209e-16
09576.87 2.246e-16
09578.61 2.356e-16
09580.35 2.469e-16
09582.09 2.489e-16
09583.82 2.436e-16
09585.56 2.395e-16
09587.30 2.370e-16
09589.04 2.329e-16
09590.78 2.285e-16
09592.52 2.277e-16
09594.25 2.293e-16
09595.99 2.286e-16
09597.73 2.302e-16
09599.47 2.456e-16
09601.21 2.666e-16
09602.95 2.715e-16
09604.68 2.628e-16
09606.42 2.611e-16
09608.16 2.692e-16
09609.90 2.771e-16
09611.64 2.780e-16
09613.38 2.666e-16
09615.11 2.474e-16
09616.85 2.341e-16
09618.59 2.342e-16
09620.33 2.486e-16
09622.07 2.721e-16
09623.81 2.923e-16
09625.54 3.002e-16
09627.28 2.898e-16
09629.02 2.660e-16
09630.76 2.458e-16
09632.50 2.395e-16
09634.24 2.493e-16
09635.97 2.658e-16
09637.71 2.607e-16
09639.45 2.311e-16
09641.19 2.158e-16
09642.93 2.269e-16
09644.67 2.313e-16
09646.40 2.161e-16
09648.14 2.031e-16
09649.88 2.045e-16
09651.62 2.168e-16
09653.36 2.347e-16
09655.09 2.469e-16
09656.83 2.477e-16
09658.57 2.449e-16
09660.31 2.438e-16
09662.05 2.419e-16
09663.79 2.391e-16
09665.52 2.421e-16
09667.26 2.544e-16
09669.00 2.738e-16
09670.74 2.943e-16
09672.48 2.989e-16
09674.22 2.787e-16
09675.95 2.510e-16
09677.69 2.321e-16
09679.43 2.291e-16
09681.17 2.437e-16
09682.91 2.608e-16
09684.65 2.667e-16
09686.38 2.654e-16
09688.12 2.617e-16
09689.86 2.542e-16
09691.60 2.430e-16
09693.34 2.357e-16
09695.08 2.382e-16
09696.81 2.472e-16
09698.55 2.577e-16
09700.29 2.617e-16
09702.03 2.534e-16
09703.77 2.479e-16
09705.51 2.598e-16
09707.24 2.726e-16
09708.98 2.681e-16
09710.72 2.630e-16
09712.46 2.764e-16
09714.20 2.876e-16
09715.94 2.722e-16
09717.67 2.506e-16
09719.41 2.494e-16
09721.15 2.486e-16
09722.89 2.211e-16
09724.63 1.884e-16
09726.37 1.811e-16
09728.10 1.967e-16
09729.84 2.233e-16
09731.58 2.441e-16
09733.32 2.413e-16
09735.06 2.235e-16
09736.80 2.081e-16
09738.53 2.016e-16
09740.27 2.063e-16
09742.01 2.167e-16
09743.75 2.231e-16
09745.49 2.256e-16
09747.23 2.288e-16
09748.96 2.320e-16
09750.70 2.330e-16
09752.44 2.316e-16
09754.18 2.280e-16
09755.92 2.243e-16
09757.65 2.229e-16
09759.39 2.262e-16
09761.13 2.368e-16
09762.87 2.476e-16
09764.61 2.454e-16
09766.35 2.321e-16
09768.08 2.184e-16
09769.82 2.123e-16
09771.56 2.209e-16
09773.30 2.364e-16
09775.04 2.386e-16
09776.78 2.306e-16
09778.51 2.353e-16
09780.25 2.498e-16
09781.99 2.480e-16
09783.73 2.329e-16
09785.47 2.343e-16
09787.21 2.557e-16
09788.94 2.764e-16
09790.68 2.856e-16
09792.42 2.811e-16
09794.16 2.674e-16
09795.90 2.582e-16
09797.64 2.591e-16
09799.37 2.656e-16
09801.11 2.719e-16
09802.85 2.697e-16
09804.59 2.588e-16
09806.33 2.511e-16
09808.07 2.537e-16
09809.80 2.690e-16
09811.54 2.893e-16
09813.28 2.855e-16
09815.02 2.552e-16
09816.76 2.471e-16
09818.50 2.742e-16
09820.23 2.780e-16
09821.97 2.339e-16
09823.71 1.889e-16
09825.45 1.702e-16
09827.19 1.596e-16
09828.93 1.479e-16
09830.66 1.465e-16
09832.40 1.601e-16
09834.14 1.818e-16
09835.88 2.034e-16
09837.62 2.130e-16
09839.36 2.058e-16
09841.09 1.980e-16
09842.83 2.020e-16
09844.57 2.143e-16
09846.31 2.301e-16
09848.05 2.415e-16
09849.79 2.444e-16
09851.52 2.526e-16
09853.26 2.755e-16
09855.00 2.991e-16
09856.74 3.098e-16
09858.48 3.024e-16
09860.21 2.767e-16
09861.95 2.518e-16
09863.69 2.455e-16
09865.43 2.536e-16
09867.17 2.690e-16
09868.91 2.892e-16
09870.64 3.105e-16
09872.38 3.298e-16
09874.12 3.433e-16
09875.86 3.327e-16
09877.60 2.844e-16
09879.34 2.295e-16
09881.07 2.035e-16
09882.81 2.108e-16
09884.55 2.470e-16
09886.29 2.802e-16
09888.03 2.758e-16
09889.77 2.654e-16
09891.50 2.922e-16
09893.24 3.299e-16
09894.98 3.381e-16
09896.72 3.167e-16
09898.46 2.765e-16
09900.20 2.458e-16
09901.93 2.559e-16
09903.67 2.870e-16
09905.41 3.025e-16
09907.15 2.905e-16
09908.89 2.491e-16
09910.63 2.004e-16
09912.36 1.761e-16
09914.10 1.803e-16
09915.84 2.043e-16
09917.58 2.354e-16
09919.32 2.580e-16
09921.06 2.676e-16
09922.79 2.658e-16
09924.53 2.555e-16
09926.27 2.412e-16
09928.01 2.260e-16
09929.75 2.114e-16
09931.49 2.075e-16
09933.22 2.307e-16
09934.96 2.687e-16
09936.70 2.902e-16
09938.44 2.955e-16
09940.18 3.064e-16
09941.92 3.240e-16
09943.65 3.383e-16
09945.39 3.275e-16
09947.13 2.565e-16
09948.87 1.525e-16
09950.61 9.763e-17
09952.35 1.115e-16
09954.08 1.568e-16
09955.82 2.033e-16
09957.56 2.248e-16
09959.30 2.193e-16
09961.04 2.149e-16
09962.77 2.241e-16
09964.51 2.406e-16
09966.25 2.567e-16
09967.99 2.598e-16
09969.73 2.485e-16
09971.47 2.369e-16
09973.20 2.331e-16
09974.94 2.378e-16
09976.68 2.474e-16
09978.42 2.512e-16
09980.16 2.455e-16
09981.90 2.383e-16
09983.63 2.374e-16
09985.37 2.523e-16
09987.11 2.824e-16
09988.85 3.068e-16
09990.59 3.138e-16
09992.33 3.096e-16
09994.06 3.026e-16
09995.80 3.087e-16
09997.54 3.303e-16
09999.28 3.336e-16
10001.02 3.006e-16
10002.76 2.527e-16
10004.49 2.143e-16
10006.23 2.172e-16
10007.97 2.733e-16
10009.71 3.390e-16
10011.45 3.736e-16
10013.19 3.538e-16
10014.92 2.779e-16
10016.66 2.148e-16
10018.40 2.178e-16
10020.14 2.587e-16
10021.88 3.030e-16
10023.62 3.228e-16
10025.35 2.990e-16
10027.09 2.514e-16
10028.83 2.048e-16
10030.57 1.848e-16
10032.31 2.069e-16
10034.05 2.247e-16
10035.78 1.962e-16
10037.52 1.529e-16
10039.26 1.315e-16
10041.00 1.392e-16
10042.74 1.749e-16
10044.48 2.086e-16
10046.21 2.096e-16
10047.95 1.930e-16
10049.69 1.806e-16
10051.43 1.811e-16
10053.17 1.990e-16
10054.91 2.089e-16
10056.64 1.824e-16
10058.38 1.501e-16
10060.12 1.522e-16
10061.86 1.778e-16
10063.60 2.037e-16
10065.33 2.160e-16
10067.07 2.043e-16
10068.81 1.860e-16
10070.55 1.869e-16
10072.29 1.950e-16
10074.03 1.869e-16
10075.76 1.626e-16
10077.50 1.301e-16
10079.24 1.019e-16
10080.98 9.247e-17
10082.72 9.677e-17
10084.46 1.007e-16
10086.19 1.050e-16
10087.93 1.174e-16
10089.67 1.297e-16
10091.41 1.249e-16
10093.15 1.220e-16
10094.89 1.602e-16
10096.62 2.136e-16
10098.36 2.193e-16
10100.10 1.852e-16
10101.84 1.623e-16
10103.58 1.570e-16
10105.32 1.476e-16
10107.05 1.341e-16
10108.79 1.309e-16
10110.53 1.303e-16
10112.27 1.084e-16
10114.01 7.303e-17
10115.75 5.615e-17
10117.48 6.926e-17
10119.22 1.068e-16
10120.96 1.546e-16
10122.70 1.905e-16
10124.44 2.017e-16
10126.18 1.854e-16
10127.91 1.550e-16
10129.65 1.433e-16
10131.39 1.539e-16
10133.13 1.525e-16
10134.87 1.351e-16
10136.61 1.360e-16
10138.34 1.641e-16
10140.08 2.011e-16
10141.82 2.209e-16
10143.56 1.796e-16
10145.30 8.648e-17
10147.04 3.524e-17
10148.77 6.902e-17
10150.51 1.481e-16
10152.25 2.288e-16
10153.99 2.576e-16
10155.73 2.177e-16
10157.47 1.687e-16
10159.20 1.513e-16
10160.94 1.627e-16
10162.68 1.921e-16
10164.42 2.101e-16
10166.16 1.996e-16
10167.89 1.778e-16
10169.63 1.614e-16
10171.37 1.651e-16
10173.11 1.895e-16
10174.85 1.879e-16
10176.59 1.359e-16
10178.32 8.452e-17
10180.06 7.194e-17
10181.80 7.899e-17
10183.54 8.921e-17
10185.28 1.104e-16
10187.02 1.445e-16
10188.75 1.676e-16
10190.49 1.640e-16
10192.23 1.659e-16
10193.97 1.943e-16
10195.71 1.721e-16
10197.45 4.858e-17
10199.18 -4.132e-17
10200.92 1.803e-17
10202.66 1.305e-16
10204.40 1.889e-16
10206.14 1.835e-16
10207.88 1.236e-16
10209.61 4.597e-17
10211.35 -7.451e-18
10213.09 -7.320e-18
10214.83 6.176e-17
10216.57 1.329e-16
10218.31 1.328e-16
10220.04 1.003e-16
10221.78 9.265e-17
10223.52 8.195e-17
10225.26 3.014e-17
10227.00 -3.487e-17
10228.74 -7.317e-17
10230.47 -6.995e-17
10232.21 -2.049e-17
10233.95 5.290e-17
10235.69 1.182e-16
10237.43 1.598e-16
10239.17 1.701e-16
10240.90 1.398e-16
10242.64 6.424e-17
10244.38 -2.371e-17
10246.12 -7.992e-17
10247.86 -8.092e-17
10249.60 -1.528e-17
10251.33 7.510e-17
10253.07 1.276e-16
10254.81 1.200e-16
10256.55 4.949e-17
10258.29 -2.477e-17
10260.03 -1.131e-17
10261.76 6.601e-17
10263.50 1.211e-16
10265.24 1.332e-16
10266.98 1.151e-16
10268.72 9.173e-17
10270.46 1.025e-16
10272.19 1.241e-16
10273.93 8.905e-17
10275.67 1.344e-17
10277.41 -2.931e-17
10279.15 -1.873e-17
10280.88 2.914e-17
10282.62 7.992e-17
10284.36 8.144e-17
10286.10 2.931e-17
10287.84 -3.792e-17
10289.58 -8.657e-17
10291.31 -8.533e-17
10293.05 -3.918e-17
10294.79 4.309e-18
10296.53 3.449e-17
10298.27 8.531e-17
10300.01 1.492e-16
10301.74 1.711e-16
10303.48 1.368e-16
10305.22 8.031e-17
10306.96 2.807e-17
10308.70 -2.150e-18
10310.44 -8.277e-18
10312.17 -1.266e-17
10313.91 -3.192e-17
10315.65 -7.669e-17
10317.39 -1.303e-16
10319.13 -1.251e-16
10320.87 -4.188e-17
10322.60 4.754e-17
10324.34 9.877e-17
10326.08 1.254e-16
10327.82 1.335e-16
10329.56 1.147e-16
10331.30 6.890e-17
10333.03 3.992e-18
10334.77 -6.330e-17
10336.51 -9.347e-17
10338.25 -6.806e-17
10339.99 -2.661e-17
10341.73 3.960e-18
10343.46 5.145e-17
10345.20 1.225e-16
10346.94 1.498e-16
10348.68 9.534e-17
10350.42 1.879e-17
10352.16 -2.450e-17
10353.89 -8.762e-18
10355.63 6.705e-17
10357.37 1.101e-16
10359.11 5.148e-17
10360.85 -4.546e-17
10362.59 -1.110e-16
10364.32 -9.048e-17
10366.06 4.069e-17
10367.80 1.479e-16
10369.54 1.150e-16
10371.28 5.593e-17
10373.02 8.718e-17
10374.75 1.510e-16
10376.49 1.777e-16
10378.23 1.640e-16
10379.97 1.179e-16
10381.71 6.867e-17
10383.44 4.710e-17
10385.18 4.800e-17
10386.92 5.782e-17
10388.66 6.821e-17
10390.40 7.159e-17
10392.14 5.695e-17
10393.87 1.644e-17
10395.61 -2.134e-17
10397.35 -2.168e-17
10399.09 5.296e-19
10400.83 1.802e-17
10402.57 3.679e-17
10404.30 7.056e-17
10406.04 1.142e-16
10407.78 1.555e-16
10409.52 2.023e-16
10411.26 2.689e-16
10413.00 3.038e-16
10414.73 2.378e-16
10416.47 1.117e-16
10418.21 6.023e-18
10419.95 -2.800e-17
10421.69 4.956e-17
10423.43 1.464e-16
10425.16 1.078e-16
10426.90 -2.286e-17
10428.64 -1.046e-16
10430.38 -1.047e-16
10432.12 -4.266e-17
10433.86 2.596e-17
10435.59 1.959e-17
10437.33 -4.940e-17
10439.07 -1.087e-16
10440.81 -1.210e-16
10442.55 -7.098e-17
10444.29 2.377e-17
10446.02 1.186e-16
10447.76 1.833e-16
10449.50 2.045e-16
10451.24 1.700e-16
10452.98 6.631e-17
10454.72 -5.578e-17
10456.45 -8.662e-17
10458.19 -2.234e-17
10459.93 3.878e-17
10461.67 5.404e-17
10463.41 3.417e-17
10465.15 2.047e-18
10466.88 2.278e-18
10468.62 4.022e-17
10470.36 6.764e-17
10472.10 7.500e-17
10473.84 1.035e-16
10475.58 1.571e-16
10477.31 1.962e-16
10479.05 1.870e-16
10480.79 8.778e-17
10482.53 -5.883e-17
10484.27 -6.054e-17
10486.00 1.195e-16
10487.74 2.446e-16
10489.48 2.009e-16
10491.22 1.008e-16
10492.96 2.847e-17
10494.70 2.068e-17
10496.43 8.347e-17
10498.17 1.462e-16
10499.91 1.574e-16
10501.65 1.151e-16
10503.39 4.061e-17
10505.13 2.211e-17
10506.86 9.395e-17
10508.60 1.190e-16
10510.34 3.139e-17
10512.08 9.122e-18
10513.82 1.482e-16
10515.56 2.473e-16
10517.29 1.763e-16
10519.03 1.012e-16
10520.77 1.422e-16
10522.51 1.972e-16
10524.25 1.784e-16
10525.99 8.897e-17
10527.72 -4.835e-17
10529.46 -1.495e-16
10531.20 -1.460e-16
10532.94 -7.616e-17
10534.68 1.057e-17
10536.42 8.671e-17
10538.15 1.303e-16
10539.89 1.490e-16
10541.63 1.555e-16
10543.37 1.495e-16
10545.11 1.313e-16
10546.85 8.768e-17
10548.58 1.083e-17
10550.32 -2.793e-17
10552.06 3.870e-17
10553.80 1.275e-16
10555.54 1.383e-16
10557.28 1.192e-16
10559.01 1.404e-16
10560.75 1.507e-16
10562.49 8.404e-17
10564.23 -1.028e-17
10565.97 -6.010e-17
10567.71 -6.691e-17
10569.44 -5.084e-17
10571.18 -1.749e-17
10572.92 2.562e-17
10574.66 9.988e-17
10576.40 2.336e-16
10578.14 3.345e-16
10579.87 2.796e-16
10581.61 1.152e-16
10583.35 -4.805e-17
10585.09 -1.450e-16
10586.83 -1.339e-16
10588.56 -1.740e-17
10590.30 1.757e-16
10592.04 3.573e-16
10593.78 4.135e-16
10595.52 3.602e-16
10597.26 2.883e-16
10598.99 2.038e-16
10600.73 6.380e-17
10602.47 -4.958e-17
10604.21 1.185e-17
10605.95 2.025e-16
10607.69 3.617e-16
10609.42 4.079e-16
10611.16 3.051e-16
10612.90 1.393e-16
10614.64 9.395e-17
10616.38 1.764e-16
10618.12 2.542e-16
10619.85 2.752e-16
10621.59 2.448e-16
10623.33 1.966e-16
10625.07 2.068e-16
10626.81 2.449e-16
10628.55 1.679e-16
10630.28 -9.475e-18
10632.02 -1.142e-16
10633.76 -7.111e-17
10635.50 1.016e-16
10637.24 3.088e-16
10638.98 3.428e-16
10640.71 1.908e-16
10642.45 1.083e-16
10644.19 1.803e-16
10645.93 2.487e-16
10647.67 2.580e-16
10649.41 2.956e-16
10651.14 3.889e-16
10652.88 4.899e-16
10654.62 5.439e-16
10656.36 4.648e-16
10658.10 2.609e-16
10659.84 1.218e-16
10661.57 1.394e-16
10663.31 2.125e-16
10665.05 2.475e-16
10666.79 1.536e-16
10668.53 -6.871e-17
10670.27 -1.868e-16
10672.00 -8.105e-17
10673.74 6.702e-17
10675.48 1.183e-16
10677.22 5.901e-17
10678.96 -7.911e-17
10680.70 -1.382e-16
10682.43 -5.064e-18
10684.17 2.939e-16
10685.91 6.701e-16
10687.65 8.507e-16
10689.39 6.648e-16
10691.12 3.537e-16
10692.86 1.447e-16
10694.60 4.959e-17
10696.34 5.315e-17
10698.08 9.957e-17
10699.82 1.259e-16
10701.55 8.793e-17
10703.29 -2.809e-17
10705.03 -9.590e-17
10706.77 -3.096e-18
10708.51 1.857e-16
10710.25 3.840e-16
10711.98 5.695e-16
10713.72 7.241e-16
10715.46 7.397e-16
10717.20 5.377e-16
10718.94 4.199e-16
10720.68 6.855e-16
10722.41 9.491e-16
10724.15 7.650e-16
10725.89 4.247e-16
10727.63 3.325e-16
10729.37 4.106e-16
10731.11 4.852e-16
10732.84 5.603e-16
10734.58 6.690e-16
10736.32 7.170e-16
10738.06 5.925e-16
10739.80 4.538e-16
10741.54 5.288e-16
10743.27 6.450e-16
10745.01 5.112e-16
10746.75 3.207e-16
10748.49 4.207e-16
10750.23 6.066e-16
10751.97 4.868e-16
10753.70 1.894e-16
10755.44 4.135e-17
10757.18 6.380e-17
10758.92 1.546e-16
10760.66 2.831e-16
10762.40 4.290e-16
10764.13 6.365e-16
10765.87 1.000e-15
10767.61 1.331e-15
10769.35 1.282e-15
10771.09 1.010e-15
10772.83 9.703e-16
10774.56 1.173e-15
10776.30 1.382e-15
10778.04 1.378e-15
10779.78 9.055e-16
10781.52 2.724e-16
10783.26 2.447e-16
10784.99 6.976e-16
10786.73 7.802e-16
10788.47 4.472e-16
10790.21 3.333e-16
10791.95 4.876e-16
10793.68 4.557e-16
10795.42 2.000e-16
10797.16 4.204e-17
10798.90 1.540e-16
10800.64 5.939e-16
10802.38 1.189e-15
10804.11 1.491e-15
10805.85 1.348e-15
10807.59 9.648e-16
10809.33 5.836e-16
10811.07 5.143e-16
10812.81 7.974e-16
10814.54 1.078e-15
10816.28 1.128e-15
10818.02 9.071e-16
10819.76 4.919e-16
10821.50 2.021e-16
10823.24 1.197e-16
10824.97 -1.670e-16
10826.71 -6.958e-16
10828.45 -7.659e-16
10830.19 -1.217e-16
10831.93 6.065e-16
10833.67 1.006e-15
10835.40 1.171e-15
10837.14 1.166e-15
10838.88 9.717e-16
10840.62 6.743e-16
10842.36 6.017e-16
10844.10 8.974e-16
10845.83 1.188e-15
10847.57 1.213e-15
10849.31 1.133e-15
10851.05 1.073e-15
10852.79 1.006e-15
10854.53 9.070e-16
10856.26 7.348e-16
10858.00 4.737e-16
10859.74 1.336e-16
10861.48 -1.995e-16
10863.22 -3.366e-18
10864.96 9.889e-16
10866.69 1.718e-15
10868.43 1.336e-15
10870.17 7.128e-16
10871.91 6.751e-16
10873.65 7.254e-16
10875.39 3.727e-16
10877.12 1.383e-17
10878.86 3.756e-17
10880.60 1.643e-16
10882.34 8.609e-17
10884.08 -3.934e-17
10885.82 -1.819e-17
10887.55 1.319e-17
10889.29 -9.667e-17
10891.03 -9.939e-17
10892.77 2.678e-16
10894.51 7.258e-16
10896.24 9.144e-16
10897.98 8.757e-16
10899.72 7.511e-16
10901.46 5.128e-16
10903.20 1.177e-16
10904.94 -1.151e-16
10906.67 1.792e-16
10908.41 7.236e-16
10910.15 1.065e-15
10911.89 1.097e-15
10913.63 8.365e-16
10915.37 4.910e-16
10917.10 3.397e-16
10918.84 3.735e-16
10920.58 4.661e-16
10922.32 5.146e-16
10924.06 4.159e-16
10925.80 2.361e-16
10927.53 1.325e-16
10929.27 2.693e-17
10931.01 -2.752e-16
10932.75 -6.037e-16
10934.49 -6.055e-16
10936.23 -3.798e-16
10937.96 -2.727e-16
10939.70 -2.985e-16
10941.44 -2.882e-16
10943.18 -1.831e-16
10944.92 2.073e-17
10946.66 2.479e-16
10948.39 3.635e-16
10950.13 3.320e-16
10951.87 1.875e-16
10953.61 2.257e-17
10955.35 -8.316e-18
10957.09 5.661e-17
10958.82 -1.332e-17
10960.56 -1.530e-16
10962.30 -4.723e-18
10964.04 3.467e-16
10965.78 3.818e-16
10967.52 2.383e-17
10969.25 -3.599e-16
10970.99 -5.278e-16
10972.73 -3.429e-16
10974.47 8.669e-17
10976.21 3.154e-16
10977.95 2.080e-16
10979.68 5.868e-17
10981.42 3.736e-18
10983.16 -3.642e-17
10984.90 -8.545e-17
10986.64 -1.107e-16
10988.38 -9.523e-17
10990.11 -2.031e-17
10991.85 7.870e-17
10993.59 4.818e-17
10995.33 -1.191e-16
10997.07 -1.262e-16
10998.81 1.091e-16
11000.54 2.302e-16
11002.28 2.298e-17
11004.02 -4.391e-16
11005.76 -9.940e-16
11007.50 -1.305e-15
11009.23 -1.128e-15
11010.97 -4.026e-16
11012.71 6.936e-16
11014.45 1.352e-15
11016.19 1.111e-15
11017.93 6.788e-16
11019.66 5.492e-16
11021.40 2.719e-16
11023.14 -4.643e-16
11024.88 -1.473e-15
11026.62 -2.482e-15
11028.36 -2.928e-15
11030.09 -2.450e-15
11031.83 -1.526e-15
11033.57 -6.678e-16
11035.31 -9.362e-17
11037.05 7.504e-17
11038.79 3.258e-17
11040.52 2.618e-18
11042.26 -6.287e-18
11044.00 -6.611e-18
11045.74 -7.530e-19
