03180.19 5.963e-16
03181.89 -2.183e-16
03183.59 1.224e-15
03185.28 1.126e-14
03186.98 9.490e-15
03188.68 2.718e-15
03190.37 -9.739e-16
03192.07 -4.100e-15
03193.77 -1.931e-15
03195.46 4.955e-15
03197.16 5.314e-15
03198.86 4.814e-15
03200.55 1.211e-15
03202.25 9.280e-16
03203.95 1.149e-15
03205.64 -4.477e-15
03207.34 4.568e-16
03209.04 2.204e-15
03210.74 2.120e-15
03212.43 4.495e-15
03214.13 5.484e-16
03215.83 -1.067e-15
03217.52 7.346e-15
03219.22 7.705e-15
03220.92 9.609e-15
03222.61 8.832e-15
03224.31 8.495e-15
03226.01 3.436e-15
03227.70 3.693e-15
03229.40 1.934e-15
03231.10 2.319e-15
03232.79 4.683e-15
03234.49 4.085e-15
03236.19 2.502e-15
03237.88 2.694e-15
03239.58 1.384e-15
03241.28 3.701e-15
03242.97 5.844e-15
03244.67 2.285e-15
03246.37 3.133e-15
03248.06 1.173e-15
03249.76 -1.144e-15
03251.46 2.267e-15
03253.15 7.443e-15
03254.85 6.817e-15
03256.55 5.815e-15
03258.24 8.616e-15
03259.94 6.836e-15
03261.64 5.279e-15
03263.33 1.072e-14
03265.03 1.305e-14
03266.73 4.634e-15
03268.42 3.488e-15
03270.12 6.385e-15
03271.82 6.236e-15
03273.51 4.983e-15
03275.21 2.630e-15
03276.91 6.754e-15
03278.60 5.300e-15
03280.30 3.984e-15
03282.00 7.998e-15
03283.69 8.152e-15
03285.39 5.166e-15
03287.09 5.629e-15
03288.78 4.829e-15
03290.48 4.208e-15
03292.18 4.050e-15
03293.87 3.935e-15
03295.57 3.850e-15
03297.27 6.978e-15
03298.97 6.887e-15
03300.66 7.301e-15
03302.36 5.351e-15
03304.06 7.792e-15
03305.75 6.781e-15
03307.45 7.515e-15
03309.15 4.717e-15
03310.84 6.363e-15
03312.54 5.850e-15
03314.24 2.707e-15
03315.93 5.438e-16
03317.63 4.725e-15
03319.33 6.450e-15
03321.02 7.529e-15
03322.72 5.591e-15
03324.42 2.512e-15
03326.11 3.890e-15
03327.81 4.880e-15
03329.51 5.811e-15
03331.20 7.178e-15
03332.90 7.541e-15
03334.60 7.333e-15
03336.29 7.490e-15
03337.99 4.140e-15
03339.69 4.245e-15
03341.38 6.437e-15
03343.08 7.909e-15
03344.78 8.770e-15
03346.47 5.618e-15
03348.17 5.522e-15
03349.87 5.022e-15
03351.56 7.067e-15
03353.26 6.714e-15
03354.96 8.569e-15
03356.65 7.584e-15
03358.35 6.945e-15
03360.05 8.286e-15
03361.74 8.608e-15
03363.44 5.378e-15
03365.14 6.240e-15
03366.83 5.122e-15
03368.53 7.533e-15
03370.23 5.677e-15
03371.92 -4.329e-16
03373.62 -4.374e-16
03375.32 7.649e-15
03377.01 7.377e-15
03378.71 8.591e-15
03380.41 8.075e-15
03382.11 6.565e-15
03383.80 5.775e-15
03385.50 6.459e-15
03387.20 7.166e-15
03388.89 8.729e-15
03390.59 6.415e-15
03392.29 6.792e-15
03393.98 2.800e-15
03395.68 -2.649e-14
03397.38 -4.233e-14
03399.07 -3.693e-14
03400.77 -4.449e-14
03402.47 -1.818e-15
03404.16 9.063e-15
03405.86 8.086e-15
03407.56 8.971e-15
03409.25 1.127e-14
03410.95 8.936e-15
03412.65 9.221e-15
03414.34 9.911e-15
03416.04 9.534e-15
03417.74 8.997e-15
03419.43 1.017e-14
03421.13 9.038e-15
03422.83 8.543e-15
03424.52 1.082e-14
03426.22 9.450e-15
03427.92 7.639e-15
03429.61 8.619e-15
03431.31 1.197e-14
03433.01 1.213e-14
03434.70 9.080e-15
03436.40 1.233e-14
03438.10 1.396e-14
03439.79 1.215e-14
03441.49 1.151e-14
03443.19 1.035e-14
03444.88 9.752e-15
03446.58 8.425e-15
03448.28 9.484e-15
03449.97 1.087e-14
03451.67 1.025e-14
03453.37 1.015e-14
03455.06 1.083e-14
03456.76 1.082e-14
03458.46 9.334e-15
03460.15 1.234e-14
03461.85 1.126e-14
03463.55 9.401e-15
03465.25 1.043e-14
03466.94 1.100e-14
03468.64 1.188e-14
03470.34 1.217e-14
03472.03 1.059e-14
03473.73 9.854e-15
03475.43 1.116e-14
03477.12 1.141e-14
03478.82 1.024e-14
03480.52 1.122e-14
03482.21 1.144e-14
03483.91 1.096e-14
03485.61 1.028e-14
03487.30 9.810e-15
03489.00 7.344e-15
03490.70 9.301e-15
03492.39 1.318e-14
03494.09 1.382e-14
03495.79 1.202e-14
03497.48 1.028e-14
03499.18 8.812e-15
03500.88 5.853e-15
03502.57 5.086e-16
03504.27 -7.292e-15
03505.97 -1.077e-14
03507.66 -1.842e-15
03509.36 9.912e-15
03511.06 1.176e-14
03512.75 1.258e-14
03514.45 1.259e-14
03516.15 1.253e-14
03517.84 1.280e-14
03519.54 1.002e-14
03521.24 9.874e-15
03522.93 1.167e-14
03524.63 1.067e-14
03526.33 8.970e-15
03528.02 1.088e-14
03529.72 1.256e-14
03531.42 1.330e-14
03533.11 1.268e-14
03534.81 1.252e-14
03536.51 1.461e-14
03538.20 1.565e-14
03539.90 1.464e-14
03541.60 1.160e-14
03543.29 1.145e-14
03544.99 1.447e-14
03546.69 1.587e-14
03548.39 1.564e-14
03550.08 1.331e-14
03551.78 1.221e-14
03553.48 1.180e-14
03555.17 1.216e-14
03556.87 1.421e-14
03558.57 1.426e-14
03560.26 1.401e-14
03561.96 1.426e-14
03563.66 1.455e-14
03565.35 1.309e-14
03567.05 1.338e-14
03568.75 1.380e-14
03570.44 1.282e-14
03572.14 1.312e-14
03573.84 1.425e-14
03575.53 1.390e-14
03577.23 1.369e-14
03578.93 1.484e-14
03580.62 1.310e-14
03582.32 1.210e-14
03584.02 1.342e-14
03585.71 1.322e-14
03587.41 1.145e-14
03589.11 1.199e-14
03590.80 1.389e-14
03592.50 1.353e-14
03594.20 1.402e-14
03595.89 1.384e-14
03597.59 1.407e-14
03599.29 1.353e-14
03600.98 1.243e-14
03602.68 1.346e-14
03604.38 1.394e-14
03606.07 1.408e-14
03607.77 1.541e-14
03609.47 1.420e-14
03611.16 1.276e-14
03612.86 1.179e-14
03614.56 1.188e-14
03616.25 1.363e-14
03617.95 1.363e-14
03619.65 1.166e-14
03621.34 1.125e-14
03623.04 1.092e-14
03624.74 1.105e-14
03626.43 1.335e-14
03628.13 1.303e-14
03629.83 1.187e-14
03631.52 1.369e-14
03633.22 1.443e-14
03634.92 1.426e-14
03636.62 1.333e-14
03638.31 1.205e-14
03640.01 1.220e-14
03641.71 1.285e-14
03643.40 1.171e-14
03645.10 1.123e-14
03646.80 1.314e-14
03648.49 1.211e-14
03650.19 1.091e-14
03651.89 1.292e-14
03653.58 1.329e-14
03655.28 1.240e-14
03656.98 1.157e-14
03658.67 1.152e-14
03660.37 1.152e-14
03662.07 1.055e-14
03663.76 1.214e-14
03665.46 1.348e-14
03667.16 1.281e-14
03668.85 1.201e-14
03670.55 1.185e-14
03672.25 1.251e-14
03673.94 1.323e-14
03675.64 1.277e-14
03677.34 1.268e-14
03679.03 1.414e-14
03680.73 1.372e-14
03682.43 1.324e-14
03684.12 1.356e-14
03685.82 1.386e-14
03687.52 1.226e-14
03689.21 1.093e-14
03690.91 1.241e-14
03692.61 1.257e-14
03694.30 1.181e-14
03696.00 1.204e-14
03697.70 1.152e-14
03699.39 1.050e-14
03701.09 1.000e-14
03702.79 8.469e-15
03704.48 7.382e-15
03706.18 8.619e-15
03707.88 9.420e-15
03709.57 9.124e-15
03711.27 8.621e-15
03712.97 8.976e-15
03714.66 1.022e-14
03716.36 7.781e-15
03718.06 6.652e-15
03719.76 8.277e-15
03721.45 7.740e-15
03723.15 6.679e-15
03724.85 6.153e-15
03726.54 6.790e-15
03728.24 7.431e-15
03729.94 6.384e-15
03731.63 5.351e-15
03733.33 5.434e-15
03735.03 6.145e-15
03736.72 6.531e-15
03738.42 6.541e-15
03740.12 5.445e-15
03741.81 5.118e-15
03743.51 5.692e-15
03745.21 5.876e-15
03746.90 5.800e-15
03748.60 5.575e-15
03750.30 6.305e-15
03751.99 6.627e-15
03753.69 5.918e-15
03755.39 6.852e-15
03757.08 7.263e-15
03758.78 5.485e-15
03760.48 5.415e-15
03762.17 5.573e-15
03763.87 5.192e-15
03765.57 4.258e-15
03767.26 4.340e-15
03768.96 5.925e-15
03770.66 7.532e-15
03772.35 6.800e-15
03774.05 5.241e-15
03775.75 5.173e-15
03777.44 5.479e-15
03779.14 6.500e-15
03780.84 6.421e-15
03782.53 5.344e-15
03784.23 6.844e-15
03785.93 8.259e-15
03787.62 6.590e-15
03789.32 4.960e-15
03791.02 4.989e-15
03792.71 5.636e-15
03794.41 7.707e-15
03796.11 7.600e-15
03797.80 5.670e-15
03799.50 5.575e-15
03801.20 5.274e-15
03802.90 5.470e-15
03804.59 5.518e-15
03806.29 6.082e-15
03807.99 5.740e-15
03809.68 5.716e-15
03811.38 7.126e-15
03813.08 7.212e-15
03814.77 6.848e-15
03816.47 7.037e-15
03818.17 5.968e-15
03819.86 6.184e-15
03821.56 9.979e-15
03823.26 9.211e-15
03824.95 7.691e-15
03826.65 8.586e-15
03828.35 1.000e-14
03830.04 9.678e-15
03831.74 8.728e-15
03833.44 8.835e-15
03835.13 9.486e-15
03836.83 9.743e-15
03838.53 8.751e-15
03840.22 8.349e-15
03841.92 1.021e-14
03843.62 1.066e-14
03845.31 7.732e-15
03847.01 7.652e-15
03848.71 9.193e-15
03850.40 1.059e-14
03852.10 1.112e-14
03853.80 1.120e-14
03855.49 1.201e-14
03857.19 1.197e-14
03858.89 1.268e-14
03860.58 1.342e-14
03862.28 1.185e-14
03863.98 1.158e-14
03865.67 1.226e-14
03867.37 1.205e-14
03869.07 1.238e-14
03870.76 1.332e-14
03872.46 1.441e-14
03874.16 1.460e-14
03875.85 1.455e-14
03877.55 1.559e-14
03879.25 1.649e-14
03880.94 1.591e-14
03882.64 1.553e-14
03884.34 1.529e-14
03886.04 1.465e-14
03887.73 1.581e-14
03889.43 1.628e-14
03891.13 1.624e-14
03892.82 1.650e-14
03894.52 1.777e-14
03896.22 1.761e-14
03897.91 1.690e-14
03899.61 1.724e-14
03901.31 1.684e-14
03903.00 1.726e-14
03904.70 1.798e-14
03906.40 1.748e-14
03908.09 1.625e-14
03909.79 1.673e-14
03911.49 1.827e-14
03913.18 1.933e-14
03914.88 1.885e-14
03916.58 1.848e-14
03918.27 1.898e-14
03919.97 2.039e-14
03921.67 2.077e-14
03923.36 2.072e-14
03925.06 2.131e-14
03926.76 2.163e-14
03928.45 2.107e-14
03930.15 2.058e-14
03931.85 2.048e-14
03933.54 2.188e-14
03935.24 2.332e-14
03936.94 2.245e-14
03938.63 2.083e-14
03940.33 2.177e-14
03942.03 2.359e-14
03943.72 2.306e-14
03945.42 2.259e-14
03947.12 2.314e-14
03948.81 2.261e-14
03950.51 2.293e-14
03952.21 2.386e-14
03953.90 2.307e-14
03955.60 2.322e-14
03957.30 2.392e-14
03958.99 2.374e-14
03960.69 2.532e-14
03962.39 2.631e-14
03964.08 2.396e-14
03965.78 2.208e-14
03967.48 2.370e-14
03969.17 2.480e-14
03970.87 2.481e-14
03972.57 2.605e-14
03974.27 2.487e-14
03975.96 2.367e-14
03977.66 2.485e-14
03979.36 2.411e-14
03981.05 2.304e-14
03982.75 2.332e-14
03984.45 2.338e-14
03986.14 2.405e-14
03987.84 2.377e-14
03989.54 2.330e-14
03991.23 2.402e-14
03992.93 2.595e-14
03994.63 2.619e-14
03996.32 2.477e-14
03998.02 2.316e-14
03999.72 2.127e-14
04001.41 2.282e-14
04003.11 2.337e-14
04004.81 2.237e-14
04006.50 2.326e-14
04008.20 2.310e-14
04009.90 2.305e-14
04011.59 2.364e-14
04013.29 2.271e-14
04014.99 2.183e-14
04016.68 2.271e-14
04018.38 2.266e-14
04020.08 2.255e-14
04021.77 2.269e-14
04023.47 2.188e-14
04025.17 2.050e-14
04026.86 2.001e-14
04028.56 2.043e-14
04030.26 2.087e-14
04031.95 2.072e-14
04033.65 2.291e-14
04035.35 2.310e-14
04037.04 2.211e-14
04038.74 2.078e-14
04040.44 1.948e-14
04042.13 2.078e-14
04043.83 2.213e-14
04045.53 2.128e-14
04047.22 2.064e-14
04048.92 2.157e-14
04050.62 2.045e-14
04052.31 1.956e-14
04054.01 2.064e-14
04055.71 2.095e-14
04057.41 2.012e-14
04059.10 1.986e-14
04060.80 2.017e-14
04062.50 2.014e-14
04064.19 1.891e-14
04065.89 1.846e-14
04067.59 1.942e-14
04069.28 1.964e-14
04070.98 1.922e-14
04072.68 2.002e-14
04074.37 2.008e-14
04076.07 1.952e-14
04077.77 1.876e-14
04079.46 1.693e-14
04081.16 1.754e-14
04082.86 1.799e-14
04084.55 1.934e-14
04086.25 2.053e-14
04087.95 1.895e-14
04089.64 1.816e-14
04091.34 1.903e-14
04093.04 1.889e-14
04094.73 1.914e-14
04096.43 1.870e-14
04098.13 1.718e-14
04099.82 1.732e-14
04101.52 1.858e-14
04103.22 1.906e-14
04104.91 1.870e-14
04106.61 1.896e-14
04108.31 1.828e-14
04110.00 1.695e-14
04111.70 1.723e-14
04113.40 1.798e-14
04115.09 1.835e-14
04116.79 1.844e-14
04118.49 1.718e-14
04120.18 1.705e-14
04121.88 1.787e-14
04123.58 1.716e-14
04125.27 1.681e-14
04126.97 1.787e-14
04128.67 1.802e-14
04130.36 1.662e-14
04132.06 1.667e-14
04133.76 1.812e-14
04135.45 1.772e-14
04137.15 1.761e-14
04138.85 1.828e-14
04140.55 1.793e-14
04142.24 1.739e-14
04143.94 1.724e-14
04145.64 1.805e-14
04147.33 1.910e-14
04149.03 2.020e-14
04150.73 1.992e-14
04152.42 1.792e-14
04154.12 1.720e-14
04155.82 1.774e-14
04157.51 1.763e-14
04159.21 1.798e-14
04160.91 1.737e-14
04162.60 1.712e-14
04164.30 1.828e-14
04166.00 1.757e-14
04167.69 1.616e-14
04169.39 1.673e-14
04171.09 1.745e-14
04172.78 1.697e-14
04174.48 1.789e-14
04176.18 1.808e-14
04177.87 1.690e-14
04179.57 1.720e-14
04181.27 1.730e-14
04182.96 1.665e-14
04184.66 1.656e-14
04186.36 1.643e-14
04188.05 1.730e-14
04189.75 1.770e-14
04191.45 1.582e-14
04193.14 1.691e-14
04194.84 1.799e-14
04196.54 1.812e-14
04198.23 1.812e-14
04199.93 1.869e-14
04201.63 1.842e-14
04203.32 1.798e-14
04205.02 1.758e-14
04206.72 1.835e-14
04208.41 1.710e-14
04210.11 1.625e-14
04211.81 1.740e-14
04213.50 1.836e-14
04215.20 1.798e-14
04216.90 1.705e-14
04218.59 1.773e-14
04220.29 1.893e-14
04221.99 1.877e-14
04223.69 1.737e-14
04225.38 1.682e-14
04227.08 1.615e-14
04228.78 1.706e-14
04230.47 1.867e-14
04232.17 1.769e-14
04233.87 1.761e-14
04235.56 1.810e-14
04237.26 1.821e-14
04238.96 1.823e-14
04240.65 1.832e-14
04242.35 1.835e-14
04244.05 1.750e-14
04245.74 1.663e-14
04247.44 1.710e-14
04249.14 1.784e-14
04250.83 1.904e-14
04252.53 1.869e-14
04254.23 1.794e-14
04255.92 1.681e-14
04257.62 1.716e-14
04259.32 1.838e-14
04261.01 1.844e-14
04262.71 1.867e-14
04264.41 1.855e-14
04266.10 1.805e-14
04267.80 1.786e-14
04269.50 1.889e-14
04271.19 1.966e-14
04272.89 1.871e-14
04274.59 1.729e-14
04276.28 1.760e-14
04277.98 1.788e-14
04279.68 1.776e-14
04281.37 1.810e-14
04283.07 1.753e-14
04284.77 1.672e-14
04286.46 1.806e-14
04288.16 1.881e-14
04289.86 1.699e-14
04291.55 1.726e-14
04293.25 1.860e-14
04294.95 1.753e-14
04296.64 1.685e-14
04298.34 1.802e-14
04300.04 1.882e-14
04301.73 1.818e-14
04303.43 1.784e-14
04305.13 1.801e-14
04306.82 1.783e-14
04308.52 1.683e-14
04310.22 1.636e-14
04311.92 1.650e-14
04313.61 1.618e-14
04315.31 1.582e-14
04317.01 1.645e-14
04318.70 1.697e-14
04320.40 1.568e-14
04322.10 1.516e-14
04323.79 1.563e-14
04325.49 1.650e-14
04327.19 1.678e-14
04328.88 1.571e-14
04330.58 1.524e-14
04332.28 1.644e-14
04333.97 1.663e-14
04335.67 1.620e-14
04337.37 1.705e-14
04339.06 1.646e-14
04340.76 1.487e-14
04342.46 1.505e-14
04344.15 1.568e-14
04345.85 1.527e-14
04347.55 1.525e-14
04349.24 1.490e-14
04350.94 1.443e-14
04352.64 1.522e-14
04354.33 1.501e-14
04356.03 1.402e-14
04357.73 1.467e-14
04359.42 1.438e-14
04361.12 1.311e-14
04362.82 1.400e-14
04364.51 1.426e-14
04366.21 1.395e-14
04367.91 1.435e-14
04369.60 1.559e-14
04371.30 1.614e-14
04373.00 1.558e-14
04374.69 1.655e-14
04376.39 1.582e-14
04378.09 1.400e-14
04379.78 1.538e-14
04381.48 1.582e-14
04383.18 1.465e-14
04384.87 1.346e-14
04386.57 1.433e-14
04388.27 1.422e-14
04389.96 1.253e-14
04391.66 1.260e-14
04393.36 1.483e-14
04395.06 1.488e-14
04396.75 1.392e-14
04398.45 1.380e-14
04400.15 1.198e-14
04401.84 1.182e-14
04403.54 1.298e-14
04405.24 1.268e-14
04406.93 1.266e-14
04408.63 1.339e-14
04410.33 1.301e-14
04412.02 1.271e-14
04413.72 1.347e-14
04415.42 1.335e-14
04417.11 1.317e-14
04418.81 1.262e-14
04420.51 1.244e-14
04422.20 1.332e-14
04423.90 1.359e-14
04425.60 1.435e-14
04427.29 1.432e-14
04428.99 1.475e-14
04430.69 1.558e-14
04432.38 1.508e-14
04434.08 1.341e-14
04435.78 1.228e-14
04437.47 1.393e-14
04439.17 1.408e-14
04440.87 1.398e-14
04442.56 1.548e-14
04444.26 1.468e-14
04445.96 1.500e-14
04447.65 1.471e-14
04449.35 1.451e-14
04451.05 1.554e-14
04452.74 1.600e-14
04454.44 1.619e-14
04456.14 1.626e-14
04457.83 1.650e-14
04459.53 1.679e-14
04461.23 1.697e-14
04462.92 1.608e-14
04464.62 1.723e-14
04466.32 1.813e-14
04468.01 1.656e-14
04469.71 1.552e-14
04471.41 1.685e-14
04473.10 1.884e-14
04474.80 1.765e-14
04476.50 1.584e-14
04478.20 1.641e-14
04479.89 1.721e-14
04481.59 1.736e-14
04483.29 1.841e-14
04484.98 1.829e-14
04486.68 1.785e-14
04488.38 1.819e-14
04490.07 1.671e-14
04491.77 1.571e-14
04493.47 1.804e-14
04495.16 1.841e-14
04496.86 1.775e-14
04498.56 1.927e-14
04500.25 1.943e-14
04501.95 1.841e-14
04503.65 1.787e-14
04505.34 1.888e-14
04507.04 2.125e-14
04508.74 2.080e-14
04510.43 1.946e-14
04512.13 2.060e-14
04513.83 2.165e-14
04515.52 2.037e-14
04517.22 1.986e-14
04518.92 2.002e-14
04520.61 2.064e-14
04522.31 2.078e-14
04524.01 2.003e-14
04525.70 2.028e-14
04527.40 2.035e-14
04529.10 2.102e-14
04530.79 2.227e-14
04532.49 2.227e-14
04534.19 2.158e-14
04535.88 2.161e-14
04537.58 2.195e-14
04539.28 2.327e-14
04540.97 2.412e-14
04542.67 2.340e-14
04544.37 2.182e-14
04546.06 2.175e-14
04547.76 2.287e-14
04549.46 2.271e-14
04551.15 2.525e-14
04552.85 2.555e-14
04554.55 2.302e-14
04556.24 2.238e-14
04557.94 2.309e-14
04559.64 2.419e-14
04561.33 2.403e-14
04563.03 2.404e-14
04564.73 2.401e-14
04566.43 2.323e-14
04568.12 2.353e-14
04569.82 2.403e-14
04571.52 2.297e-14
04573.21 2.270e-14
04574.91 2.403e-14
04576.61 2.444e-14
04578.30 2.472e-14
04580.00 2.456e-14
04581.70 2.455e-14
04583.39 2.538e-14
04585.09 2.493e-14
04586.79 2.412e-14
04588.48 2.410e-14
04590.18 2.424e-14
04591.88 2.457e-14
04593.57 2.446e-14
04595.27 2.374e-14
04596.97 2.405e-14
04598.66 2.525e-14
04600.36 2.572e-14
04602.06 2.519e-14
04603.75 2.575e-14
04605.45 2.592e-14
04607.15 2.547e-14
04608.84 2.610e-14
04610.54 2.743e-14
04612.24 2.720e-14
04613.93 2.571e-14
04615.63 2.644e-14
04617.33 2.606e-14
04619.02 2.464e-14
04620.72 2.548e-14
04622.42 2.592e-14
04624.11 2.565e-14
04625.81 2.576e-14
04627.51 2.595e-14
04629.20 2.580e-14
04630.90 2.469e-14
04632.60 2.465e-14
04634.29 2.551e-14
04635.99 2.585e-14
04637.69 2.416e-14
04639.38 2.309e-14
04641.08 2.485e-14
04642.78 2.527e-14
04644.47 2.425e-14
04646.17 2.453e-14
04647.87 2.410e-14
04649.57 2.316e-14
04651.26 2.458e-14
04652.96 2.525e-14
04654.66 2.528e-14
04656.35 2.517e-14
04658.05 2.357e-14
04659.75 2.357e-14
04661.44 2.442e-14
04663.14 2.347e-14
04664.84 2.225e-14
04666.53 2.283e-14
04668.23 2.357e-14
04669.93 2.318e-14
04671.62 2.322e-14
04673.32 2.342e-14
04675.02 2.227e-14
04676.71 2.194e-14
04678.41 2.222e-14
04680.11 2.318e-14
04681.80 2.413e-14
04683.50 2.234e-14
04685.20 2.094e-14
04686.89 2.167e-14
04688.59 2.142e-14
04690.29 2.070e-14
04691.98 2.205e-14
04693.68 2.187e-14
04695.38 2.107e-14
04697.07 2.159e-14
04698.77 2.041e-14
04700.47 2.010e-14
04702.16 2.059e-14
04703.86 2.000e-14
04705.56 1.929e-14
04707.25 1.850e-14
04708.95 1.871e-14
04710.65 1.976e-14
04712.34 2.004e-14
04714.04 1.869e-14
04715.74 1.724e-14
04717.43 1.815e-14
04719.13 1.861e-14
04720.83 1.675e-14
04722.52 1.628e-14
04724.22 1.763e-14
04725.92 1.833e-14
04727.61 1.739e-14
04729.31 1.673e-14
04731.01 1.588e-14
04732.71 1.516e-14
04734.40 1.698e-14
04736.10 1.820e-14
04737.80 1.639e-14
04739.49 1.630e-14
04741.19 1.737e-14
04742.89 1.590e-14
04744.58 1.440e-14
04746.28 1.504e-14
04747.98 1.543e-14
04749.67 1.509e-14
04751.37 1.511e-14
04753.07 1.516e-14
04754.76 1.585e-14
04756.46 1.631e-14
04758.16 1.622e-14
04759.85 1.490e-14
04761.55 1.470e-14
04763.25 1.481e-14
04764.94 1.323e-14
04766.64 1.332e-14
04768.34 1.516e-14
04770.03 1.559e-14
04771.73 1.447e-14
04773.43 1.387e-14
04775.12 1.311e-14
04776.82 1.222e-14
04778.52 1.329e-14
04780.21 1.321e-14
04781.91 1.156e-14
04783.61 1.241e-14
04785.30 1.283e-14
04787.00 1.126e-14
04788.70 1.119e-14
04790.39 1.232e-14
04792.09 1.234e-14
04793.79 1.220e-14
04795.48 1.231e-14
04797.18 1.212e-14
04798.88 1.182e-14
04800.57 1.204e-14
04802.27 1.209e-14
04803.97 1.224e-14
04805.66 1.214e-14
04807.36 1.155e-14
04809.06 1.195e-14
04810.75 1.166e-14
04812.45 1.103e-14
04814.15 1.156e-14
04815.85 1.133e-14
04817.54 1.171e-14
04819.24 1.254e-14
04820.94 1.190e-14
04822.63 1.222e-14
04824.33 1.279e-14
04826.03 1.295e-14
04827.72 1.157e-14
04829.42 1.119e-14
04831.12 1.279e-14
04832.81 1.238e-14
04834.51 1.142e-14
04836.21 1.066e-14
04837.90 1.087e-14
04839.60 1.102e-14
04841.30 1.125e-14
04842.99 1.144e-14
04844.69 1.203e-14
04846.39 1.271e-14
04848.08 1.163e-14
04849.78 1.059e-14
04851.48 1.105e-14
04853.17 1.242e-14
04854.87 1.246e-14
04856.57 1.151e-14
04858.26 1.251e-14
04859.96 1.336e-14
04861.66 1.293e-14
04863.35 1.383e-14
04865.05 1.338e-14
04866.75 1.214e-14
04868.44 1.304e-14
04870.14 1.315e-14
04871.84 1.361e-14
04873.53 1.359e-14
04875.23 1.235e-14
04876.93 1.236e-14
04878.62 1.309e-14
04880.32 1.330e-14
04882.02 1.370e-14
04883.71 1.330e-14
04885.41 1.278e-14
04887.11 1.363e-14
04888.80 1.423e-14
04890.50 1.318e-14
04892.20 1.376e-14
04893.89 1.480e-14
04895.59 1.365e-14
04897.29 1.259e-14
04898.98 1.232e-14
04900.68 1.196e-14
04902.38 1.224e-14
04904.08 1.317e-14
04905.77 1.391e-14
04907.47 1.382e-14
04909.17 1.376e-14
04910.86 1.476e-14
04912.56 1.506e-14
04914.26 1.408e-14
04915.95 1.372e-14
04917.65 1.280e-14
04919.35 1.296e-14
04921.04 1.346e-14
04922.74 1.304e-14
04924.44 1.297e-14
04926.13 1.296e-14
04927.83 1.320e-14
04929.53 1.321e-14
04931.22 1.321e-14
04932.92 1.303e-14
04934.62 1.271e-14
04936.31 1.253e-14
04938.01 1.303e-14
04939.71 1.309e-14
04941.40 1.316e-14
04943.10 1.361e-14
04944.80 1.413e-14
04946.49 1.460e-14
04948.19 1.447e-14
04949.89 1.433e-14
04951.58 1.408e-14
04953.28 1.440e-14
04954.98 1.427e-14
04956.67 1.362e-14
04958.37 1.380e-14
04960.07 1.383e-14
04961.76 1.320e-14
04963.46 1.363e-14
04965.16 1.399e-14
04966.85 1.326e-14
04968.55 1.338e-14
04970.25 1.317e-14
04971.94 1.271e-14
04973.64 1.337e-14
04975.34 1.369e-14
04977.03 1.360e-14
04978.73 1.325e-14
04980.43 1.263e-14
04982.12 1.281e-14
04983.82 1.278e-14
04985.52 1.349e-14
04987.22 1.447e-14
04988.91 1.366e-14
04990.61 1.270e-14
04992.31 1.262e-14
04994.00 1.368e-14
04995.70 1.412e-14
04997.40 1.360e-14
04999.09 1.324e-14
05000.79 1.311e-14
05002.49 1.359e-14
05004.18 1.318e-14
05005.88 1.252e-14
05007.58 1.270e-14
05009.27 1.384e-14
05010.97 1.358e-14
05012.67 1.225e-14
05014.36 1.204e-14
05016.06 1.300e-14
05017.76 1.327e-14
05019.45 1.309e-14
05021.15 1.283e-14
05022.85 1.290e-14
05024.54 1.350e-14
05026.24 1.356e-14
05027.94 1.342e-14
05029.63 1.388e-14
05031.33 1.352e-14
05033.03 1.350e-14
05034.72 1.348e-14
05036.42 1.326e-14
05038.12 1.340e-14
05039.81 1.362e-14
05041.51 1.345e-14
05043.21 1.315e-14
05044.90 1.283e-14
05046.60 1.344e-14
05048.30 1.366e-14
05049.99 1.348e-14
05051.69 1.416e-14
05053.39 1.465e-14
05055.08 1.448e-14
05056.78 1.381e-14
05058.48 1.338e-14
05060.17 1.342e-14
05061.87 1.366e-14
05063.57 1.411e-14
05065.26 1.445e-14
05066.96 1.366e-14
05068.66 1.300e-14
05070.36 1.432e-14
05072.05 1.478e-14
05073.75 1.466e-14
05075.45 1.483e-14
05077.14 1.483e-14
05078.84 1.548e-14
05080.54 1.598e-14
05082.23 1.495e-14
05083.93 1.456e-14
05085.63 1.443e-14
05087.32 1.430e-14
05089.02 1.485e-14
05090.72 1.443e-14
05092.41 1.464e-14
05094.11 1.515e-14
05095.81 1.474e-14
05097.50 1.454e-14
05099.20 1.437e-14
05100.90 1.418e-14
05102.59 1.503e-14
05104.29 1.516e-14
05105.99 1.412e-14
05107.68 1.439e-14
05109.38 1.423e-14
05111.08 1.404e-14
05112.77 1.512e-14
05114.47 1.560e-14
05116.17 1.485e-14
05117.86 1.539e-14
05119.56 1.552e-14
05121.26 1.500e-14
05122.95 1.579e-14
05124.65 1.634e-14
05126.35 1.579e-14
05128.04 1.545e-14
05129.74 1.548e-14
05131.44 1.491e-14
05133.13 1.469e-14
05134.83 1.625e-14
05136.53 1.725e-14
05138.22 1.709e-14
05139.92 1.687e-14
05141.62 1.681e-14
05143.31 1.680e-14
05145.01 1.601e-14
05146.71 1.568e-14
05148.40 1.622e-14
05150.10 1.667e-14
05151.80 1.671e-14
05153.50 1.640e-14
05155.19 1.686e-14
05156.89 1.656e-14
05158.59 1.699e-14
05160.28 1.748e-14
05161.98 1.775e-14
05163.68 1.724e-14
05165.37 1.665e-14
05167.07 1.693e-14
05168.77 1.761e-14
05170.46 1.709e-14
05172.16 1.676e-14
05173.86 1.726e-14
05175.55 1.724e-14
05177.25 1.715e-14
05178.95 1.755e-14
05180.64 1.783e-14
05182.34 1.785e-14
05184.04 1.827e-14
05185.73 1.869e-14
05187.43 1.755e-14
05189.13 1.762e-14
05190.82 1.800e-14
05192.52 1.785e-14
05194.22 1.791e-14
05195.91 1.867e-14
05197.61 1.846e-14
05199.31 1.715e-14
05201.00 1.696e-14
05202.70 1.806e-14
05204.40 1.884e-14
05206.09 1.868e-14
05207.79 1.855e-14
05209.49 1.822e-14
05211.18 1.832e-14
05212.88 1.845e-14
05214.58 1.808e-14
05216.27 1.718e-14
05217.97 1.789e-14
05219.67 1.870e-14
05221.36 1.836e-14
05223.06 1.829e-14
05224.76 1.848e-14
05226.45 1.931e-14
05228.15 1.941e-14
05229.85 1.897e-14
05231.54 1.903e-14
05233.24 2.005e-14
05234.94 1.939e-14
05236.63 1.863e-14
05238.33 1.864e-14
05240.03 1.899e-14
05241.73 1.913e-14
05243.42 1.938e-14
05245.12 1.986e-14
05246.82 1.988e-14
05248.51 2.068e-14
05250.21 2.150e-14
05251.91 2.102e-14
05253.60 2.010e-14
05255.30 2.009e-14
05257.00 2.048e-14
05258.69 2.059e-14
05260.39 2.077e-14
05262.09 2.093e-14
05263.78 2.158e-14
05265.48 2.143e-14
05267.18 2.079e-14
05268.87 2.076e-14
05270.57 2.041e-14
05272.27 2.031e-14
05273.96 2.027e-14
05275.66 2.038e-14
05277.36 2.080e-14
05279.05 2.156e-14
05280.75 2.073e-14
05282.45 2.088e-14
05284.14 2.101e-14
05285.84 2.035e-14
05287.54 2.124e-14
05289.23 2.183e-14
05290.93 2.160e-14
05292.63 2.160e-14
05294.32 2.062e-14
05296.02 1.999e-14
05297.72 2.148e-14
05299.41 2.073e-14
05301.11 1.778e-14
05302.81 1.717e-14
05304.50 1.956e-14
05306.20 1.995e-14
05307.90 2.129e-14
05309.59 2.205e-14
05311.29 2.181e-14
05312.99 2.124e-14
05314.68 2.091e-14
05316.38 2.060e-14
05318.08 2.090e-14
05319.77 2.169e-14
05321.47 2.171e-14
05323.17 2.205e-14
05324.87 2.114e-14
05326.56 2.092e-14
05328.26 2.151e-14
05329.96 1.715e-14
05331.65 1.199e-14
05333.35 1.785e-14
05335.05 2.106e-14
05336.74 2.166e-14
05338.44 2.179e-14
05340.14 2.129e-14
05341.83 2.090e-14
05343.53 2.102e-14
05345.23 2.158e-14
05346.92 2.122e-14
05348.62 2.065e-14
05350.32 2.090e-14
05352.01 2.026e-14
05353.71 2.024e-14
05355.41 2.081e-14
05357.10 2.116e-14
05358.80 2.082e-14
05360.50 2.019e-14
05362.19 2.124e-14
05363.89 2.074e-14
05365.59 2.108e-14
05367.28 2.095e-14
05368.98 2.037e-14
05370.68 2.121e-14
05372.37 2.082e-14
05374.07 2.061e-14
05375.77 2.061e-14
05377.46 2.121e-14
05379.16 2.140e-14
05380.86 2.049e-14
05382.55 2.005e-14
05384.25 1.987e-14
05385.95 2.056e-14
05387.64 2.131e-14
05389.34 2.094e-14
05391.04 2.010e-14
05392.73 1.919e-14
05394.43 1.960e-14
05396.13 2.066e-14
05397.82 2.042e-14
05399.52 1.982e-14
05401.22 1.974e-14
05402.91 2.011e-14
05404.61 2.055e-14
05406.31 2.071e-14
05408.01 2.053e-14
05409.70 1.995e-14
05411.40 1.997e-14
05413.10 2.051e-14
05414.79 2.041e-14
05416.49 1.955e-14
05418.19 1.989e-14
05419.88 1.982e-14
05421.58 1.884e-14
05423.28 1.898e-14
05424.97 1.904e-14
05426.67 1.856e-14
05428.37 1.878e-14
05430.06 1.828e-14
05431.76 1.809e-14
05433.46 1.859e-14
05435.15 1.920e-14
05436.85 1.931e-14
05438.55 1.969e-14
05440.24 1.981e-14
05441.94 1.994e-14
05443.64 1.953e-14
05445.33 1.861e-14
05447.03 1.709e-14
05448.73 1.681e-14
05450.42 1.851e-14
05452.12 1.910e-14
05453.82 1.867e-14
05455.51 1.818e-14
05457.21 1.898e-14
05458.91 1.927e-14
05460.60 1.771e-14
05462.30 1.713e-14
05464.00 1.770e-14
05465.69 1.788e-14
05467.39 1.853e-14
05469.09 1.893e-14
05470.78 1.887e-14
05472.48 1.896e-14
05474.18 1.824e-14
05475.87 1.838e-14
05477.57 1.922e-14
05479.27 1.838e-14
05480.96 1.830e-14
05482.66 1.845e-14
05484.36 1.893e-14
05486.05 1.928e-14
05487.75 1.867e-14
05489.45 1.826e-14
05491.15 1.874e-14
05492.84 1.847e-14
05494.54 1.858e-14
05496.24 1.822e-14
05497.93 1.812e-14
05499.63 1.857e-14
05501.33 1.867e-14
05503.02 1.908e-14
05504.72 2.023e-14
05506.42 1.956e-14
05508.11 1.817e-14
05509.81 1.776e-14
05511.51 1.835e-14
05513.20 1.881e-14
05514.90 1.841e-14
05516.60 1.876e-14
05518.29 1.894e-14
05519.99 1.756e-14
05521.69 1.760e-14
05523.38 1.834e-14
05525.08 1.825e-14
05526.78 1.859e-14
05528.47 1.883e-14
05530.17 1.879e-14
05531.87 1.844e-14
05533.56 1.827e-14
05535.26 1.819e-14
05536.96 1.831e-14
05538.65 1.829e-14
05540.35 1.833e-14
05542.05 1.722e-14
05543.74 1.615e-14
05545.44 1.717e-14
05547.14 1.798e-14
05548.83 1.765e-14
05550.53 1.754e-14
05552.23 1.775e-14
05553.92 1.707e-14
05555.62 1.714e-14
05557.32 1.697e-14
05559.01 1.781e-14
05560.71 1.807e-14
05562.41 1.838e-14
05564.10 1.834e-14
05565.80 1.821e-14
05567.50 1.737e-14
05569.19 1.760e-14
05570.89 1.823e-14
05572.59 1.796e-14
05574.28 1.603e-14
05575.98 1.532e-14
05577.68 1.562e-14
05579.38 1.649e-14
05581.07 1.788e-14
05582.77 1.727e-14
05584.47 1.661e-14
05586.16 1.675e-14
05587.86 1.719e-14
05589.56 1.648e-14
05591.25 1.651e-14
05592.95 1.626e-14
05594.65 1.600e-14
05596.34 1.569e-14
05598.04 1.617e-14
05599.74 1.562e-14
05601.43 1.564e-14
05603.13 1.719e-14
05604.83 1.678e-14
05606.52 1.549e-14
05608.22 1.569e-14
05609.92 1.697e-14
05611.61 1.590e-14
05613.31 1.627e-14
05615.01 1.668e-14
05616.70 1.632e-14
05618.40 1.568e-14
05620.10 1.562e-14
05621.79 1.558e-14
05623.49 1.512e-14
05625.19 1.483e-14
05626.88 1.580e-14
05628.58 1.585e-14
05630.28 1.535e-14
05631.97 1.501e-14
05633.67 1.404e-14
05635.37 1.453e-14
05637.06 1.424e-14
05638.76 1.346e-14
05640.46 1.357e-14
05642.15 1.451e-14
05643.85 1.529e-14
05645.55 1.544e-14
05647.24 1.488e-14
05648.94 1.454e-14
05650.64 1.450e-14
05652.33 1.357e-14
05654.03 1.299e-14
05655.73 1.362e-14
05657.42 1.433e-14
05659.12 1.406e-14
05660.82 1.334e-14
05662.52 1.360e-14
05664.21 1.383e-14
05665.91 1.429e-14
05667.61 1.503e-14
05669.30 1.354e-14
05671.00 1.373e-14
05672.70 1.454e-14
05674.39 1.217e-14
05676.09 1.248e-14
05677.79 1.277e-14
05679.48 1.206e-14
05681.18 1.203e-14
05682.88 1.251e-14
05684.57 1.369e-14
05686.27 1.219e-14
05687.97 1.160e-14
05689.66 1.184e-14
05691.36 1.188e-14
05693.06 1.232e-14
05694.75 1.256e-14
05696.45 1.246e-14
05698.15 1.189e-14
05699.84 1.196e-14
05701.54 1.135e-14
05703.24 1.059e-14
05704.93 1.188e-14
05706.63 1.321e-14
05708.33 1.333e-14
05710.02 1.338e-14
05711.72 1.269e-14
05713.42 1.203e-14
05715.11 1.223e-14
05716.81 1.130e-14
05718.51 1.191e-14
05720.20 1.301e-14
05721.90 1.341e-14
05723.60 1.326e-14
05725.29 1.291e-14
05726.99 1.279e-14
05728.69 1.333e-14
05730.38 1.359e-14
05732.08 1.349e-14
05733.78 1.273e-14
05735.47 1.321e-14
05737.17 1.406e-14
05738.87 1.364e-14
05740.56 1.308e-14
05742.26 1.279e-14
05743.96 1.324e-14
05745.66 1.339e-14
05747.35 1.283e-14
05749.05 1.296e-14
05750.75 1.361e-14
05752.44 1.321e-14
05754.14 1.246e-14
05755.84 1.310e-14
05757.53 1.413e-14
05759.23 1.397e-14
05760.93 1.411e-14
05762.62 1.450e-14
05764.32 1.518e-14
05766.02 1.516e-14
05767.71 1.329e-14
05769.41 1.266e-14
05771.11 1.197e-14
05772.80 1.163e-14
05774.50 1.327e-14
05776.20 1.333e-14
05777.89 1.414e-14
05779.59 1.505e-14
05781.29 1.536e-14
05782.98 1.444e-14
05784.68 1.477e-14
05786.38 1.514e-14
05788.07 1.467e-14
05789.77 1.491e-14
05791.47 1.587e-14
05793.16 1.511e-14
05794.86 1.538e-14
05796.56 1.461e-14
05798.25 1.595e-14
05799.95 1.612e-14
05801.65 1.582e-14
05803.34 1.569e-14
05805.04 1.572e-14
05806.74 1.570e-14
05808.43 1.544e-14
05810.13 1.585e-14
05811.83 1.669e-14
05813.52 1.626e-14
05815.22 1.596e-14
05816.92 1.510e-14
05818.61 1.639e-14
05820.31 1.776e-14
05822.01 1.794e-14
05823.70 1.612e-14
05825.40 1.596e-14
05827.10 1.801e-14
05828.79 1.795e-14
05830.49 1.640e-14
05832.19 1.744e-14
05833.89 1.782e-14
05835.58 1.739e-14
05837.28 1.737e-14
05838.98 1.764e-14
05840.67 1.873e-14
05842.37 1.970e-14
05844.07 1.626e-14
05845.76 1.608e-14
05847.46 1.699e-14
05849.16 1.698e-14
05850.85 1.733e-14
05852.55 1.855e-14
05854.25 1.810e-14
05855.94 1.826e-14
05857.64 1.859e-14
05859.34 1.887e-14
05861.03 1.894e-14
05862.73 1.889e-14
05864.43 1.890e-14
05866.12 1.899e-14
05867.82 1.908e-14
05869.52 1.914e-14
05871.21 1.912e-14
05872.91 1.907e-14
05874.61 1.920e-14
05876.30 1.938e-14
05878.00 1.921e-14
05879.70 1.872e-14
05881.39 1.836e-14
05883.09 1.831e-14
05884.79 1.851e-14
05886.48 1.883e-14
05888.18 1.908e-14
05889.88 1.917e-14
05891.57 1.918e-14
05893.27 1.919e-14
05894.97 1.925e-14
05896.66 1.940e-14
05898.36 1.950e-14
05900.06 1.950e-14
05901.75 1.937e-14
05903.45 1.916e-14
05905.15 1.905e-14
05906.84 1.917e-14
05908.54 1.936e-14
05910.24 1.943e-14
05911.93 1.935e-14
05913.63 1.916e-14
05915.33 1.888e-14
05917.03 1.860e-14
05918.72 1.833e-14
05920.42 1.811e-14
05922.12 1.800e-14
05923.81 1.807e-14
05925.51 1.824e-14
05927.21 1.838e-14
05928.90 1.841e-14
05930.60 1.836e-14
05932.30 1.826e-14
05933.99 1.819e-14
05935.69 1.817e-14
05937.39 1.813e-14
05939.08 1.805e-14
05940.78 1.800e-14
05942.48 1.795e-14
05944.17 1.779e-14
05945.87 1.753e-14
05947.57 1.727e-14
05949.26 1.714e-14
05950.96 1.729e-14
05952.66 1.773e-14
05954.35 1.817e-14
05956.05 1.840e-14
05957.75 1.843e-14
05959.44 1.829e-14
05961.14 1.811e-14
05962.84 1.799e-14
05964.53 1.793e-14
05966.23 1.787e-14
05967.93 1.775e-14
05969.62 1.746e-14
05971.32 1.718e-14
05973.02 1.712e-14
05974.71 1.724e-14
05976.41 1.744e-14
05978.11 1.759e-14
05979.80 1.752e-14
05981.50 1.735e-14
05983.20 1.736e-14
05984.89 1.749e-14
05986.59 1.749e-14
05988.29 1.733e-14
05989.98 1.706e-14
05991.68 1.679e-14
05993.38 1.658e-14
05995.07 1.653e-14
05996.77 1.669e-14
05998.47 1.698e-14
06000.17 1.711e-14
06001.86 1.697e-14
06003.56 1.674e-14
06005.26 1.653e-14
06006.95 1.641e-14
06008.65 1.640e-14
06010.35 1.642e-14
06012.04 1.641e-14
06013.74 1.639e-14
06015.44 1.636e-14
06017.13 1.634e-14
06018.83 1.635e-14
06020.53 1.640e-14
06022.22 1.650e-14
06023.92 1.655e-14
06025.62 1.646e-14
06027.31 1.628e-14
06029.01 1.612e-14
06030.71 1.596e-14
06032.40 1.573e-14
06034.10 1.560e-14
06035.80 1.580e-14
06037.49 1.611e-14
06039.19 1.614e-14
06040.89 1.589e-14
06042.58 1.560e-14
06044.28 1.540e-14
06045.98 1.538e-14
06047.67 1.548e-14
06049.37 1.551e-14
06051.07 1.539e-14
06052.76 1.521e-14
06054.46 1.503e-14
06056.16 1.497e-14
06057.85 1.505e-14
06059.55 1.524e-14
06061.25 1.545e-14
06062.94 1.551e-14
06064.64 1.534e-14
06066.34 1.515e-14
06068.03 1.509e-14
06069.73 1.507e-14
06071.43 1.503e-14
06073.12 1.494e-14
06074.82 1.482e-14
06076.52 1.479e-14
06078.21 1.498e-14
06079.91 1.520e-14
06081.61 1.529e-14
06083.31 1.523e-14
06085.00 1.507e-14
06086.70 1.489e-14
06088.40 1.476e-14
06090.09 1.472e-14
06091.79 1.476e-14
06093.49 1.481e-14
06095.18 1.476e-14
06096.88 1.458e-14
06098.58 1.423e-14
06100.27 1.390e-14
06101.97 1.391e-14
06103.67 1.419e-14
06105.36 1.441e-14
06107.06 1.443e-14
06108.76 1.429e-14
06110.45 1.404e-14
06112.15 1.379e-14
06113.85 1.360e-14
06115.54 1.349e-14
06117.24 1.346e-14
06118.94 1.347e-14
06120.63 1.350e-14
06122.33 1.345e-14
06124.03 1.330e-14
06125.72 1.304e-14
06127.42 1.275e-14
06129.12 1.265e-14
06130.81 1.287e-14
06132.51 1.317e-14
06134.21 1.331e-14
06135.90 1.331e-14
06137.60 1.324e-14
06139.30 1.303e-14
06140.99 1.261e-14
06142.69 1.223e-14
06144.39 1.220e-14
06146.08 1.236e-14
06147.78 1.243e-14
06149.48 1.238e-14
06151.17 1.226e-14
06152.87 1.210e-14
06154.57 1.191e-14
06156.26 1.176e-14
06157.96 1.168e-14
06159.66 1.170e-14
06161.35 1.183e-14
06163.05 1.200e-14
06164.75 1.200e-14
06166.44 1.179e-14
06168.14 1.150e-14
06169.84 1.122e-14
06171.54 1.105e-14
06173.23 1.104e-14
06174.93 1.128e-14
06176.63 1.169e-14
06178.32 1.185e-14
06180.02 1.156e-14
06181.72 1.121e-14
06183.41 1.110e-14
06185.11 1.115e-14
06186.81 1.124e-14
06188.50 1.127e-14
06190.20 1.113e-14
06191.90 1.098e-14
06193.59 1.094e-14
06195.29 1.094e-14
06196.99 1.089e-14
06198.68 1.085e-14
06200.38 1.090e-14
06202.08 1.101e-14
06203.77 1.108e-14
06205.47 1.105e-14
06207.17 1.084e-14
06208.86 1.055e-14
06210.56 1.032e-14
06212.26 1.027e-14
06213.95 1.052e-14
06215.65 1.090e-14
06217.35 1.103e-14
06219.04 1.081e-14
06220.74 1.041e-14
06222.44 1.002e-14
06224.13 9.911e-15
06225.83 1.010e-14
06227.53 1.026e-14
06229.22 1.024e-14
06230.92 1.017e-14
06232.62 1.014e-14
06234.31 1.013e-14
06236.01 1.012e-14
06237.71 1.010e-14
06239.40 1.011e-14
06241.10 1.012e-14
06242.80 1.015e-14
06244.49 1.030e-14
06246.19 1.061e-14
06247.89 1.082e-14
06249.58 1.072e-14
06251.28 1.057e-14
06252.98 1.065e-14
06254.68 1.084e-14
06256.37 1.095e-14
06258.07 1.095e-14
06259.77 1.083e-14
06261.46 1.074e-14
06263.16 1.088e-14
06264.86 1.111e-14
06266.55 1.110e-14
06268.25 1.093e-14
06269.95 1.090e-14
06271.64 1.101e-14
06273.34 1.108e-14
06275.04 1.111e-14
06276.73 1.122e-14
06278.43 1.140e-14
06280.13 1.151e-14
06281.82 1.150e-14
06283.52 1.146e-14
06285.22 1.148e-14
06286.91 1.168e-14
06288.61 1.207e-14
06290.31 1.234e-14
06292.00 1.234e-14
06293.70 1.224e-14
06295.40 1.217e-14
06297.09 1.213e-14
06298.79 1.213e-14
06300.49 1.222e-14
06302.18 1.241e-14
06303.88 1.258e-14
06305.58 1.264e-14
06307.27 1.256e-14
06308.97 1.238e-14
06310.67 1.230e-14
06312.36 1.251e-14
06314.06 1.291e-14
06315.76 1.326e-14
06317.45 1.346e-14
06319.15 1.343e-14
06320.85 1.320e-14
06322.54 1.289e-14
06324.24 1.271e-14
06325.94 1.297e-14
06327.63 1.343e-14
06329.33 1.354e-14
06331.03 1.329e-14
06332.72 1.306e-14
06334.42 1.301e-14
06336.12 1.309e-14
06337.82 1.320e-14
06339.51 1.306e-14
06341.21 1.271e-14
06342.91 1.263e-14
06344.60 1.295e-14
06346.30 1.321e-14
06348.00 1.317e-14
06349.69 1.301e-14
06351.39 1.288e-14
06353.09 1.305e-14
06354.78 1.359e-14
06356.48 1.402e-14
06358.18 1.394e-14
06359.87 1.368e-14
06361.57 1.359e-14
06363.27 1.363e-14
06364.96 1.373e-14
06366.66 1.377e-14
06368.36 1.363e-14
06370.05 1.342e-14
06371.75 1.334e-14
06373.45 1.334e-14
06375.14 1.331e-14
06376.84 1.334e-14
06378.54 1.357e-14
06380.23 1.389e-14
06381.93 1.411e-14
06383.63 1.418e-14
06385.32 1.416e-14
06387.02 1.410e-14
06388.72 1.403e-14
06390.41 1.400e-14
06392.11 1.408e-14
06393.81 1.423e-14
06395.50 1.439e-14
06397.20 1.445e-14
06398.90 1.429e-14
06400.59 1.397e-14
06402.29 1.380e-14
06403.99 1.391e-14
06405.68 1.404e-14
06407.38 1.402e-14
06409.08 1.401e-14
06410.77 1.410e-14
06412.47 1.423e-14
06414.17 1.433e-14
06415.86 1.439e-14
06417.56 1.443e-14
06419.26 1.434e-14
06420.96 1.406e-14
06422.65 1.377e-14
06424.35 1.367e-14
06426.05 1.376e-14
06427.74 1.396e-14
06429.44 1.412e-14
06431.14 1.409e-14
06432.83 1.387e-14
06434.53 1.357e-14
06436.23 1.337e-14
06437.92 1.349e-14
06439.62 1.384e-14
06441.32 1.412e-14
06443.01 1.422e-14
06444.71 1.410e-14
06446.41 1.386e-14
06448.10 1.370e-14
06449.80 1.366e-14
06451.50 1.361e-14
06453.19 1.352e-14
06454.89 1.352e-14
06456.59 1.364e-14
06458.28 1.370e-14
06459.98 1.365e-14
06461.68 1.363e-14
06463.37 1.372e-14
06465.07 1.383e-14
06466.77 1.390e-14
06468.46 1.391e-14
06470.16 1.383e-14
06471.86 1.370e-14
06473.55 1.354e-14
06475.25 1.333e-14
06476.95 1.308e-14
06478.64 1.292e-14
06480.34 1.293e-14
06482.04 1.304e-14
06483.73 1.312e-14
06485.43 1.316e-14
06487.13 1.319e-14
06488.82 1.323e-14
06490.52 1.330e-14
06492.22 1.334e-14
06493.91 1.324e-14
06495.61 1.307e-14
06497.31 1.300e-14
06499.00 1.305e-14
06500.70 1.312e-14
06502.40 1.319e-14
06504.09 1.332e-14
06505.79 1.345e-14
06507.49 1.347e-14
06509.19 1.336e-14
06510.88 1.315e-14
06512.58 1.292e-14
06514.28 1.279e-14
06515.97 1.279e-14
06517.67 1.281e-14
06519.37 1.278e-14
06521.06 1.287e-14
06522.76 1.311e-14
06524.46 1.324e-14
06526.15 1.311e-14
06527.85 1.292e-14
06529.55 1.287e-14
06531.24 1.291e-14
06532.94 1.297e-14
06534.64 1.313e-14
06536.33 1.342e-14
06538.03 1.357e-14
06539.73 1.331e-14
06541.42 1.289e-14
06543.12 1.266e-14
06544.82 1.262e-14
06546.51 1.265e-14
06548.21 1.271e-14
06549.91 1.282e-14
06551.60 1.292e-14
06553.30 1.298e-14
06555.00 1.299e-14
06556.69 1.290e-14
06558.39 1.276e-14
06560.09 1.269e-14
06561.78 1.271e-14
06563.48 1.275e-14
06565.18 1.279e-14
06566.87 1.281e-14
06568.57 1.280e-14
06570.27 1.280e-14
06571.96 1.280e-14
06573.66 1.285e-14
06575.36 1.293e-14
06577.05 1.295e-14
06578.75 1.285e-14
06580.45 1.269e-14
06582.14 1.253e-14
06583.84 1.236e-14
06585.54 1.221e-14
06587.23 1.221e-14
06588.93 1.244e-14
06590.63 1.274e-14
06592.33 1.294e-14
06594.02 1.289e-14
06595.72 1.254e-14
06597.42 1.215e-14
06599.11 1.208e-14
06600.81 1.234e-14
06602.51 1.285e-14
06604.20 1.333e-14
06605.90 1.341e-14
06607.60 1.318e-14
06609.29 1.290e-14
06610.99 1.265e-14
06612.69 1.242e-14
06614.38 1.230e-14
06616.08 1.247e-14
06617.78 1.285e-14
06619.47 1.323e-14
06621.17 1.345e-14
06622.87 1.342e-14
06624.56 1.321e-14
06626.26 1.314e-14
06627.96 1.333e-14
06629.65 1.357e-14
06631.35 1.372e-14
06633.05 1.379e-14
06634.74 1.380e-14
06636.44 1.382e-14
06638.14 1.389e-14
06639.83 1.391e-14
06641.53 1.381e-14
06643.23 1.376e-14
06644.92 1.386e-14
06646.62 1.398e-14
06648.32 1.401e-14
06650.01 1.401e-14
06651.71 1.406e-14
06653.41 1.406e-14
06655.10 1.388e-14
06656.80 1.370e-14
06658.50 1.374e-14
06660.19 1.398e-14
06661.89 1.431e-14
06663.59 1.458e-14
06665.28 1.463e-14
06666.98 1.453e-14
06668.68 1.454e-14
06670.37 1.461e-14
06672.07 1.449e-14
06673.77 1.425e-14
06675.47 1.420e-14
06677.16 1.434e-14
06678.86 1.442e-14
06680.56 1.438e-14
06682.25 1.431e-14
06683.95 1.431e-14
06685.65 1.440e-14
06687.34 1.458e-14
06689.04 1.473e-14
06690.74 1.478e-14
06692.43 1.473e-14
06694.13 1.461e-14
06695.83 1.440e-14
06697.52 1.416e-14
06699.22 1.404e-14
06700.92 1.417e-14
06702.61 1.436e-14
06704.31 1.445e-14
06706.01 1.438e-14
06707.70 1.414e-14
06709.40 1.393e-14
06711.10 1.397e-14
06712.79 1.409e-14
06714.49 1.408e-14
06716.19 1.393e-14
06717.88 1.366e-14
06719.58 1.343e-14
06721.28 1.344e-14
06722.97 1.368e-14
06724.67 1.408e-14
06726.37 1.445e-14
06728.06 1.455e-14
06729.76 1.435e-14
06731.46 1.392e-14
06733.15 1.347e-14
06734.85 1.332e-14
06736.55 1.349e-14
06738.24 1.364e-14
06739.94 1.364e-14
06741.64 1.363e-14
06743.33 1.368e-14
06745.03 1.375e-14
06746.73 1.380e-14
06748.42 1.374e-14
06750.12 1.357e-14
06751.82 1.350e-14
06753.51 1.365e-14
06755.21 1.374e-14
06756.91 1.357e-14
06758.61 1.336e-14
06760.30 1.330e-14
06762.00 1.342e-14
06763.70 1.369e-14
06765.39 1.387e-14
06767.09 1.371e-14
06768.79 1.336e-14
06770.48 1.302e-14
06772.18 1.282e-14
06773.88 1.283e-14
06775.57 1.294e-14
06777.27 1.296e-14
06778.97 1.294e-14
06780.66 1.305e-14
06782.36 1.319e-14
06784.06 1.311e-14
06785.75 1.288e-14
06787.45 1.280e-14
06789.15 1.286e-14
06790.84 1.280e-14
06792.54 1.260e-14
06794.24 1.241e-14
06795.93 1.233e-14
06797.63 1.247e-14
06799.33 1.276e-14
06801.02 1.292e-14
06802.72 1.281e-14
06804.42 1.273e-14
06806.11 1.280e-14
06807.81 1.283e-14
06809.51 1.272e-14
06811.20 1.248e-14
06812.90 1.216e-14
06814.60 1.193e-14
06816.29 1.190e-14
06817.99 1.202e-14
06819.69 1.219e-14
06821.38 1.231e-14
06823.08 1.226e-14
06824.78 1.214e-14
06826.47 1.205e-14
06828.17 1.206e-14
06829.87 1.220e-14
06831.56 1.240e-14
06833.26 1.257e-14
06834.96 1.261e-14
06836.65 1.243e-14
06838.35 1.218e-14
06840.05 1.210e-14
06841.74 1.217e-14
06843.44 1.226e-14
06845.14 1.227e-14
06846.84 1.219e-14
06848.53 1.203e-14
06850.23 1.190e-14
06851.93 1.183e-14
06853.62 1.179e-14
06855.32 1.178e-14
06857.02 1.175e-14
06858.71 1.170e-14
06860.41 1.164e-14
06862.11 1.157e-14
06863.80 1.148e-14
06865.50 1.133e-14
06867.20 1.106e-14
06868.89 1.067e-14
06870.59 1.043e-14
06872.29 1.056e-14
06873.98 1.112e-14
06875.68 1.205e-14
06877.38 1.286e-14
06879.07 1.305e-14
06880.77 1.276e-14
06882.47 1.226e-14
06884.16 1.179e-14
06885.86 1.159e-14
06887.56 1.149e-14
06889.25 1.124e-14
06890.95 1.098e-14
06892.65 1.102e-14
06894.34 1.125e-14
06896.04 1.136e-14
06897.74 1.126e-14
06899.43 1.097e-14
06901.13 1.070e-14
06902.83 1.084e-14
06904.52 1.128e-14
06906.22 1.139e-14
06907.92 1.110e-14
06909.61 1.094e-14
06911.31 1.112e-14
06913.01 1.151e-14
06914.70 1.196e-14
06916.40 1.218e-14
06918.10 1.207e-14
06919.79 1.196e-14
06921.49 1.200e-14
06923.19 1.191e-14
06924.88 1.152e-14
06926.58 1.125e-14
06928.28 1.134e-14
06929.98 1.146e-14
06931.67 1.128e-14
06933.37 1.108e-14
06935.07 1.116e-14
06936.76 1.131e-14
06938.46 1.132e-14
06940.16 1.123e-14
06941.85 1.112e-14
06943.55 1.103e-14
06945.25 1.101e-14
06946.94 1.104e-14
06948.64 1.110e-14
06950.34 1.117e-14
06952.03 1.125e-14
06953.73 1.130e-14
06955.43 1.125e-14
06957.12 1.113e-14
06958.82 1.100e-14
06960.52 1.097e-14
06962.21 1.112e-14
06963.91 1.142e-14
06965.61 1.175e-14
06967.30 1.198e-14
06969.00 1.206e-14
06970.70 1.200e-14
06972.39 1.190e-14
06974.09 1.181e-14
06975.79 1.161e-14
06977.48 1.132e-14
06979.18 1.121e-14
06980.88 1.143e-14
06982.57 1.166e-14
06984.27 1.169e-14
06985.97 1.159e-14
06987.66 1.147e-14
06989.36 1.141e-14
06991.06 1.147e-14
06992.75 1.154e-14
06994.45 1.152e-14
06996.15 1.149e-14
06997.84 1.155e-14
06999.54 1.168e-14
07001.24 1.180e-14
07002.93 1.190e-14
07004.63 1.196e-14
07006.33 1.199e-14
07008.02 1.204e-14
07009.72 1.208e-14
07011.42 1.210e-14
07013.12 1.208e-14
07014.81 1.206e-14
07016.51 1.207e-14
07018.21 1.211e-14
07019.90 1.215e-14
07021.60 1.209e-14
07023.30 1.189e-14
07024.99 1.163e-14
07026.69 1.140e-14
07028.39 1.138e-14
07030.08 1.162e-14
07031.78 1.192e-14
07033.48 1.217e-14
07035.17 1.232e-14
07036.87 1.236e-14
07038.57 1.226e-14
07040.26 1.203e-14
07041.96 1.196e-14
07043.66 1.222e-14
07045.35 1.265e-14
07047.05 1.304e-14
07048.75 1.325e-14
07050.44 1.321e-14
07052.14 1.305e-14
07053.84 1.297e-14
07055.53 1.291e-14
07057.23 1.283e-14
07058.93 1.270e-14
07060.62 1.251e-14
07062.32 1.236e-14
07064.02 1.234e-14
07065.71 1.242e-14
07067.41 1.246e-14
07069.11 1.245e-14
07070.80 1.239e-14
07072.50 1.236e-14
07074.20 1.249e-14
07075.89 1.270e-14
07077.59 1.271e-14
07079.29 1.252e-14
07080.98 1.243e-14
07082.68 1.256e-14
07084.38 1.275e-14
07086.07 1.291e-14
07087.77 1.301e-14
07089.47 1.302e-14
07091.16 1.304e-14
07092.86 1.309e-14
07094.56 1.309e-14
07096.25 1.300e-14
07097.95 1.289e-14
07099.65 1.282e-14
07101.35 1.266e-14
07103.04 1.229e-14
07104.74 1.206e-14
07106.44 1.223e-14
07108.13 1.247e-14
07109.83 1.238e-14
07111.53 1.209e-14
07113.22 1.182e-14
07114.92 1.175e-14
07116.62 1.204e-14
07118.31 1.250e-14
07120.01 1.280e-14
07121.71 1.293e-14
07123.40 1.298e-14
07125.10 1.302e-14
07126.80 1.313e-14
07128.49 1.322e-14
07130.19 1.313e-14
07131.89 1.290e-14
07133.58 1.274e-14
07135.28 1.273e-14
07136.98 1.284e-14
07138.67 1.298e-14
07140.37 1.303e-14
07142.07 1.291e-14
07143.76 1.263e-14
07145.46 1.226e-14
07147.16 1.199e-14
07148.85 1.193e-14
07150.55 1.199e-14
07152.25 1.210e-14
07153.94 1.218e-14
07155.64 1.222e-14
07157.34 1.233e-14
07159.03 1.261e-14
07160.73 1.280e-14
07162.43 1.269e-14
07164.12 1.255e-14
07165.82 1.267e-14
07167.52 1.281e-14
07169.21 1.264e-14
07170.91 1.241e-14
07172.61 1.246e-14
07174.30 1.266e-14
07176.00 1.273e-14
07177.70 1.271e-14
07179.39 1.273e-14
07181.09 1.278e-14
07182.79 1.279e-14
07184.49 1.271e-14
07186.18 1.246e-14
07187.88 1.219e-14
07189.58 1.225e-14
07191.27 1.257e-14
07192.97 1.273e-14
07194.67 1.254e-14
07196.36 1.218e-14
07198.06 1.182e-14
07199.76 1.163e-14
07201.45 1.166e-14
07203.15 1.172e-14
07204.85 1.173e-14
07206.54 1.196e-14
07208.24 1.250e-14
07209.94 1.301e-14
07211.63 1.323e-14
07213.33 1.319e-14
07215.03 1.297e-14
07216.72 1.264e-14
07218.42 1.232e-14
07220.12 1.216e-14
07221.81 1.227e-14
07223.51 1.249e-14
07225.21 1.259e-14
07226.90 1.257e-14
07228.60 1.246e-14
07230.30 1.225e-14
07231.99 1.189e-14
07233.69 1.159e-14
07235.39 1.161e-14
07237.08 1.192e-14
07238.78 1.235e-14
07240.48 1.276e-14
07242.17 1.308e-14
07243.87 1.320e-14
07245.57 1.300e-14
07247.26 1.263e-14
07248.96 1.250e-14
07250.66 1.267e-14
07252.35 1.275e-14
07254.05 1.264e-14
07255.75 1.259e-14
07257.44 1.269e-14
07259.14 1.287e-14
07260.84 1.301e-14
07262.53 1.281e-14
07264.23 1.223e-14
07265.93 1.185e-14
07267.63 1.203e-14
07269.32 1.233e-14
07271.02 1.235e-14
07272.72 1.220e-14
07274.41 1.199e-14
07276.11 1.178e-14
07277.81 1.163e-14
07279.50 1.157e-14
07281.20 1.165e-14
07282.90 1.180e-14
07284.59 1.192e-14
07286.29 1.192e-14
07287.99 1.172e-14
07289.68 1.150e-14
07291.38 1.156e-14
07293.08 1.181e-14
07294.77 1.204e-14
07296.47 1.215e-14
07298.17 1.210e-14
07299.86 1.201e-14
07301.56 1.209e-14
07303.26 1.229e-14
07304.95 1.232e-14
07306.65 1.214e-14
07308.35 1.197e-14
07310.04 1.188e-14
07311.74 1.172e-14
07313.44 1.148e-14
07315.13 1.127e-14
07316.83 1.115e-14
07318.53 1.112e-14
07320.22 1.113e-14
07321.92 1.107e-14
07323.62 1.088e-14
07325.31 1.077e-14
07327.01 1.087e-14
07328.71 1.112e-14
07330.40 1.141e-14
07332.10 1.162e-14
07333.80 1.166e-14
07335.49 1.169e-14
07337.19 1.188e-14
07338.89 1.200e-14
07340.58 1.175e-14
07342.28 1.140e-14
07343.98 1.133e-14
07345.67 1.146e-14
07347.37 1.157e-14
07349.07 1.156e-14
07350.77 1.136e-14
07352.46 1.110e-14
07354.16 1.100e-14
07355.86 1.107e-14
07357.55 1.113e-14
07359.25 1.113e-14
07360.95 1.109e-14
07362.64 1.100e-14
07364.34 1.081e-14
07366.04 1.059e-14
07367.73 1.061e-14
07369.43 1.088e-14
07371.13 1.097e-14
07372.82 1.072e-14
07374.52 1.045e-14
07376.22 1.032e-14
07377.91 1.016e-14
07379.61 9.886e-15
07381.31 9.888e-15
07383.00 1.038e-14
07384.70 1.100e-14
07386.40 1.141e-14
07388.09 1.147e-14
07389.79 1.115e-14
07391.49 1.078e-14
07393.18 1.074e-14
07394.88 1.080e-14
07396.58 1.063e-14
07398.27 1.033e-14
07399.97 1.007e-14
07401.67 9.989e-15
07403.36 1.020e-14
07405.06 1.057e-14
07406.76 1.084e-14
07408.45 1.088e-14
07410.15 1.064e-14
07411.85 1.022e-14
07413.54 9.847e-15
07415.24 9.641e-15
07416.94 9.649e-15
07418.63 9.836e-15
07420.33 1.009e-14
07422.03 1.033e-14
07423.72 1.047e-14
07425.42 1.054e-14
07427.12 1.067e-14
07428.81 1.087e-14
07430.51 1.085e-14
07432.21 1.053e-14
07433.90 1.024e-14
07435.60 1.022e-14
07437.30 1.030e-14
07439.00 1.038e-14
07440.69 1.062e-14
07442.39 1.108e-14
07444.09 1.141e-14
07445.78 1.133e-14
07447.48 1.098e-14
07449.18 1.061e-14
07450.87 1.045e-14
07452.57 1.071e-14
07454.27 1.102e-14
07455.96 1.092e-14
07457.66 1.060e-14
07459.36 1.045e-14
07461.05 1.046e-14
07462.75 1.047e-14
07464.45 1.050e-14
07466.14 1.064e-14
07467.84 1.080e-14
07469.54 1.082e-14
07471.23 1.068e-14
07472.93 1.046e-14
07474.63 1.027e-14
07476.32 1.028e-14
07478.02 1.045e-14
07479.72 1.052e-14
07481.41 1.044e-14
07483.11 1.050e-14
07484.81 1.076e-14
07486.50 1.090e-14
07488.20 1.079e-14
07489.90 1.065e-14
07491.59 1.062e-14
07493.29 1.063e-14
07494.99 1.062e-14
07496.68 1.064e-14
07498.38 1.073e-14
07500.08 1.070e-14
07501.77 1.044e-14
07503.47 1.028e-14
07505.17 1.055e-14
07506.86 1.094e-14
07508.56 1.111e-14
07510.26 1.107e-14
07511.95 1.093e-14
07513.65 1.063e-14
07515.35 1.009e-14
07517.04 9.595e-15
07518.74 9.577e-15
07520.44 9.842e-15
07522.14 9.935e-15
07523.83 9.883e-15
07525.53 9.958e-15
07527.23 1.017e-14
07528.92 1.039e-14
07530.62 1.052e-14
07532.32 1.049e-14
07534.01 1.033e-14
07535.71 1.025e-14
07537.41 1.030e-14
07539.10 1.047e-14
07540.80 1.066e-14
07542.50 1.072e-14
07544.19 1.063e-14
07545.89 1.064e-14
07547.59 1.084e-14
07549.28 1.094e-14
07550.98 1.077e-14
07552.68 1.054e-14
07554.37 1.040e-14
07556.07 1.030e-14
07557.77 1.017e-14
07559.46 1.013e-14
07561.16 1.027e-14
07562.86 1.047e-14
07564.55 1.061e-14
07566.25 1.054e-14
07567.95 1.015e-14
07569.64 9.639e-15
07571.34 9.272e-15
07573.04 9.134e-15
07574.73 9.247e-15
07576.43 9.488e-15
07578.13 9.672e-15
07579.82 9.769e-15
07581.52 9.823e-15
07583.22 9.906e-15
07584.91 1.012e-14
07586.61 1.041e-14
07588.31 1.063e-14
07590.00 1.070e-14
07591.70 1.071e-14
07593.40 1.065e-14
07595.09 1.054e-14
07596.79 1.034e-14
07598.49 9.975e-15
07600.18 9.456e-15
07601.88 8.961e-15
07603.58 8.686e-15
07605.28 8.929e-15
07606.97 9.756e-15
07608.67 1.061e-14
07610.37 1.106e-14
07612.06 1.133e-14
07613.76 1.157e-14
07615.46 1.150e-14
07617.15 1.092e-14
07618.85 1.013e-14
07620.55 9.484e-15
07622.24 9.090e-15
07623.94 8.992e-15
07625.64 9.117e-15
07627.33 9.344e-15
07629.03 9.648e-15
07630.73 1.003e-14
07632.42 1.040e-14
07634.12 1.068e-14
07635.82 1.082e-14
07637.51 1.082e-14
07639.21 1.071e-14
07640.91 1.051e-14
07642.60 1.035e-14
07644.30 1.049e-14
07646.00 1.084e-14
07647.69 1.101e-14
07649.39 1.089e-14
07651.09 1.073e-14
07652.78 1.065e-14
07654.48 1.057e-14
07656.18 1.048e-14
07657.87 1.052e-14
07659.57 1.068e-14
07661.27 1.071e-14
07662.96 1.050e-14
07664.66 1.025e-14
07666.36 1.014e-14
07668.05 1.018e-14
07669.75 1.034e-14
07671.45 1.045e-14
07673.14 1.036e-14
07674.84 1.020e-14
07676.54 1.010e-14
07678.23 1.007e-14
07679.93 1.009e-14
07681.63 1.016e-14
07683.32 1.031e-14
07685.02 1.042e-14
07686.72 1.038e-14
07688.42 1.028e-14
07690.11 1.026e-14
07691.81 1.032e-14
07693.51 1.038e-14
07695.20 1.040e-14
07696.90 1.035e-14
07698.60 1.023e-14
07700.29 1.004e-14
07701.99 9.924e-15
07703.69 1.009e-14
07705.38 1.044e-14
07707.08 1.060e-14
07708.78 1.041e-14
07710.47 1.005e-14
07712.17 9.681e-15
07713.87 9.554e-15
07715.56 9.736e-15
07717.26 9.942e-15
07718.96 1.000e-14
07720.65 1.006e-14
07722.35 1.022e-14
07724.05 1.035e-14
07725.74 1.038e-14
07727.44 1.037e-14
07729.14 1.035e-14
07730.83 1.036e-14
07732.53 1.042e-14
07734.23 1.047e-14
07735.92 1.045e-14
07737.62 1.035e-14
07739.32 1.020e-14
07741.01 1.010e-14
07742.71 1.017e-14
07744.41 1.038e-14
07746.10 1.067e-14
07747.80 1.098e-14
07749.50 1.123e-14
07751.19 1.137e-14
07752.89 1.134e-14
07754.59 1.118e-14
07756.28 1.103e-14
07757.98 1.093e-14
07759.68 1.091e-14
07761.37 1.094e-14
07763.07 1.097e-14
07764.77 1.093e-14
07766.46 1.082e-14
07768.16 1.060e-14
07769.86 1.024e-14
07771.55 9.786e-15
07773.25 9.416e-15
07774.95 9.259e-15
07776.65 9.335e-15
07778.34 9.598e-15
07780.04 9.837e-15
07781.74 9.896e-15
07783.43 9.872e-15
07785.13 9.869e-15
07786.83 9.869e-15
07788.52 9.873e-15
07790.22 1.001e-14
07791.92 1.038e-14
07793.61 1.087e-14
07795.31 1.132e-14
07797.01 1.158e-14
07798.70 1.151e-14
07800.40 1.127e-14
07802.10 1.112e-14
07803.79 1.118e-14
07805.49 1.152e-14
07807.19 1.184e-14
07808.88 1.168e-14
07810.58 1.114e-14
07812.28 1.069e-14
07813.97 1.043e-14
07815.67 1.026e-14
07817.37 1.010e-14
07819.06 9.930e-15
07820.76 9.784e-15
07822.46 9.829e-15
07824.15 1.009e-14
07825.85 1.041e-14
07827.55 1.064e-14
07829.24 1.069e-14
07830.94 1.053e-14
07832.64 1.045e-14
07834.33 1.058e-14
07836.03 1.072e-14
07837.73 1.070e-14
07839.42 1.059e-14
07841.12 1.047e-14
07842.82 1.040e-14
07844.51 1.044e-14
07846.21 1.056e-14
07847.91 1.074e-14
07849.60 1.091e-14
07851.30 1.104e-14
07853.00 1.106e-14
07854.69 1.091e-14
07856.39 1.074e-14
07858.09 1.073e-14
07859.79 1.072e-14
07861.48 1.042e-14
07863.18 1.002e-14
07864.88 9.927e-15
07866.57 1.006e-14
07868.27 1.009e-14
07869.97 9.981e-15
07871.66 9.888e-15
07873.36 9.900e-15
07875.06 1.009e-14
07876.75 1.039e-14
07878.45 1.053e-14
07880.15 1.046e-14
07881.84 1.037e-14
07883.54 1.035e-14
07885.24 1.040e-14
07886.93 1.050e-14
07888.63 1.055e-14
07890.33 1.050e-14
07892.02 1.037e-14
07893.72 1.022e-14
07895.42 1.020e-14
07897.11 1.040e-14
07898.81 1.054e-14
07900.51 1.041e-14
07902.20 1.032e-14
07903.90 1.057e-14
07905.60 1.099e-14
07907.29 1.136e-14
07908.99 1.154e-14
07910.69 1.144e-14
07912.38 1.117e-14
07914.08 1.089e-14
07915.78 1.067e-14
07917.47 1.053e-14
07919.17 1.042e-14
07920.87 1.022e-14
07922.56 9.986e-15
07924.26 9.823e-15
07925.96 9.780e-15
07927.65 9.863e-15
07929.35 9.985e-15
07931.05 9.970e-15
07932.74 9.817e-15
07934.44 9.695e-15
07936.14 9.666e-15
07937.83 9.668e-15
07939.53 9.656e-15
07941.23 9.593e-15
07942.93 9.488e-15
07944.62 9.453e-15
07946.32 9.517e-15
07948.02 9.488e-15
07949.71 9.292e-15
07951.41 9.226e-15
07953.11 9.478e-15
07954.80 9.810e-15
07956.50 1.001e-14
07958.20 1.006e-14
07959.89 9.997e-15
07961.59 9.977e-15
07963.29 1.015e-14
07964.98 1.039e-14
07966.68 1.053e-14
07968.38 1.053e-14
07970.07 1.033e-14
07971.77 1.010e-14
07973.47 1.007e-14
07975.16 1.012e-14
07976.86 9.970e-15
07978.56 9.719e-15
07980.25 9.604e-15
07981.95 9.648e-15
07983.65 9.767e-15
07985.34 9.836e-15
07987.04 9.667e-15
07988.74 9.352e-15
07990.43 9.253e-15
07992.13 9.400e-15
07993.83 9.443e-15
07995.52 9.261e-15
07997.22 9.028e-15
07998.92 8.855e-15
08000.61 8.770e-15
08002.31 8.780e-15
08004.01 8.819e-15
08005.70 8.845e-15
08007.40 8.912e-15
08009.10 9.029e-15
08010.79 9.044e-15
08012.49 8.862e-15
08014.19 8.622e-15
08015.88 8.475e-15
08017.58 8.490e-15
08019.28 8.708e-15
08020.97 9.094e-15
08022.67 9.576e-15
08024.37 9.998e-15
08026.06 1.020e-14
08027.76 1.013e-14
08029.46 9.764e-15
08031.16 9.249e-15
08032.85 8.791e-15
08034.55 8.471e-15
08036.25 8.303e-15
08037.94 8.249e-15
08039.64 8.240e-15
08041.34 8.218e-15
08043.03 8.127e-15
08044.73 8.023e-15
08046.43 8.055e-15
08048.12 8.217e-15
08049.82 8.339e-15
08051.52 8.344e-15
08053.21 8.272e-15
08054.91 8.171e-15
08056.61 8.132e-15
08058.30 8.159e-15
08060.00 8.062e-15
08061.70 7.767e-15
08063.39 7.514e-15
08065.09 7.462e-15
08066.79 7.509e-15
08068.48 7.557e-15
08070.18 7.605e-15
08071.88 7.650e-15
08073.57 7.622e-15
08075.27 7.482e-15
08076.97 7.432e-15
08078.66 7.665e-15
08080.36 8.031e-15
08082.06 8.319e-15
08083.75 8.453e-15
08085.45 8.405e-15
08087.15 8.250e-15
08088.84 8.101e-15
08090.54 8.028e-15
08092.24 8.075e-15
08093.93 8.161e-15
08095.63 8.141e-15
08097.33 7.977e-15
08099.02 7.689e-15
08100.72 7.389e-15
08102.42 7.266e-15
08104.11 7.338e-15
08105.81 7.444e-15
08107.51 7.501e-15
08109.20 7.523e-15
08110.90 7.498e-15
08112.60 7.376e-15
08114.30 7.176e-15
08115.99 7.058e-15
08117.69 7.074e-15
08119.39 7.005e-15
08121.08 6.748e-15
08122.78 6.567e-15
08124.48 6.645e-15
08126.17 6.862e-15
08127.87 7.083e-15
08129.57 7.211e-15
08131.26 7.175e-15
08132.96 7.041e-15
08134.66 6.898e-15
08136.35 6.814e-15
08138.05 6.837e-15
08139.75 6.981e-15
08141.44 7.237e-15
08143.14 7.427e-15
08144.84 7.328e-15
08146.53 7.059e-15
08148.23 6.870e-15
08149.93 6.819e-15
08151.62 6.885e-15
08153.32 6.968e-15
08155.02 6.911e-15
08156.71 6.740e-15
08158.41 6.628e-15
08160.11 6.596e-15
08161.80 6.527e-15
08163.50 6.388e-15
08165.20 6.223e-15
08166.89 6.098e-15
08168.59 6.129e-15
08170.29 6.326e-15
08171.98 6.525e-15
08173.68 6.584e-15
08175.38 6.376e-15
08177.07 5.916e-15
08178.77 5.609e-15
08180.47 5.720e-15
08182.16 5.974e-15
08183.86 6.114e-15
08185.56 6.129e-15
08187.25 6.037e-15
08188.95 5.911e-15
08190.65 5.835e-15
08192.34 5.809e-15
08194.04 5.818e-15
08195.74 5.875e-15
08197.44 5.987e-15
08199.13 6.126e-15
08200.83 6.259e-15
08202.53 6.336e-15
08204.22 6.302e-15
08205.92 6.207e-15
08207.62 6.157e-15
08209.31 6.100e-15
08211.01 5.883e-15
08212.71 5.593e-15
08214.40 5.485e-15
08216.10 5.549e-15
08217.80 5.559e-15
08219.49 5.415e-15
08221.19 5.141e-15
08222.89 4.799e-15
08224.58 4.513e-15
08226.28 4.357e-15
08227.98 4.295e-15
08229.67 4.298e-15
08231.37 4.342e-15
08233.07 4.406e-15
08234.76 4.496e-15
08236.46 4.609e-15
08238.16 4.683e-15
08239.85 4.692e-15
08241.55 4.757e-15
08243.25 4.972e-15
08244.94 5.255e-15
08246.64 5.510e-15
08248.34 5.579e-15
08250.03 5.339e-15
08251.73 5.080e-15
08253.43 5.151e-15
08255.12 5.393e-15
08256.82 5.526e-15
08258.52 5.552e-15
08260.21 5.560e-15
08261.91 5.565e-15
08263.61 5.565e-15
08265.30 5.529e-15
08267.00 5.414e-15
08268.70 5.208e-15
08270.39 4.906e-15
08272.09 4.622e-15
08273.79 4.565e-15
08275.48 4.736e-15
08277.18 4.915e-15
08278.88 5.004e-15
08280.58 5.047e-15
08282.27 5.063e-15
08283.97 5.037e-15
08285.67 4.993e-15
08287.36 5.012e-15
08289.06 5.127e-15
08290.76 5.260e-15
08292.45 5.356e-15
08294.15 5.451e-15
08295.85 5.575e-15
08297.54 5.808e-15
08299.24 6.164e-15
08300.94 6.276e-15
08302.63 5.846e-15
08304.33 5.211e-15
08306.03 4.762e-15
08307.72 4.562e-15
08309.42 4.599e-15
08311.12 4.736e-15
08312.81 4.791e-15
08314.51 4.852e-15
08316.21 5.085e-15
08317.90 5.368e-15
08319.60 5.469e-15
08321.30 5.421e-15
08322.99 5.394e-15
08324.69 5.353e-15
08326.39 5.148e-15
08328.08 4.825e-15
08329.78 4.563e-15
08331.48 4.455e-15
08333.17 4.523e-15
08334.87 4.696e-15
08336.57 4.763e-15
08338.26 4.701e-15
08339.96 4.774e-15
08341.66 5.062e-15
08343.35 5.326e-15
08345.05 5.423e-15
08346.75 5.413e-15
08348.44 5.346e-15
08350.14 5.247e-15
08351.84 5.143e-15
08353.53 5.040e-15
08355.23 4.950e-15
08356.93 4.945e-15
08358.62 5.073e-15
08360.32 5.222e-15
08362.02 5.273e-15
08363.71 5.289e-15
08365.41 5.354e-15
08367.11 5.427e-15
08368.81 5.450e-15
08370.50 5.442e-15
08372.20 5.443e-15
08373.90 5.463e-15
08375.59 5.504e-15
08377.29 5.532e-15
08378.99 5.488e-15
08380.68 5.415e-15
08382.38 5.408e-15
08384.08 5.486e-15
08385.77 5.631e-15
08387.47 5.745e-15
08389.17 5.643e-15
08390.86 5.363e-15
08392.56 5.188e-15
08394.26 5.220e-15
08395.95 5.327e-15
08397.65 5.410e-15
08399.35 5.391e-15
08401.04 5.275e-15
08402.74 5.266e-15
08404.44 5.449e-15
08406.13 5.575e-15
08407.83 5.486e-15
08409.53 5.319e-15
08411.22 5.214e-15
08412.92 5.286e-15
08414.62 5.594e-15
08416.31 5.887e-15
08418.01 5.926e-15
08419.71 5.829e-15
08421.40 5.764e-15
08423.10 5.861e-15
08424.80 6.223e-15
08426.49 6.600e-15
08428.19 6.663e-15
08429.89 6.464e-15
08431.58 6.172e-15
08433.28 6.026e-15
08434.98 6.304e-15
08436.67 6.765e-15
08438.37 6.880e-15
08440.07 6.609e-15
08441.76 6.237e-15
08443.46 5.924e-15
08445.16 5.753e-15
08446.85 5.737e-15
08448.55 5.799e-15
08450.25 5.876e-15
08451.95 5.939e-15
08453.64 5.934e-15
08455.34 5.771e-15
08457.04 5.453e-15
08458.73 5.156e-15
08460.43 5.009e-15
08462.13 5.024e-15
08463.82 5.183e-15
08465.52 5.383e-15
08467.22 5.548e-15
08468.91 5.737e-15
08470.61 6.000e-15
08472.31 6.295e-15
08474.00 6.577e-15
08475.70 6.840e-15
08477.40 7.079e-15
08479.09 7.260e-15
08480.79 7.349e-15
08482.49 7.336e-15
08484.18 7.224e-15
08485.88 7.040e-15
08487.58 6.820e-15
08489.27 6.639e-15
08490.97 6.578e-15
08492.67 6.665e-15
08494.36 6.906e-15
08496.06 7.147e-15
08497.76 7.123e-15
08499.45 6.883e-15
08501.15 6.712e-15
08502.85 6.718e-15
08504.54 6.866e-15
08506.24 7.045e-15
08507.94 7.033e-15
08509.63 6.796e-15
08511.33 6.599e-15
08513.03 6.561e-15
08514.72 6.540e-15
08516.42 6.452e-15
08518.12 6.322e-15
08519.81 6.194e-15
08521.51 6.192e-15
08523.21 6.389e-15
08524.90 6.668e-15
08526.60 6.923e-15
08528.30 7.156e-15
08529.99 7.380e-15
08531.69 7.661e-15
08533.39 8.051e-15
08535.09 8.464e-15
08536.78 8.796e-15
08538.48 8.936e-15
08540.18 8.790e-15
08541.87 8.552e-15
08543.57 8.496e-15
08545.27 8.601e-15
08546.96 8.736e-15
08548.66 8.813e-15
08550.36 8.750e-15
08552.05 8.613e-15
08553.75 8.561e-15
08555.45 8.624e-15
08557.14 8.744e-15
08558.84 8.835e-15
08560.54 8.767e-15
08562.23 8.558e-15
08563.93 8.394e-15
08565.63 8.355e-15
08567.32 8.390e-15
08569.02 8.428e-15
08570.72 8.348e-15
08572.41 8.107e-15
08574.11 7.832e-15
08575.81 7.618e-15
08577.50 7.452e-15
08579.20 7.343e-15
08580.90 7.380e-15
08582.59 7.611e-15
08584.29 7.941e-15
08585.99 8.262e-15
08587.68 8.457e-15
08589.38 8.443e-15
08591.08 8.328e-15
08592.77 8.253e-15
08594.47 8.300e-15
08596.17 8.532e-15
08597.86 8.804e-15
08599.56 8.928e-15
08601.26 8.962e-15
08602.95 9.041e-15
08604.65 9.313e-15
08606.35 9.937e-15
08608.04 1.068e-14
08609.74 1.106e-14
08611.44 1.105e-14
08613.13 1.087e-14
08614.83 1.064e-14
08616.53 1.041e-14
08618.23 1.014e-14
08619.92 9.710e-15
08621.62 9.205e-15
08623.32 9.010e-15
08625.01 9.217e-15
08626.71 9.474e-15
08628.41 9.571e-15
08630.10 9.564e-15
08631.80 9.512e-15
08633.50 9.507e-15
08635.19 9.597e-15
08636.89 9.652e-15
08638.59 9.571e-15
08640.28 9.377e-15
08641.98 9.115e-15
08643.68 8.921e-15
08645.37 8.915e-15
08647.07 9.030e-15
08648.77 9.172e-15
08650.46 9.401e-15
08652.16 9.778e-15
08653.86 1.018e-14
08655.55 1.044e-14
08657.25 1.052e-14
08658.95 1.041e-14
08660.64 1.024e-14
08662.34 1.019e-14
08664.04 1.027e-14
08665.73 1.039e-14
08667.43 1.064e-14
08669.13 1.117e-14
08670.82 1.186e-14
08672.52 1.231e-14
08674.22 1.242e-14
08675.91 1.234e-14
08677.61 1.218e-14
08679.31 1.202e-14
08681.00 1.186e-14
08682.70 1.160e-14
08684.40 1.122e-14
08686.09 1.089e-14
08687.79 1.071e-14
08689.49 1.079e-14
08691.18 1.110e-14
08692.88 1.142e-14
08694.58 1.154e-14
08696.27 1.143e-14
08697.97 1.112e-14
08699.67 1.083e-14
08701.36 1.074e-14
08703.06 1.074e-14
08704.76 1.068e-14
08706.46 1.054e-14
08708.15 1.033e-14
08709.85 1.024e-14
08711.55 1.048e-14
08713.24 1.077e-14
08714.94 1.071e-14
08716.64 1.044e-14
08718.33 1.030e-14
08720.03 1.035e-14
08721.73 1.051e-14
08723.42 1.068e-14
08725.12 1.072e-14
08726.82 1.068e-14
08728.51 1.079e-14
08730.21 1.107e-14
08731.91 1.135e-14
08733.60 1.154e-14
08735.30 1.164e-14
08737.00 1.161e-14
08738.69 1.141e-14
08740.39 1.108e-14
08742.09 1.078e-14
08743.78 1.062e-14
08745.48 1.066e-14
08747.18 1.090e-14
08748.87 1.120e-14
08750.57 1.146e-14
08752.27 1.168e-14
08753.96 1.189e-14
08755.66 1.206e-14
08757.36 1.215e-14
08759.05 1.216e-14
08760.75 1.208e-14
08762.45 1.176e-14
08764.14 1.104e-14
08765.84 1.037e-14
08767.54 1.022e-14
08769.23 1.044e-14
08770.93 1.064e-14
08772.63 1.079e-14
08774.32 1.088e-14
08776.02 1.107e-14
08777.72 1.160e-14
08779.41 1.227e-14
08781.11 1.264e-14
08782.81 1.268e-14
08784.50 1.258e-14
08786.20 1.242e-14
08787.90 1.217e-14
08789.60 1.188e-14
08791.29 1.162e-14
08792.99 1.139e-14
08794.69 1.107e-14
08796.38 1.068e-14
08798.08 1.052e-14
08799.78 1.068e-14
08801.47 1.088e-14
08803.17 1.090e-14
08804.87 1.074e-14
08806.56 1.046e-14
08808.26 1.018e-14
08809.96 1.001e-14
08811.65 9.822e-15
08813.35 9.485e-15
08815.05 9.062e-15
08816.74 8.643e-15
08818.44 8.339e-15
08820.14 8.257e-15
08821.83 8.428e-15
08823.53 8.835e-15
08825.23 9.486e-15
08826.92 1.037e-14
08828.62 1.104e-14
08830.32 1.091e-14
08832.01 1.015e-14
08833.71 9.242e-15
08835.41 8.548e-15
08837.10 8.379e-15
08838.80 8.703e-15
08840.50 9.239e-15
08842.19 9.779e-15
08843.89 1.019e-14
08845.59 1.036e-14
08847.28 1.020e-14
08848.98 9.820e-15
08850.68 9.540e-15
08852.37 9.519e-15
08854.07 9.672e-15
08855.77 9.927e-15
08857.46 1.026e-14
08859.16 1.059e-14
08860.86 1.079e-14
08862.55 1.076e-14
08864.25 1.067e-14
08865.95 1.062e-14
08867.64 1.058e-14
08869.34 1.052e-14
08871.04 1.040e-14
08872.74 1.019e-14
08874.43 9.906e-15
08876.13 9.595e-15
08877.83 9.226e-15
08879.52 8.785e-15
08881.22 8.491e-15
08882.92 8.578e-15
08884.61 9.091e-15
08886.31 1.001e-14
08888.01 1.082e-14
08889.70 1.082e-14
08891.40 1.027e-14
08893.10 9.894e-15
08894.79 9.897e-15
08896.49 1.021e-14
08898.19 1.063e-14
08899.88 1.083e-14
08901.58 1.079e-14
08903.28 1.078e-14
08904.97 1.082e-14
08906.67 1.066e-14
08908.37 1.028e-14
08910.06 9.980e-15
08911.76 9.953e-15
08913.46 1.030e-14
08915.15 1.093e-14
08916.85 1.132e-14
08918.55 1.119e-14
08920.24 1.098e-14
08921.94 1.101e-14
08923.64 1.104e-14
08925.33 1.089e-14
08927.03 1.061e-14
08928.73 1.028e-14
08930.42 1.011e-14
08932.12 1.027e-14
08933.82 1.042e-14
08935.51 1.020e-14
08937.21 9.784e-15
08938.91 9.475e-15
08940.60 9.225e-15
08942.30 8.908e-15
08944.00 8.625e-15
08945.69 8.538e-15
08947.39 8.572e-15
08949.09 8.549e-15
08950.78 8.421e-15
08952.48 8.198e-15
08954.18 7.983e-15
08955.88 7.948e-15
08957.57 8.105e-15
08959.27 8.325e-15
08960.97 8.512e-15
08962.66 8.608e-15
08964.36 8.605e-15
08966.06 8.569e-15
08967.75 8.569e-15
08969.45 8.683e-15
08971.15 8.912e-15
08972.84 9.099e-15
08974.54 9.137e-15
08976.24 9.048e-15
08977.93 8.880e-15
08979.63 8.768e-15
08981.33 8.795e-15
08983.02 8.782e-15
08984.72 8.585e-15
08986.42 8.368e-15
08988.11 8.298e-15
08989.81 8.358e-15
08991.51 8.494e-15
08993.20 8.642e-15
08994.90 8.737e-15
08996.60 8.676e-15
08998.29 8.354e-15
08999.99 8.100e-15
09001.69 8.367e-15
09003.38 8.916e-15
09005.08 9.236e-15
09006.78 9.123e-15
09008.47 8.513e-15
09010.17 7.726e-15
09011.87 7.356e-15
09013.56 7.460e-15
09015.26 7.651e-15
09016.96 7.722e-15
09018.65 7.610e-15
09020.35 7.391e-15
09022.05 7.364e-15
09023.74 7.600e-15
09025.44 7.794e-15
09027.14 7.815e-15
09028.83 7.870e-15
09030.53 8.039e-15
09032.23 8.099e-15
09033.92 7.939e-15
09035.62 7.799e-15
09037.32 7.821e-15
09039.01 7.673e-15
09040.71 7.131e-15
09042.41 6.639e-15
09044.11 6.599e-15
09045.80 6.785e-15
09047.50 6.911e-15
09049.20 7.016e-15
09050.89 7.176e-15
09052.59 7.323e-15
09054.29 7.382e-15
09055.98 7.328e-15
09057.68 7.150e-15
09059.38 7.073e-15
09061.07 7.397e-15
09062.77 8.002e-15
09064.47 8.563e-15
09066.16 8.859e-15
09067.86 8.725e-15
09069.56 8.289e-15
09071.25 7.909e-15
09072.95 7.765e-15
09074.65 7.874e-15
09076.34 8.141e-15
09078.04 8.318e-15
09079.74 8.307e-15
09081.43 8.247e-15
09083.13 8.198e-15
09084.83 8.072e-15
09086.52 7.876e-15
09088.22 7.815e-15
09089.92 7.991e-15
09091.61 8.229e-15
09093.31 8.398e-15
09095.01 8.554e-15
09096.70 8.738e-15
09098.40 8.924e-15
09100.10 9.071e-15
09101.79 8.944e-15
09103.49 8.370e-15
09105.19 7.679e-15
09106.88 7.258e-15
09108.58 7.272e-15
09110.28 7.804e-15
09111.97 8.379e-15
09113.67 8.384e-15
09115.37 7.979e-15
09117.06 7.592e-15
09118.76 7.509e-15
09120.46 7.981e-15
09122.15 8.642e-15
09123.85 8.750e-15
09125.55 8.328e-15
09127.25 7.914e-15
09128.94 7.790e-15
09130.64 8.059e-15
09132.34 8.468e-15
09134.03 8.360e-15
09135.73 7.485e-15
09137.43 6.079e-15
09139.12 4.679e-15
09140.82 4.379e-15
09142.52 5.548e-15
09144.21 7.058e-15
09145.91 8.052e-15
09147.61 8.494e-15
09149.30 8.414e-15
09151.00 7.985e-15
09152.70 7.447e-15
09154.39 7.044e-15
09156.09 6.955e-15
09157.79 7.064e-15
09159.48 7.214e-15
09161.18 7.302e-15
09162.88 7.254e-15
09164.57 7.262e-15
09166.27 7.550e-15
09167.97 8.003e-15
09169.66 8.428e-15
09171.36 8.625e-15
09173.06 8.403e-15
09174.75 7.939e-15
09176.45 7.571e-15
09178.15 7.392e-15
09179.84 7.356e-15
09181.54 7.418e-15
09183.24 7.518e-15
09184.93 7.598e-15
09186.63 7.620e-15
09188.33 7.565e-15
09190.02 7.429e-15
09191.72 7.284e-15
09193.42 7.302e-15
09195.11 7.520e-15
09196.81 7.760e-15
09198.51 7.918e-15
09200.20 8.027e-15
09201.90 8.109e-15
09203.60 8.164e-15
09205.29 8.191e-15
09206.99 8.136e-15
09208.69 7.991e-15
09210.39 7.947e-15
09212.08 8.144e-15
09213.78 8.441e-15
09215.48 8.684e-15
09217.17 8.777e-15
09218.87 8.658e-15
09220.57 8.635e-15
09222.26 9.044e-15
09223.96 9.503e-15
09225.66 9.485e-15
09227.35 9.161e-15
09229.05 8.916e-15
09230.75 8.743e-15
09232.44 8.499e-15
09234.14 8.255e-15
09235.84 8.162e-15
09237.53 8.270e-15
09239.23 8.564e-15
09240.93 8.967e-15
09242.62 9.371e-15
09244.32 9.600e-15
09246.02 9.405e-15
09247.71 8.848e-15
09249.41 8.356e-15
09251.11 8.148e-15
09252.80 8.167e-15
09254.50 8.295e-15
09256.20 8.243e-15
09257.89 7.973e-15
09259.59 8.107e-15
09261.29 8.906e-15
09262.98 9.600e-15
09264.68 9.626e-15
09266.38 9.198e-15
09268.07 8.599e-15
09269.77 8.248e-15
09271.47 8.471e-15
09273.16 8.917e-15
09274.86 9.177e-15
09276.56 9.110e-15
09278.25 8.658e-15
09279.95 8.181e-15
09281.65 8.119e-15
09283.34 8.416e-15
09285.04 8.867e-15
09286.74 9.289e-15
09288.43 9.501e-15
09290.13 9.568e-15
09291.83 9.671e-15
09293.52 9.926e-15
09295.22 1.042e-14
09296.92 1.099e-14
09298.62 1.134e-14
09300.31 1.128e-14
09302.01 1.065e-14
09303.71 9.816e-15
09305.40 9.781e-15
09307.10 1.055e-14
09308.80 1.070e-14
09310.49 9.729e-15
09312.19 8.625e-15
09313.89 8.078e-15
09315.58 8.279e-15
09317.28 9.137e-15
09318.98 9.717e-15
09320.67 9.416e-15
09322.37 8.922e-15
09324.07 8.815e-15
09325.76 8.856e-15
09327.46 8.825e-15
09329.16 8.927e-15
09330.85 9.328e-15
09332.55 9.633e-15
09334.25 9.445e-15
09335.94 9.160e-15
09337.64 9.298e-15
09339.34 9.782e-15
09341.03 1.036e-14
09342.73 1.091e-14
09344.43 1.134e-14
09346.12 1.149e-14
09347.82 1.123e-14
09349.52 1.074e-14
09351.21 1.040e-14
09352.91 1.034e-14
09354.61 1.060e-14
09356.30 1.099e-14
09358.00 1.121e-14
09359.70 1.111e-14
09361.39 1.067e-14
09363.09 9.993e-15
09364.79 9.341e-15
09366.48 8.683e-15
09368.18 7.442e-15
09369.88 5.618e-15
09371.57 4.287e-15
09373.27 4.175e-15
09374.97 5.285e-15
09376.66 7.299e-15
09378.36 9.032e-15
09380.06 9.577e-15
09381.76 9.306e-15
09383.45 8.703e-15
09385.15 8.130e-15
09386.85 7.888e-15
09388.54 7.654e-15
09390.24 7.066e-15
09391.94 6.221e-15
09393.63 5.305e-15
09395.33 4.967e-15
09397.03 5.898e-15
09398.72 7.411e-15
09400.42 8.392e-15
09402.12 8.654e-15
09403.81 8.381e-15
09405.51 7.964e-15
09407.21 7.957e-15
09408.90 8.284e-15
09410.60 8.443e-15
09412.30 8.369e-15
09413.99 8.317e-15
09415.69 8.357e-15
09417.39 8.418e-15
09419.08 8.408e-15
09420.78 8.194e-15
09422.48 7.742e-15
09424.17 7.140e-15
09425.87 6.543e-15
09427.57 6.273e-15
09429.26 6.351e-15
09430.96 6.080e-15
09432.66 5.099e-15
09434.35 4.001e-15
09436.05 3.312e-15
09437.75 3.196e-15
09439.44 3.713e-15
09441.14 4.533e-15
09442.84 5.313e-15
09444.53 6.125e-15
09446.23 7.063e-15
09447.93 7.910e-15
09449.62 8.445e-15
09451.32 8.734e-15
09453.02 8.918e-15
09454.71 9.095e-15
09456.41 9.348e-15
09458.11 9.700e-15
09459.80 1.015e-14
09461.50 1.050e-14
09463.20 1.047e-14
09464.90 1.019e-14
09466.59 1.010e-14
09468.29 1.017e-14
09469.99 1.010e-14
09471.68 9.784e-15
09473.38 9.290e-15
09475.08 8.706e-15
09476.77 8.151e-15
09478.47 7.790e-15
09480.17 7.847e-15
09481.86 8.353e-15
09483.56 9.054e-15
09485.26 9.674e-15
09486.95 9.909e-15
09488.65 9.611e-15
09490.35 9.004e-15
09492.04 8.346e-15
09493.74 7.861e-15
09495.44 7.729e-15
09497.13 8.022e-15
09498.83 8.700e-15
09500.53 9.288e-15
09502.22 9.345e-15
09503.92 9.116e-15
09505.62 8.936e-15
09507.31 8.840e-15
09509.01 8.811e-15
09510.71 8.662e-15
09512.40 8.157e-15
09514.10 7.612e-15
09515.80 7.523e-15
09517.49 7.802e-15
09519.19 8.113e-15
09520.89 8.320e-15
09522.58 8.380e-15
09524.28 8.366e-15
09525.98 8.446e-15
09527.67 8.623e-15
09529.37 8.769e-15
09531.07 8.767e-15
09532.76 8.492e-15
09534.46 8.035e-15
09536.16 7.785e-15
09537.85 7.867e-15
09539.55 7.964e-15
09541.25 7.906e-15
09542.94 7.795e-15
09544.64 7.721e-15
09546.34 7.757e-15
09548.04 7.937e-15
09549.73 8.160e-15
09551.43 8.327e-15
09553.13 8.414e-15
09554.82 8.404e-15
09556.52 8.243e-15
09558.22 7.903e-15
09559.91 7.484e-15
09561.61 7.103e-15
09563.31 6.696e-15
09565.00 6.183e-15
09566.70 5.826e-15
09568.40 5.929e-15
09570.09 6.410e-15
09571.79 7.055e-15
09573.49 7.588e-15
09575.18 7.708e-15
09576.88 7.515e-15
09578.58 7.332e-15
09580.27 7.266e-15
09581.97 7.300e-15
09583.67 7.388e-15
09585.36 7.451e-15
09587.06 7.459e-15
09588.76 7.438e-15
09590.45 7.410e-15
09592.15 7.394e-15
09593.85 7.417e-15
09595.54 7.521e-15
09597.24 7.695e-15
09598.94 7.820e-15
09600.63 7.837e-15
09602.33 7.817e-15
09604.03 7.821e-15
09605.72 7.863e-15
09607.42 7.957e-15
09609.12 8.158e-15
09610.81 8.468e-15
09612.51 8.652e-15
09614.21 8.513e-15
09615.90 8.213e-15
09617.60 7.948e-15
09619.30 7.734e-15
09620.99 7.556e-15
09622.69 7.494e-15
09624.39 7.623e-15
09626.08 7.794e-15
09627.78 7.800e-15
09629.48 7.628e-15
09631.17 7.337e-15
09632.87 7.094e-15
09634.57 7.117e-15
09636.27 7.352e-15
09637.96 7.582e-15
09639.66 7.690e-15
09641.36 7.613e-15
09643.05 7.473e-15
09644.75 7.575e-15
09646.45 7.954e-15
09648.14 8.346e-15
09649.84 8.545e-15
09651.54 8.409e-15
09653.23 7.968e-15
09654.93 7.555e-15
09656.63 7.426e-15
09658.32 7.699e-15
09660.02 8.314e-15
09661.72 8.748e-15
09663.41 8.628e-15
09665.11 8.134e-15
09666.81 7.506e-15
09668.50 7.059e-15
09670.20 7.043e-15
09671.90 7.295e-15
09673.59 7.592e-15
09675.29 7.675e-15
09676.99 7.329e-15
09678.68 6.912e-15
09680.38 6.868e-15
09682.08 7.183e-15
09683.77 7.703e-15
09685.47 8.016e-15
09687.17 7.630e-15
09688.86 6.701e-15
09690.56 5.683e-15
09692.26 4.895e-15
09693.95 4.591e-15
09695.65 4.713e-15
09697.35 4.945e-15
09699.04 5.201e-15
09700.74 5.604e-15
09702.44 6.104e-15
09704.13 6.496e-15
09705.83 6.698e-15
09707.53 6.764e-15
09709.22 6.807e-15
09710.92 7.061e-15
09712.62 7.575e-15
09714.31 8.035e-15
09716.01 8.203e-15
09717.71 8.031e-15
09719.41 7.574e-15
09721.10 7.207e-15
09722.80 7.209e-15
09724.50 7.351e-15
09726.19 7.410e-15
09727.89 7.414e-15
09729.59 7.398e-15
09731.28 7.392e-15
09732.98 7.421e-15
09734.68 7.234e-15
09736.37 6.579e-15
09738.07 5.820e-15
09739.77 5.460e-15
09741.46 5.475e-15
09743.16 5.669e-15
09744.86 5.853e-15
09746.55 5.828e-15
09748.25 5.635e-15
09749.95 5.449e-15
09751.64 5.376e-15
09753.34 5.477e-15
09755.04 5.737e-15
09756.73 6.076e-15
09758.43 6.372e-15
09760.13 6.456e-15
09761.82 6.338e-15
09763.52 6.256e-15
09765.22 6.329e-15
09766.91 6.509e-15
09768.61 6.704e-15
09770.31 6.699e-15
09772.00 6.454e-15
09773.70 6.420e-15
09775.40 6.780e-15
09777.09 6.835e-15
09778.79 6.145e-15
09780.49 5.291e-15
09782.18 4.815e-15
09783.88 4.857e-15
09785.58 5.430e-15
09787.27 5.877e-15
09788.97 5.561e-15
09790.67 5.023e-15
09792.36 4.959e-15
09794.06 5.208e-15
09795.76 5.426e-15
09797.45 5.482e-15
09799.15 5.300e-15
09800.85 4.971e-15
09802.55 4.665e-15
09804.24 4.497e-15
09805.94 4.544e-15
09807.64 4.805e-15
09809.33 5.241e-15
09811.03 5.656e-15
09812.73 5.736e-15
09814.42 5.520e-15
09816.12 5.371e-15
09817.82 5.484e-15
09819.51 5.876e-15
09821.21 6.424e-15
09822.91 6.782e-15
09824.60 6.780e-15
09826.30 6.558e-15
09828.00 6.279e-15
09829.69 6.163e-15
09831.39 6.318e-15
09833.09 6.521e-15
09834.78 6.591e-15
09836.48 6.557e-15
09838.18 6.461e-15
09839.87 6.410e-15
09841.57 6.479e-15
09843.27 6.420e-15
09844.96 6.012e-15
09846.66 5.472e-15
09848.36 5.079e-15
09850.05 4.862e-15
09851.75 4.790e-15
09853.45 4.963e-15
09855.14 5.498e-15
09856.84 6.108e-15
09858.54 6.358e-15
09860.23 6.334e-15
09861.93 6.363e-15
09863.63 6.399e-15
09865.32 6.237e-15
09867.02 5.732e-15
09868.72 4.715e-15
09870.41 3.623e-15
09872.11 3.446e-15
09873.81 4.204e-15
09875.50 4.860e-15
09877.20 4.959e-15
09878.90 4.754e-15
09880.59 4.536e-15
09882.29 4.775e-15
09883.99 5.554e-15
09885.69 6.068e-15
09887.38 5.882e-15
09889.08 5.553e-15
09890.78 5.471e-15
09892.47 5.415e-15
09894.17 5.212e-15
09895.87 4.903e-15
09897.56 4.555e-15
09899.26 4.345e-15
09900.96 4.425e-15
09902.65 4.752e-15
09904.35 5.235e-15
09906.05 5.526e-15
09907.74 5.277e-15
09909.44 4.837e-15
09911.14 4.719e-15
09912.83 5.023e-15
09914.53 5.714e-15
09916.23 6.399e-15
09917.92 6.512e-15
09919.62 6.205e-15
09921.32 6.016e-15
09923.01 6.053e-15
09924.71 6.186e-15
09926.41 6.199e-15
09928.10 5.769e-15
09929.80 5.029e-15
09931.50 4.583e-15
09933.19 4.666e-15
09934.89 5.076e-15
09936.59 5.576e-15
09938.28 5.828e-15
09939.98 5.747e-15
09941.68 5.733e-15
09943.37 6.099e-15
09945.07 6.985e-15
09946.77 8.315e-15
09948.46 9.444e-15
09950.16 9.835e-15
09951.86 9.364e-15
09953.55 8.132e-15
09955.25 7.057e-15
09956.95 6.958e-15
09958.64 7.392e-15
09960.34 7.754e-15
09962.04 7.972e-15
09963.73 8.055e-15
09965.43 7.816e-15
09967.13 7.092e-15
09968.82 6.217e-15
09970.52 5.653e-15
09972.22 5.595e-15
09973.92 6.129e-15
09975.61 6.809e-15
09977.31 6.890e-15
09979.01 6.500e-15
09980.70 6.331e-15
09982.40 6.404e-15
09984.10 6.255e-15
09985.79 5.842e-15
09987.49 5.466e-15
09989.19 5.329e-15
09990.88 5.587e-15
09992.58 6.078e-15
09994.28 6.148e-15
09995.97 5.554e-15
09997.67 4.772e-15
09999.37 4.204e-15
10001.06 4.096e-15
10002.76 4.538e-15
10004.46 5.200e-15
10006.15 5.753e-15
10007.85 6.036e-15
10009.55 5.942e-15
10011.24 5.416e-15
10012.94 4.524e-15
10014.64 3.787e-15
10016.33 3.699e-15
10018.03 4.279e-15
10019.73 5.386e-15
10021.42 6.547e-15
10023.12 7.233e-15
10024.82 7.301e-15
10026.51 6.777e-15
10028.21 5.941e-15
10029.91 5.182e-15
10031.60 4.735e-15
10033.30 4.747e-15
10035.00 5.055e-15
10036.69 5.291e-15
10038.39 5.374e-15
10040.09 5.439e-15
10041.78 5.479e-15
10043.48 5.376e-15
10045.18 5.164e-15
10046.87 5.010e-15
10048.57 5.038e-15
10050.27 5.355e-15
10051.96 5.801e-15
10053.66 5.715e-15
10055.36 4.897e-15
10057.06 4.102e-15
10058.75 3.841e-15
10060.45 4.039e-15
10062.15 4.474e-15
10063.84 4.399e-15
10065.54 3.349e-15
10067.24 2.119e-15
10068.93 1.496e-15
10070.63 1.634e-15
10072.33 2.524e-15
10074.02 3.624e-15
10075.72 4.333e-15
10077.42 4.683e-15
10079.11 4.846e-15
10080.81 4.957e-15
10082.51 5.155e-15
10084.20 5.340e-15
10085.90 5.349e-15
10087.60 5.044e-15
10089.29 4.306e-15
10090.99 3.458e-15
10092.69 3.050e-15
10094.38 3.247e-15
10096.08 3.972e-15
10097.78 4.857e-15
10099.47 5.266e-15
10101.17 5.101e-15
10102.87 4.840e-15
10104.56 4.702e-15
10106.26 4.609e-15
10107.96 4.481e-15
10109.65 4.170e-15
10111.35 3.714e-15
10113.05 3.542e-15
10114.74 3.887e-15
10116.44 4.580e-15
10118.14 5.337e-15
10119.83 5.524e-15
10121.53 4.774e-15
10123.23 3.775e-15
10124.92 3.183e-15
10126.62 3.057e-15
10128.32 3.349e-15
10130.01 3.645e-15
10131.71 3.523e-15
10133.41 3.421e-15
10135.10 3.878e-15
10136.80 4.462e-15
10138.50 4.555e-15
10140.20 4.264e-15
10141.89 3.906e-15
10143.59 3.827e-15
10145.29 4.396e-15
10146.98 5.329e-15
10148.68 5.999e-15
10150.38 6.262e-15
10152.07 6.245e-15
10153.77 6.176e-15
10155.47 6.418e-15
10157.16 6.800e-15
10158.86 6.622e-15
10160.56 5.764e-15
10162.25 4.756e-15
10163.95 4.049e-15
10165.65 4.045e-15
10167.34 4.703e-15
10169.04 5.145e-15
10170.74 4.825e-15
10172.43 3.963e-15
10174.13 2.865e-15
10175.83 2.008e-15
10177.52 1.764e-15
10179.22 2.144e-15
10180.92 2.980e-15
10182.61 3.377e-15
10184.31 2.657e-15
10186.01 1.934e-15
10187.70 2.364e-15
10189.40 3.532e-15
10191.10 4.755e-15
10192.79 5.652e-15
10194.49 5.932e-15
10196.19 5.425e-15
10197.88 4.054e-15
10199.58 2.614e-15
10201.28 2.243e-15
10202.97 2.570e-15
10204.67 2.441e-15
10206.37 2.191e-15
10208.06 3.033e-15
10209.76 4.508e-15
10211.46 5.008e-15
10213.15 4.245e-15
10214.85 3.016e-15
10216.55 1.996e-15
10218.24 1.837e-15
10219.94 2.481e-15
10221.64 2.807e-15
10223.34 2.314e-15
10225.03 1.560e-15
10226.73 9.972e-16
10228.43 9.695e-16
10230.12 1.509e-15
10231.82 1.651e-15
10233.52 8.747e-16
10235.21 3.251e-16
10236.91 8.757e-16
10238.61 1.923e-15
10240.30 2.842e-15
10242.00 3.597e-15
10243.70 4.175e-15
10245.39 4.486e-15
10247.09 4.477e-15
10248.79 3.977e-15
10250.48 2.850e-15
10252.18 1.730e-15
10253.88 1.415e-15
10255.57 1.787e-15
10257.27 2.401e-15
10258.97 2.910e-15
10260.66 2.979e-15
10262.36 2.800e-15
10264.06 2.885e-15
10265.75 3.210e-15
10267.45 3.420e-15
10269.15 3.281e-15
10270.84 2.601e-15
10272.54 1.664e-15
10274.24 1.297e-15
10275.93 1.685e-15
10277.63 2.152e-15
10279.33 2.459e-15
10281.02 3.072e-15
10282.72 4.136e-15
10284.42 5.221e-15
10286.11 6.059e-15
10287.81 6.785e-15
10289.51 7.426e-15
10291.20 7.717e-15
10292.90 7.442e-15
10294.60 6.444e-15
10296.29 4.738e-15
10297.99 3.007e-15
10299.69 1.919e-15
10301.38 1.648e-15
10303.08 2.176e-15
10304.78 3.102e-15
10306.47 3.955e-15
10308.17 3.974e-15
10309.87 2.427e-15
10311.57 7.449e-16
10313.26 9.752e-16
10314.96 2.745e-15
10316.66 4.720e-15
10318.35 5.761e-15
10320.05 4.837e-15
10321.75 2.278e-15
10323.44 -7.324e-16
10325.14 -2.856e-15
10326.84 -2.572e-15
10328.53 -3.458e-16
10330.23 1.333e-15
10331.93 1.613e-15
10333.62 1.644e-15
10335.32 2.029e-15
10337.02 2.694e-15
10338.71 3.532e-15
10340.41 4.275e-15
10342.11 4.584e-15
10343.80 3.972e-15
10345.50 2.335e-15
10347.20 5.218e-16
10348.89 -6.576e-16
10350.59 -6.084e-16
10352.29 9.125e-16
10353.98 2.741e-15
10355.68 3.743e-15
10357.38 4.251e-15
10359.07 4.744e-15
10360.77 4.723e-15
10362.47 3.683e-15
10364.16 2.629e-15
10365.86 2.811e-15
10367.56 3.686e-15
10369.25 4.190e-15
10370.95 4.260e-15
10372.65 4.139e-15
10374.34 4.068e-15
10376.04 4.384e-15
10377.74 4.443e-15
10379.43 3.007e-15
10381.13 4.145e-16
10382.83 -1.909e-15
10384.52 -3.144e-15
10386.22 -2.881e-15
10387.92 -1.842e-15
10389.61 -2.121e-15
10391.31 -4.158e-15
10393.01 -6.151e-15
10394.71 -6.647e-15
10396.40 -4.555e-15
10398.10 -6.372e-17
10399.80 3.793e-15
10401.49 5.073e-15
10403.19 5.035e-15
10404.89 4.770e-15
10406.58 4.397e-15
10408.28 3.985e-15
10409.98 3.071e-15
10411.67 1.310e-15
10413.37 -8.577e-16
10415.07 -2.878e-15
10416.76 -3.518e-15
10418.46 -1.700e-15
10420.16 4.739e-16
10421.85 3.293e-16
10423.55 -1.693e-16
10425.25 2.144e-15
10426.94 4.770e-15
10428.64 3.372e-15
10430.34 -4.027e-16
10432.03 -2.329e-15
10433.73 -1.977e-15
10435.43 -9.138e-16
10437.12 3.353e-16
10438.82 1.727e-15
10440.52 3.190e-15
10442.21 4.866e-15
10443.91 6.103e-15
10445.61 5.297e-15
10447.30 2.632e-15
10449.00 5.628e-16
10450.70 3.728e-16
10452.39 1.627e-15
10454.09 3.461e-15
10455.79 3.924e-15
10457.48 2.240e-15
10459.18 8.305e-16
10460.88 1.328e-15
10462.57 2.409e-15
10464.27 3.062e-15
10465.97 4.269e-15
10467.66 6.629e-15
10469.36 8.374e-15
10471.06 7.950e-15
10472.75 5.817e-15
10474.45 2.856e-15
10476.15 1.905e-15
10477.85 5.754e-15
10479.54 1.093e-14
10481.24 1.252e-14
10482.94 1.126e-14
10484.63 9.728e-15
10486.33 8.526e-15
10488.03 7.609e-15
10489.72 6.887e-15
10491.42 6.037e-15
10493.12 5.460e-15
10494.81 6.104e-15
10496.51 7.306e-15
10498.21 7.180e-15
10499.90 5.394e-15
10501.60 2.972e-15
10503.30 1.340e-15
10504.99 2.617e-15
10506.69 6.798e-15
10508.39 1.033e-14
10510.08 1.167e-14
10511.78 1.402e-14
10513.48 1.698e-14
10515.17 1.007e-14
10516.87 -9.777e-15
10518.57 -2.344e-14
10520.26 -1.797e-14
10521.96 -6.165e-15
10523.66 2.046e-16
10525.35 3.239e-15
10527.05 5.565e-15
10528.75 6.826e-15
10530.44 6.860e-15
10532.14 6.357e-15
10533.84 6.074e-15
10535.53 5.245e-15
10537.23 2.888e-15
10538.93 5.726e-16
10540.62 3.636e-16
10542.32 3.045e-15
10544.02 8.974e-15
10545.71 1.436e-14
10547.41 1.339e-14
10549.11 7.318e-15
10550.80 1.831e-15
10552.50 -1.178e-15
10554.20 -2.772e-15
10555.89 -2.196e-15
10557.59 3.084e-15
10559.29 1.074e-14
10560.98 1.270e-14
10562.68 7.893e-15
10564.38 5.320e-15
10566.08 8.784e-15
10567.77 1.342e-14
10569.47 1.566e-14
10571.17 1.372e-14
10572.86 7.814e-15
10574.56 4.787e-15
10576.26 8.533e-15
10577.95 1.096e-14
10579.65 6.133e-15
10581.35 4.829e-16
10583.04 5.275e-17
10584.74 3.960e-15
10586.44 1.029e-14
10588.13 1.531e-14
10589.83 1.545e-14
10591.53 1.146e-14
10593.22 5.224e-15
10594.92 1.770e-15
10596.62 6.693e-15
10598.31 1.490e-14
10600.01 1.754e-14
10601.71 1.398e-14
10603.40 7.151e-15
10605.10 6.630e-16
10606.80 -9.950e-16
10608.49 1.248e-15
10610.19 2.279e-15
10611.89 1.597e-15
10613.58 2.710e-15
10615.28 5.867e-15
10616.98 7.975e-15
10618.67 8.331e-15
10620.37 9.355e-15
10622.07 1.137e-14
10623.76 1.114e-14
10625.46 7.997e-15
10627.16 6.689e-15
10628.85 9.368e-15
10630.55 1.146e-14
10632.25 1.012e-14
10633.94 8.362e-15
10635.64 8.656e-15
10637.34 1.082e-14
10639.03 1.416e-14
10640.73 1.611e-14
10642.43 1.444e-14
10644.12 9.815e-15
10645.82 3.667e-15
10647.52 -2.917e-16
10649.22 1.641e-15
10650.91 6.735e-15
10652.61 1.064e-14
10654.31 1.240e-14
10656.00 1.193e-14
10657.70 1.219e-14
10659.40 1.768e-14
10661.09 2.438e-14
10662.79 2.380e-14
10664.49 1.611e-14
10666.18 7.001e-15
10667.88 -6.172e-18
10669.58 -2.845e-15
10671.27 -1.442e-15
10672.97 1.961e-15
10674.67 5.474e-15
10676.36 7.772e-15
10678.06 8.476e-15
10679.76 8.925e-15
10681.45 9.682e-15
10683.15 9.747e-15
10684.85 8.357e-15
10686.54 4.822e-15
10688.24 -5.347e-16
10689.94 -4.206e-15
10691.63 -3.865e-15
10693.33 -2.274e-15
10695.03 -1.879e-15
10696.72 -9.710e-16
10698.42 1.904e-15
10700.12 3.715e-15
10701.81 1.529e-15
10703.51 -8.547e-16
10705.21 1.093e-15
10706.90 3.010e-15
10708.60 -1.063e-15
10710.30 -7.475e-15
10711.99 -1.008e-14
10713.69 -7.706e-15
10715.39 -8.325e-16
10717.08 5.048e-15
10718.78 1.734e-15
10720.48 -7.883e-15
10722.17 -1.416e-14
10723.87 -1.375e-14
10725.57 -7.667e-15
10727.26 7.674e-16
10728.96 5.442e-15
10730.66 5.202e-15
10732.36 5.055e-15
10734.05 7.227e-15
10735.75 1.015e-14
10737.45 1.255e-14
10739.14 1.329e-14
10740.84 1.170e-14
10742.54 8.232e-15
10744.23 4.050e-15
10745.93 2.261e-15
10747.63 4.679e-15
10749.32 8.377e-15
10751.02 1.075e-14
10752.72 1.267e-14
10754.41 1.492e-14
10756.11 1.628e-14
10757.81 1.564e-14
10759.50 1.271e-14
10761.20 7.558e-15
10762.90 3.753e-15
10764.59 5.249e-15
10766.29 8.602e-15
10767.99 8.408e-15
10769.68 5.229e-15
10771.38 1.696e-15
10773.08 -4.080e-16
10774.77 4.496e-16
10776.47 3.463e-15
10778.17 6.273e-15
10779.86 7.929e-15
10781.56 8.770e-15
10783.26 7.758e-15
10784.95 2.399e-15
10786.65 -4.802e-15
10788.35 -5.821e-15
10790.04 8.641e-16
10791.74 8.267e-15
10793.44 1.182e-14
10795.13 1.041e-14
10796.83 5.098e-15
10798.53 2.294e-15
10800.22 5.223e-15
10801.92 7.985e-15
10803.62 6.495e-15
10805.31 3.327e-15
10807.01 8.182e-16
10808.71 -3.915e-16
10810.40 3.924e-17
10812.10 4.689e-16
10813.80 -6.522e-16
10815.50 -1.260e-15
10817.19 8.823e-16
10818.89 3.452e-15
10820.59 3.497e-15
10822.28 2.846e-15
10823.98 4.311e-15
10825.68 7.540e-15
10827.37 1.135e-14
10829.07 1.290e-14
10830.77 8.532e-15
10832.46 1.492e-15
10834.16 -1.274e-15
10835.86 9.793e-16
10837.55 5.046e-15
10839.25 8.312e-15
10840.95 8.407e-15
10842.64 5.293e-15
10844.34 1.322e-15
10846.04 -1.116e-15
10847.73 7.217e-16
10849.43 5.767e-15
10851.13 6.946e-15
10852.82 5.469e-16
10854.52 -1.121e-14
10856.22 -2.448e-14
10857.91 -3.169e-14
10859.61 -2.819e-14
10861.31 -1.807e-14
10863.00 -6.166e-15
10864.70 2.557e-15
10866.40 4.489e-15
10868.09 3.576e-15
10869.79 4.095e-15
10871.49 4.745e-15
10873.18 3.847e-15
10874.88 1.808e-15
10876.58 -7.031e-16
10878.27 -2.420e-15
10879.97 -2.040e-15
10881.67 -4.873e-16
10883.36 6.168e-16
10885.06 7.558e-16
10886.76 -1.495e-16
10888.45 -1.336e-15
10890.15 -1.550e-15
10891.85 -6.130e-16
10893.54 8.555e-16
10895.24 2.779e-15
10896.94 5.610e-15
10898.63 8.093e-15
10900.33 7.377e-15
10902.03 3.341e-15
10903.73 -1.053e-15
10905.42 -3.745e-15
10907.12 -3.795e-15
10908.82 -1.578e-15
10910.51 -1.222e-16
10912.21 -9.371e-16
10913.91 -1.808e-15
10915.60 -1.271e-15
10917.30 3.771e-17
10919.00 1.396e-15
10920.69 1.514e-15
10922.39 -3.477e-16
10924.09 -1.946e-15
10925.78 -1.304e-15
10927.48 2.483e-16
10929.18 1.143e-15
10930.87 1.072e-15
10932.57 -1.076e-17
10934.27 -7.367e-16
10935.96 4.992e-16
10937.66 2.521e-15
10939.36 3.347e-15
10941.05 3.324e-15
10942.75 3.689e-15
10944.45 3.933e-15
10946.14 2.778e-15
10947.84 1.094e-15
10949.54 9.039e-16
10951.23 2.361e-15
10952.93 4.426e-15
10954.63 5.841e-15
10956.32 4.966e-15
10958.02 2.300e-15
10959.72 9.106e-16
10961.41 1.538e-15
10963.11 1.633e-15
10964.81 2.992e-16
10966.50 -6.708e-16
10968.20 -4.389e-16
10969.90 6.611e-17
10971.59 1.820e-16
10973.29 -2.254e-16
10974.99 -1.104e-15
10976.68 -1.771e-15
10978.38 -1.660e-15
10980.08 -7.368e-16
10981.77 8.024e-16
10983.47 1.769e-15
10985.17 1.133e-15
10986.87 -1.912e-16
10988.56 -1.050e-15
10990.26 -1.153e-15
10991.96 -4.211e-16
10993.65 3.367e-16
10995.35 6.553e-17
10997.05 -6.558e-16
10998.74 -6.826e-16
11000.44 -2.277e-16
11002.14 -7.115e-17
11003.83 -2.145e-16
11005.53 -2.760e-16
11007.23 -2.403e-16
11008.92 -2.909e-16
11010.62 -4.957e-16
11012.32 -8.605e-16
11014.01 -1.245e-15
11015.71 -1.346e-15
11017.41 -1.079e-15
11019.10 -6.343e-16
11020.80 -1.780e-16
11022.50 1.760e-16
11024.19 3.267e-16
11025.89 1.906e-16
11027.59 -1.784e-16
11029.28 -4.073e-16
11030.98 -2.733e-16
11032.68 -5.487e-17
11034.37 1.774e-17
11036.07 1.470e-17
11037.77 6.865e-18
11039.46 -1.296e-18
