09000.31 2.184e-15
09003.16 2.314e-15
09006.02 2.259e-15
09008.87 2.353e-15
09011.73 2.362e-15
09014.59 2.425e-15
09017.46 2.564e-15
09020.32 2.537e-15
09023.19 2.638e-15
09026.06 2.845e-15
09028.94 3.055e-15
09031.82 2.975e-15
09034.70 2.857e-15
09037.58 2.979e-15
09040.47 2.755e-15
09043.35 2.837e-15
09046.24 2.792e-15
09049.14 2.586e-15
09052.03 2.801e-15
09054.93 2.436e-15
09057.83 2.377e-15
09060.73 2.422e-15
09063.64 2.413e-15
09066.55 2.381e-15
09069.46 2.549e-15
09072.38 2.272e-15
09075.30 2.472e-15
09078.22 2.349e-15
09081.14 2.491e-15
09084.07 2.430e-15
09087.00 2.405e-15
09089.93 2.331e-15
09092.86 2.627e-15
09095.80 2.424e-15
09098.74 2.393e-15
09101.68 2.380e-15
09104.62 2.393e-15
09107.57 2.455e-15
09110.52 2.474e-15
09113.48 2.458e-15
09116.43 2.253e-15
09119.39 2.354e-15
09122.35 2.460e-15
09125.32 2.420e-15
09128.29 2.412e-15
09131.26 2.402e-15
09134.23 2.393e-15
09137.20 2.422e-15
09140.09 2.579e-15
09143.17 2.487e-15
09146.16 2.419e-15
09149.14 2.466e-15
09152.14 2.365e-15
09155.13 2.398e-15
09158.13 2.564e-15
09161.12 2.393e-15
09164.13 2.486e-15
09167.13 2.272e-15
09170.14 2.258e-15
09173.15 2.353e-15
09176.17 2.376e-15
09179.19 2.393e-15
09182.21 2.297e-15
09185.23 2.406e-15
09188.26 2.398e-15
09191.29 2.364e-15
09194.32 2.476e-15
09197.36 2.469e-15
09200.40 2.381e-15
09203.44 2.397e-15
09206.49 2.476e-15
09209.53 2.372e-15
09212.59 2.421e-15
09215.64 2.526e-15
09218.70 2.460e-15
09221.76 2.407e-15
09224.82 2.631e-15
09227.89 2.692e-15
09230.96 2.830e-15
09234.04 2.776e-15
09237.11 2.919e-15
09240.20 2.974e-15
09243.28 2.957e-15
09246.37 2.958e-15
09249.46 3.018e-15
09252.55 3.001e-15
09255.65 2.974e-15
09258.75 2.793e-15
09261.85 3.082e-15
09264.96 2.728e-15
09268.07 2.743e-15
09271.18 2.638e-15
09274.30 2.568e-15
09277.42 2.538e-15
09280.54 1.806e-15
09283.67 7.338e-16
09286.80 2.350e-15
09289.94 2.394e-15
09293.07 2.473e-15
09296.21 2.501e-15
09299.36 2.397e-15
09302.51 2.318e-15
09305.66 2.304e-15
09308.81 2.397e-15
09311.97 2.302e-15
09315.14 2.409e-15
09318.30 2.354e-15
09321.47 2.335e-15
09324.64 2.468e-15
09327.82 2.231e-15
09331.00 2.399e-15
09334.19 2.433e-15
09337.37 2.287e-15
09340.56 2.221e-15
09343.76 2.497e-15
09346.96 2.316e-15
09350.16 2.419e-15
09353.37 2.317e-15
09356.58 2.303e-15
09359.79 2.397e-15
09363.01 2.366e-15
09366.23 2.367e-15
09369.45 2.489e-15
09372.68 2.512e-15
09375.92 2.517e-15
09379.15 2.445e-15
09382.39 2.398e-15
09385.64 2.449e-15
09388.88 2.532e-15
09392.14 2.502e-15
09395.39 2.474e-15
09398.65 2.545e-15
09401.92 2.436e-15
09405.19 2.402e-15
09408.46 2.368e-15
09411.73 2.384e-15
09415.01 2.418e-15
09418.30 2.342e-15
09421.58 2.414e-15
09424.88 2.317e-15
09428.17 2.419e-15
09431.47 2.415e-15
09434.78 2.299e-15
09438.09 2.222e-15
09441.40 2.261e-15
09444.72 2.297e-15
09448.04 2.203e-15
09451.36 2.237e-15
09454.69 2.216e-15
09458.02 2.306e-15
09461.36 2.286e-15
09464.70 2.276e-15
09468.05 2.195e-15
09471.40 2.165e-15
09474.75 2.230e-15
09478.12 2.214e-15
09481.48 2.354e-15
09484.85 2.262e-15
09488.22 2.263e-15
09491.59 2.221e-15
09494.97 2.150e-15
09498.36 2.162e-15
09501.75 2.094e-15
09505.14 2.198e-15
09508.54 2.091e-15
09511.95 2.062e-15
09515.35 2.098e-15
09518.76 2.163e-15
09522.18 2.116e-15
09525.60 2.126e-15
09529.03 2.231e-15
09532.46 2.341e-15
09535.89 2.310e-15
09539.33 2.415e-15
09542.77 2.444e-15
09546.23 2.447e-15
09549.68 2.476e-15
09553.13 2.452e-15
09556.60 2.514e-15
09560.07 2.463e-15
09563.53 2.549e-15
09567.01 2.504e-15
09570.49 2.474e-15
09573.98 2.309e-15
09577.47 2.189e-15
09580.96 2.208e-15
09584.47 2.176e-15
09587.97 2.190e-15
09591.48 2.212e-15
09594.99 1.999e-15
09598.51 2.059e-15
09602.04 2.125e-15
09605.57 2.065e-15
09609.10 2.058e-15
09612.64 1.978e-15
09616.18 2.022e-15
09619.73 2.051e-15
09623.28 1.960e-15
09626.84 1.946e-15
09630.40 2.023e-15
09633.97 1.974e-15
09637.55 1.979e-15
09641.12 2.024e-15
09644.71 2.062e-15
09648.30 1.995e-15
09651.89 2.009e-15
09655.49 2.036e-15
09659.09 1.929e-15
09662.71 1.924e-15
09666.32 1.927e-15
09669.94 1.973e-15
09673.56 1.849e-15
09677.19 1.845e-15
09680.82 1.820e-15
09684.47 1.865e-15
09688.11 1.876e-15
09691.76 1.907e-15
09695.41 1.715e-15
09699.07 1.714e-15
09702.74 1.698e-15
09706.41 1.779e-15
09710.09 1.719e-15
09713.77 1.670e-15
09717.45 1.658e-15
09721.15 1.541e-15
09724.84 1.576e-15
09728.55 1.529e-15
09732.25 1.443e-15
09735.97 1.510e-15
09739.69 1.532e-15
09743.41 1.485e-15
09747.14 1.432e-15
09750.88 1.449e-15
09754.61 1.434e-15
09758.37 1.469e-15
09762.11 1.419e-15
09765.87 1.439e-15
09769.63 1.310e-15
09773.40 1.349e-15
09777.17 1.435e-15
09780.95 1.393e-15
09784.74 1.377e-15
09788.53 1.323e-15
09792.32 1.312e-15
09796.13 1.319e-15
09799.93 1.279e-15
09803.74 1.152e-15
09807.56 1.065e-15
09811.39 1.220e-15
09815.21 1.181e-15
09819.05 1.175e-15
09822.89 1.198e-15
09826.74 1.134e-15
09830.59 1.133e-15
09834.44 1.158e-15
09838.31 1.058e-15
09842.18 1.025e-15
09846.05 1.118e-15
09849.93 1.138e-15
09853.82 1.130e-15
09857.71 1.085e-15
09861.61 1.016e-15
09865.51 9.172e-16
09869.42 1.003e-15
09873.34 9.702e-16
09877.26 9.355e-16
09881.18 9.657e-16
09885.12 1.028e-15
09889.06 1.001e-15
09893.00 9.438e-16
09896.95 9.246e-16
09900.91 9.157e-16
09904.87 8.649e-16
09908.83 8.899e-16
09912.81 9.177e-16
09916.79 9.183e-16
09920.78 8.526e-16
09924.77 7.916e-16
09928.77 8.668e-16
09932.77 8.905e-16
09936.78 8.418e-16
09940.79 7.959e-16
09944.82 8.014e-16
09948.84 8.035e-16
09952.88 7.745e-16
09956.92 7.054e-16
09960.96 9.037e-16
09965.02 8.227e-16
09969.07 7.856e-16
09973.14 7.360e-16
09977.21 7.322e-16
09981.29 7.150e-16
09985.37 6.615e-16
09989.46 6.748e-16
09993.55 6.337e-16
09997.65 6.060e-16
10001.80 5.825e-16
10005.90 5.502e-16
10010.00 6.053e-16
10014.10 6.626e-16
10018.20 6.562e-16
10022.40 6.495e-16
10026.50 6.750e-16
10030.70 6.634e-16
10034.80 6.294e-16
10039.00 6.113e-16
10043.20 7.103e-16
10047.30 7.013e-16
10051.50 6.628e-16
10055.70 6.930e-16
10059.90 7.082e-16
10064.10 6.915e-16
10068.30 6.795e-16
10072.50 6.009e-16
10076.80 5.654e-16
10081.00 5.704e-16
10085.20 5.675e-16
10089.40 5.294e-16
10093.70 5.229e-16
10097.90 5.613e-16
10102.20 5.210e-16
10106.50 4.986e-16
10110.70 5.179e-16
10115.00 4.803e-16
10119.30 4.810e-16
10123.60 4.880e-16
10127.90 4.462e-16
10132.20 4.410e-16
10136.50 4.452e-16
10140.80 4.418e-16
10145.10 5.009e-16
10149.50 4.936e-16
10153.80 4.631e-16
10158.10 4.839e-16
10162.50 4.189e-16
10166.80 5.139e-16
10171.20 5.579e-16
10175.60 4.274e-16
10179.90 5.341e-16
10184.30 4.430e-16
10188.70 4.645e-16
10193.10 4.957e-16
10197.50 5.178e-16
10201.90 4.992e-16
10206.30 5.097e-16
10210.80 5.243e-16
10215.20 4.873e-16
10219.60 5.159e-16
10224.10 5.528e-16
10228.50 4.710e-16
10233.00 3.904e-16
10237.40 4.520e-16
10241.90 4.866e-16
10246.40 5.408e-16
10250.80 4.370e-16
10255.30 4.218e-16
10259.80 4.750e-16
10264.30 5.111e-16
10268.80 4.883e-16
10273.30 5.462e-16
10277.90 5.778e-16
10282.40 6.346e-16
10286.90 6.105e-16
10291.50 5.613e-16
10296.00 6.222e-16
10300.60 6.072e-16
10305.10 6.096e-16
10309.70 5.986e-16
10314.30 6.600e-16
10318.90 6.399e-16
10323.40 6.505e-16
10328.00 7.198e-16
10332.60 6.551e-16
10337.20 7.119e-16
10341.90 6.806e-16
10346.50 6.847e-16
10351.10 7.317e-16
10355.80 7.546e-16
10360.40 7.935e-16
10365.00 7.878e-16
10369.70 7.885e-16
10374.40 8.321e-16
10379.00 8.285e-16
10383.70 7.713e-16
10388.40 8.146e-16
10393.10 8.614e-16
10397.80 8.902e-16
10402.50 9.015e-16
10407.20 8.602e-16
10411.90 8.751e-16
10416.70 9.195e-16
10421.40 9.484e-16
10426.10 9.775e-16
10430.90 9.575e-16
10435.60 1.008e-15
10440.40 1.033e-15
10445.20 1.040e-15
10449.90 9.959e-16
10454.70 1.052e-15
10459.50 1.043e-15
10464.30 1.053e-15
10469.10 1.054e-15
10473.90 1.032e-15
10478.70 1.085e-15
10483.60 1.128e-15
10488.40 1.171e-15
10493.20 1.161e-15
10498.10 1.086e-15
10502.90 1.127e-15
10507.80 1.153e-15
10512.70 1.143e-15
10517.50 1.178e-15
10522.40 1.225e-15
10527.30 1.196e-15
10532.20 1.193e-15
10537.10 1.213e-15
10542.00 1.212e-15
10546.90 1.243e-15
10551.90 1.193e-15
10556.80 1.191e-15
10561.70 1.209e-15
10566.70 1.231e-15
10571.60 1.288e-15
10576.60 1.345e-15
10581.60 1.253e-15
10586.50 1.273e-15
10591.50 1.257e-15
10596.50 1.238e-15
10601.50 1.242e-15
10606.50 1.214e-15
10611.50 1.213e-15
10616.60 1.315e-15
10621.60 1.281e-15
10626.60 1.233e-15
10631.70 1.256e-15
10636.70 1.264e-15
10641.80 1.231e-15
10646.80 1.312e-15
10651.90 1.271e-15
10657.00 1.258e-15
10662.10 1.312e-15
10667.20 1.304e-15
10672.30 1.331e-15
10677.40 1.341e-15
10682.50 1.323e-15
10687.60 1.376e-15
10692.70 1.423e-15
10697.90 1.422e-15
10703.00 1.436e-15
10708.20 1.406e-15
10713.30 1.448e-15
10718.50 1.479e-15
10723.70 1.477e-15
10728.90 1.518e-15
10734.00 1.534e-15
10739.20 1.539e-15
10744.40 1.526e-15
10749.70 1.522e-15
10754.90 1.458e-15
10760.10 1.538e-15
10765.30 1.559e-15
10770.60 1.637e-15
10775.80 1.612e-15
10781.10 1.605e-15
10786.40 1.634e-15
10791.60 1.592e-15
10796.90 1.637e-15
10802.20 1.720e-15
10807.50 1.688e-15
10812.80 1.708e-15
10818.10 1.721e-15
10823.40 1.741e-15
10828.80 1.749e-15
10834.10 1.762e-15
10839.50 1.794e-15
10844.80 1.769e-15
10850.20 1.708e-15
10855.50 1.708e-15
10860.80 1.737e-15
10866.20 1.686e-15
10871.70 1.733e-15
10877.10 1.762e-15
10882.50 1.757e-15
10887.90 1.705e-15
10893.30 1.721e-15
10898.70 1.715e-15
10904.20 1.705e-15
10909.60 1.704e-15
10915.10 1.687e-15
10920.50 1.752e-15
10926.00 1.750e-15
10931.50 1.825e-15
10937.00 1.863e-15
10942.50 1.889e-15
10948.00 1.945e-15
10953.50 1.956e-15
10959.00 1.961e-15
10964.50 1.961e-15
10970.00 2.012e-15
10975.60 1.986e-15
10981.10 1.871e-15
10986.70 1.966e-15
10992.20 1.835e-15
10997.80 1.752e-15
11003.40 1.767e-15
11009.00 1.744e-15
11014.60 1.775e-15
11020.20 1.725e-15
11025.80 1.685e-15
11031.40 1.712e-15
11037.10 1.732e-15
11042.70 1.673e-15
11048.30 1.636e-15
11054.00 1.681e-15
11059.70 1.666e-15
11065.30 1.662e-15
11071.00 1.712e-15
11076.70 1.716e-15
11082.40 1.654e-15
11088.10 1.736e-15
11093.80 1.694e-15
11099.50 1.677e-15
11105.30 1.634e-15
11111.00 1.701e-15
11116.70 1.683e-15
11122.50 1.650e-15
11128.20 1.603e-15
11134.00 1.570e-15
11139.80 1.625e-15
11145.60 1.597e-15
11151.40 1.492e-15
11157.20 1.554e-15
11163.00 1.546e-15
11168.80 1.520e-15
11174.60 1.517e-15
11180.50 1.496e-15
11186.30 1.465e-15
11192.20 1.453e-15
11198.10 1.536e-15
11203.90 1.518e-15
11209.80 1.494e-15
11215.70 1.454e-15
11221.60 1.409e-15
11227.50 1.469e-15
11233.40 1.469e-15
11239.30 1.384e-15
11245.30 1.366e-15
11251.20 1.339e-15
11257.20 1.405e-15
11263.10 1.400e-15
11269.10 1.408e-15
11275.10 1.472e-15
11281.10 1.348e-15
11287.10 1.355e-15
11293.10 1.378e-15
11299.10 1.447e-15
11305.10 1.463e-15
11311.10 1.414e-15
11317.20 1.399e-15
11323.20 1.389e-15
11329.30 1.349e-15
11335.30 1.329e-15
11341.40 1.278e-15
11347.50 1.348e-15
11353.60 1.388e-15
11359.70 1.379e-15
11365.80 1.294e-15
11371.90 1.310e-15
11378.00 1.279e-15
11384.20 1.286e-15
11390.30 1.320e-15
11396.50 1.324e-15
11402.70 1.332e-15
11408.80 1.301e-15
11415.00 1.295e-15
11421.20 1.322e-15
11427.40 1.272e-15
11433.60 1.207e-15
11439.80 1.254e-15
11446.10 1.265e-15
11452.30 1.262e-15
11458.60 1.166e-15
11464.80 1.148e-15
11471.10 1.144e-15
11477.40 1.211e-15
11483.70 1.198e-15
11490.00 1.207e-15
11496.30 1.234e-15
11502.60 1.203e-15
11508.90 1.135e-15
11515.20 1.189e-15
11521.60 1.183e-15
11527.90 1.140e-15
11534.30 1.176e-15
11540.70 1.082e-15
11547.00 1.009e-15
11553.40 1.169e-15
11559.80 1.144e-15
11566.20 1.209e-15
11572.70 1.197e-15
11579.10 1.153e-15
11585.50 1.145e-15
11592.00 1.122e-15
11598.50 1.136e-15
11604.90 1.113e-15
11611.40 1.088e-15
11617.90 1.139e-15
11624.40 1.140e-15
11630.90 1.122e-15
11637.40 1.101e-15
11643.90 1.115e-15
11650.50 1.113e-15
11657.00 1.093e-15
11663.60 1.087e-15
11670.20 1.102e-15
11676.70 1.165e-15
11683.30 1.129e-15
11689.90 9.130e-16
11696.50 9.676e-16
11703.20 1.074e-15
11709.80 1.046e-15
11716.40 1.077e-15
11723.10 1.068e-15
11729.80 1.100e-15
11736.40 1.111e-15
11743.10 1.109e-15
11749.80 1.077e-15
11756.50 1.083e-15
11763.20 1.080e-15
11769.90 1.096e-15
11776.60 1.093e-15
11783.40 1.093e-15
11790.10 1.079e-15
11796.90 1.059e-15
11803.70 1.074e-15
11810.50 1.064e-15
11817.30 1.094e-15
11824.10 1.064e-15
11830.90 1.052e-15
11837.70 1.026e-15
11844.60 1.007e-15
11851.40 9.890e-16
11858.30 1.005e-15
11865.10 1.021e-15
11872.00 1.037e-15
11878.90 1.046e-15
11885.80 1.023e-15
11892.70 1.007e-15
11899.60 9.831e-16
11906.60 9.789e-16
11913.50 9.749e-16
11920.50 1.020e-15
11927.50 1.012e-15
11934.40 1.005e-15
11941.40 9.885e-16
11948.40 9.918e-16
11955.40 9.975e-16
11962.50 9.584e-16
11969.50 1.006e-15
11976.50 9.867e-16
11983.60 9.448e-16
11990.70 9.728e-16
11997.70 9.645e-16
12004.80 9.805e-16
12011.90 9.789e-16
12019.00 9.761e-16
12026.20 1.003e-15
12033.30 9.404e-16
12040.40 9.497e-16
12047.60 9.816e-16
12054.80 9.525e-16
12062.00 9.495e-16
12069.20 9.943e-16
12076.40 9.755e-16
12083.60 9.504e-16
12090.80 9.692e-16
12098.00 9.767e-16
12105.30 8.712e-16
12112.50 9.227e-16
12119.80 8.979e-16
12127.10 9.239e-16
12134.40 9.081e-16
12141.70 9.154e-16
12149.00 9.130e-16
12156.40 9.038e-16
12163.70 8.959e-16
12171.10 8.726e-16
12178.40 9.076e-16
12185.80 9.198e-16
12193.20 8.719e-16
12200.60 9.431e-16
12208.00 9.089e-16
12215.40 8.672e-16
12222.90 9.133e-16
12230.30 8.685e-16
12237.80 8.996e-16
12245.30 9.170e-16
12252.80 8.567e-16
12260.30 9.336e-16
12267.80 8.913e-16
12275.30 8.988e-16
12282.80 8.762e-16
12290.40 8.661e-16
12298.00 8.480e-16
12305.50 8.681e-16
12313.10 8.624e-16
12320.70 8.721e-16
12328.30 8.285e-16
12335.90 8.739e-16
12343.60 9.083e-16
12351.20 8.660e-16
12358.90 8.652e-16
12366.60 8.564e-16
12374.30 8.742e-16
12382.00 8.444e-16
12389.70 8.976e-16
12397.40 8.836e-16
12405.10 9.178e-16
12412.90 8.767e-16
12420.60 8.800e-16
12428.40 8.699e-16
12436.20 8.688e-16
12444.00 8.372e-16
12451.80 8.548e-16
12459.60 8.471e-16
12467.50 8.625e-16
12475.30 8.579e-16
12483.20 8.657e-16
12491.10 8.720e-16
12499.00 8.869e-16
12506.90 8.230e-16
12514.80 8.488e-16
12522.70 9.013e-16
12530.70 8.589e-16
12538.60 8.416e-16
12546.60 8.452e-16
12554.60 8.337e-16
12562.60 8.544e-16
12570.60 8.280e-16
12578.60 8.111e-16
12586.70 8.150e-16
12594.70 8.253e-16
12602.80 8.324e-16
12610.90 8.853e-16
12618.90 8.525e-16
12627.00 8.218e-16
12635.20 8.520e-16
12643.30 8.269e-16
12651.40 8.268e-16
12659.60 8.434e-16
12667.80 8.352e-16
12676.00 7.648e-16
12684.20 8.390e-16
12692.40 7.907e-16
12700.60 7.523e-16
12708.80 7.441e-16
12717.10 7.683e-16
12725.40 7.812e-16
12733.70 8.033e-16
12742.00 8.133e-16
12750.30 7.790e-16
12758.60 7.870e-16
12766.90 7.559e-16
12775.30 7.993e-16
12783.70 7.861e-16
12792.00 7.517e-16
12800.40 6.621e-16
12808.80 7.792e-16
12817.30 8.351e-16
12825.70 8.408e-16
12834.20 8.360e-16
12842.60 8.276e-16
12851.10 8.488e-16
12859.60 8.178e-16
12868.10 8.528e-16
12876.60 8.234e-16
12885.20 8.294e-16
12893.70 7.607e-16
12902.30 7.879e-16
12910.90 7.907e-16
12919.50 8.364e-16
12928.10 8.231e-16
12936.70 8.215e-16
12945.30 8.313e-16
12954.00 8.231e-16
12962.70 7.997e-16
12971.30 8.091e-16
12980.00 7.987e-16
12988.80 8.198e-16
12997.50 7.921e-16
13006.20 7.962e-16
13015.00 7.542e-16
13023.80 7.686e-16
13032.50 7.896e-16
13041.30 7.921e-16
13050.20 4.850e-16
13059.00 5.171e-16
13067.80 7.646e-16
13076.70 7.003e-16
13085.60 7.519e-16
13094.50 7.390e-16
13103.40 7.381e-16
13112.30 7.378e-16
13121.20 1.414e-16
13130.10 -1.777e-16
13139.10 7.381e-16
13148.10 7.465e-16
13157.10 7.229e-16
13166.10 7.119e-16
13175.20 7.511e-16
13184.20 7.142e-16
13193.30 6.938e-16
13202.30 7.066e-16
13211.40 7.235e-16
13220.50 7.192e-16
13229.70 6.796e-16
13238.80 6.585e-16
13248.00 6.415e-16
13257.10 6.360e-16
13266.30 5.825e-16
13275.50 6.063e-16
13284.70 6.369e-16
13293.90 6.254e-16
13303.20 5.922e-16
13312.40 6.119e-16
13321.70 6.016e-16
13331.00 5.605e-16
13340.30 5.957e-16
13349.60 6.316e-16
13359.00 6.231e-16
13368.30 6.341e-16
13377.70 6.072e-16
13387.10 6.094e-16
13396.50 6.004e-16
13405.90 6.170e-16
13415.30 6.372e-16
13424.80 6.466e-16
13434.20 6.266e-16
13443.70 6.143e-16
13453.20 6.075e-16
13462.70 5.407e-16
13472.20 5.290e-16
13481.80 5.813e-16
13491.40 5.830e-16
13501.00 5.755e-16
13510.60 5.627e-16
13520.20 5.349e-16
13529.80 5.371e-16
13539.40 5.550e-16
13549.10 5.348e-16
13558.80 5.339e-16
13568.50 5.122e-16
13578.20 5.135e-16
13587.90 4.613e-16
13597.60 4.668e-16
13607.40 4.830e-16
13617.20 5.127e-16
13626.90 5.180e-16
13636.70 5.504e-16
13646.60 4.283e-16
13656.40 3.619e-16
13666.30 5.344e-16
13676.10 5.601e-16
13686.00 4.384e-16
13695.90 4.601e-16
13705.80 3.889e-16
13715.80 4.518e-16
13725.70 5.829e-16
13735.70 5.749e-16
13745.70 6.126e-16
13755.70 6.754e-16
13765.70 6.290e-16
13775.70 6.188e-16
13785.80 5.701e-16
13795.90 5.710e-16
13806.00 4.315e-16
13816.10 4.866e-16
13826.20 5.024e-16
13836.30 4.388e-16
13846.50 4.062e-16
13856.60 5.207e-16
13866.80 4.882e-16
13877.00 6.212e-16
13887.20 7.083e-16
13897.50 6.818e-16
13907.70 6.543e-16
13918.00 5.553e-16
13928.30 5.423e-16
13938.60 4.835e-16
13948.90 4.581e-16
13959.30 4.575e-16
13969.60 5.789e-16
13980.00 5.402e-16
13990.40 5.762e-16
14000.80 5.037e-16
14011.20 5.784e-16
14021.60 6.463e-16
14032.10 5.423e-16
14042.60 5.195e-16
14053.10 5.484e-16
14063.60 6.187e-16
14074.10 5.625e-16
14084.60 5.163e-16
14095.20 5.923e-16
14105.80 5.227e-16
14116.40 5.762e-16
14127.00 3.781e-16
14137.60 4.867e-16
14148.30 5.422e-16
14158.90 6.106e-16
14169.60 5.749e-16
14180.30 4.695e-16
14191.00 5.692e-16
14201.70 5.513e-16
14212.30 4.811e-16
14223.20 5.169e-16
14234.00 5.289e-16
14244.90 4.471e-16
14255.70 5.230e-16
14266.50 4.286e-16
14277.30 4.473e-16
14288.20 5.119e-16
14299.10 5.205e-16
14310.00 5.103e-16
14320.90 4.783e-16
14331.90 5.147e-16
14342.80 5.068e-16
14353.80 4.929e-16
14364.80 4.342e-16
14375.80 4.069e-16
14386.80 3.580e-16
14397.90 4.074e-16
14408.90 5.114e-16
14420.00 5.183e-16
14431.10 5.262e-16
14442.20 4.991e-16
14453.40 4.936e-16
14464.50 4.772e-16
14475.70 5.041e-16
14486.80 5.102e-16
14498.00 4.842e-16
14509.30 4.396e-16
14520.50 4.165e-16
14531.80 4.832e-16
14543.00 4.929e-16
14554.30 5.027e-16
14565.60 4.732e-16
14576.90 5.431e-16
14588.30 5.259e-16
14599.60 5.350e-16
14611.00 5.122e-16
14622.40 4.692e-16
14633.80 5.203e-16
14645.20 5.136e-16
14656.70 5.017e-16
14668.10 4.824e-16
14679.60 4.856e-16
14691.10 4.566e-16
14702.60 4.201e-16
14714.20 4.596e-16
14725.70 4.660e-16
14737.30 4.873e-16
14748.90 4.698e-16
14760.50 4.657e-16
14772.10 5.336e-16
14783.70 4.886e-16
14795.40 4.352e-16
14807.00 3.336e-16
14818.70 4.010e-16
14830.50 3.725e-16
14842.20 4.678e-16
14853.90 4.337e-16
14865.70 4.415e-16
14877.40 4.890e-16
14889.20 4.426e-16
14901.10 5.067e-16
14912.90 4.804e-16
14924.70 4.303e-16
14936.60 4.587e-16
14948.50 4.689e-16
14960.40 4.974e-16
14972.30 4.720e-16
14984.20 4.759e-16
14996.20 4.819e-16
15008.20 5.103e-16
15020.10 5.011e-16
15032.10 4.953e-16
15044.20 4.680e-16
15056.40 -8.868e-17
15068.30 4.574e-16
15080.30 4.908e-16
15092.40 4.582e-16
15104.50 5.077e-16
15116.70 5.423e-16
15128.80 5.856e-16
15141.00 5.251e-16
15153.20 4.945e-16
15165.40 5.002e-16
15177.60 4.811e-16
15189.80 4.834e-16
15202.00 4.586e-16
15214.30 4.516e-16
15226.60 4.841e-16
15238.90 4.748e-16
15251.20 5.321e-16
15263.50 5.336e-16
15275.90 4.709e-16
15288.30 5.122e-16
15300.70 5.027e-16
15313.10 5.008e-16
15325.50 5.087e-16
15337.90 4.737e-16
15350.40 4.906e-16
15362.90 4.985e-16
15375.30 4.441e-16
15387.90 4.497e-16
15400.40 4.315e-16
15413.00 4.327e-16
15425.50 4.582e-16
15437.90 4.744e-16
15450.60 4.155e-16
15463.30 5.040e-16
15475.90 4.277e-16
15488.50 4.101e-16
15501.20 4.651e-16
15513.90 4.556e-16
15526.60 4.778e-16
15539.30 4.818e-16
15552.00 4.500e-16
15564.80 4.654e-16
15577.60 4.531e-16
15590.30 4.330e-16
15603.10 4.552e-16
15616.00 3.969e-16
15628.90 3.601e-16
15641.80 3.769e-16
15654.50 3.845e-16
15667.40 3.968e-16
15680.30 3.533e-16
15693.20 3.978e-16
15706.20 3.963e-16
15719.10 4.244e-16
15732.10 4.188e-16
15745.10 4.284e-16
15758.10 4.159e-16
15771.10 3.992e-16
15784.10 4.043e-16
15797.20 4.171e-16
15810.30 4.143e-16
15823.30 3.486e-16
15836.50 3.941e-16
15849.60 3.979e-16
15862.70 4.301e-16
15875.90 3.864e-16
15889.10 3.894e-16
15902.20 4.126e-16
15915.50 3.798e-16
15928.70 4.312e-16
15941.90 4.266e-16
15955.20 4.092e-16
15968.40 3.836e-16
15981.70 3.984e-16
15995.00 4.355e-16
16008.40 4.068e-16
16021.70 4.022e-16
16035.10 4.416e-16
16048.40 4.255e-16
16061.80 4.280e-16
16075.20 3.828e-16
16088.70 4.132e-16
16102.10 3.958e-16
16115.50 3.831e-16
16129.00 4.187e-16
16142.50 4.325e-16
16156.00 4.125e-16
16169.50 3.092e-16
16183.10 4.008e-16
16196.70 4.093e-16
16210.20 4.230e-16
16223.80 4.230e-16
16237.40 4.013e-16
16251.00 4.304e-16
16264.70 4.242e-16
16278.30 4.042e-16
16292.00 3.474e-16
16305.70 1.603e-16
16319.40 3.690e-16
16333.10 3.587e-16
16346.80 3.677e-16
16360.60 4.101e-16
16374.30 3.770e-16
16388.10 2.773e-16
16401.90 3.118e-16
16415.70 3.730e-16
16429.50 3.404e-16
16443.40 4.047e-16
16457.20 3.873e-16
16471.10 3.926e-16
16485.00 4.486e-16
16498.90 4.261e-16
16512.80 3.878e-16
16526.80 4.046e-16
16540.80 4.088e-16
16554.70 3.975e-16
16568.70 3.592e-16
16582.70 3.738e-16
16596.70 3.962e-16
16610.80 3.998e-16
16624.80 3.917e-16
16638.90 4.002e-16
16653.00 4.057e-16
16667.10 3.849e-16
16681.20 3.890e-16
16695.30 3.712e-16
16709.50 3.754e-16
16723.60 3.353e-16
16737.80 3.243e-16
16752.00 2.715e-16
16766.20 3.197e-16
16780.40 3.776e-16
16794.70 3.757e-16
16809.00 3.501e-16
16823.30 3.742e-16
16837.50 3.794e-16
16851.80 3.666e-16
16866.10 3.874e-16
16880.40 4.172e-16
16894.80 4.324e-16
16909.10 4.173e-16
16923.50 4.021e-16
16937.90 3.440e-16
16952.30 3.832e-16
16966.70 3.889e-16
16981.20 4.068e-16
16995.60 3.880e-16
17010.10 3.432e-16
17024.60 3.526e-16
17039.10 3.684e-16
17053.60 3.924e-16
17068.10 3.897e-16
17082.70 4.154e-16
17097.20 3.573e-16
17111.80 4.046e-16
17126.40 3.974e-16
17141.00 4.154e-16
17155.60 3.862e-16
17170.30 3.567e-16
17184.90 3.972e-16
17199.60 4.077e-16
17214.20 3.613e-16
17228.90 3.571e-16
17243.60 3.598e-16
17258.40 3.525e-16
17273.10 3.438e-16
17287.90 3.420e-16
17302.60 3.656e-16
17317.40 3.555e-16
17332.20 3.675e-16
17347.00 3.083e-16
17361.80 3.180e-16
17376.70 3.448e-16
17391.50 3.430e-16
17406.40 3.559e-16
17421.30 3.621e-16
17436.20 3.571e-16
17451.10 3.583e-16
17466.00 3.411e-16
17481.00 3.493e-16
17495.90 3.332e-16
17510.90 3.304e-16
17525.90 3.389e-16
17540.90 3.286e-16
17555.90 3.285e-16
17570.90 3.298e-16
17586.00 3.193e-16
17601.00 3.242e-16
17616.10 3.267e-16
17631.20 3.139e-16
17646.30 3.290e-16
17661.40 3.300e-16
17676.50 3.325e-16
17691.70 2.894e-16
17706.90 3.132e-16
17722.00 2.695e-16
17737.20 3.316e-16
17752.40 3.079e-16
17767.60 3.010e-16
17782.80 3.040e-16
17798.10 2.825e-16
17813.30 2.920e-16
17828.60 2.876e-16
17843.90 2.811e-16
17859.20 2.673e-16
17874.50 2.936e-16
17889.80 2.844e-16
17905.20 2.617e-16
17920.50 2.682e-16
17935.90 2.614e-16
17951.30 2.630e-16
17966.70 2.191e-16
17982.10 2.395e-16
17997.50 2.358e-16
18012.90 2.369e-16
18028.40 2.178e-16
18043.80 1.849e-16
18059.30 1.534e-16
18074.80 1.983e-16
18090.30 1.912e-16
18105.80 4.615e-17
18121.40 9.362e-17
18136.90 1.993e-16
18152.50 2.404e-16
18168.10 2.133e-16
18183.70 2.176e-16
18199.30 2.546e-16
18214.90 2.465e-16
18230.50 2.353e-16
18246.10 2.610e-16
18261.80 2.449e-16
18277.50 2.254e-16
18293.20 1.989e-16
18308.90 2.319e-16
18324.60 1.915e-16
18340.30 2.062e-16
18356.00 2.231e-16
18371.80 2.053e-16
18387.60 1.717e-16
18403.30 2.607e-16
18419.10 3.224e-16
18434.90 3.105e-16
18450.80 2.221e-16
18466.60 2.287e-16
18482.40 3.185e-16
18498.30 2.668e-16
18514.20 3.103e-16
18530.10 1.935e-16
18546.00 1.263e-16
18561.90 1.606e-16
18577.80 2.292e-16
18593.80 2.741e-16
18609.70 2.346e-16
18625.70 2.904e-16
18641.70 2.863e-16
18657.70 2.775e-16
18673.70 2.099e-16
18689.70 2.238e-16
18705.80 7.381e-17
18721.80 7.649e-18
18737.90 1.574e-16
18753.90 2.259e-16
18770.00 2.956e-16
18786.10 3.844e-16
18802.30 3.756e-16
18818.40 3.024e-16
18834.50 2.326e-16
18850.70 2.684e-16
18866.90 2.206e-16
18883.10 2.414e-16
18899.30 2.318e-16
18915.50 2.275e-16
18931.70 1.864e-16
18948.00 1.330e-16
18964.20 1.940e-16
18980.50 1.840e-16
18996.80 1.754e-16
19013.10 1.743e-16
19029.40 1.791e-16
19045.70 1.402e-16
19062.00 1.839e-16
19078.40 1.817e-16
19094.70 2.077e-16
19111.10 1.434e-16
19127.50 1.647e-16
19143.90 2.168e-16
19160.30 1.680e-16
19176.80 2.273e-16
19193.20 2.017e-16
19209.70 2.043e-16
19226.10 1.926e-16
19242.60 1.614e-16
19259.10 1.266e-16
19275.60 1.453e-16
19292.20 1.569e-16
19308.70 1.731e-16
19325.30 1.749e-16
19341.80 1.380e-16
19358.50 1.064e-16
19375.00 1.444e-16
19391.60 1.593e-16
19408.20 1.665e-16
19424.90 1.561e-16
19441.50 1.619e-16
19458.20 1.409e-16
19474.90 1.455e-16
19491.60 1.500e-16
19508.30 1.463e-16
19525.00 1.180e-16
19541.70 1.298e-16
19558.50 1.140e-16
19575.30 8.930e-17
19592.00 1.159e-16
19608.80 1.452e-16
19625.60 1.245e-16
19642.50 1.122e-16
19659.30 -1.367e-16
19676.10 4.825e-17
19693.00 1.362e-16
19709.90 1.592e-16
19726.80 1.675e-16
19743.70 1.641e-16
19760.60 1.390e-16
19777.50 1.300e-16
19794.50 1.511e-16
19811.50 1.475e-16
19828.40 1.499e-16
19845.40 1.585e-16
19862.40 1.495e-16
19879.50 1.537e-16
19896.50 1.687e-16
19913.50 1.536e-16
19930.60 1.571e-16
19947.70 1.514e-16
19964.80 1.479e-16
19981.90 1.603e-16
19999.00 1.453e-16
20016.20 9.887e-17
20033.30 1.520e-16
20050.50 1.120e-16
20067.50 1.345e-16
20084.90 8.009e-17
20102.10 1.447e-16
20119.30 1.482e-16
20136.60 1.739e-16
20153.80 1.418e-16
20171.10 1.505e-16
20188.40 1.861e-16
20205.70 1.845e-16
20223.00 1.679e-16
20240.30 1.831e-16
20257.70 1.753e-16
20275.10 1.928e-16
20292.50 1.750e-16
20309.90 1.788e-16
20327.30 1.787e-16
20344.70 1.759e-16
20362.10 1.691e-16
20379.60 1.594e-16
20397.10 1.672e-16
20414.60 1.855e-16
20432.10 1.771e-16
20449.60 1.789e-16
20467.20 1.716e-16
20484.70 1.791e-16
20502.30 1.633e-16
20519.90 1.732e-16
20537.50 1.772e-16
20555.10 1.778e-16
20572.70 1.740e-16
20590.40 1.844e-16
20608.10 1.824e-16
20625.70 1.881e-16
20643.50 1.838e-16
20661.20 1.823e-16
20678.90 2.012e-16
20696.70 1.945e-16
20714.40 1.918e-16
20732.20 1.765e-16
20750.00 1.791e-16
20767.80 1.836e-16
20785.70 1.866e-16
20803.50 1.782e-16
20821.40 1.762e-16
20839.30 1.844e-16
20857.20 1.873e-16
20875.10 1.864e-16
20893.10 1.832e-16
20911.00 1.842e-16
20929.00 1.804e-16
20947.00 1.586e-16
20965.00 1.820e-16
20983.10 1.840e-16
21001.10 1.923e-16
21019.20 1.752e-16
21037.20 1.848e-16
21055.30 1.733e-16
21073.50 1.807e-16
21091.60 1.871e-16
21109.80 1.767e-16
21127.90 1.806e-16
21146.10 1.878e-16
21164.30 1.695e-16
21182.60 1.764e-16
21200.80 1.330e-16
21219.10 1.451e-16
21237.40 1.704e-16
21255.70 1.768e-16
21274.00 1.697e-16
21292.30 1.486e-16
21310.70 1.473e-16
21329.10 1.748e-16
21347.50 2.134e-16
21365.90 1.730e-16
21384.30 1.649e-16
21402.80 1.617e-16
21421.30 1.574e-16
21439.80 1.666e-16
21458.30 1.486e-16
21476.80 1.536e-16
21495.20 1.330e-16
21514.00 1.572e-16
21532.60 1.672e-16
21551.20 1.540e-16
21569.80 1.408e-16
21588.50 1.337e-16
21607.10 1.522e-16
21625.80 1.326e-16
21644.70 1.238e-16
21663.30 1.259e-16
21682.10 1.336e-16
21700.90 1.471e-16
21719.70 1.458e-16
21738.50 1.470e-16
21757.30 1.437e-16
21776.20 1.519e-16
21795.10 1.536e-16
21814.00 1.518e-16
21832.90 1.560e-16
21851.90 1.440e-16
21870.80 1.354e-16
21889.80 1.372e-16
21908.80 1.277e-16
21927.80 3.315e-17
21947.20 7.925e-17
21966.00 1.339e-16
21985.10 1.272e-16
22004.20 1.391e-16
22023.40 1.316e-16
22042.60 1.416e-16
22061.80 1.350e-16
22081.00 1.403e-16
22100.20 1.267e-16
22119.50 1.337e-16
22138.80 1.322e-16
22158.10 1.259e-16
22177.40 1.282e-16
22196.80 1.279e-16
22216.10 1.425e-16
22235.50 1.354e-16
22255.00 1.254e-16
22274.40 1.233e-16
22293.90 1.229e-16
22313.40 1.265e-16
22332.90 1.264e-16
22352.50 1.255e-16
22372.00 1.231e-16
22391.60 1.229e-16
22411.20 1.114e-16
22430.90 7.198e-17
22450.50 9.090e-17
22470.30 1.225e-16
22490.00 1.215e-16
22509.70 1.091e-16
22529.50 1.222e-16
22549.20 1.203e-16
22569.10 1.027e-16
22588.90 9.814e-17
22608.80 1.112e-16
22628.70 1.211e-16
22648.60 1.018e-16
22668.50 1.028e-16
22688.50 1.125e-16
22708.50 1.065e-16
22728.50 1.089e-16
22748.50 1.090e-16
22768.60 1.147e-16
22788.70 1.063e-16
22808.80 1.104e-16
22829.00 1.032e-16
22849.20 1.071e-16
22869.40 1.067e-16
22889.60 1.085e-16
22909.90 1.185e-16
22930.10 9.735e-17
22950.40 9.485e-17
22970.80 1.014e-16
22991.20 1.170e-16
23011.60 1.086e-16
23032.00 1.099e-16
23052.40 5.263e-17
23072.90 5.422e-17
23093.40 8.096e-17
23113.90 9.613e-17
23134.50 1.036e-16
23155.10 9.168e-17
23175.70 9.863e-17
23196.40 7.775e-17
23217.00 1.003e-16
23237.70 1.071e-16
23258.50 1.155e-16
23279.20 1.111e-16
23300.00 1.024e-16
23320.80 9.778e-17
23341.70 1.059e-16
23362.50 1.070e-16
23383.40 1.017e-16
23404.40 9.477e-17
23425.30 1.015e-16
23446.30 1.019e-16
23467.30 1.014e-16
23488.40 1.120e-16
23509.50 1.073e-16
23530.60 9.666e-17
23551.70 1.101e-16
23572.90 1.052e-16
23594.10 9.450e-17
23615.30 1.082e-16
23636.60 9.176e-17
23657.90 7.043e-17
23679.20 8.081e-17
23700.50 7.200e-17
23721.90 8.089e-17
23743.30 9.300e-17
23764.80 9.748e-17
23786.20 9.425e-17
23807.70 1.064e-16
23829.30 9.977e-17
23850.80 9.332e-17
23872.40 7.844e-17
23894.10 1.001e-16
23915.70 9.255e-17
23937.40 9.623e-17
23959.10 9.041e-17
23980.90 9.445e-17
24002.70 1.012e-16
24024.50 1.070e-16
24046.30 1.047e-16
24068.20 8.795e-17
24090.10 8.902e-17
24112.00 1.003e-16
24134.00 9.667e-17
24156.00 7.602e-17
24178.00 9.465e-17
24200.10 6.008e-17
24222.20 9.381e-17
24244.40 9.732e-17
24266.50 1.026e-16
24288.70 8.409e-17
24311.00 8.817e-17
24333.20 9.148e-17
24355.60 8.697e-17
24377.80 7.159e-17
24400.20 8.443e-17
24422.60 9.197e-17
24445.20 8.639e-17
24467.50 7.435e-17
24490.00 9.793e-17
24512.50 1.022e-16
24535.00 1.000e-16
24557.70 9.761e-17
24580.20 1.159e-16
24602.90 1.157e-16
24625.60 1.030e-16
24648.30 1.090e-16
24671.10 1.275e-16
24693.80 9.811e-17
24716.70 1.010e-16
24739.50 1.184e-16
24762.40 8.356e-17
24785.30 1.107e-16
24808.30 6.713e-17
24831.20 6.835e-17
24854.10 6.157e-17
24877.20 9.487e-17
24900.40 8.999e-17
24923.40 9.068e-17
24946.60 2.218e-18
24969.80 8.606e-17
24993.00 1.094e-16
