03178.95 -6.097e-16
03180.65 2.056e-16
03182.35 3.819e-16
03184.05 3.889e-16
03185.75 5.835e-16
03187.44 7.808e-16
03189.14 -1.427e-17
03190.84 6.800e-16
03192.54 3.960e-16
03194.23 -1.234e-16
03195.93 -1.844e-16
03197.63 1.013e-16
03199.33 -3.349e-16
03201.03 4.916e-16
03202.72 2.212e-15
03204.42 1.945e-15
03206.12 1.478e-15
03207.82 1.243e-15
03209.52 1.118e-15
03211.21 1.668e-16
03212.91 1.047e-15
03214.61 2.286e-15
03216.31 2.144e-15
03218.01 1.313e-15
03219.70 -2.504e-16
03221.40 -1.280e-15
03223.10 -1.348e-15
03224.80 -8.112e-16
03226.49 -1.016e-15
03228.19 -5.954e-16
03229.89 3.753e-16
03231.59 -1.213e-16
03233.29 -7.204e-16
03234.98 -6.055e-16
03236.68 -9.586e-17
03238.38 -2.306e-16
03240.08 1.301e-16
03241.78 5.456e-16
03243.47 2.134e-15
03245.17 2.324e-15
03246.87 2.016e-15
03248.57 1.784e-15
03250.27 1.743e-15
03251.96 1.316e-15
03253.66 1.724e-15
03255.36 1.897e-15
03257.06 2.019e-15
03258.75 2.336e-15
03260.45 2.606e-15
03262.15 2.406e-15
03263.85 2.555e-15
03265.55 2.975e-15
03267.24 2.879e-15
03268.94 2.541e-15
03270.64 3.213e-15
03272.34 3.915e-15
03274.04 3.426e-15
03275.73 3.413e-15
03277.43 2.872e-15
03279.13 1.840e-15
03280.83 7.970e-16
03282.53 3.110e-16
03284.22 9.869e-16
03285.92 2.251e-15
03287.62 2.229e-15
03289.32 2.119e-15
03291.01 2.949e-15
03292.71 2.347e-15
03294.41 9.148e-16
03296.11 5.009e-16
03297.81 6.497e-16
03299.50 7.286e-16
03301.20 6.778e-16
03302.90 9.010e-16
03304.60 1.603e-15
03306.30 2.449e-15
03307.99 2.637e-15
03309.69 2.627e-15
03311.39 3.346e-15
03313.09 3.719e-15
03314.78 3.507e-15
03316.48 3.484e-15
03318.18 3.878e-15
03319.88 3.405e-15
03321.58 3.415e-15
03323.27 3.569e-15
03324.97 3.588e-15
03326.67 3.665e-15
03328.37 4.003e-15
03330.07 4.182e-15
03331.76 3.768e-15
03333.46 3.006e-15
03335.16 1.677e-15
03336.86 9.416e-16
03338.56 6.296e-16
03340.25 1.106e-16
03341.95 -1.094e-16
03343.65 4.412e-16
03345.35 7.054e-16
03347.04 1.117e-15
03348.74 1.131e-15
03350.44 1.127e-15
03352.14 1.091e-15
03353.84 1.222e-15
03355.53 1.032e-15
03357.23 1.703e-15
03358.93 2.083e-15
03360.63 2.309e-15
03362.33 2.114e-15
03364.02 1.806e-15
03365.72 1.459e-15
03367.42 1.680e-15
03369.12 2.125e-15
03370.82 2.281e-15
03372.51 2.084e-15
03374.21 2.012e-15
03375.91 1.716e-15
03377.61 1.632e-15
03379.30 1.735e-15
03381.00 1.485e-15
03382.70 1.007e-15
03384.40 1.073e-15
03386.10 1.583e-15
03387.79 2.082e-15
03389.49 2.313e-15
03391.19 3.056e-15
03392.89 3.401e-15
03394.59 2.761e-15
03396.28 2.319e-15
03397.98 2.610e-15
03399.68 2.597e-15
03401.38 2.440e-15
03403.08 2.679e-15
03404.77 3.015e-15
03406.47 2.887e-15
03408.17 2.728e-15
03409.87 2.678e-15
03411.56 2.195e-15
03413.26 1.570e-15
03414.96 1.338e-15
03416.66 1.505e-15
03418.36 1.829e-15
03420.05 2.306e-15
03421.75 2.762e-15
03423.45 2.582e-15
03425.15 2.005e-15
03426.85 1.820e-15
03428.54 1.286e-15
03430.24 7.203e-16
03431.94 1.067e-15
03433.64 1.511e-15
03435.34 1.179e-15
03437.03 1.277e-15
03438.73 1.649e-15
03440.43 1.552e-15
03442.13 1.583e-15
03443.82 2.206e-15
03445.52 2.595e-15
03447.22 2.228e-15
03448.92 2.437e-15
03450.62 2.434e-15
03452.31 1.847e-15
03454.01 2.049e-15
03455.71 2.762e-15
03457.41 2.878e-15
03459.11 2.866e-15
03460.80 3.114e-15
03462.50 2.711e-15
03464.20 2.582e-15
03465.90 2.736e-15
03467.60 2.969e-15
03469.29 3.022e-15
03470.99 3.236e-15
03472.69 3.284e-15
03474.39 2.937e-15
03476.08 2.728e-15
03477.78 2.713e-15
03479.48 2.793e-15
03481.18 2.977e-15
03482.88 3.056e-15
03484.57 3.214e-15
03486.27 3.428e-15
03487.97 3.181e-15
03489.67 2.593e-15
03491.37 2.566e-15
03493.06 2.735e-15
03494.76 2.625e-15
03496.46 3.061e-15
03498.16 3.612e-15
03499.86 3.407e-15
03501.55 2.853e-15
03503.25 2.698e-15
03504.95 2.023e-15
03506.65 1.692e-15
03508.34 2.257e-15
03510.04 2.744e-15
03511.74 2.771e-15
03513.44 3.043e-15
03515.14 3.444e-15
03516.83 3.139e-15
03518.53 2.658e-15
03520.23 2.432e-15
03521.93 2.397e-15
03523.63 2.006e-15
03525.32 1.914e-15
03527.02 2.097e-15
03528.72 2.279e-15
03530.42 2.589e-15
03532.12 2.729e-15
03533.81 2.604e-15
03535.51 2.458e-15
03537.21 2.344e-15
03538.91 1.956e-15
03540.60 1.572e-15
03542.30 1.315e-15
03544.00 1.235e-15
03545.70 1.554e-15
03547.40 1.949e-15
03549.09 2.286e-15
03550.79 2.916e-15
03552.49 3.624e-15
03554.19 3.683e-15
03555.89 3.049e-15
03557.58 2.518e-15
03559.28 2.251e-15
03560.98 1.576e-15
03562.68 8.548e-16
03564.38 9.506e-16
03566.07 1.383e-15
03567.77 1.427e-15
03569.47 1.614e-15
03571.17 1.930e-15
03572.86 2.012e-15
03574.56 2.111e-15
03576.26 2.367e-15
03577.96 2.883e-15
03579.66 3.567e-15
03581.35 4.065e-15
03583.05 4.001e-15
03584.75 3.849e-15
03586.45 3.665e-15
03588.15 3.661e-15
03589.84 3.748e-15
03591.54 3.521e-15
03593.24 3.270e-15
03594.94 3.107e-15
03596.64 2.651e-15
03598.33 2.444e-15
03600.03 2.733e-15
03601.73 2.796e-15
03603.43 2.851e-15
03605.12 2.829e-15
03606.82 2.504e-15
03608.52 2.439e-15
03610.22 2.402e-15
03611.92 2.110e-15
03613.61 2.311e-15
03615.31 2.690e-15
03617.01 2.788e-15
03618.71 3.306e-15
03620.41 3.898e-15
03622.10 4.071e-15
03623.80 3.973e-15
03625.50 3.614e-15
03627.20 3.016e-15
03628.90 2.250e-15
03630.59 1.591e-15
03632.29 1.250e-15
03633.99 1.174e-15
03635.69 1.322e-15
03637.38 1.923e-15
03639.08 2.371e-15
03640.78 2.797e-15
03642.48 3.227e-15
03644.18 3.422e-15
03645.87 3.174e-15
03647.57 2.760e-15
03649.27 2.214e-15
03650.97 2.132e-15
03652.67 2.165e-15
03654.36 2.284e-15
03656.06 2.548e-15
03657.76 2.770e-15
03659.46 2.710e-15
03661.15 2.420e-15
03662.85 1.972e-15
03664.55 1.745e-15
03666.25 1.594e-15
03667.95 1.411e-15
03669.64 1.409e-15
03671.34 1.628e-15
03673.04 1.769e-15
03674.74 1.815e-15
03676.44 1.903e-15
03678.13 1.900e-15
03679.83 1.711e-15
03681.53 1.544e-15
03683.23 1.524e-15
03684.93 1.378e-15
03686.62 1.503e-15
03688.32 1.898e-15
03690.02 2.066e-15
03691.72 2.250e-15
03693.41 2.218e-15
03695.11 1.913e-15
03696.81 1.568e-15
03698.51 1.309e-15
03700.21 1.333e-15
03701.90 1.534e-15
03703.60 1.508e-15
03705.30 1.518e-15
03707.00 1.746e-15
03708.70 1.456e-15
03710.39 1.100e-15
03712.09 1.020e-15
03713.79 9.139e-16
03715.49 8.074e-16
03717.19 1.058e-15
03718.88 1.584e-15
03720.58 2.098e-15
03722.28 2.046e-15
03723.98 1.811e-15
03725.67 1.633e-15
03727.37 1.425e-15
03729.07 1.300e-15
03730.77 1.284e-15
03732.47 1.264e-15
03734.16 1.407e-15
03735.86 1.504e-15
03737.56 1.511e-15
03739.26 1.977e-15
03740.96 2.452e-15
03742.65 2.411e-15
03744.35 2.341e-15
03746.05 2.264e-15
03747.75 2.049e-15
03749.45 1.957e-15
03751.14 1.903e-15
03752.84 1.512e-15
03754.54 1.030e-15
03756.24 1.003e-15
03757.93 9.881e-16
03759.63 7.727e-16
03761.33 9.615e-16
03763.03 1.352e-15
03764.73 1.235e-15
03766.42 9.964e-16
03768.12 9.085e-16
03769.82 8.720e-16
03771.52 1.113e-15
03773.22 1.272e-15
03774.91 1.189e-15
03776.61 1.312e-15
03778.31 1.216e-15
03780.01 8.137e-16
03781.71 7.260e-16
03783.40 8.189e-16
03785.10 9.786e-16
03786.80 1.469e-15
03788.50 1.771e-15
03790.19 1.716e-15
03791.89 1.748e-15
03793.59 1.628e-15
03795.29 1.180e-15
03796.99 1.011e-15
03798.68 1.080e-15
03800.38 1.244e-15
03802.08 1.536e-15
03803.78 1.751e-15
03805.48 2.006e-15
03807.17 2.172e-15
03808.87 1.966e-15
03810.57 1.831e-15
03812.27 1.897e-15
03813.97 1.653e-15
03815.66 1.617e-15
03817.36 1.913e-15
03819.06 1.832e-15
03820.76 1.680e-15
03822.45 1.832e-15
03824.15 1.815e-15
03825.85 1.572e-15
03827.55 1.690e-15
03829.25 2.071e-15
03830.94 2.218e-15
03832.64 2.113e-15
03834.34 1.912e-15
03836.04 1.671e-15
03837.74 1.485e-15
03839.43 1.292e-15
03841.13 1.195e-15
03842.83 1.411e-15
03844.53 1.522e-15
03846.23 1.591e-15
03847.92 1.945e-15
03849.62 2.380e-15
03851.32 2.687e-15
03853.02 2.854e-15
03854.71 2.738e-15
03856.41 2.493e-15
03858.11 2.305e-15
03859.81 2.290e-15
03861.51 2.513e-15
03863.20 2.632e-15
03864.90 2.660e-15
03866.60 2.838e-15
03868.30 2.923e-15
03870.00 2.698e-15
03871.69 2.522e-15
03873.39 2.584e-15
03875.09 2.639e-15
03876.79 2.577e-15
03878.49 2.728e-15
03880.18 3.020e-15
03881.88 2.989e-15
03883.58 2.786e-15
03885.28 2.760e-15
03886.97 2.943e-15
03888.67 3.077e-15
03890.37 2.961e-15
03892.07 2.786e-15
03893.77 2.736e-15
03895.46 2.668e-15
03897.16 2.514e-15
03898.86 2.612e-15
03900.56 2.919e-15
03902.26 2.967e-15
03903.95 2.888e-15
03905.65 3.035e-15
03907.35 3.241e-15
03909.05 3.388e-15
03910.75 3.567e-15
03912.44 3.718e-15
03914.14 3.746e-15
03915.84 3.713e-15
03917.54 3.566e-15
03919.23 3.410e-15
03920.93 3.235e-15
03922.63 3.102e-15
03924.33 3.252e-15
03926.03 3.447e-15
03927.72 3.517e-15
03929.42 3.663e-15
03931.12 3.657e-15
03932.82 3.450e-15
03934.52 3.439e-15
03936.21 3.468e-15
03937.91 3.484e-15
03939.61 3.792e-15
03941.31 4.101e-15
03943.01 4.258e-15
03944.70 4.531e-15
03946.40 4.635e-15
03948.10 4.389e-15
03949.80 4.296e-15
03951.49 4.415e-15
03953.19 4.324e-15
03954.89 4.141e-15
03956.59 4.085e-15
03958.29 3.951e-15
03959.98 3.731e-15
03961.68 3.689e-15
03963.38 3.757e-15
03965.08 3.773e-15
03966.78 3.681e-15
03968.47 3.356e-15
03970.17 3.216e-15
03971.87 3.315e-15
03973.57 3.498e-15
03975.27 3.793e-15
03976.96 4.015e-15
03978.66 3.943e-15
03980.36 3.823e-15
03982.06 3.797e-15
03983.75 3.594e-15
03985.45 3.518e-15
03987.15 3.790e-15
03988.85 3.883e-15
03990.55 3.743e-15
03992.24 3.601e-15
03993.94 3.608e-15
03995.64 3.548e-15
03997.34 3.419e-15
03999.04 3.348e-15
04000.73 3.313e-15
04002.43 3.197e-15
04004.13 3.226e-15
04005.83 3.227e-15
04007.52 2.963e-15
04009.22 3.020e-15
04010.92 3.265e-15
04012.62 3.149e-15
04014.32 3.220e-15
04016.01 3.764e-15
04017.71 4.009e-15
04019.41 3.792e-15
04021.11 3.600e-15
04022.81 3.449e-15
04024.50 3.122e-15
04026.20 2.779e-15
04027.90 2.731e-15
04029.60 2.929e-15
04031.30 3.090e-15
04032.99 3.275e-15
04034.69 3.596e-15
04036.39 3.920e-15
04038.09 3.902e-15
04039.78 3.803e-15
04041.48 3.689e-15
04043.18 3.529e-15
04044.88 3.288e-15
04046.58 3.062e-15
04048.27 2.965e-15
04049.97 3.081e-15
04051.67 2.988e-15
04053.37 2.895e-15
04055.07 3.016e-15
04056.76 3.115e-15
04058.46 2.954e-15
04060.16 2.934e-15
04061.86 3.025e-15
04063.56 2.820e-15
04065.25 2.564e-15
04066.95 2.589e-15
04068.65 2.701e-15
04070.35 2.730e-15
04072.04 2.924e-15
04073.74 3.167e-15
04075.44 3.210e-15
04077.14 3.192e-15
04078.84 3.284e-15
04080.53 3.417e-15
04082.23 3.369e-15
04083.93 3.300e-15
04085.63 3.327e-15
04087.33 3.130e-15
04089.02 2.942e-15
04090.72 3.043e-15
04092.42 3.029e-15
04094.12 2.783e-15
04095.82 2.739e-15
04097.51 2.598e-15
04099.21 2.243e-15
04100.91 1.675e-15
04102.61 1.284e-15
04104.30 1.272e-15
04106.00 1.589e-15
04107.70 1.849e-15
04109.40 2.450e-15
04111.10 2.986e-15
04112.79 2.954e-15
04114.49 2.675e-15
04116.19 2.524e-15
04117.89 2.190e-15
04119.59 1.871e-15
04121.28 1.668e-15
04122.98 1.672e-15
04124.68 1.787e-15
04126.38 1.917e-15
04128.08 1.967e-15
04129.77 2.277e-15
04131.47 2.542e-15
04133.17 2.586e-15
04134.87 2.681e-15
04136.56 2.758e-15
04138.26 2.635e-15
04139.96 2.402e-15
04141.66 2.213e-15
04143.36 2.029e-15
04145.05 2.114e-15
04146.75 2.385e-15
04148.45 2.611e-15
04150.15 2.748e-15
04151.85 2.912e-15
04153.54 2.797e-15
04155.24 2.363e-15
04156.94 2.070e-15
04158.64 1.993e-15
04160.34 2.018e-15
04162.03 2.071e-15
04163.73 2.216e-15
04165.43 2.236e-15
04167.13 2.135e-15
04168.82 1.962e-15
04170.52 2.022e-15
04172.22 2.162e-15
04173.92 2.399e-15
04175.62 2.756e-15
04177.31 2.882e-15
04179.01 2.941e-15
04180.71 2.950e-15
04182.41 2.831e-15
04184.11 2.678e-15
04185.80 2.785e-15
04187.50 2.756e-15
04189.20 2.607e-15
04190.90 2.443e-15
04192.60 2.329e-15
04194.29 2.358e-15
04195.99 2.283e-15
04197.69 2.313e-15
04199.39 2.475e-15
04201.08 2.540e-15
04202.78 2.375e-15
04204.48 2.246e-15
04206.18 2.133e-15
04207.88 1.968e-15
04209.57 1.816e-15
04211.27 1.967e-15
04212.97 2.403e-15
04214.67 2.620e-15
04216.37 2.558e-15
04218.06 2.404e-15
04219.76 2.033e-15
04221.46 1.646e-15
04223.16 1.584e-15
04224.86 1.744e-15
04226.55 1.821e-15
04228.25 1.934e-15
04229.95 2.010e-15
04231.65 2.042e-15
04233.34 2.091e-15
04235.04 2.406e-15
04236.74 2.938e-15
04238.44 3.193e-15
04240.14 3.272e-15
04241.83 3.307e-15
04243.53 3.124e-15
04245.23 2.750e-15
04246.93 2.545e-15
04248.63 2.271e-15
04250.32 2.141e-15
04252.02 2.306e-15
04253.72 2.376e-15
04255.42 2.418e-15
04257.12 2.591e-15
04258.81 2.692e-15
04260.51 2.666e-15
04262.21 2.601e-15
04263.91 2.627e-15
04265.60 2.609e-15
04267.30 2.584e-15
04269.00 2.546e-15
04270.70 2.545e-15
04272.40 2.595e-15
04274.09 2.687e-15
04275.79 2.672e-15
04277.49 2.532e-15
04279.19 2.446e-15
04280.89 2.237e-15
04282.58 2.026e-15
04284.28 1.918e-15
04285.98 1.980e-15
04287.68 2.065e-15
04289.38 2.289e-15
04291.07 2.537e-15
04292.77 2.729e-15
04294.47 2.862e-15
04296.17 2.818e-15
04297.86 2.495e-15
04299.56 2.317e-15
04301.26 2.250e-15
04302.96 2.108e-15
04304.66 2.030e-15
04306.35 2.170e-15
04308.05 2.351e-15
04309.75 2.499e-15
04311.45 2.569e-15
04313.15 2.662e-15
04314.84 2.626e-15
04316.54 2.465e-15
04318.24 2.225e-15
04319.94 2.055e-15
04321.63 1.941e-15
04323.33 1.865e-15
04325.03 1.935e-15
04326.73 1.949e-15
04328.43 1.963e-15
04330.12 1.866e-15
04331.82 1.729e-15
04333.52 1.639e-15
04335.22 1.767e-15
04336.92 1.955e-15
04338.61 2.117e-15
04340.31 2.325e-15
04342.01 2.333e-15
04343.71 2.272e-15
04345.41 2.268e-15
04347.10 2.269e-15
04348.80 2.255e-15
04350.50 2.342e-15
04352.20 2.400e-15
04353.89 2.323e-15
04355.59 2.396e-15
04357.29 2.499e-15
04358.99 2.351e-15
04360.69 2.116e-15
04362.38 1.864e-15
04364.08 1.759e-15
04365.78 1.776e-15
04367.48 1.901e-15
04369.18 2.193e-15
04370.87 2.447e-15
04372.57 2.488e-15
04374.27 2.530e-15
04375.97 2.457e-15
04377.67 2.199e-15
04379.36 2.232e-15
04381.06 2.358e-15
04382.76 2.188e-15
04384.46 2.116e-15
04386.15 2.162e-15
04387.85 1.988e-15
04389.55 1.648e-15
04391.25 1.566e-15
04392.95 1.537e-15
04394.64 1.577e-15
04396.34 1.756e-15
04398.04 2.006e-15
04399.74 2.266e-15
04401.44 2.585e-15
04403.13 2.605e-15
04404.83 2.435e-15
04406.53 2.250e-15
04408.23 2.088e-15
04409.93 1.908e-15
04411.62 1.999e-15
04413.32 2.268e-15
04415.02 2.507e-15
04416.72 2.532e-15
04418.41 2.480e-15
04420.11 2.224e-15
04421.81 1.973e-15
04423.51 1.922e-15
04425.21 2.023e-15
04426.90 2.094e-15
04428.60 2.235e-15
04430.30 2.331e-15
04432.00 2.497e-15
04433.70 2.621e-15
04435.39 2.756e-15
04437.09 2.785e-15
04438.79 2.935e-15
04440.49 2.986e-15
04442.19 2.911e-15
04443.88 2.833e-15
04445.58 2.881e-15
04447.28 2.823e-15
04448.98 2.703e-15
04450.67 2.692e-15
04452.37 2.588e-15
04454.07 2.536e-15
04455.77 2.505e-15
04457.47 2.421e-15
04459.16 2.434e-15
04460.86 2.655e-15
04462.56 2.696e-15
04464.26 2.476e-15
04465.96 2.419e-15
04467.65 2.359e-15
04469.35 1.991e-15
04471.05 1.967e-15
04472.75 2.297e-15
04474.45 2.453e-15
04476.14 2.511e-15
04477.84 2.692e-15
04479.54 2.595e-15
04481.24 2.400e-15
04482.93 2.372e-15
04484.63 2.374e-15
04486.33 2.421e-15
04488.03 2.706e-15
04489.73 2.928e-15
04491.42 3.132e-15
04493.12 3.330e-15
04494.82 3.317e-15
04496.52 3.135e-15
04498.22 3.075e-15
04499.91 3.010e-15
04501.61 2.939e-15
04503.31 2.923e-15
04505.01 2.892e-15
04506.71 2.900e-15
04508.40 2.955e-15
04510.10 3.068e-15
04511.80 3.319e-15
04513.50 3.435e-15
04515.19 3.421e-15
04516.89 3.342e-15
04518.59 3.324e-15
04520.29 3.300e-15
04521.99 3.238e-15
04523.68 3.155e-15
04525.38 3.107e-15
04527.08 3.050e-15
04528.78 2.900e-15
04530.48 2.927e-15
04532.17 3.069e-15
04533.87 3.097e-15
04535.57 2.952e-15
04537.27 2.827e-15
04538.97 2.790e-15
04540.66 2.857e-15
04542.36 3.040e-15
04544.06 3.246e-15
04545.76 3.417e-15
04547.45 3.346e-15
04549.15 3.065e-15
04550.85 2.802e-15
04552.55 2.763e-15
04554.25 2.882e-15
04555.94 3.148e-15
04557.64 3.374e-15
04559.34 3.507e-15
04561.04 3.470e-15
04562.74 3.262e-15
04564.43 3.079e-15
04566.13 3.179e-15
04567.83 3.284e-15
04569.53 3.380e-15
04571.23 3.638e-15
04572.92 4.024e-15
04574.62 4.045e-15
04576.32 3.956e-15
04578.02 4.106e-15
04579.71 4.067e-15
04581.41 3.794e-15
04583.11 3.881e-15
04584.81 3.956e-15
04586.51 3.621e-15
04588.20 3.548e-15
04589.90 3.631e-15
04591.60 3.522e-15
04593.30 3.514e-15
04595.00 3.681e-15
04596.69 3.827e-15
04598.39 3.953e-15
04600.09 4.005e-15
04601.79 4.011e-15
04603.49 3.964e-15
04605.18 3.909e-15
04606.88 3.896e-15
04608.58 3.857e-15
04610.28 3.808e-15
04611.97 3.899e-15
04613.67 3.884e-15
04615.37 3.662e-15
04617.07 3.473e-15
04618.77 3.417e-15
04620.46 3.304e-15
04622.16 3.415e-15
04623.86 3.666e-15
04625.56 3.773e-15
04627.26 3.824e-15
04628.95 3.918e-15
04630.65 3.688e-15
04632.35 3.389e-15
04634.05 3.416e-15
04635.75 3.410e-15
04637.44 3.369e-15
04639.14 3.582e-15
04640.84 3.661e-15
04642.54 3.558e-15
04644.23 3.641e-15
04645.93 3.692e-15
04647.63 3.539e-15
04649.33 3.534e-15
04651.03 3.599e-15
04652.72 3.387e-15
04654.42 3.075e-15
04656.12 3.055e-15
04657.82 3.109e-15
04659.52 3.202e-15
04661.21 3.337e-15
04662.91 3.414e-15
04664.61 3.366e-15
04666.31 3.178e-15
04668.00 2.853e-15
04669.70 2.753e-15
04671.40 2.778e-15
04673.10 2.722e-15
04674.80 2.859e-15
04676.49 3.106e-15
04678.19 3.273e-15
04679.89 3.389e-15
04681.59 3.433e-15
04683.29 3.375e-15
04684.98 3.221e-15
04686.68 3.027e-15
04688.38 2.953e-15
04690.08 3.081e-15
04691.78 3.055e-15
04693.47 3.062e-15
04695.17 3.171e-15
04696.87 3.111e-15
04698.57 2.972e-15
04700.26 2.956e-15
04701.96 2.832e-15
04703.66 2.589e-15
04705.36 2.401e-15
04707.06 2.052e-15
04708.75 2.158e-15
04710.45 2.179e-15
04712.15 2.146e-15
04713.85 2.280e-15
04715.55 2.502e-15
04717.24 2.240e-15
04718.94 2.313e-15
04720.64 2.442e-15
04722.34 2.306e-15
04724.04 2.278e-15
04725.73 2.412e-15
04727.43 2.360e-15
04729.13 2.234e-15
04730.83 2.314e-15
04732.52 2.415e-15
04734.22 2.472e-15
04735.92 2.400e-15
04737.62 2.429e-15
04739.32 2.549e-15
04741.01 2.566e-15
04742.71 2.490e-15
04744.41 2.537e-15
04746.11 2.397e-15
04747.81 2.050e-15
04749.50 1.710e-15
04751.20 1.614e-15
04752.90 1.712e-15
04754.60 1.740e-15
04756.30 1.582e-15
04757.99 1.566e-15
04759.69 1.475e-15
04761.39 1.298e-15
04763.09 1.495e-15
04764.78 1.884e-15
04766.48 1.985e-15
04768.18 2.067e-15
04769.88 2.263e-15
04771.58 2.058e-15
04773.27 1.850e-15
04774.97 1.814e-15
04776.67 1.696e-15
04778.37 1.442e-15
04780.07 1.480e-15
04781.76 1.584e-15
04783.46 1.800e-15
04785.16 1.970e-15
04786.86 2.074e-15
04788.56 2.111e-15
04790.25 2.091e-15
04791.95 2.002e-15
04793.65 1.974e-15
04795.35 1.844e-15
04797.04 1.772e-15
04798.74 1.922e-15
04800.44 2.059e-15
04802.14 2.083e-15
04803.84 2.226e-15
04805.53 2.159e-15
04807.23 2.064e-15
04808.93 1.978e-15
04810.63 1.808e-15
04812.33 1.577e-15
04814.02 1.591e-15
04815.72 1.596e-15
04817.42 1.605e-15
04819.12 1.676e-15
04820.82 1.742e-15
04822.51 1.876e-15
04824.21 1.857e-15
04825.91 1.789e-15
04827.61 1.926e-15
04829.30 2.127e-15
04831.00 2.151e-15
04832.70 2.164e-15
04834.40 2.060e-15
04836.10 1.884e-15
04837.79 1.704e-15
04839.49 1.565e-15
04841.19 1.625e-15
04842.89 1.657e-15
04844.59 1.728e-15
04846.28 1.969e-15
04847.98 2.008e-15
04849.68 1.830e-15
04851.38 1.878e-15
04853.08 1.817e-15
04854.77 1.627e-15
04856.47 1.705e-15
04858.17 1.732e-15
04859.87 1.546e-15
04861.56 1.499e-15
04863.26 1.529e-15
04864.96 1.486e-15
04866.66 1.538e-15
04868.36 1.745e-15
04870.05 1.821e-15
04871.75 1.829e-15
04873.45 1.857e-15
04875.15 1.847e-15
04876.85 1.896e-15
04878.54 1.955e-15
04880.24 1.965e-15
04881.94 1.898e-15
04883.64 1.868e-15
04885.34 1.755e-15
04887.03 1.698e-15
04888.73 1.751e-15
04890.43 1.821e-15
04892.13 1.815e-15
04893.82 1.843e-15
04895.52 1.966e-15
04897.22 1.901e-15
04898.92 1.873e-15
04900.62 1.973e-15
04902.31 1.928e-15
04904.01 1.835e-15
04905.71 1.911e-15
04907.41 2.028e-15
04909.11 2.146e-15
04910.80 2.204e-15
04912.50 2.027e-15
04914.20 1.875e-15
04915.90 1.880e-15
04917.60 1.986e-15
04919.29 2.059e-15
04920.99 2.098e-15
04922.69 2.075e-15
04924.39 2.048e-15
04926.08 1.987e-15
04927.78 1.917e-15
04929.48 1.875e-15
04931.18 1.866e-15
04932.88 1.901e-15
04934.57 1.919e-15
04936.27 1.926e-15
04937.97 1.992e-15
04939.67 2.148e-15
04941.37 2.235e-15
04943.06 2.226e-15
04944.76 2.235e-15
04946.46 2.364e-15
04948.16 2.452e-15
04949.86 2.340e-15
04951.55 2.190e-15
04953.25 2.199e-15
04954.95 2.271e-15
04956.65 2.275e-15
04958.34 2.229e-15
04960.04 2.148e-15
04961.74 1.967e-15
04963.44 1.848e-15
04965.14 1.951e-15
04966.83 2.129e-15
04968.53 2.153e-15
04970.23 2.099e-15
04971.93 2.024e-15
04973.63 1.918e-15
04975.32 1.860e-15
04977.02 1.826e-15
04978.72 1.780e-15
04980.42 1.764e-15
04982.12 1.852e-15
04983.81 1.961e-15
04985.51 2.027e-15
04987.21 2.020e-15
04988.91 2.133e-15
04990.60 2.211e-15
04992.30 2.201e-15
04994.00 2.182e-15
04995.70 2.223e-15
04997.40 2.161e-15
04999.09 2.079e-15
05000.79 2.031e-15
05002.49 1.993e-15
05004.19 2.024e-15
05005.89 2.187e-15
05007.58 2.343e-15
05009.28 2.319e-15
05010.98 2.249e-15
05012.68 2.229e-15
05014.37 2.158e-15
05016.07 1.975e-15
05017.77 1.931e-15
05019.47 1.982e-15
05021.17 2.013e-15
05022.86 2.020e-15
05024.56 2.057e-15
05026.26 2.053e-15
05027.96 2.081e-15
05029.66 2.056e-15
05031.35 2.067e-15
05033.05 2.108e-15
05034.75 2.122e-15
05036.45 2.080e-15
05038.15 2.115e-15
05039.84 2.085e-15
05041.54 1.999e-15
05043.24 1.936e-15
05044.94 1.949e-15
05046.63 2.077e-15
05048.33 2.259e-15
05050.03 2.405e-15
05051.73 2.527e-15
05053.43 2.608e-15
05055.12 2.573e-15
05056.82 2.580e-15
05058.52 2.612e-15
05060.22 2.531e-15
05061.92 2.364e-15
05063.61 2.238e-15
05065.31 2.145e-15
05067.01 2.150e-15
05068.71 2.215e-15
05070.41 2.261e-15
05072.10 2.322e-15
05073.80 2.305e-15
05075.50 2.219e-15
05077.20 2.141e-15
05078.89 2.187e-15
05080.59 2.228e-15
05082.29 2.405e-15
05083.99 2.555e-15
05085.69 2.542e-15
05087.38 2.334e-15
05089.08 2.178e-15
05090.78 2.056e-15
05092.48 2.052e-15
05094.18 2.095e-15
05095.87 2.095e-15
05097.57 2.055e-15
05099.27 2.018e-15
05100.97 1.971e-15
05102.67 2.056e-15
05104.36 2.142e-15
05106.06 2.154e-15
05107.76 2.234e-15
05109.46 2.334e-15
05111.15 2.411e-15
05112.85 2.517e-15
05114.55 2.530e-15
05116.25 2.406e-15
05117.95 2.367e-15
05119.64 2.323e-15
05121.34 2.194e-15
05123.04 2.091e-15
05124.74 2.101e-15
05126.44 2.159e-15
05128.13 2.275e-15
05129.83 2.392e-15
05131.53 2.499e-15
05133.23 2.458e-15
05134.93 2.270e-15
05136.62 2.182e-15
05138.32 2.175e-15
05140.02 2.127e-15
05141.72 2.184e-15
05143.41 2.347e-15
05145.11 2.397e-15
05146.81 2.423e-15
05148.51 2.497e-15
05150.21 2.443e-15
05151.90 2.442e-15
05153.60 2.520e-15
05155.30 2.548e-15
05157.00 2.558e-15
05158.70 2.663e-15
05160.39 2.717e-15
05162.09 2.721e-15
05163.79 2.630e-15
05165.49 2.510e-15
05167.19 2.462e-15
05168.88 2.476e-15
05170.58 2.423e-15
05172.28 2.479e-15
05173.98 2.569e-15
05175.67 2.612e-15
05177.37 2.580e-15
05179.07 2.575e-15
05180.77 2.528e-15
05182.47 2.461e-15
05184.16 2.439e-15
05185.86 2.418e-15
05187.56 2.372e-15
05189.26 2.471e-15
05190.96 2.613e-15
05192.65 2.556e-15
05194.35 2.440e-15
05196.05 2.423e-15
05197.75 2.318e-15
05199.45 2.134e-15
05201.14 2.101e-15
05202.84 2.190e-15
05204.54 2.199e-15
05206.24 2.184e-15
05207.93 2.227e-15
05209.63 2.352e-15
05211.33 2.497e-15
05213.03 2.590e-15
05214.73 2.694e-15
05216.42 2.798e-15
05218.12 2.773e-15
05219.82 2.694e-15
05221.52 2.669e-15
05223.22 2.549e-15
05224.91 2.438e-15
05226.61 2.406e-15
05228.31 2.437e-15
05230.01 2.485e-15
05231.71 2.537e-15
05233.40 2.449e-15
05235.10 2.367e-15
05236.80 2.377e-15
05238.50 2.462e-15
05240.19 2.606e-15
05241.89 2.729e-15
05243.59 2.670e-15
05245.29 2.611e-15
05246.99 2.603e-15
05248.68 2.643e-15
05250.38 2.767e-15
05252.08 2.908e-15
05253.78 2.857e-15
05255.48 2.786e-15
05257.17 2.777e-15
05258.87 2.760e-15
05260.57 2.679e-15
05262.27 2.646e-15
05263.97 2.697e-15
05265.66 2.763e-15
05267.36 2.765e-15
05269.06 2.778e-15
05270.76 2.824e-15
05272.45 2.777e-15
05274.15 2.697e-15
05275.85 2.665e-15
05277.55 2.677e-15
05279.25 2.774e-15
05280.94 2.950e-15
05282.64 3.032e-15
05284.34 3.101e-15
05286.04 3.213e-15
05287.74 3.241e-15
05289.43 3.296e-15
05291.13 3.466e-15
05292.83 3.477e-15
05294.53 3.356e-15
05296.23 3.294e-15
05297.92 3.227e-15
05299.62 3.092e-15
05301.32 3.068e-15
05303.02 3.156e-15
05304.71 3.176e-15
05306.41 3.061e-15
05308.11 2.957e-15
05309.81 2.926e-15
05311.51 2.874e-15
05313.20 2.886e-15
05314.90 3.007e-15
05316.60 3.031e-15
05318.30 2.921e-15
05320.00 2.879e-15
05321.69 2.894e-15
05323.39 2.911e-15
05325.09 2.929e-15
05326.79 2.893e-15
05328.48 2.814e-15
05330.18 2.759e-15
05331.88 2.743e-15
05333.58 2.780e-15
05335.28 2.863e-15
05336.97 2.930e-15
05338.67 2.897e-15
05340.37 2.856e-15
05342.07 2.843e-15
05343.77 2.873e-15
05345.46 2.945e-15
05347.16 3.049e-15
05348.86 3.022e-15
05350.56 2.975e-15
05352.26 3.005e-15
05353.95 3.034e-15
05355.65 3.040e-15
05357.35 3.153e-15
05359.05 3.298e-15
05360.74 3.352e-15
05362.44 3.321e-15
05364.14 3.223e-15
05365.84 3.096e-15
05367.54 3.025e-15
05369.23 2.955e-15
05370.93 2.920e-15
05372.63 2.960e-15
05374.33 2.944e-15
05376.03 2.871e-15
05377.72 2.905e-15
05379.42 3.001e-15
05381.12 3.002e-15
05382.82 2.980e-15
05384.52 2.915e-15
05386.21 2.836e-15
05387.91 2.827e-15
05389.61 2.836e-15
05391.31 2.810e-15
05393.00 2.826e-15
05394.70 2.733e-15
05396.40 2.667e-15
05398.10 2.753e-15
05399.80 2.860e-15
05401.49 2.887e-15
05403.19 2.978e-15
05404.89 3.033e-15
05406.59 3.038e-15
05408.29 2.980e-15
05409.98 2.896e-15
05411.68 2.912e-15
05413.38 2.902e-15
05415.08 2.791e-15
05416.78 2.611e-15
05418.47 2.405e-15
05420.17 2.321e-15
05421.87 2.455e-15
05423.57 2.690e-15
05425.26 2.907e-15
05426.96 3.033e-15
05428.66 3.033e-15
05430.36 2.888e-15
05432.06 2.695e-15
05433.75 2.606e-15
05435.45 2.653e-15
05437.15 2.747e-15
05438.85 2.781e-15
05440.55 2.747e-15
05442.24 2.756e-15
05443.94 2.763e-15
05445.64 2.650e-15
05447.34 2.614e-15
05449.04 2.759e-15
05450.73 2.909e-15
05452.43 2.964e-15
05454.13 2.919e-15
05455.83 2.898e-15
05457.52 2.946e-15
05459.22 2.921e-15
05460.92 2.862e-15
05462.62 2.892e-15
05464.32 2.962e-15
05466.01 2.930e-15
05467.71 2.858e-15
05469.41 2.746e-15
05471.11 2.684e-15
05472.81 2.680e-15
05474.50 2.485e-15
05476.20 2.134e-15
05477.90 1.829e-15
05479.60 1.717e-15
05481.30 1.723e-15
05482.99 1.946e-15
05484.69 2.313e-15
05486.39 2.662e-15
05488.09 2.847e-15
05489.78 2.931e-15
05491.48 2.935e-15
05493.18 2.862e-15
05494.88 2.873e-15
05496.58 2.935e-15
05498.27 2.923e-15
05499.97 2.900e-15
05501.67 2.772e-15
05503.37 2.520e-15
05505.07 2.396e-15
05506.76 2.410e-15
05508.46 2.454e-15
05510.16 2.636e-15
05511.86 2.787e-15
05513.56 2.759e-15
05515.25 2.725e-15
05516.95 2.709e-15
05518.65 2.670e-15
05520.35 2.659e-15
05522.04 2.646e-15
05523.74 2.596e-15
05525.44 2.608e-15
05527.14 2.723e-15
05528.84 2.825e-15
05530.53 2.830e-15
05532.23 2.792e-15
05533.93 2.791e-15
05535.63 2.799e-15
05537.33 2.828e-15
05539.02 2.859e-15
05540.72 2.951e-15
05542.42 3.082e-15
05544.12 2.994e-15
05545.82 2.789e-15
05547.51 2.721e-15
05549.21 2.660e-15
05550.91 2.522e-15
05552.61 2.513e-15
05554.30 2.635e-15
05556.00 2.696e-15
05557.70 2.677e-15
05559.40 2.610e-15
05561.10 2.555e-15
05562.79 2.577e-15
05564.49 2.642e-15
05566.19 2.623e-15
05567.89 2.560e-15
05569.59 2.475e-15
05571.28 2.356e-15
05572.98 2.360e-15
05574.68 2.506e-15
05576.38 2.548e-15
05578.08 2.589e-15
05579.77 2.684e-15
05581.47 2.584e-15
05583.17 2.489e-15
05584.87 2.605e-15
05586.56 2.645e-15
05588.26 2.487e-15
05589.96 2.328e-15
05591.66 2.170e-15
05593.36 2.015e-15
05595.05 2.020e-15
05596.75 2.196e-15
05598.45 2.428e-15
05600.15 2.548e-15
05601.85 2.588e-15
05603.54 2.614e-15
05605.24 2.494e-15
05606.94 2.362e-15
05608.64 2.398e-15
05610.34 2.460e-15
05612.03 2.393e-15
05613.73 2.331e-15
05615.43 2.307e-15
05617.13 2.184e-15
05618.82 2.023e-15
05620.52 2.031e-15
05622.22 2.169e-15
05623.92 2.240e-15
05625.62 2.203e-15
05627.31 2.095e-15
05629.01 1.994e-15
05630.71 1.962e-15
05632.41 2.051e-15
05634.11 2.200e-15
05635.80 2.250e-15
05637.50 2.166e-15
05639.20 2.008e-15
05640.90 1.909e-15
05642.60 1.937e-15
05644.29 1.965e-15
05645.99 1.929e-15
05647.69 1.947e-15
05649.39 1.881e-15
05651.08 1.731e-15
05652.78 1.788e-15
05654.48 1.909e-15
05656.18 1.923e-15
05657.88 1.939e-15
05659.57 1.951e-15
05661.27 1.943e-15
05662.97 1.973e-15
05664.67 1.982e-15
05666.37 1.902e-15
05668.06 1.830e-15
05669.76 1.830e-15
05671.46 1.898e-15
05673.16 2.004e-15
05674.85 2.135e-15
05676.55 2.256e-15
05678.25 2.284e-15
05679.95 2.229e-15
05681.65 2.158e-15
05683.34 2.098e-15
05685.04 2.013e-15
05686.74 1.972e-15
05688.44 2.003e-15
05690.14 1.983e-15
05691.83 2.005e-15
05693.53 2.066e-15
05695.23 2.052e-15
05696.93 2.056e-15
05698.63 2.185e-15
05700.32 2.303e-15
05702.02 2.453e-15
05703.72 2.640e-15
05705.42 2.649e-15
05707.11 2.530e-15
05708.81 2.391e-15
05710.51 2.191e-15
05712.21 2.026e-15
05713.91 1.931e-15
05715.60 1.886e-15
05717.30 1.917e-15
05719.00 2.004e-15
05720.70 2.130e-15
05722.40 2.285e-15
05724.09 2.506e-15
05725.79 2.577e-15
05727.49 2.570e-15
05729.19 2.614e-15
05730.89 2.682e-15
05732.58 2.611e-15
05734.28 2.440e-15
05735.98 2.330e-15
05737.68 2.307e-15
05739.37 2.240e-15
05741.07 2.125e-15
05742.77 2.249e-15
05744.47 2.375e-15
05746.17 2.288e-15
05747.86 2.298e-15
05749.56 2.446e-15
05751.26 2.384e-15
05752.96 2.301e-15
05754.66 2.432e-15
05756.35 2.537e-15
05758.05 2.423e-15
05759.75 2.359e-15
05761.45 2.403e-15
05763.15 2.400e-15
05764.84 2.418e-15
05766.54 2.456e-15
05768.24 2.338e-15
05769.94 2.256e-15
05771.63 2.312e-15
05773.33 2.380e-15
05775.03 2.470e-15
05776.73 2.611e-15
05778.43 2.625e-15
05780.12 2.495e-15
05781.82 2.423e-15
05783.52 2.415e-15
05785.22 2.502e-15
05786.92 2.656e-15
05788.61 2.741e-15
05790.31 2.703e-15
05792.01 2.755e-15
05793.71 2.838e-15
05795.41 2.800e-15
05797.10 2.734e-15
05798.80 2.657e-15
05800.50 2.638e-15
05802.20 2.573e-15
05803.89 2.503e-15
05805.59 2.515e-15
05807.29 2.562e-15
05808.99 2.445e-15
05810.69 2.438e-15
05812.38 2.485e-15
05814.08 2.456e-15
05815.78 2.626e-15
05817.48 2.907e-15
05819.18 3.044e-15
05820.87 3.028e-15
05822.57 3.065e-15
05824.27 3.032e-15
05825.97 2.940e-15
05827.67 2.720e-15
05829.36 2.563e-15
05831.06 2.498e-15
05832.76 2.505e-15
05834.46 2.503e-15
05836.15 2.528e-15
05837.85 2.530e-15
05839.55 2.587e-15
05841.25 2.550e-15
05842.95 2.588e-15
05844.64 2.780e-15
05846.34 2.970e-15
05848.04 3.109e-15
05849.74 3.258e-15
05851.44 3.204e-15
05853.13 2.932e-15
05854.83 2.736e-15
05856.53 2.565e-15
05858.23 2.412e-15
05859.93 2.472e-15
05861.62 2.509e-15
05863.32 2.477e-15
05865.02 2.472e-15
05866.72 2.598e-15
05868.41 2.782e-15
05870.11 2.915e-15
05871.81 2.973e-15
05873.51 2.958e-15
05875.21 2.900e-15
05876.90 2.851e-15
05878.60 2.807e-15
05880.30 2.745e-15
05882.00 2.686e-15
05883.70 2.678e-15
05885.39 2.716e-15
05887.09 2.757e-15
05888.79 2.777e-15
05890.49 2.765e-15
05892.19 2.730e-15
05893.88 2.707e-15
05895.58 2.714e-15
05897.28 2.738e-15
05898.98 2.773e-15
05900.67 2.829e-15
05902.37 2.891e-15
05904.07 2.895e-15
05905.77 2.815e-15
05907.47 2.705e-15
05909.16 2.616e-15
05910.86 2.587e-15
05912.56 2.637e-15
05914.26 2.718e-15
05915.96 2.784e-15
05917.65 2.813e-15
05919.35 2.796e-15
05921.05 2.783e-15
05922.75 2.824e-15
05924.45 2.886e-15
05926.14 2.927e-15
05927.84 2.940e-15
05929.54 2.931e-15
05931.24 2.908e-15
05932.93 2.890e-15
05934.63 2.854e-15
05936.33 2.766e-15
05938.03 2.673e-15
05939.73 2.660e-15
05941.42 2.734e-15
05943.12 2.854e-15
05944.82 2.958e-15
05946.52 2.962e-15
05948.22 2.872e-15
05949.91 2.779e-15
05951.61 2.733e-15
05953.31 2.735e-15
05955.01 2.777e-15
05956.71 2.833e-15
05958.40 2.862e-15
05960.10 2.795e-15
05961.80 2.634e-15
05963.50 2.532e-15
05965.19 2.572e-15
05966.89 2.640e-15
05968.59 2.654e-15
05970.29 2.635e-15
05971.99 2.609e-15
05973.68 2.597e-15
05975.38 2.614e-15
05977.08 2.646e-15
05978.78 2.673e-15
05980.48 2.676e-15
05982.17 2.639e-15
05983.87 2.577e-15
05985.57 2.512e-15
05987.27 2.456e-15
05988.97 2.420e-15
05990.66 2.412e-15
05992.36 2.439e-15
05994.06 2.489e-15
05995.76 2.544e-15
05997.45 2.583e-15
05999.15 2.584e-15
06000.85 2.555e-15
06002.55 2.527e-15
06004.25 2.509e-15
06005.94 2.503e-15
06007.64 2.500e-15
06009.34 2.484e-15
06011.04 2.456e-15
06012.74 2.433e-15
06014.43 2.430e-15
06016.13 2.454e-15
06017.83 2.504e-15
06019.53 2.565e-15
06021.22 2.611e-15
06022.92 2.584e-15
06024.62 2.466e-15
06026.32 2.357e-15
06028.02 2.331e-15
06029.71 2.344e-15
06031.41 2.351e-15
06033.11 2.337e-15
06034.81 2.296e-15
06036.51 2.251e-15
06038.20 2.227e-15
06039.90 2.252e-15
06041.60 2.342e-15
06043.30 2.427e-15
06045.00 2.425e-15
06046.69 2.364e-15
06048.39 2.311e-15
06050.09 2.258e-15
06051.79 2.177e-15
06053.48 2.103e-15
06055.18 2.099e-15
06056.88 2.158e-15
06058.58 2.237e-15
06060.28 2.303e-15
06061.97 2.329e-15
06063.67 2.302e-15
06065.37 2.218e-15
06067.07 2.125e-15
06068.77 2.129e-15
06070.46 2.230e-15
06072.16 2.287e-15
06073.86 2.240e-15
06075.56 2.151e-15
06077.26 2.065e-15
06078.95 2.003e-15
06080.65 1.979e-15
06082.35 1.972e-15
06084.05 1.968e-15
06085.74 1.976e-15
06087.44 1.998e-15
06089.14 2.004e-15
06090.84 1.973e-15
06092.54 1.964e-15
06094.23 2.025e-15
06095.93 2.091e-15
06097.63 2.089e-15
06099.33 2.056e-15
06101.03 2.040e-15
06102.72 2.058e-15
06104.42 2.121e-15
06106.12 2.171e-15
06107.82 2.134e-15
06109.52 2.041e-15
06111.21 1.967e-15
06112.91 1.934e-15
06114.61 1.946e-15
06116.31 1.979e-15
06118.00 1.995e-15
06119.70 1.986e-15
06121.40 1.968e-15
06123.10 1.951e-15
06124.80 1.950e-15
06126.49 1.956e-15
06128.19 1.937e-15
06129.89 1.893e-15
06131.59 1.869e-15
06133.29 1.886e-15
06134.98 1.927e-15
06136.68 1.970e-15
06138.38 1.983e-15
06140.08 1.951e-15
06141.78 1.902e-15
06143.47 1.860e-15
06145.17 1.856e-15
06146.87 1.895e-15
06148.57 1.887e-15
06150.26 1.764e-15
06151.96 1.633e-15
06153.66 1.601e-15
06155.36 1.660e-15
06157.06 1.779e-15
06158.75 1.866e-15
06160.45 1.826e-15
06162.15 1.730e-15
06163.85 1.691e-15
06165.55 1.704e-15
06167.24 1.723e-15
06168.94 1.756e-15
06170.64 1.831e-15
06172.34 1.923e-15
06174.04 1.990e-15
06175.73 1.994e-15
06177.43 1.901e-15
06179.13 1.762e-15
06180.83 1.695e-15
06182.52 1.717e-15
06184.22 1.742e-15
06185.92 1.723e-15
06187.62 1.655e-15
06189.32 1.564e-15
06191.01 1.531e-15
06192.71 1.579e-15
06194.41 1.625e-15
06196.11 1.622e-15
06197.81 1.615e-15
06199.50 1.634e-15
06201.20 1.674e-15
06202.90 1.724e-15
06204.60 1.773e-15
06206.30 1.803e-15
06207.99 1.768e-15
06209.69 1.641e-15
06211.39 1.526e-15
06213.09 1.525e-15
06214.78 1.581e-15
06216.48 1.613e-15
06218.18 1.607e-15
06219.88 1.562e-15
06221.58 1.526e-15
06223.27 1.564e-15
06224.97 1.635e-15
06226.67 1.656e-15
06228.37 1.635e-15
06230.07 1.617e-15
06231.76 1.602e-15
06233.46 1.568e-15
06235.16 1.519e-15
06236.86 1.480e-15
06238.56 1.463e-15
06240.25 1.476e-15
06241.95 1.519e-15
06243.65 1.587e-15
06245.35 1.658e-15
06247.04 1.690e-15
06248.74 1.674e-15
06250.44 1.649e-15
06252.14 1.650e-15
06253.84 1.710e-15
06255.53 1.829e-15
06257.23 1.941e-15
06258.93 1.988e-15
06260.63 1.942e-15
06262.33 1.806e-15
06264.02 1.701e-15
06265.72 1.723e-15
06267.42 1.788e-15
06269.12 1.804e-15
06270.82 1.780e-15
06272.51 1.735e-15
06274.21 1.682e-15
06275.91 1.636e-15
06277.61 1.616e-15
06279.30 1.636e-15
06281.00 1.674e-15
06282.70 1.692e-15
06284.40 1.693e-15
06286.10 1.692e-15
06287.79 1.702e-15
06289.49 1.739e-15
06291.19 1.784e-15
06292.89 1.794e-15
06294.59 1.780e-15
06296.28 1.799e-15
06297.98 1.836e-15
06299.68 1.812e-15
06301.38 1.726e-15
06303.08 1.672e-15
06304.77 1.691e-15
06306.47 1.753e-15
06308.17 1.823e-15
06309.87 1.855e-15
06311.56 1.828e-15
06313.26 1.798e-15
06314.96 1.800e-15
06316.66 1.813e-15
06318.36 1.821e-15
06320.05 1.829e-15
06321.75 1.842e-15
06323.45 1.856e-15
06325.15 1.870e-15
06326.85 1.879e-15
06328.54 1.881e-15
06330.24 1.883e-15
06331.94 1.891e-15
06333.64 1.893e-15
06335.34 1.874e-15
06337.03 1.840e-15
06338.73 1.805e-15
06340.43 1.779e-15
06342.13 1.771e-15
06343.82 1.781e-15
06345.52 1.806e-15
06347.22 1.853e-15
06348.92 1.939e-15
06350.62 2.035e-15
06352.31 2.079e-15
06354.01 2.066e-15
06355.71 2.047e-15
06357.41 2.028e-15
06359.11 1.970e-15
06360.80 1.887e-15
06362.50 1.854e-15
06364.20 1.895e-15
06365.90 1.957e-15
06367.59 2.006e-15
06369.29 2.046e-15
06370.99 2.072e-15
06372.69 2.053e-15
06374.39 1.987e-15
06376.08 1.968e-15
06377.78 2.049e-15
06379.48 2.136e-15
06381.18 2.148e-15
06382.88 2.109e-15
06384.57 2.054e-15
06386.27 1.996e-15
06387.97 1.949e-15
06389.67 1.923e-15
06391.37 1.927e-15
06393.06 1.934e-15
06394.76 1.911e-15
06396.46 1.876e-15
06398.16 1.864e-15
06399.85 1.854e-15
06401.55 1.801e-15
06403.25 1.749e-15
06404.95 1.786e-15
06406.65 1.873e-15
06408.34 1.901e-15
06410.04 1.850e-15
06411.74 1.753e-15
06413.44 1.658e-15
06415.14 1.629e-15
06416.83 1.682e-15
06418.53 1.780e-15
06420.23 1.887e-15
06421.93 1.981e-15
06423.63 2.039e-15
06425.32 2.043e-15
06427.02 1.999e-15
06428.72 1.949e-15
06430.42 1.921e-15
06432.11 1.891e-15
06433.81 1.846e-15
06435.51 1.824e-15
06437.21 1.846e-15
06438.91 1.875e-15
06440.60 1.877e-15
06442.30 1.852e-15
06444.00 1.810e-15
06445.70 1.788e-15
06447.40 1.819e-15
06449.09 1.853e-15
06450.79 1.827e-15
06452.49 1.783e-15
06454.19 1.783e-15
06455.89 1.826e-15
06457.58 1.888e-15
06459.28 1.982e-15
06460.98 2.136e-15
06462.68 2.270e-15
06464.37 2.251e-15
06466.07 2.107e-15
06467.77 1.968e-15
06469.47 1.886e-15
06471.17 1.861e-15
06472.86 1.875e-15
06474.56 1.881e-15
06476.26 1.862e-15
06477.96 1.834e-15
06479.66 1.813e-15
06481.35 1.816e-15
06483.05 1.853e-15
06484.75 1.919e-15
06486.45 2.000e-15
06488.15 2.080e-15
06489.84 2.123e-15
06491.54 2.039e-15
06493.24 1.777e-15
06494.94 1.394e-15
06496.63 9.744e-16
06498.33 6.758e-16
06500.03 6.241e-16
06501.73 7.605e-16
06503.43 9.923e-16
06505.12 1.209e-15
06506.82 1.308e-15
06508.52 1.397e-15
06510.22 1.621e-15
06511.92 1.885e-15
06513.61 2.032e-15
06515.31 2.076e-15
06517.01 2.085e-15
06518.71 2.084e-15
06520.41 2.089e-15
06522.10 2.071e-15
06523.80 1.974e-15
06525.50 1.846e-15
06527.20 1.816e-15
06528.89 1.878e-15
06530.59 1.921e-15
06532.29 1.906e-15
06533.99 1.863e-15
06535.69 1.821e-15
06537.38 1.829e-15
06539.08 1.880e-15
06540.78 1.863e-15
06542.48 1.760e-15
06544.18 1.728e-15
06545.87 1.843e-15
06547.57 1.976e-15
06549.27 2.034e-15
06550.97 2.036e-15
06552.67 2.007e-15
06554.36 1.985e-15
06556.06 2.003e-15
06557.76 2.060e-15
06559.46 2.139e-15
06561.15 2.161e-15
06562.85 2.057e-15
06564.55 1.928e-15
06566.25 1.895e-15
06567.95 1.933e-15
06569.64 1.983e-15
06571.34 2.004e-15
06573.04 1.961e-15
06574.74 1.894e-15
06576.44 1.878e-15
06578.13 1.909e-15
06579.83 1.951e-15
06581.53 1.971e-15
06583.23 1.933e-15
06584.93 1.853e-15
06586.62 1.781e-15
06588.32 1.756e-15
06590.02 1.813e-15
06591.72 1.930e-15
06593.41 2.019e-15
06595.11 2.044e-15
06596.81 2.047e-15
06598.51 2.047e-15
06600.21 2.011e-15
06601.90 1.947e-15
06603.60 1.932e-15
06605.30 2.002e-15
06607.00 2.081e-15
06608.70 2.111e-15
06610.39 2.090e-15
06612.09 2.027e-15
06613.79 1.959e-15
06615.49 1.918e-15
06617.19 1.895e-15
06618.88 1.877e-15
06620.58 1.882e-15
06622.28 1.923e-15
06623.98 1.988e-15
06625.67 2.064e-15
06627.37 2.071e-15
06629.07 1.923e-15
06630.77 1.755e-15
06632.47 1.768e-15
06634.16 1.918e-15
06635.86 2.061e-15
06637.56 2.134e-15
06639.26 2.114e-15
06640.96 2.031e-15
06642.65 1.953e-15
06644.35 1.898e-15
06646.05 1.835e-15
06647.75 1.782e-15
06649.45 1.808e-15
06651.14 1.914e-15
06652.84 2.025e-15
06654.54 2.093e-15
06656.24 2.117e-15
06657.93 2.098e-15
06659.63 2.040e-15
06661.33 1.964e-15
06663.03 1.923e-15
06664.73 1.944e-15
06666.42 1.985e-15
06668.12 2.011e-15
06669.82 2.023e-15
06671.52 2.026e-15
06673.22 2.045e-15
06674.91 2.096e-15
06676.61 2.145e-15
06678.31 2.156e-15
06680.01 2.138e-15
06681.70 2.112e-15
06683.40 2.055e-15
06685.10 1.941e-15
06686.80 1.836e-15
06688.50 1.832e-15
06690.19 1.902e-15
06691.89 1.982e-15
06693.59 2.048e-15
06695.29 2.095e-15
06696.99 2.124e-15
06698.68 2.150e-15
06700.38 2.162e-15
06702.08 2.131e-15
06703.78 2.065e-15
06705.48 2.000e-15
06707.17 1.953e-15
06708.87 1.924e-15
06710.57 1.913e-15
06712.27 1.927e-15
06713.96 1.963e-15
06715.66 2.008e-15
06717.36 2.044e-15
06719.06 2.038e-15
06720.76 1.985e-15
06722.45 1.931e-15
06724.15 1.911e-15
06725.85 1.901e-15
06727.55 1.890e-15
06729.25 1.915e-15
06730.94 1.997e-15
06732.64 2.061e-15
06734.34 2.037e-15
06736.04 1.969e-15
06737.74 1.910e-15
06739.43 1.873e-15
06741.13 1.865e-15
06742.83 1.878e-15
06744.53 1.901e-15
06746.22 1.937e-15
06747.92 1.994e-15
06749.62 2.044e-15
06751.32 2.047e-15
06753.02 2.030e-15
06754.71 2.053e-15
06756.41 2.104e-15
06758.11 2.126e-15
06759.81 2.100e-15
06761.51 2.031e-15
06763.20 1.941e-15
06764.90 1.861e-15
06766.60 1.819e-15
06768.30 1.836e-15
06770.00 1.896e-15
06771.69 1.936e-15
06773.39 1.922e-15
06775.09 1.874e-15
06776.79 1.810e-15
06778.48 1.738e-15
06780.18 1.672e-15
06781.88 1.625e-15
06783.58 1.612e-15
06785.28 1.665e-15
06786.97 1.791e-15
06788.67 1.917e-15
06790.37 1.973e-15
06792.07 1.977e-15
06793.77 1.954e-15
06795.46 1.906e-15
06797.16 1.838e-15
06798.86 1.775e-15
06800.56 1.747e-15
06802.26 1.758e-15
06803.95 1.806e-15
06805.65 1.855e-15
06807.35 1.855e-15
06809.05 1.817e-15
06810.74 1.780e-15
06812.44 1.748e-15
06814.14 1.711e-15
06815.84 1.666e-15
06817.54 1.604e-15
06819.23 1.552e-15
06820.93 1.561e-15
06822.63 1.627e-15
06824.33 1.691e-15
06826.03 1.722e-15
06827.72 1.722e-15
06829.42 1.707e-15
06831.12 1.719e-15
06832.82 1.769e-15
06834.52 1.813e-15
06836.21 1.823e-15
06837.91 1.818e-15
06839.61 1.807e-15
06841.31 1.755e-15
06843.00 1.654e-15
06844.70 1.592e-15
06846.40 1.631e-15
06848.10 1.693e-15
06849.80 1.703e-15
06851.49 1.681e-15
06853.19 1.662e-15
06854.89 1.640e-15
06856.59 1.609e-15
06858.29 1.609e-15
06859.98 1.680e-15
06861.68 1.763e-15
06863.38 1.777e-15
06865.08 1.731e-15
06866.78 1.669e-15
06868.47 1.645e-15
06870.17 1.727e-15
06871.87 1.857e-15
06873.57 1.905e-15
06875.26 1.854e-15
06876.96 1.766e-15
06878.66 1.686e-15
06880.36 1.661e-15
06882.06 1.690e-15
06883.75 1.723e-15
06885.45 1.741e-15
06887.15 1.777e-15
06888.85 1.827e-15
06890.55 1.826e-15
06892.24 1.757e-15
06893.94 1.693e-15
06895.64 1.678e-15
06897.34 1.696e-15
06899.04 1.725e-15
06900.73 1.734e-15
06902.43 1.704e-15
06904.13 1.675e-15
06905.83 1.682e-15
06907.52 1.726e-15
06909.22 1.796e-15
06910.92 1.853e-15
06912.62 1.859e-15
06914.32 1.843e-15
06916.01 1.843e-15
06917.71 1.849e-15
06919.41 1.841e-15
06921.11 1.830e-15
06922.81 1.837e-15
06924.50 1.825e-15
06926.20 1.729e-15
06927.90 1.614e-15
06929.60 1.616e-15
06931.30 1.700e-15
06932.99 1.728e-15
06934.69 1.680e-15
06936.39 1.622e-15
06938.09 1.571e-15
06939.78 1.503e-15
06941.48 1.439e-15
06943.18 1.455e-15
06944.88 1.551e-15
06946.58 1.622e-15
06948.27 1.620e-15
06949.97 1.608e-15
06951.67 1.620e-15
06953.37 1.648e-15
06955.07 1.682e-15
06956.76 1.704e-15
06958.46 1.703e-15
06960.16 1.707e-15
06961.86 1.734e-15
06963.56 1.767e-15
06965.25 1.787e-15
06966.95 1.814e-15
06968.65 1.862e-15
06970.35 1.900e-15
06972.04 1.896e-15
06973.74 1.846e-15
06975.44 1.756e-15
06977.14 1.672e-15
06978.84 1.652e-15
06980.53 1.674e-15
06982.23 1.682e-15
06983.93 1.689e-15
06985.63 1.737e-15
06987.33 1.791e-15
06989.02 1.783e-15
06990.72 1.721e-15
06992.42 1.661e-15
06994.12 1.633e-15
06995.82 1.647e-15
06997.51 1.682e-15
06999.21 1.684e-15
07000.91 1.645e-15
07002.61 1.626e-15
07004.30 1.647e-15
07006.00 1.667e-15
07007.70 1.669e-15
07009.40 1.677e-15
07011.10 1.705e-15
07012.79 1.754e-15
07014.49 1.817e-15
07016.19 1.856e-15
07017.89 1.847e-15
07019.59 1.837e-15
07021.28 1.858e-15
07022.98 1.832e-15
07024.68 1.699e-15
07026.38 1.571e-15
07028.07 1.563e-15
07029.77 1.624e-15
07031.47 1.678e-15
07033.17 1.684e-15
07034.87 1.614e-15
07036.56 1.531e-15
07038.26 1.528e-15
07039.96 1.573e-15
07041.66 1.590e-15
07043.36 1.579e-15
07045.05 1.579e-15
07046.75 1.590e-15
07048.45 1.600e-15
07050.15 1.606e-15
07051.85 1.617e-15
07053.54 1.625e-15
07055.24 1.612e-15
07056.94 1.584e-15
07058.64 1.585e-15
07060.33 1.617e-15
07062.03 1.620e-15
07063.73 1.587e-15
07065.43 1.595e-15
07067.13 1.666e-15
07068.82 1.727e-15
07070.52 1.727e-15
07072.22 1.668e-15
07073.92 1.575e-15
07075.62 1.547e-15
07077.31 1.646e-15
07079.01 1.766e-15
07080.71 1.810e-15
07082.41 1.787e-15
07084.11 1.723e-15
07085.80 1.700e-15
07087.50 1.791e-15
07089.20 1.890e-15
07090.90 1.863e-15
07092.59 1.759e-15
07094.29 1.670e-15
07095.99 1.617e-15
07097.69 1.594e-15
07099.39 1.602e-15
07101.08 1.645e-15
07102.78 1.671e-15
07104.48 1.605e-15
07106.18 1.493e-15
07107.88 1.453e-15
07109.57 1.516e-15
07111.27 1.642e-15
07112.97 1.785e-15
07114.67 1.889e-15
07116.37 1.919e-15
07118.06 1.861e-15
07119.76 1.740e-15
07121.46 1.637e-15
07123.16 1.598e-15
07124.85 1.600e-15
07126.55 1.619e-15
07128.25 1.621e-15
07129.95 1.594e-15
07131.65 1.605e-15
07133.34 1.690e-15
07135.04 1.752e-15
07136.74 1.721e-15
07138.44 1.659e-15
07140.14 1.632e-15
07141.83 1.648e-15
07143.53 1.704e-15
07145.23 1.758e-15
07146.93 1.767e-15
07148.63 1.727e-15
07150.32 1.646e-15
07152.02 1.578e-15
07153.72 1.589e-15
07155.42 1.640e-15
07157.11 1.659e-15
07158.81 1.636e-15
07160.51 1.581e-15
07162.21 1.538e-15
07163.91 1.571e-15
07165.60 1.653e-15
07167.30 1.698e-15
07169.00 1.678e-15
07170.70 1.616e-15
07172.40 1.553e-15
07174.09 1.560e-15
07175.79 1.635e-15
07177.49 1.675e-15
07179.19 1.646e-15
07180.89 1.628e-15
07182.58 1.649e-15
07184.28 1.633e-15
07185.98 1.554e-15
07187.68 1.509e-15
07189.37 1.554e-15
07191.07 1.635e-15
07192.77 1.694e-15
07194.47 1.693e-15
07196.17 1.612e-15
07197.86 1.518e-15
07199.56 1.481e-15
07201.26 1.521e-15
07202.96 1.638e-15
07204.66 1.753e-15
07206.35 1.779e-15
07208.05 1.746e-15
07209.75 1.717e-15
07211.45 1.704e-15
07213.15 1.706e-15
07214.84 1.732e-15
07216.54 1.788e-15
07218.24 1.834e-15
07219.94 1.805e-15
07221.63 1.719e-15
07223.33 1.641e-15
07225.03 1.588e-15
07226.73 1.529e-15
07228.43 1.497e-15
07230.12 1.587e-15
07231.82 1.760e-15
07233.52 1.823e-15
07235.22 1.725e-15
07236.92 1.609e-15
07238.61 1.558e-15
07240.31 1.565e-15
07242.01 1.612e-15
07243.71 1.649e-15
07245.41 1.643e-15
07247.10 1.623e-15
07248.80 1.615e-15
07250.50 1.625e-15
07252.20 1.655e-15
07253.89 1.668e-15
07255.59 1.633e-15
07257.29 1.572e-15
07258.99 1.513e-15
07260.69 1.447e-15
07262.38 1.365e-15
07264.08 1.318e-15
07265.78 1.364e-15
07267.48 1.433e-15
07269.18 1.430e-15
07270.87 1.412e-15
07272.57 1.490e-15
07274.27 1.605e-15
07275.97 1.632e-15
07277.67 1.591e-15
07279.36 1.577e-15
07281.06 1.587e-15
07282.76 1.557e-15
07284.46 1.486e-15
07286.15 1.418e-15
07287.85 1.385e-15
07289.55 1.412e-15
07291.25 1.487e-15
07292.95 1.554e-15
07294.64 1.582e-15
07296.34 1.588e-15
07298.04 1.577e-15
07299.74 1.539e-15
07301.44 1.483e-15
07303.13 1.475e-15
07304.83 1.536e-15
07306.53 1.558e-15
07308.23 1.475e-15
07309.93 1.395e-15
07311.62 1.407e-15
07313.32 1.476e-15
07315.02 1.557e-15
07316.72 1.577e-15
07318.41 1.481e-15
07320.11 1.380e-15
07321.81 1.400e-15
07323.51 1.473e-15
07325.21 1.487e-15
07326.90 1.465e-15
07328.60 1.464e-15
07330.30 1.469e-15
07332.00 1.441e-15
07333.70 1.411e-15
07335.39 1.433e-15
07337.09 1.487e-15
07338.79 1.516e-15
07340.49 1.491e-15
07342.19 1.393e-15
07343.88 1.279e-15
07345.58 1.273e-15
07347.28 1.373e-15
07348.98 1.440e-15
07350.67 1.424e-15
07352.37 1.385e-15
07354.07 1.362e-15
07355.77 1.371e-15
07357.47 1.417e-15
07359.16 1.476e-15
07360.86 1.527e-15
07362.56 1.574e-15
07364.26 1.607e-15
07365.96 1.572e-15
07367.65 1.446e-15
07369.35 1.339e-15
07371.05 1.339e-15
07372.75 1.395e-15
07374.44 1.450e-15
07376.14 1.499e-15
07377.84 1.539e-15
07379.54 1.556e-15
07381.24 1.538e-15
07382.93 1.503e-15
07384.63 1.477e-15
07386.33 1.470e-15
07388.03 1.487e-15
07389.73 1.505e-15
07391.42 1.482e-15
07393.12 1.454e-15
07394.82 1.493e-15
07396.52 1.561e-15
07398.22 1.555e-15
07399.91 1.471e-15
07401.61 1.370e-15
07403.31 1.305e-15
07405.01 1.328e-15
07406.70 1.421e-15
07408.40 1.480e-15
07410.10 1.469e-15
07411.80 1.455e-15
07413.50 1.465e-15
07415.19 1.476e-15
07416.89 1.475e-15
07418.59 1.472e-15
07420.29 1.470e-15
07421.99 1.439e-15
07423.68 1.372e-15
07425.38 1.328e-15
07427.08 1.347e-15
07428.78 1.390e-15
07430.48 1.416e-15
07432.17 1.444e-15
07433.87 1.494e-15
07435.57 1.514e-15
07437.27 1.455e-15
07438.96 1.370e-15
07440.66 1.326e-15
07442.36 1.344e-15
07444.06 1.428e-15
07445.76 1.516e-15
07447.45 1.520e-15
07449.15 1.473e-15
07450.85 1.456e-15
07452.55 1.475e-15
07454.25 1.494e-15
07455.94 1.499e-15
07457.64 1.485e-15
07459.34 1.462e-15
07461.04 1.447e-15
07462.74 1.453e-15
07464.43 1.484e-15
07466.13 1.522e-15
07467.83 1.525e-15
07469.53 1.468e-15
07471.22 1.345e-15
07472.92 1.194e-15
07474.62 1.147e-15
07476.32 1.252e-15
07478.02 1.362e-15
07479.71 1.376e-15
07481.41 1.339e-15
07483.11 1.293e-15
07484.81 1.244e-15
07486.51 1.202e-15
07488.20 1.178e-15
07489.90 1.181e-15
07491.60 1.199e-15
07493.30 1.224e-15
07495.00 1.265e-15
07496.69 1.335e-15
07498.39 1.420e-15
07500.09 1.503e-15
07501.79 1.537e-15
07503.48 1.468e-15
07505.18 1.357e-15
07506.88 1.303e-15
07508.58 1.300e-15
07510.28 1.289e-15
07511.97 1.270e-15
07513.67 1.277e-15
07515.37 1.311e-15
07517.07 1.359e-15
07518.77 1.398e-15
07520.46 1.392e-15
07522.16 1.339e-15
07523.86 1.261e-15
07525.56 1.200e-15
07527.26 1.228e-15
07528.95 1.342e-15
07530.65 1.410e-15
07532.35 1.368e-15
07534.05 1.292e-15
07535.74 1.243e-15
07537.44 1.247e-15
07539.14 1.308e-15
07540.84 1.350e-15
07542.54 1.322e-15
07544.23 1.290e-15
07545.93 1.311e-15
07547.63 1.354e-15
07549.33 1.381e-15
07551.03 1.355e-15
07552.72 1.247e-15
07554.42 1.153e-15
07556.12 1.186e-15
07557.82 1.277e-15
07559.52 1.312e-15
07561.21 1.309e-15
07562.91 1.322e-15
07564.61 1.340e-15
07566.31 1.331e-15
07568.00 1.307e-15
07569.70 1.300e-15
07571.40 1.305e-15
07573.10 1.299e-15
07574.80 1.277e-15
07576.49 1.251e-15
07578.19 1.227e-15
07579.89 1.207e-15
07581.59 1.201e-15
07583.29 1.234e-15
07584.98 1.293e-15
07586.68 1.309e-15
07588.38 1.262e-15
07590.08 1.227e-15
07591.78 1.234e-15
07593.47 1.225e-15
07595.17 1.167e-15
07596.87 1.085e-15
07598.57 1.015e-15
07600.26 1.042e-15
07601.96 1.208e-15
07603.66 1.335e-15
07605.36 1.274e-15
07607.06 1.200e-15
07608.75 1.284e-15
07610.45 1.443e-15
07612.15 1.561e-15
07613.85 1.561e-15
07615.55 1.380e-15
07617.24 1.194e-15
07618.94 1.237e-15
07620.64 1.385e-15
07622.34 1.392e-15
07624.04 1.285e-15
07625.73 1.203e-15
07627.43 1.186e-15
07629.13 1.224e-15
07630.83 1.297e-15
07632.52 1.375e-15
07634.22 1.432e-15
07635.92 1.452e-15
07637.62 1.442e-15
07639.32 1.437e-15
07641.01 1.450e-15
07642.71 1.472e-15
07644.41 1.480e-15
07646.11 1.417e-15
07647.81 1.283e-15
07649.50 1.198e-15
07651.20 1.231e-15
07652.90 1.346e-15
07654.60 1.491e-15
07656.30 1.566e-15
07657.99 1.505e-15
07659.69 1.393e-15
07661.39 1.311e-15
07663.09 1.272e-15
07664.78 1.278e-15
07666.48 1.302e-15
07668.18 1.316e-15
07669.88 1.322e-15
07671.58 1.327e-15
07673.27 1.330e-15
07674.97 1.328e-15
07676.67 1.318e-15
07678.37 1.297e-15
07680.07 1.269e-15
07681.76 1.236e-15
07683.46 1.212e-15
07685.16 1.215e-15
07686.86 1.245e-15
07688.56 1.290e-15
07690.25 1.326e-15
07691.95 1.321e-15
07693.65 1.281e-15
07695.35 1.246e-15
07697.04 1.242e-15
07698.74 1.277e-15
07700.44 1.336e-15
07702.14 1.361e-15
07703.84 1.335e-15
07705.53 1.310e-15
07707.23 1.312e-15
07708.93 1.317e-15
07710.63 1.308e-15
07712.33 1.301e-15
07714.02 1.304e-15
07715.72 1.311e-15
07717.42 1.314e-15
07719.12 1.305e-15
07720.81 1.276e-15
07722.51 1.248e-15
07724.21 1.236e-15
07725.91 1.222e-15
07727.61 1.186e-15
07729.30 1.142e-15
07731.00 1.110e-15
07732.70 1.112e-15
07734.40 1.166e-15
07736.10 1.237e-15
07737.79 1.269e-15
07739.49 1.269e-15
07741.19 1.268e-15
07742.89 1.251e-15
07744.59 1.180e-15
07746.28 1.100e-15
07747.98 1.106e-15
07749.68 1.200e-15
07751.38 1.308e-15
07753.07 1.380e-15
07754.77 1.385e-15
07756.47 1.321e-15
07758.17 1.228e-15
07759.87 1.119e-15
07761.56 9.634e-16
07763.26 7.743e-16
07764.96 6.465e-16
07766.66 6.391e-16
07768.36 7.434e-16
07770.05 9.258e-16
07771.75 1.093e-15
07773.45 1.175e-15
07775.15 1.207e-15
07776.85 1.227e-15
07778.54 1.248e-15
07780.24 1.278e-15
07781.94 1.267e-15
07783.64 1.171e-15
07785.33 1.112e-15
07787.03 1.215e-15
07788.73 1.383e-15
07790.43 1.484e-15
07792.13 1.484e-15
07793.82 1.379e-15
07795.52 1.266e-15
07797.22 1.282e-15
07798.92 1.375e-15
07800.62 1.406e-15
07802.31 1.372e-15
07804.01 1.340e-15
07805.71 1.312e-15
07807.41 1.248e-15
07809.11 1.175e-15
07810.80 1.179e-15
07812.50 1.258e-15
07814.20 1.321e-15
07815.90 1.331e-15
07817.59 1.309e-15
07819.29 1.281e-15
07820.99 1.287e-15
07822.69 1.335e-15
07824.39 1.364e-15
07826.08 1.343e-15
07827.78 1.312e-15
07829.48 1.303e-15
07831.18 1.321e-15
07832.88 1.360e-15
07834.57 1.386e-15
07836.27 1.369e-15
07837.97 1.312e-15
07839.67 1.229e-15
07841.37 1.163e-15
07843.06 1.152e-15
07844.76 1.183e-15
07846.46 1.227e-15
07848.16 1.257e-15
07849.85 1.246e-15
07851.55 1.216e-15
07853.25 1.205e-15
07854.95 1.219e-15
07856.65 1.252e-15
07858.34 1.282e-15
07860.04 1.275e-15
07861.74 1.244e-15
07863.44 1.232e-15
07865.14 1.234e-15
07866.83 1.203e-15
07868.53 1.152e-15
07870.23 1.137e-15
07871.93 1.172e-15
07873.63 1.216e-15
07875.32 1.243e-15
07877.02 1.247e-15
07878.72 1.221e-15
07880.42 1.159e-15
07882.11 1.077e-15
07883.81 1.046e-15
07885.51 1.102e-15
07887.21 1.190e-15
07888.91 1.261e-15
07890.60 1.303e-15
07892.30 1.306e-15
07894.00 1.275e-15
07895.70 1.221e-15
07897.40 1.185e-15
07899.09 1.201e-15
07900.79 1.246e-15
07902.49 1.291e-15
07904.19 1.304e-15
07905.89 1.262e-15
07907.58 1.204e-15
07909.28 1.182e-15
07910.98 1.224e-15
07912.68 1.352e-15
07914.37 1.452e-15
07916.07 1.352e-15
07917.77 1.138e-15
07919.47 1.033e-15
07921.17 1.049e-15
07922.86 1.065e-15
07924.56 1.060e-15
07926.26 1.094e-15
07927.96 1.152e-15
07929.66 1.150e-15
07931.35 1.085e-15
07933.05 1.048e-15
07934.75 1.076e-15
07936.45 1.129e-15
07938.15 1.179e-15
07939.84 1.216e-15
07941.54 1.231e-15
07943.24 1.237e-15
07944.94 1.242e-15
07946.63 1.247e-15
07948.33 1.250e-15
07950.03 1.237e-15
07951.73 1.201e-15
07953.43 1.162e-15
07955.12 1.141e-15
07956.82 1.160e-15
07958.52 1.232e-15
07960.22 1.287e-15
07961.92 1.248e-15
07963.61 1.166e-15
07965.31 1.118e-15
07967.01 1.109e-15
07968.71 1.124e-15
07970.41 1.146e-15
07972.10 1.156e-15
07973.80 1.161e-15
07975.50 1.184e-15
07977.20 1.208e-15
07978.89 1.197e-15
07980.59 1.155e-15
07982.29 1.112e-15
07983.99 1.087e-15
07985.69 1.093e-15
07987.38 1.118e-15
07989.08 1.121e-15
07990.78 1.085e-15
07992.48 1.020e-15
07994.18 9.537e-16
07995.87 9.336e-16
07997.57 9.787e-16
07999.27 1.051e-15
08000.97 1.109e-15
08002.67 1.109e-15
08004.36 1.033e-15
08006.06 9.613e-16
08007.76 9.561e-16
08009.46 9.883e-16
08011.15 1.024e-15
08012.85 1.036e-15
08014.55 1.005e-15
08016.25 9.528e-16
08017.95 9.073e-16
08019.64 8.846e-16
08021.34 8.960e-16
08023.04 9.233e-16
08024.74 9.404e-16
08026.44 9.447e-16
08028.13 9.402e-16
08029.83 9.362e-16
08031.53 9.449e-16
08033.23 9.589e-16
08034.92 9.606e-16
08036.62 9.518e-16
08038.32 9.449e-16
08040.02 9.466e-16
08041.72 9.607e-16
08043.41 9.816e-16
08045.11 9.941e-16
08046.81 9.950e-16
08048.51 9.952e-16
08050.21 9.973e-16
08051.90 9.946e-16
08053.60 9.794e-16
08055.30 9.376e-16
08057.00 8.756e-16
08058.70 8.477e-16
08060.39 8.778e-16
08062.09 9.070e-16
08063.79 8.925e-16
08065.49 8.479e-16
08067.18 7.940e-16
08068.88 7.767e-16
08070.58 8.295e-16
08072.28 8.983e-16
08073.98 9.264e-16
08075.67 9.255e-16
08077.37 9.177e-16
08079.07 9.112e-16
08080.77 9.121e-16
08082.47 9.263e-16
08084.16 9.578e-16
08085.86 9.791e-16
08087.56 9.532e-16
08089.26 8.923e-16
08090.96 8.293e-16
08092.65 7.850e-16
08094.35 7.751e-16
08096.05 7.867e-16
08097.75 7.855e-16
08099.44 7.654e-16
08101.14 7.418e-16
08102.84 7.248e-16
08104.54 7.215e-16
08106.24 7.239e-16
08107.93 7.033e-16
08109.63 6.525e-16
08111.33 5.933e-16
08113.03 5.546e-16
08114.73 5.829e-16
08116.42 6.869e-16
08118.12 7.889e-16
08119.82 8.305e-16
08121.52 8.129e-16
08123.22 7.505e-16
08124.91 6.929e-16
08126.61 6.818e-16
08128.31 7.003e-16
08130.01 7.259e-16
08131.70 7.482e-16
08133.40 7.578e-16
08135.10 7.699e-16
08136.80 8.017e-16
08138.50 8.160e-16
08140.19 7.693e-16
08141.89 6.908e-16
08143.59 6.285e-16
08145.29 6.159e-16
08146.99 6.793e-16
08148.68 7.796e-16
08150.38 8.461e-16
08152.08 8.588e-16
08153.78 8.276e-16
08155.48 7.719e-16
08157.17 7.217e-16
08158.87 6.861e-16
08160.57 6.512e-16
08162.27 6.232e-16
08163.96 6.289e-16
08165.66 6.695e-16
08167.36 7.191e-16
08169.06 7.457e-16
08170.76 7.022e-16
08172.45 5.866e-16
08174.15 4.855e-16
08175.85 4.608e-16
08177.55 5.103e-16
08179.25 6.160e-16
08180.94 7.271e-16
08182.64 7.932e-16
08184.34 7.745e-16
08186.04 6.561e-16
08187.74 5.222e-16
08189.43 4.575e-16
08191.13 4.542e-16
08192.83 4.879e-16
08194.53 5.534e-16
08196.22 6.431e-16
08197.92 7.141e-16
08199.62 7.203e-16
08201.32 6.835e-16
08203.02 6.484e-16
08204.71 6.272e-16
08206.41 6.205e-16
08208.11 6.171e-16
08209.81 5.975e-16
08211.51 5.668e-16
08213.20 5.443e-16
08214.90 5.406e-16
08216.60 5.616e-16
08218.30 5.908e-16
08220.00 5.893e-16
08221.69 5.506e-16
08223.39 5.071e-16
08225.09 4.794e-16
08226.79 4.723e-16
08228.48 4.868e-16
08230.18 5.154e-16
08231.88 5.465e-16
08233.58 5.591e-16
08235.28 5.458e-16
08236.97 5.406e-16
08238.67 5.644e-16
08240.37 5.888e-16
08242.07 5.894e-16
08243.77 5.642e-16
08245.46 5.185e-16
08247.16 4.867e-16
08248.86 5.001e-16
08250.56 5.463e-16
08252.26 6.034e-16
08253.95 6.397e-16
08255.65 6.261e-16
08257.35 5.735e-16
08259.05 5.045e-16
08260.74 4.672e-16
08262.44 5.174e-16
08264.14 6.034e-16
08265.84 6.260e-16
08267.54 5.807e-16
08269.23 5.135e-16
08270.93 4.548e-16
08272.63 4.290e-16
08274.33 4.339e-16
08276.03 4.417e-16
08277.72 4.407e-16
08279.42 4.354e-16
08281.12 4.312e-16
08282.82 4.361e-16
08284.52 4.532e-16
08286.21 4.762e-16
08287.91 5.009e-16
08289.61 5.258e-16
08291.31 5.510e-16
08293.00 5.855e-16
08294.70 6.270e-16
08296.40 6.333e-16
08298.10 5.823e-16
08299.80 5.291e-16
08301.49 5.223e-16
08303.19 5.567e-16
08304.89 6.190e-16
08306.59 6.882e-16
08308.29 7.418e-16
08309.98 7.699e-16
08311.68 7.682e-16
08313.38 7.439e-16
08315.08 7.079e-16
08316.78 6.753e-16
08318.47 6.615e-16
08320.17 6.502e-16
08321.87 6.132e-16
08323.57 5.537e-16
08325.26 4.878e-16
08326.96 4.379e-16
08328.66 4.304e-16
08330.36 4.569e-16
08332.06 4.823e-16
08333.75 4.911e-16
08335.45 4.841e-16
08337.15 4.696e-16
08338.85 4.659e-16
08340.55 4.787e-16
08342.24 4.949e-16
08343.94 5.059e-16
08345.64 5.117e-16
08347.34 5.075e-16
08349.04 4.749e-16
08350.73 4.143e-16
08352.43 3.756e-16
08354.13 3.902e-16
08355.83 4.272e-16
08357.52 4.585e-16
08359.22 4.871e-16
08360.92 5.159e-16
08362.62 5.376e-16
08364.32 5.477e-16
08366.01 5.661e-16
08367.71 6.109e-16
08369.41 6.582e-16
08371.11 6.783e-16
08372.81 6.525e-16
08374.50 5.690e-16
08376.20 4.715e-16
08377.90 4.203e-16
08379.60 4.339e-16
08381.29 5.112e-16
08382.99 6.128e-16
08384.69 6.785e-16
08386.39 6.881e-16
08388.09 6.479e-16
08389.78 5.815e-16
08391.48 5.299e-16
08393.18 5.025e-16
08394.88 4.725e-16
08396.58 4.460e-16
08398.27 4.693e-16
08399.97 5.474e-16
08401.67 6.319e-16
08403.37 6.830e-16
08405.07 6.705e-16
08406.76 5.973e-16
08408.46 5.431e-16
08410.16 5.587e-16
08411.86 6.067e-16
08413.55 6.523e-16
08415.25 6.796e-16
08416.95 6.801e-16
08418.65 6.888e-16
08420.35 7.346e-16
08422.04 7.772e-16
08423.74 7.761e-16
08425.44 7.484e-16
08427.14 7.199e-16
08428.84 7.106e-16
08430.53 7.373e-16
08432.23 7.812e-16
08433.93 8.121e-16
08435.63 8.247e-16
08437.33 8.229e-16
08439.02 8.087e-16
08440.72 7.847e-16
08442.42 7.577e-16
08444.12 7.372e-16
08445.81 7.229e-16
08447.51 7.067e-16
08449.21 6.935e-16
08450.91 6.982e-16
08452.61 7.256e-16
08454.30 7.726e-16
08456.00 8.225e-16
08457.70 8.404e-16
08459.40 8.151e-16
08461.10 7.729e-16
08462.79 7.337e-16
08464.49 7.034e-16
08466.19 6.871e-16
08467.89 6.842e-16
08469.59 6.938e-16
08471.28 7.219e-16
08472.98 7.674e-16
08474.68 7.989e-16
08476.38 7.941e-16
08478.07 7.824e-16
08479.77 7.933e-16
08481.47 8.198e-16
08483.17 8.506e-16
08484.87 8.681e-16
08486.56 8.555e-16
08488.26 8.395e-16
08489.96 8.544e-16
08491.66 8.902e-16
08493.36 9.243e-16
08495.05 9.306e-16
08496.75 8.848e-16
08498.45 7.990e-16
08500.15 7.002e-16
08501.85 6.469e-16
08503.54 7.167e-16
08505.24 8.781e-16
08506.94 1.021e-15
08508.64 1.083e-15
08510.33 1.040e-15
08512.03 9.294e-16
08513.73 8.699e-16
08515.43 9.009e-16
08517.13 9.481e-16
08518.82 9.682e-16
08520.52 9.665e-16
08522.22 9.497e-16
08523.92 9.350e-16
08525.62 9.337e-16
08527.31 9.362e-16
08529.01 9.312e-16
08530.71 8.955e-16
08532.41 8.211e-16
08534.11 7.709e-16
08535.80 7.957e-16
08537.50 8.528e-16
08539.20 8.935e-16
08540.90 9.132e-16
08542.59 9.141e-16
08544.29 9.061e-16
08545.99 9.021e-16
08547.69 8.992e-16
08549.39 8.883e-16
08551.08 8.854e-16
08552.78 9.154e-16
08554.48 9.382e-16
08556.18 8.869e-16
08557.88 7.976e-16
08559.57 7.565e-16
08561.27 7.943e-16
08562.97 9.093e-16
08564.67 1.049e-15
08566.37 1.120e-15
08568.06 1.090e-15
08569.76 9.779e-16
08571.46 8.493e-16
08573.16 8.241e-16
08574.85 9.386e-16
08576.55 1.105e-15
08578.25 1.243e-15
08579.95 1.285e-15
08581.65 1.213e-15
08583.34 1.140e-15
08585.04 1.139e-15
08586.74 1.158e-15
08588.44 1.151e-15
08590.14 1.113e-15
08591.83 1.045e-15
08593.53 9.909e-16
08595.23 9.893e-16
08596.93 1.038e-15
08598.63 1.123e-15
08600.32 1.198e-15
08602.02 1.217e-15
08603.72 1.187e-15
08605.42 1.131e-15
08607.11 1.075e-15
08608.81 1.049e-15
08610.51 1.045e-15
08612.21 1.039e-15
08613.91 1.024e-15
08615.60 9.985e-16
08617.30 9.853e-16
08619.00 1.023e-15
08620.70 1.096e-15
08622.40 1.153e-15
08624.09 1.184e-15
08625.79 1.209e-15
08627.49 1.242e-15
08629.19 1.301e-15
08630.89 1.360e-15
08632.58 1.336e-15
08634.28 1.219e-15
08635.98 1.117e-15
08637.68 1.091e-15
08639.37 1.107e-15
08641.07 1.133e-15
08642.77 1.132e-15
08644.47 1.087e-15
08646.17 1.056e-15
08647.86 1.078e-15
08649.56 1.109e-15
08651.26 1.108e-15
08652.96 1.090e-15
08654.66 1.075e-15
08656.35 1.076e-15
08658.05 1.106e-15
08659.75 1.150e-15
08661.45 1.186e-15
08663.15 1.207e-15
08664.84 1.206e-15
08666.54 1.182e-15
08668.24 1.137e-15
08669.94 1.081e-15
08671.63 1.022e-15
08673.33 9.760e-16
08675.03 9.540e-16
08676.73 9.734e-16
08678.43 1.055e-15
08680.12 1.165e-15
08681.82 1.230e-15
08683.52 1.232e-15
08685.22 1.204e-15
08686.92 1.171e-15
08688.61 1.145e-15
08690.31 1.134e-15
08692.01 1.131e-15
08693.71 1.135e-15
08695.41 1.158e-15
08697.10 1.196e-15
08698.80 1.210e-15
08700.50 1.180e-15
08702.20 1.146e-15
08703.89 1.133e-15
08705.59 1.130e-15
08707.29 1.125e-15
08708.99 1.119e-15
08710.69 1.114e-15
08712.38 1.119e-15
08714.08 1.140e-15
08715.78 1.157e-15
08717.48 1.152e-15
08719.18 1.133e-15
08720.87 1.114e-15
08722.57 1.114e-15
08724.27 1.151e-15
08725.97 1.197e-15
08727.66 1.212e-15
08729.36 1.192e-15
08731.06 1.154e-15
08732.76 1.110e-15
08734.46 1.070e-15
08736.15 1.050e-15
08737.85 1.068e-15
08739.55 1.119e-15
08741.25 1.174e-15
08742.95 1.213e-15
08744.64 1.223e-15
08746.34 1.202e-15
08748.04 1.166e-15
08749.74 1.132e-15
08751.44 1.120e-15
08753.13 1.138e-15
08754.83 1.182e-15
08756.53 1.225e-15
08758.23 1.180e-15
08759.92 1.017e-15
08761.62 8.780e-16
08763.32 8.681e-16
08765.02 9.438e-16
08766.72 1.051e-15
08768.41 1.138e-15
08770.11 1.162e-15
08771.81 1.149e-15
08773.51 1.133e-15
08775.21 1.125e-15
08776.90 1.127e-15
08778.60 1.129e-15
08780.30 1.114e-15
08782.00 1.089e-15
08783.70 1.070e-15
08785.39 1.058e-15
08787.09 1.049e-15
08788.79 1.038e-15
08790.49 1.017e-15
08792.18 9.923e-16
08793.88 9.788e-16
08795.58 9.826e-16
08797.28 1.007e-15
08798.98 1.035e-15
08800.67 1.035e-15
08802.37 1.005e-15
08804.07 9.885e-16
08805.77 9.918e-16
08807.47 9.747e-16
08809.16 9.268e-16
08810.86 8.845e-16
08812.56 8.675e-16
08814.26 8.665e-16
08815.96 8.680e-16
08817.65 8.456e-16
08819.35 7.859e-16
08821.05 7.170e-16
08822.75 6.666e-16
08824.44 6.508e-16
08826.14 6.779e-16
08827.84 7.194e-16
08829.54 7.470e-16
08831.24 7.782e-16
08832.93 8.327e-16
08834.63 9.054e-16
08836.33 9.868e-16
08838.03 1.035e-15
08839.73 1.003e-15
08841.42 9.425e-16
08843.12 9.329e-16
08844.82 9.703e-16
08846.52 1.018e-15
08848.22 1.047e-15
08849.91 1.030e-15
08851.61 9.911e-16
08853.31 9.973e-16
08855.01 1.039e-15
08856.70 1.047e-15
08858.40 1.015e-15
08860.10 9.899e-16
08861.80 9.877e-16
08863.50 9.936e-16
08865.19 9.966e-16
08866.89 9.832e-16
08868.59 9.621e-16
08870.29 9.909e-16
08871.99 1.083e-15
08873.68 1.150e-15
08875.38 1.142e-15
08877.08 1.103e-15
08878.78 1.073e-15
08880.48 1.049e-15
08882.17 1.028e-15
08883.87 1.018e-15
08885.57 1.024e-15
08887.27 1.039e-15
08888.96 1.057e-15
08890.66 1.065e-15
08892.36 1.051e-15
08894.06 1.035e-15
08895.76 1.040e-15
08897.45 1.045e-15
08899.15 1.015e-15
08900.85 9.840e-16
08902.55 1.007e-15
08904.25 1.055e-15
08905.94 1.062e-15
08907.64 1.009e-15
08909.34 8.959e-16
08911.04 7.787e-16
08912.74 7.559e-16
08914.43 8.188e-16
08916.13 8.663e-16
08917.83 8.692e-16
08919.53 8.705e-16
08921.22 8.899e-16
08922.92 9.266e-16
08924.62 9.704e-16
08926.32 9.906e-16
08928.02 9.743e-16
08929.71 9.437e-16
08931.41 9.155e-16
08933.11 8.888e-16
08934.81 8.677e-16
08936.51 8.728e-16
08938.20 9.123e-16
08939.90 9.523e-16
08941.60 9.630e-16
08943.30 9.439e-16
08945.00 9.018e-16
08946.69 8.605e-16
08948.39 8.439e-16
08950.09 8.570e-16
08951.79 8.978e-16
08953.48 9.318e-16
08955.18 9.195e-16
08956.88 8.809e-16
08958.58 8.523e-16
08960.28 8.530e-16
08961.97 8.973e-16
08963.67 9.470e-16
08965.37 9.364e-16
08967.07 8.843e-16
08968.77 8.583e-16
08970.46 8.763e-16
08972.16 9.254e-16
08973.86 9.684e-16
08975.56 9.390e-16
08977.26 8.467e-16
08978.95 7.919e-16
08980.65 8.006e-16
08982.35 7.951e-16
08984.05 7.493e-16
08985.74 7.214e-16
08987.44 7.406e-16
08989.14 7.789e-16
08990.84 8.234e-16
08992.54 9.083e-16
08994.23 1.037e-15
08995.93 1.110e-15
08997.63 1.059e-15
08999.33 9.517e-16
09001.03 8.618e-16
09002.72 8.400e-16
09004.42 9.182e-16
09006.12 1.013e-15
09007.82 1.032e-15
09009.52 9.836e-16
09011.21 8.986e-16
09012.91 8.221e-16
09014.61 8.025e-16
09016.31 8.170e-16
09018.00 8.175e-16
09019.70 7.986e-16
09021.40 7.710e-16
09023.10 7.491e-16
09024.80 7.512e-16
09026.49 7.726e-16
09028.19 7.916e-16
09029.89 8.043e-16
09031.59 8.197e-16
09033.29 8.365e-16
09034.98 8.464e-16
09036.68 8.396e-16
09038.38 8.000e-16
09040.08 7.432e-16
09041.77 7.350e-16
09043.47 7.949e-16
09045.17 8.606e-16
09046.87 8.869e-16
09048.57 8.635e-16
09050.26 7.986e-16
09051.96 7.558e-16
09053.66 7.788e-16
09055.36 8.274e-16
09057.06 8.631e-16
09058.75 8.925e-16
09060.45 9.201e-16
09062.15 9.058e-16
09063.85 8.195e-16
09065.55 7.314e-16
09067.24 7.208e-16
09068.94 7.605e-16
09070.64 7.990e-16
09072.34 8.517e-16
09074.03 9.479e-16
09075.73 1.030e-15
09077.43 1.015e-15
09079.13 9.059e-16
09080.83 7.427e-16
09082.52 5.930e-16
09084.22 5.410e-16
09085.92 5.870e-16
09087.62 6.708e-16
09089.32 7.505e-16
09091.01 7.972e-16
09092.71 8.101e-16
09094.41 8.231e-16
09096.11 8.475e-16
09097.81 8.604e-16
09099.50 8.600e-16
09101.20 8.792e-16
09102.90 9.234e-16
09104.60 9.461e-16
09106.29 9.227e-16
09107.99 8.805e-16
09109.69 8.431e-16
09111.39 8.168e-16
09113.09 8.065e-16
09114.78 8.145e-16
09116.48 8.374e-16
09118.18 8.464e-16
09119.88 8.188e-16
09121.58 7.860e-16
09123.27 7.824e-16
09124.97 8.118e-16
09126.67 8.701e-16
09128.37 9.154e-16
09130.07 8.996e-16
09131.76 8.554e-16
09133.46 8.402e-16
09135.16 8.542e-16
09136.86 8.754e-16
09138.55 8.981e-16
09140.25 9.218e-16
09141.95 9.384e-16
09143.65 9.359e-16
09145.35 9.136e-16
09147.04 8.802e-16
09148.74 8.387e-16
09150.44 7.852e-16
09152.14 7.342e-16
09153.84 7.193e-16
09155.53 7.499e-16
09157.23 8.022e-16
09158.93 8.538e-16
09160.63 8.855e-16
09162.33 8.844e-16
09164.02 8.493e-16
09165.72 7.895e-16
09167.42 7.313e-16
09169.12 7.000e-16
09170.81 7.171e-16
09172.51 7.884e-16
09174.21 8.625e-16
09175.91 8.932e-16
09177.61 8.951e-16
09179.30 8.889e-16
09181.00 8.917e-16
09182.70 9.179e-16
09184.40 9.250e-16
09186.10 8.647e-16
09187.79 7.863e-16
09189.49 7.615e-16
09191.19 7.905e-16
09192.89 8.474e-16
09194.59 9.164e-16
09196.28 9.851e-16
09197.98 1.026e-15
09199.68 1.008e-15
09201.38 9.425e-16
09203.07 8.739e-16
09204.77 8.279e-16
09206.47 8.170e-16
09208.17 8.360e-16
09209.87 8.596e-16
09211.56 8.748e-16
09213.26 8.891e-16
09214.96 8.966e-16
09216.66 8.694e-16
09218.36 8.122e-16
09220.05 7.931e-16
09221.75 8.395e-16
09223.45 8.855e-16
09225.15 8.853e-16
09226.85 8.528e-16
09228.54 8.058e-16
09230.24 7.741e-16
09231.94 7.794e-16
09233.64 7.876e-16
09235.33 7.685e-16
09237.03 7.683e-16
09238.73 8.299e-16
09240.43 8.922e-16
09242.13 8.838e-16
09243.82 8.370e-16
09245.52 8.062e-16
09247.22 7.620e-16
09248.92 6.553e-16
09250.62 5.432e-16
09252.31 5.175e-16
09254.01 5.693e-16
09255.71 6.449e-16
09257.41 7.115e-16
09259.11 7.432e-16
09260.80 7.559e-16
09262.50 7.998e-16
09264.20 8.717e-16
09265.90 9.215e-16
09267.59 9.346e-16
09269.29 9.323e-16
09270.99 9.244e-16
09272.69 9.106e-16
09274.39 8.856e-16
09276.08 8.262e-16
09277.78 7.443e-16
09279.48 7.258e-16
09281.18 8.103e-16
09282.88 9.303e-16
09284.57 1.020e-15
09286.27 1.022e-15
09287.97 9.131e-16
09289.67 8.172e-16
09291.37 8.362e-16
09293.06 8.742e-16
09294.76 8.337e-16
09296.46 7.468e-16
09298.16 6.616e-16
09299.85 5.829e-16
09301.55 5.089e-16
09303.25 5.152e-16
09304.95 6.875e-16
09306.65 8.686e-16
09308.34 8.298e-16
09310.04 6.906e-16
09311.74 7.041e-16
09313.44 8.752e-16
09315.14 1.094e-15
09316.83 1.259e-15
09318.53 1.268e-15
09320.23 1.128e-15
09321.93 9.389e-16
09323.63 7.820e-16
09325.32 7.170e-16
09327.02 7.708e-16
09328.72 9.332e-16
09330.42 1.136e-15
09332.11 1.227e-15
09333.81 1.153e-15
09335.51 1.034e-15
09337.21 9.542e-16
09338.91 9.052e-16
09340.60 8.832e-16
09342.30 8.854e-16
09344.00 9.038e-16
09345.70 9.381e-16
09347.40 9.815e-16
09349.09 9.897e-16
09350.79 9.333e-16
09352.49 8.785e-16
09354.19 8.903e-16
09355.89 9.394e-16
09357.58 9.821e-16
09359.28 9.981e-16
09360.98 9.723e-16
09362.68 9.081e-16
09364.37 8.202e-16
09366.07 7.088e-16
09367.77 5.689e-16
09369.47 4.650e-16
09371.17 4.891e-16
09372.86 6.118e-16
09374.56 7.375e-16
09376.26 8.275e-16
09377.96 8.807e-16
09379.66 8.999e-16
09381.35 8.943e-16
09383.05 8.834e-16
09384.75 8.966e-16
09386.45 9.293e-16
09388.14 9.322e-16
09389.84 8.920e-16
09391.54 8.533e-16
09393.24 8.369e-16
09394.94 8.148e-16
09396.63 7.836e-16
09398.33 7.933e-16
09400.03 8.736e-16
09401.73 1.022e-15
09403.43 1.201e-15
09405.12 1.233e-15
09406.82 1.005e-15
09408.52 7.515e-16
09410.22 6.953e-16
09411.92 7.855e-16
09413.61 9.319e-16
09415.31 1.060e-15
09417.01 1.101e-15
09418.71 1.049e-15
09420.40 9.218e-16
09422.10 8.361e-16
09423.80 9.319e-16
09425.50 1.129e-15
09427.20 1.267e-15
09428.89 1.280e-15
09430.59 1.150e-15
09432.29 9.463e-16
09433.99 7.905e-16
09435.69 7.595e-16
09437.38 9.049e-16
09439.08 1.130e-15
09440.78 1.200e-15
09442.48 1.079e-15
09444.18 9.527e-16
09445.87 9.135e-16
09447.57 9.379e-16
09449.27 9.870e-16
09450.97 9.752e-16
09452.66 8.762e-16
09454.36 7.934e-16
09456.06 8.007e-16
09457.76 9.034e-16
09459.46 1.074e-15
09461.15 1.188e-15
09462.85 1.154e-15
09464.55 1.018e-15
09466.25 8.512e-16
09467.95 7.892e-16
09469.64 9.352e-16
09471.34 1.110e-15
09473.04 1.116e-15
09474.74 1.014e-15
09476.44 9.117e-16
09478.13 8.516e-16
09479.83 8.556e-16
09481.53 9.255e-16
09483.23 1.053e-15
09484.92 1.130e-15
09486.62 1.008e-15
09488.32 7.694e-16
09490.02 6.127e-16
09491.72 5.749e-16
09493.41 5.919e-16
09495.11 6.309e-16
09496.81 6.763e-16
09498.51 7.143e-16
09500.21 7.357e-16
09501.90 7.606e-16
09503.60 8.467e-16
09505.30 9.891e-16
09507.00 1.095e-15
09508.70 1.103e-15
09510.39 9.874e-16
09512.09 7.824e-16
09513.79 6.485e-16
09515.49 6.822e-16
09517.18 7.980e-16
09518.88 9.093e-16
09520.58 9.579e-16
09522.28 9.056e-16
09523.98 7.977e-16
09525.67 6.908e-16
09527.37 6.327e-16
09529.07 6.598e-16
09530.77 7.257e-16
09532.47 7.710e-16
09534.16 8.094e-16
09535.86 8.666e-16
09537.56 9.268e-16
09539.26 9.676e-16
09540.96 9.698e-16
09542.65 9.140e-16
09544.35 8.494e-16
09546.05 8.582e-16
09547.75 9.059e-16
09549.44 8.914e-16
09551.14 8.285e-16
09552.84 8.058e-16
09554.54 8.427e-16
09556.24 9.096e-16
09557.93 9.627e-16
09559.63 9.350e-16
09561.33 8.370e-16
09563.03 7.772e-16
09564.73 8.184e-16
09566.42 9.654e-16
09568.12 1.161e-15
09569.82 1.216e-15
09571.52 1.051e-15
09573.22 8.644e-16
09574.91 7.962e-16
09576.61 7.719e-16
09578.31 7.309e-16
09580.01 6.763e-16
09581.70 6.169e-16
09583.40 6.088e-16
09585.10 6.948e-16
09586.80 8.175e-16
09588.50 9.102e-16
09590.19 9.196e-16
09591.89 8.060e-16
09593.59 7.006e-16
09595.29 7.650e-16
09596.99 9.080e-16
09598.68 9.676e-16
09600.38 9.162e-16
09602.08 7.739e-16
09603.78 6.292e-16
09605.48 6.075e-16
09607.17 7.050e-16
09608.87 8.382e-16
09610.57 9.479e-16
09612.27 9.926e-16
09613.96 9.581e-16
09615.66 8.572e-16
09617.36 7.389e-16
09619.06 6.920e-16
09620.76 7.388e-16
09622.45 8.181e-16
09624.15 8.569e-16
09625.85 7.450e-16
09627.55 4.893e-16
09629.25 3.549e-16
09630.94 4.865e-16
09632.64 7.124e-16
09634.34 8.822e-16
09636.04 9.366e-16
09637.74 8.547e-16
09639.43 7.809e-16
09641.13 8.399e-16
09642.83 9.431e-16
09644.53 9.907e-16
09646.22 9.730e-16
09647.92 8.944e-16
09649.62 8.262e-16
09651.32 8.485e-16
09653.02 8.697e-16
09654.71 7.615e-16
09656.41 5.982e-16
09658.11 5.152e-16
09659.81 5.396e-16
09661.51 6.537e-16
09663.20 8.053e-16
09664.90 9.198e-16
09666.60 9.664e-16
09668.30 9.457e-16
09670.00 8.826e-16
09671.69 8.230e-16
09673.39 7.949e-16
09675.09 8.050e-16
09676.79 8.505e-16
09678.48 9.170e-16
09680.18 9.778e-16
09681.88 9.931e-16
09683.58 9.383e-16
09685.28 8.045e-16
09686.97 6.277e-16
09688.67 5.530e-16
09690.37 6.477e-16
09692.07 7.459e-16
09693.77 7.303e-16
09695.46 6.975e-16
09697.16 7.301e-16
09698.86 8.120e-16
09700.56 9.154e-16
09702.26 9.716e-16
09703.95 9.201e-16
09705.65 8.010e-16
09707.35 6.737e-16
09709.05 5.973e-16
09710.74 6.239e-16
09712.44 7.094e-16
09714.14 7.804e-16
09715.84 8.180e-16
09717.54 8.217e-16
09719.23 8.247e-16
09720.93 8.772e-16
09722.63 9.687e-16
09724.33 1.056e-15
09726.03 1.102e-15
09727.72 1.070e-15
09729.42 9.776e-16
09731.12 8.943e-16
09732.82 8.420e-16
09734.51 7.891e-16
09736.21 7.362e-16
09737.91 7.244e-16
09739.61 7.610e-16
09741.31 8.024e-16
09743.00 8.261e-16
09744.70 8.522e-16
09746.40 8.880e-16
09748.10 9.106e-16
09749.80 9.040e-16
09751.49 8.618e-16
09753.19 7.896e-16
09754.89 7.398e-16
09756.59 7.511e-16
09758.29 7.708e-16
09759.98 7.479e-16
09761.68 7.215e-16
09763.38 7.344e-16
09765.08 7.646e-16
09766.77 7.819e-16
09768.47 7.559e-16
09770.17 6.593e-16
09771.87 5.502e-16
09773.57 5.127e-16
09775.26 5.216e-16
09776.96 5.090e-16
09778.66 4.749e-16
09780.36 4.486e-16
09782.06 4.470e-16
09783.75 4.839e-16
09785.45 5.456e-16
09787.15 5.937e-16
09788.85 6.274e-16
09790.55 6.848e-16
09792.24 7.571e-16
09793.94 7.766e-16
09795.64 7.445e-16
09797.34 7.643e-16
09799.03 8.531e-16
09800.73 8.791e-16
09802.43 7.815e-16
09804.13 6.370e-16
09805.83 5.224e-16
09807.52 5.336e-16
09809.22 7.007e-16
09810.92 8.224e-16
09812.62 7.463e-16
09814.32 5.848e-16
09816.01 4.584e-16
09817.71 4.055e-16
09819.41 4.475e-16
09821.11 5.237e-16
09822.81 5.626e-16
09824.50 5.832e-16
09826.20 6.197e-16
09827.90 6.715e-16
09829.60 7.322e-16
09831.29 7.578e-16
09832.99 6.935e-16
09834.69 5.864e-16
09836.39 5.237e-16
09838.09 5.356e-16
09839.78 6.247e-16
09841.48 7.295e-16
09843.18 7.410e-16
09844.88 6.589e-16
09846.58 5.730e-16
09848.27 5.215e-16
09849.97 4.922e-16
09851.67 4.813e-16
09853.37 4.884e-16
09855.07 5.080e-16
09856.76 5.344e-16
09858.46 5.527e-16
09860.16 5.330e-16
09861.86 4.567e-16
09863.55 3.173e-16
09865.25 1.421e-16
09866.95 5.496e-17
09868.65 1.340e-16
09870.35 2.914e-16
09872.04 4.348e-16
09873.74 5.137e-16
09875.44 4.961e-16
09877.14 4.499e-16
09878.84 4.503e-16
09880.53 4.602e-16
09882.23 4.292e-16
09883.93 4.025e-16
09885.63 4.386e-16
09887.33 4.996e-16
09889.02 5.236e-16
09890.72 4.941e-16
09892.42 4.111e-16
09894.12 3.127e-16
09895.81 2.591e-16
09897.51 2.451e-16
09899.21 2.234e-16
09900.91 2.101e-16
09902.61 2.692e-16
09904.30 3.744e-16
09906.00 4.201e-16
09907.70 4.003e-16
09909.40 4.133e-16
09911.10 4.966e-16
09912.79 6.188e-16
09914.49 7.291e-16
09916.19 7.349e-16
09917.89 6.083e-16
09919.59 4.487e-16
09921.28 3.401e-16
09922.98 3.348e-16
09924.68 4.312e-16
09926.38 4.526e-16
09928.07 2.773e-16
09929.77 1.314e-17
09931.47 -2.107e-16
09933.17 -2.172e-16
09934.87 1.149e-16
09936.56 5.213e-16
09938.26 7.083e-16
09939.96 6.975e-16
09941.66 5.768e-16
09943.36 4.359e-16
09945.05 3.711e-16
09946.75 3.571e-16
09948.45 3.259e-16
09950.15 2.733e-16
09951.85 2.143e-16
09953.54 1.847e-16
09955.24 2.380e-16
09956.94 3.262e-16
09958.64 3.310e-16
09960.33 2.821e-16
09962.03 3.255e-16
09963.73 4.547e-16
09965.43 5.286e-16
09967.13 4.876e-16
09968.82 3.456e-16
09970.52 1.877e-16
09972.22 2.270e-16
09973.92 4.843e-16
09975.62 6.257e-16
09977.31 4.867e-16
09979.01 2.684e-16
09980.71 1.310e-16
09982.41 1.275e-16
09984.11 2.713e-16
09985.80 4.067e-16
09987.50 4.228e-16
09989.20 5.197e-16
09990.90 8.495e-16
09992.59 1.171e-15
09994.29 1.238e-15
09995.99 1.045e-15
09997.69 6.462e-16
09999.39 2.610e-16
10001.08 1.334e-16
10002.78 2.118e-16
10004.48 3.506e-16
10006.18 5.072e-16
10007.88 6.720e-16
10009.57 7.565e-16
10011.27 6.454e-16
10012.97 4.305e-16
10014.67 3.203e-16
10016.37 3.233e-16
10018.06 3.119e-16
10019.76 2.751e-16
10021.46 2.885e-16
10023.16 3.604e-16
10024.85 4.476e-16
10026.55 4.897e-16
10028.25 3.906e-16
10029.95 1.691e-16
10031.65 2.599e-17
10033.34 6.092e-17
10035.04 1.841e-16
10036.74 3.127e-16
10038.44 3.728e-16
10040.14 3.326e-16
10041.83 3.090e-16
10043.53 3.816e-16
10045.23 4.455e-16
10046.93 4.172e-16
10048.63 3.596e-16
10050.32 3.378e-16
10052.02 3.883e-16
10053.72 5.305e-16
10055.42 6.155e-16
10057.11 4.850e-16
10058.81 3.047e-16
10060.51 3.050e-16
10062.21 3.759e-16
10063.91 3.162e-16
10065.60 1.855e-16
10067.30 1.285e-16
10069.00 1.949e-16
10070.70 4.024e-16
10072.40 6.386e-16
10074.09 6.986e-16
10075.79 6.388e-16
10077.49 7.163e-16
10079.19 9.120e-16
10080.88 9.662e-16
10082.58 8.159e-16
10084.28 6.013e-16
10085.98 4.139e-16
10087.68 2.916e-16
10089.37 2.572e-16
10091.07 2.958e-16
10092.77 3.781e-16
10094.47 4.700e-16
10096.17 5.207e-16
10097.86 4.273e-16
10099.56 1.580e-16
10101.26 -1.080e-16
10102.96 -2.212e-16
10104.66 -2.076e-16
10106.35 -1.105e-16
10108.05 4.226e-17
10109.75 2.140e-16
10111.45 3.673e-16
10113.14 4.706e-16
10114.84 5.032e-16
10116.54 4.559e-16
10118.24 3.718e-16
10119.94 3.065e-16
10121.63 2.789e-16
10123.33 2.918e-16
10125.03 3.284e-16
10126.73 3.633e-16
10128.43 3.691e-16
10130.12 3.167e-16
10131.82 2.397e-16
10133.52 2.121e-16
10135.22 2.402e-16
10136.92 2.792e-16
10138.61 2.967e-16
10140.31 2.689e-16
10142.01 2.018e-16
10143.71 1.397e-16
10145.40 1.069e-16
10147.10 1.022e-16
10148.80 1.090e-16
10150.50 6.728e-17
10152.20 -1.784e-17
10153.89 2.310e-17
10155.59 2.601e-16
10157.29 4.947e-16
10158.99 5.644e-16
10160.69 4.367e-16
10162.38 1.328e-16
10164.08 -1.329e-16
10165.78 -1.721e-16
10167.48 -6.616e-17
10169.18 6.741e-17
10170.87 1.540e-16
10172.57 1.314e-16
10174.27 3.153e-17
10175.97 -8.327e-17
10177.66 -1.883e-16
10179.36 -2.710e-16
10181.06 -2.659e-16
10182.76 -9.428e-17
10184.46 1.513e-16
10186.15 3.011e-16
10187.85 3.634e-16
10189.55 4.341e-16
10191.25 5.689e-16
10192.95 8.234e-16
10194.64 1.039e-15
10196.34 8.585e-16
10198.04 3.392e-16
10199.74 -3.675e-17
10201.44 -4.595e-17
10203.13 2.178e-16
10204.83 6.189e-16
10206.53 9.475e-16
10208.23 1.042e-15
10209.92 8.434e-16
10211.62 4.134e-16
10213.32 1.046e-16
10215.02 1.295e-16
10216.72 2.297e-16
10218.41 1.970e-16
10220.11 8.798e-17
10221.81 -2.369e-17
10223.51 5.120e-17
10225.21 4.409e-16
10226.90 6.879e-16
10228.60 3.505e-16
10230.30 -1.400e-16
10232.00 -2.403e-16
10233.70 -3.821e-17
10235.39 2.375e-16
10237.09 4.227e-16
10238.79 3.596e-16
10240.49 1.975e-16
10242.18 2.184e-16
10243.88 3.542e-16
10245.58 3.702e-16
10247.28 2.671e-16
10248.98 1.773e-16
10250.67 1.382e-16
10252.37 1.262e-16
10254.07 1.396e-16
10255.77 1.876e-16
10257.47 2.629e-16
10259.16 3.471e-16
10260.86 4.142e-16
10262.56 4.214e-16
10264.26 3.717e-16
10265.96 3.606e-16
10267.65 3.998e-16
10269.35 3.034e-16
10271.05 3.906e-18
10272.75 -2.533e-16
10274.44 -2.991e-16
10276.14 -2.235e-16
10277.84 -1.242e-16
10279.54 -1.256e-16
10281.24 -2.980e-16
10282.93 -2.823e-16
10284.63 2.229e-16
10286.33 6.964e-16
10288.03 5.796e-16
10289.73 1.251e-16
10291.42 -2.657e-16
10293.12 -4.143e-16
10294.82 -2.092e-16
10296.52 1.591e-16
10298.22 3.952e-16
10299.91 3.778e-16
10301.61 5.423e-17
10303.31 -3.139e-16
10305.01 -2.893e-16
10306.70 7.578e-17
10308.40 4.160e-16
10310.10 5.540e-16
10311.80 4.372e-16
10313.50 1.810e-16
10315.19 9.739e-17
10316.89 2.443e-16
10318.59 3.476e-16
10320.29 3.182e-16
10321.99 3.512e-16
10323.68 4.839e-16
10325.38 4.691e-16
10327.08 2.238e-16
10328.78 1.934e-17
10330.48 4.006e-17
10332.17 2.338e-16
10333.87 5.186e-16
10335.57 7.300e-16
10337.27 7.421e-16
10338.96 6.854e-16
10340.66 6.850e-16
10342.36 6.009e-16
10344.06 3.059e-16
10345.76 3.933e-18
10347.45 -7.332e-17
10349.15 4.557e-18
10350.85 9.873e-17
10352.55 2.292e-16
10354.25 4.491e-16
10355.94 6.391e-16
10357.64 6.362e-16
10359.34 4.393e-16
10361.04 1.163e-16
10362.74 -1.585e-16
10364.43 -1.497e-16
10366.13 1.160e-16
10367.83 4.266e-16
10369.53 6.469e-16
10371.22 6.967e-16
10372.92 6.098e-16
10374.62 5.664e-16
10376.32 5.992e-16
10378.02 5.236e-16
10379.71 3.279e-16
10381.41 2.795e-16
10383.11 4.747e-16
10384.81 6.930e-16
10386.51 7.684e-16
10388.20 6.606e-16
10389.90 3.757e-16
10391.60 2.905e-17
10393.30 -2.473e-16
10394.99 -2.680e-16
10396.69 6.131e-17
10398.39 3.707e-16
10400.09 3.191e-16
10401.79 1.332e-16
10403.48 9.048e-17
10405.18 1.712e-16
10406.88 3.088e-16
10408.58 4.027e-16
10410.28 3.373e-16
10411.97 2.579e-16
10413.67 3.964e-16
10415.37 5.590e-16
10417.07 3.847e-16
10418.77 3.275e-17
10420.46 -8.218e-17
10422.16 2.487e-17
10423.86 8.481e-17
10425.56 5.695e-17
10427.25 5.472e-17
10428.95 1.128e-16
10430.65 2.067e-16
10432.35 3.191e-16
10434.05 4.397e-16
10435.74 5.225e-16
10437.44 4.625e-16
10439.14 2.662e-16
10440.84 1.444e-16
10442.54 1.838e-16
10444.23 1.868e-16
10445.93 5.376e-17
10447.63 -3.563e-17
10449.33 2.931e-17
10451.03 1.163e-16
10452.72 1.210e-16
10454.42 7.985e-17
10456.12 4.094e-17
10457.82 1.254e-16
10459.51 4.210e-16
10461.21 6.395e-16
10462.91 4.823e-16
10464.61 1.983e-16
10466.31 1.251e-16
10468.00 2.151e-16
10469.70 3.304e-16
10471.40 3.364e-16
10473.10 9.033e-17
10474.80 -2.106e-16
10476.49 -2.164e-16
10478.19 8.421e-18
10479.89 1.771e-16
10481.59 2.365e-16
10483.29 2.709e-16
10484.98 3.220e-16
10486.68 4.174e-16
10488.38 5.067e-16
10490.08 4.530e-16
10491.77 2.249e-16
10493.47 -8.046e-17
10495.17 -3.745e-16
10496.87 -5.880e-16
10498.57 -6.568e-16
10500.26 -5.272e-16
10501.96 -2.113e-16
10503.66 1.601e-16
10505.36 4.586e-16
10507.06 5.614e-16
10508.75 4.182e-16
10510.45 3.479e-16
10512.15 2.521e-16
10513.85 2.336e-16
10515.55 2.498e-16
10517.24 2.405e-16
10518.94 -8.753e-17
10520.64 2.498e-16
10522.34 2.382e-16
10524.03 2.452e-16
10525.73 8.699e-17
10527.43 2.452e-16
10529.13 2.289e-16
10530.83 3.173e-16
10532.52 -5.763e-16
10534.22 2.289e-16
10535.92 2.289e-16
10537.62 2.266e-16
10539.32 2.538e-16
10541.01 2.143e-16
10542.71 4.569e-16
10544.41 2.433e-16
10546.11 2.219e-16
10547.81 4.239e-16
10549.50 1.038e-16
10551.20 -5.172e-16
10552.90 -8.320e-16
10554.60 -5.706e-16
10556.29 2.517e-17
10557.99 6.696e-16
10559.69 9.351e-16
10561.39 6.739e-16
10563.09 5.377e-16
10564.78 9.070e-16
10566.48 1.158e-15
10568.18 8.496e-16
10569.88 4.221e-16
10571.58 2.702e-16
10573.27 2.544e-16
10574.97 2.128e-16
10576.67 1.502e-16
10578.37 8.319e-17
10580.07 5.362e-17
10581.76 1.063e-16
10583.46 1.854e-16
10585.16 2.096e-16
10586.86 2.013e-16
10588.55 2.214e-16
10590.25 1.983e-16
10591.95 9.273e-18
10593.65 -2.255e-16
10595.35 -2.735e-16
10597.04 -1.168e-16
10598.74 1.433e-16
10600.44 3.467e-16
10602.14 2.740e-16
10603.84 -2.166e-17
10605.53 -2.234e-16
10607.23 -1.963e-16
10608.93 -1.131e-17
10610.63 2.330e-16
10612.33 3.828e-16
10614.02 3.602e-16
10615.72 2.333e-16
10617.42 8.018e-17
10619.12 7.387e-18
10620.81 5.131e-17
10622.51 8.568e-18
10624.21 -2.207e-16
10625.91 -3.100e-16
10627.61 -3.531e-17
10629.30 2.820e-16
10631.00 3.489e-16
10632.70 2.922e-16
10634.40 2.665e-16
10636.10 3.024e-16
10637.79 4.119e-16
10639.49 4.488e-16
10641.19 2.471e-16
10642.89 -4.211e-18
10644.59 -3.140e-17
10646.28 9.181e-17
10647.98 1.831e-16
10649.68 1.569e-16
10651.38 -4.281e-17
10653.07 -2.369e-16
10654.77 -1.195e-16
10656.47 3.146e-16
10658.17 8.760e-16
10659.87 1.342e-15
10661.56 1.452e-15
10663.26 1.189e-15
10664.96 7.946e-16
10666.66 4.434e-16
10668.36 2.300e-16
10670.05 1.725e-16
10671.75 1.464e-16
10673.45 8.589e-17
10675.15 6.837e-17
10676.85 1.144e-16
10678.54 9.190e-17
10680.24 -3.802e-17
10681.94 1.182e-17
10683.64 3.778e-16
10685.33 5.591e-16
10687.03 1.813e-16
10688.73 -4.189e-16
10690.43 -8.607e-16
10692.13 -8.576e-16
10693.82 -2.205e-16
10695.52 5.713e-16
10697.22 9.438e-16
10698.92 9.291e-16
10700.62 7.159e-16
10702.31 3.709e-16
10704.01 -4.393e-17
10705.71 -4.366e-16
10707.41 -7.275e-16
10709.11 -8.099e-16
10710.80 -5.600e-16
10712.50 -1.814e-16
10714.20 -8.027e-17
10715.90 -2.103e-16
10717.59 -1.948e-16
10719.29 5.693e-17
10720.99 3.895e-16
10722.69 7.181e-16
10724.39 1.024e-15
10726.08 1.244e-15
10727.78 1.258e-15
10729.48 1.070e-15
10731.18 8.820e-16
10732.88 7.965e-16
10734.57 7.015e-16
10736.27 5.314e-16
10737.97 3.451e-16
10739.67 1.818e-16
10741.36 1.101e-17
10743.06 -1.736e-16
10744.76 -2.625e-16
10746.46 -1.777e-16
10748.16 -2.911e-17
10749.85 6.531e-17
10751.55 1.328e-16
10753.25 2.141e-16
10754.95 2.074e-16
10756.65 1.098e-17
10758.34 -2.507e-16
10760.04 -4.103e-16
10761.74 -3.562e-16
10763.44 2.496e-18
10765.14 3.842e-16
10766.83 3.470e-16
10768.53 1.619e-17
10770.23 -1.837e-16
10771.93 -2.061e-16
10773.62 -2.302e-16
10775.32 -2.944e-16
10777.02 -3.593e-16
10778.72 -3.604e-16
10780.42 -1.803e-16
10782.11 1.062e-16
10783.81 1.833e-16
10785.51 -2.737e-17
10787.21 -2.642e-16
10788.91 -3.478e-16
10790.60 -2.364e-16
10792.30 6.096e-17
10794.00 4.223e-16
10795.70 7.196e-16
10797.40 8.442e-16
10799.09 7.370e-16
10800.79 4.806e-16
10802.49 1.768e-16
10804.19 -6.102e-17
10805.88 -1.485e-16
10807.58 -2.125e-16
10809.28 -3.792e-16
10810.98 -4.992e-16
10812.68 -4.071e-16
10814.37 -1.287e-16
10816.07 2.653e-16
10817.77 5.612e-16
10819.47 5.207e-16
10821.17 3.003e-16
10822.86 1.922e-16
10824.56 3.106e-16
10826.26 6.927e-16
10827.96 1.147e-15
10829.66 1.350e-15
10831.35 1.228e-15
10833.05 8.756e-16
10834.75 4.509e-16
10836.45 1.748e-16
10838.14 9.056e-17
10839.84 3.661e-17
10841.54 -4.606e-17
10843.24 -8.688e-17
10844.94 -6.049e-17
10846.63 1.604e-17
10848.33 9.258e-17
10850.03 3.092e-17
10851.73 -2.074e-16
10853.43 -4.128e-16
10855.12 -4.503e-16
10856.82 -4.248e-16
10858.52 -4.329e-16
10860.22 -5.574e-16
10861.92 -8.189e-16
10863.61 -8.452e-16
10865.31 -3.408e-16
10867.01 2.486e-16
10868.71 4.376e-16
10870.40 3.096e-16
10872.10 5.625e-17
10873.80 -1.690e-16
10875.50 -2.201e-16
10877.20 -1.159e-16
10878.89 6.282e-17
10880.59 1.920e-16
10882.29 1.334e-16
10883.99 -5.807e-17
10885.69 -2.337e-16
10887.38 -2.947e-16
10889.08 -1.686e-16
10890.78 6.422e-17
10892.48 2.124e-16
10894.18 1.809e-16
10895.87 -5.357e-17
10897.57 -3.524e-16
10899.27 -3.738e-16
10900.97 -7.728e-17
10902.66 1.625e-16
10904.36 1.205e-16
10906.06 -2.210e-16
10907.76 -7.117e-16
10909.46 -7.964e-16
10911.15 -2.240e-16
10912.85 4.404e-16
10914.55 7.419e-16
10916.25 6.689e-16
10917.95 2.879e-16
10919.64 -1.134e-16
10921.34 -2.623e-16
10923.04 -2.001e-16
10924.74 -1.750e-17
10926.44 3.438e-16
10928.13 9.168e-16
10929.83 1.231e-15
10931.53 7.904e-16
10933.23 6.861e-17
10934.92 -2.287e-16
10936.62 -1.169e-16
10938.32 1.593e-16
10940.02 3.362e-16
10941.72 1.190e-16
10943.41 -3.166e-16
10945.11 -5.331e-16
10946.81 -4.446e-16
10948.51 -1.939e-16
10950.21 1.302e-16
10951.90 4.668e-16
10953.60 7.253e-16
10955.30 8.081e-16
10957.00 6.862e-16
10958.70 3.997e-16
10960.39 6.338e-17
10962.09 -1.345e-16
10963.79 -7.158e-17
10965.49 3.324e-16
10967.18 7.525e-16
10968.88 7.346e-16
10970.58 7.166e-16
10972.28 6.986e-16
10973.98 6.806e-16
10975.67 6.626e-16
10977.37 6.446e-16
10979.07 6.266e-16
10980.77 6.086e-16
10982.47 5.906e-16
10984.16 5.727e-16
10985.86 5.547e-16
10987.56 -6.364e-17
10989.26 3.477e-17
10990.96 9.452e-17
10992.65 9.116e-17
10994.35 -2.610e-17
10996.05 -1.557e-16
10997.75 -1.257e-16
10999.44 -4.548e-18
11001.14 4.357e-17
11002.84 -6.204e-17
11004.54 -3.622e-16
11006.24 -7.219e-16
11007.93 -8.793e-16
11009.63 -7.608e-16
11011.33 -4.758e-16
11013.03 -9.114e-17
11014.73 4.234e-16
11016.42 7.972e-16
11018.12 3.007e-16
11019.82 -9.838e-16
11021.52 -1.627e-15
11023.22 -1.019e-15
11024.91 -1.821e-16
11026.61 1.770e-16
11028.31 1.361e-16
11030.01 -1.887e-16
11031.70 -5.227e-16
11033.40 -6.341e-16
11035.10 -6.320e-16
11036.80 -6.348e-16
11038.50 -6.385e-16
