03200.00 -8.963e-17
03202.00 2.288e-16
03204.00 -1.455e-16
03206.00 -1.512e-16
03208.00 1.938e-16
03210.00 -1.353e-18
03212.00 3.139e-16
03214.00 1.999e-16
03216.00 2.325e-16
03218.00 4.916e-16
03220.00 -1.225e-16
03222.00 2.513e-16
03224.00 1.375e-16
03226.00 2.381e-16
03228.00 -6.598e-19
03230.00 1.177e-16
03232.00 2.372e-16
03234.00 4.365e-16
03236.00 3.132e-16
03238.00 4.806e-16
03240.00 4.743e-16
03242.00 -8.292e-17
03244.00 1.273e-16
03246.00 4.857e-16
03248.00 3.188e-16
03250.00 2.136e-16
03252.00 1.721e-16
03254.00 3.086e-16
03256.00 2.910e-16
03258.00 3.457e-16
03260.00 4.344e-17
03262.00 9.904e-17
03264.00 1.412e-16
03266.00 2.081e-17
03268.00 -6.658e-17
03270.00 2.587e-16
03272.00 1.859e-16
03274.00 1.544e-16
03276.00 1.146e-16
03278.00 -8.470e-18
03280.00 -1.906e-16
03282.00 1.670e-16
03284.00 1.483e-16
03286.00 1.567e-16
03288.00 2.768e-17
03290.00 3.533e-16
03292.00 2.362e-16
03294.00 3.798e-17
03296.00 -8.532e-17
03298.00 3.127e-16
03300.00 3.057e-16
03302.00 -2.809e-17
03304.00 3.608e-17
03306.00 1.551e-16
03308.00 1.180e-16
03310.00 -2.641e-17
03312.00 -9.959e-17
03314.00 2.026e-16
03316.00 3.621e-16
03318.00 2.532e-16
03320.00 1.661e-16
03322.00 2.729e-16
03324.00 2.190e-16
03326.00 1.539e-16
03328.00 1.797e-16
03330.00 1.045e-16
03332.00 1.807e-16
03334.00 2.090e-16
03336.00 1.927e-16
03338.00 2.015e-16
03340.00 1.388e-16
03342.00 1.828e-16
03344.00 2.313e-16
03346.00 1.407e-16
03348.00 1.555e-16
03350.00 1.925e-16
03352.00 2.319e-16
03354.00 1.873e-16
03356.00 2.786e-16
03358.00 3.291e-16
03360.00 2.678e-16
03362.00 3.094e-16
03364.00 3.227e-16
03366.00 7.442e-17
03368.00 2.095e-16
03370.00 2.910e-16
03372.00 2.078e-16
03374.00 2.785e-16
03376.00 3.090e-16
03378.00 2.242e-16
03380.00 2.357e-16
03382.00 2.690e-16
03384.00 3.068e-16
03386.00 2.852e-16
03388.00 2.510e-16
03390.00 1.952e-16
03392.00 3.283e-16
03394.00 3.259e-16
03396.00 3.124e-16
03398.00 1.912e-16
03400.00 3.093e-16
03402.00 3.662e-16
03404.00 3.824e-16
03406.00 2.797e-16
03408.00 2.476e-16
03410.00 2.908e-16
03412.00 3.739e-16
03414.00 3.382e-16
03416.00 4.030e-16
03418.00 3.353e-16
03420.00 2.987e-16
03422.00 3.451e-16
03424.00 4.104e-16
03426.00 3.830e-16
03428.00 3.864e-16
03430.00 4.467e-16
03432.00 3.747e-16
03434.00 3.857e-16
03436.00 4.127e-16
03438.00 4.073e-16
03440.00 4.444e-16
03442.00 4.431e-16
03444.00 4.043e-16
03446.00 4.111e-16
03448.00 4.371e-16
03450.00 4.615e-16
03452.00 3.596e-16
03454.00 5.244e-16
03456.00 5.286e-16
03458.00 5.355e-16
03460.00 6.153e-16
03462.00 5.656e-16
03464.00 5.835e-16
03466.00 7.756e-16
03468.00 7.236e-16
03470.00 6.659e-16
03472.00 6.408e-16
03474.00 6.361e-16
03476.00 6.239e-16
03478.00 7.013e-16
03480.00 7.098e-16
03482.00 7.272e-16
03484.00 7.235e-16
03486.00 6.861e-16
03488.00 7.149e-16
03490.00 6.360e-16
03492.00 7.067e-16
03494.00 5.742e-16
03496.00 6.081e-16
03498.00 6.122e-16
03500.00 7.138e-16
03502.00 6.971e-16
03504.00 7.244e-16
03506.00 5.758e-16
03508.00 5.514e-16
03510.00 6.132e-16
03512.00 6.603e-16
03514.00 7.469e-16
03516.00 6.641e-16
03518.00 5.902e-16
03520.00 6.502e-16
03522.00 6.563e-16
03524.00 7.239e-16
03526.00 6.415e-16
03528.00 5.870e-16
03530.00 7.077e-16
03532.00 6.707e-16
03534.00 6.288e-16
03536.00 6.632e-16
03538.00 6.792e-16
03540.00 6.004e-16
03542.00 6.777e-16
03544.00 6.138e-16
03546.00 6.149e-16
03548.00 5.702e-16
03550.00 6.479e-16
03552.00 8.281e-16
03554.00 7.087e-16
03556.00 7.019e-16
03558.00 7.007e-16
03560.00 6.992e-16
03562.00 7.649e-16
03564.00 6.363e-16
03566.00 7.120e-16
03568.00 6.585e-16
03570.00 7.450e-16
03572.00 6.754e-16
03574.00 5.920e-16
03576.00 6.715e-16
03578.00 6.909e-16
03580.00 6.598e-16
03582.00 6.950e-16
03584.00 6.273e-16
03586.00 6.727e-16
03588.00 6.699e-16
03590.00 7.160e-16
03592.00 7.305e-16
03594.00 6.681e-16
03596.00 6.713e-16
03598.00 7.077e-16
03600.00 7.253e-16
03602.00 7.195e-16
03604.00 6.857e-16
03606.00 7.288e-16
03608.00 7.307e-16
03610.00 6.018e-16
03612.00 6.937e-16
03614.00 7.574e-16
03616.00 6.912e-16
03618.00 6.400e-16
03620.00 7.841e-16
03622.00 7.011e-16
03624.00 7.778e-16
03626.00 6.778e-16
03628.00 7.354e-16
03630.00 6.482e-16
03632.00 6.754e-16
03634.00 7.717e-16
03636.00 6.231e-16
03638.00 6.745e-16
03640.00 6.283e-16
03642.00 6.556e-16
03644.00 5.685e-16
03646.00 5.721e-16
03648.00 6.272e-16
03650.00 6.883e-16
03652.00 5.755e-16
03654.00 6.294e-16
03656.00 6.048e-16
03658.00 6.466e-16
03660.00 6.567e-16
03662.00 6.017e-16
03664.00 6.064e-16
03666.00 5.488e-16
03668.00 6.008e-16
03670.00 5.816e-16
03672.00 5.989e-16
03674.00 6.187e-16
03676.00 6.090e-16
03678.00 6.659e-16
03680.00 6.275e-16
03682.00 6.410e-16
03684.00 7.107e-16
03686.00 6.155e-16
03688.00 6.387e-16
03690.00 6.794e-16
03692.00 6.976e-16
03694.00 6.784e-16
03696.00 6.495e-16
03698.00 6.474e-16
03700.00 6.509e-16
03702.00 6.187e-16
03704.00 6.338e-16
03706.00 6.000e-16
03708.00 6.519e-16
03710.00 6.124e-16
03712.00 5.918e-16
03714.00 5.993e-16
03716.00 5.887e-16
03718.00 4.767e-16
03720.00 5.155e-16
03722.00 4.768e-16
03724.00 5.993e-16
03726.00 5.231e-16
03728.00 4.973e-16
03730.00 5.247e-16
03732.00 4.733e-16
03734.00 4.310e-16
03736.00 4.277e-16
03738.00 3.915e-16
03740.00 4.055e-16
03742.00 4.096e-16
03744.00 3.354e-16
03746.00 3.218e-16
03748.00 3.284e-16
03750.00 3.398e-16
03752.00 2.829e-16
03754.00 3.135e-16
03756.00 2.916e-16
03758.00 2.624e-16
03760.00 2.661e-16
03762.00 2.525e-16
03764.00 2.697e-16
03766.00 2.839e-16
03768.00 2.793e-16
03770.00 2.216e-16
03772.00 2.490e-16
03774.00 2.373e-16
03776.00 2.116e-16
03778.00 2.403e-16
03780.00 2.615e-16
03782.00 2.243e-16
03784.00 2.387e-16
03786.00 2.210e-16
03788.00 2.629e-16
03790.00 2.724e-16
03792.00 2.444e-16
03794.00 2.843e-16
03796.00 2.399e-16
03798.00 2.282e-16
03800.00 2.331e-16
03802.00 2.998e-16
03804.00 2.792e-16
03806.00 2.574e-16
03808.00 2.647e-16
03810.00 2.708e-16
03812.00 2.875e-16
03814.00 2.977e-16
03816.00 3.240e-16
03818.00 3.401e-16
03820.00 3.192e-16
03822.00 2.806e-16
03824.00 3.267e-16
03826.00 3.214e-16
03828.00 3.288e-16
03830.00 3.589e-16
03832.00 3.362e-16
03834.00 3.555e-16
03836.00 3.445e-16
03838.00 3.569e-16
03840.00 3.516e-16
03842.00 3.681e-16
03844.00 4.332e-16
03846.00 4.214e-16
03848.00 4.851e-16
03850.00 5.056e-16
03852.00 5.103e-16
03854.00 4.646e-16
03856.00 4.882e-16
03858.00 4.658e-16
03860.00 4.941e-16
03862.00 5.890e-16
03864.00 5.863e-16
03866.00 6.338e-16
03868.00 6.781e-16
03870.00 7.459e-16
03872.00 6.454e-16
03874.00 7.015e-16
03876.00 6.709e-16
03878.00 7.167e-16
03880.00 7.712e-16
03882.00 8.218e-16
03884.00 8.764e-16
03886.00 8.316e-16
03888.00 8.810e-16
03890.00 9.080e-16
03892.00 9.712e-16
03894.00 9.570e-16
03896.00 1.107e-15
03898.00 1.080e-15
03900.00 1.063e-15
03902.00 1.077e-15
03904.00 1.143e-15
03906.00 1.152e-15
03908.00 1.200e-15
03910.00 1.225e-15
03912.00 1.258e-15
03914.00 1.327e-15
03916.00 1.352e-15
03918.00 1.440e-15
03920.00 1.439e-15
03922.00 1.504e-15
03924.00 1.554e-15
03926.00 1.586e-15
03928.00 1.675e-15
03930.00 1.726e-15
03932.00 1.664e-15
03934.00 1.707e-15
03936.00 1.797e-15
03938.00 1.851e-15
03940.00 1.851e-15
03942.00 1.928e-15
03944.00 1.918e-15
03946.00 1.966e-15
03948.00 1.937e-15
03950.00 2.011e-15
03952.00 1.897e-15
03954.00 1.842e-15
03956.00 2.024e-15
03958.00 2.004e-15
03960.00 2.044e-15
03962.00 2.060e-15
03964.00 2.139e-15
03966.00 2.117e-15
03968.00 2.049e-15
03970.00 2.113e-15
03972.00 2.211e-15
03974.00 2.160e-15
03976.00 2.136e-15
03978.00 2.139e-15
03980.00 2.207e-15
03982.00 2.121e-15
03984.00 2.161e-15
03986.00 2.181e-15
03988.00 2.036e-15
03990.00 2.089e-15
03992.00 2.170e-15
03994.00 2.080e-15
03996.00 2.068e-15
03998.00 2.112e-15
04000.00 2.173e-15
04002.00 2.232e-15
04004.00 2.112e-15
04006.00 2.092e-15
04008.00 2.113e-15
04010.00 2.120e-15
04012.00 2.119e-15
04014.00 2.122e-15
04016.00 2.112e-15
04018.00 2.131e-15
04020.00 2.100e-15
04022.00 2.072e-15
04024.00 2.102e-15
04026.00 2.048e-15
04028.00 2.053e-15
04030.00 2.114e-15
04032.00 2.065e-15
04034.00 2.024e-15
04036.00 2.029e-15
04038.00 1.939e-15
04040.00 1.932e-15
04042.00 1.954e-15
04044.00 1.937e-15
04046.00 1.946e-15
04048.00 1.862e-15
04050.00 1.814e-15
04052.00 1.757e-15
04054.00 1.766e-15
04056.00 1.705e-15
04058.00 1.717e-15
04060.00 1.691e-15
04062.00 1.653e-15
04064.00 1.647e-15
04066.00 1.589e-15
04068.00 1.617e-15
04070.00 1.550e-15
04072.00 1.503e-15
04074.00 1.506e-15
04076.00 1.449e-15
04078.00 1.454e-15
04080.00 1.465e-15
04082.00 1.440e-15
04084.00 1.384e-15
04086.00 1.447e-15
04088.00 1.309e-15
04090.00 1.376e-15
04092.00 1.341e-15
04094.00 1.292e-15
04096.00 1.358e-15
04098.00 1.315e-15
04100.00 1.289e-15
04102.00 1.280e-15
04104.00 1.197e-15
04106.00 1.258e-15
04108.00 1.281e-15
04110.00 1.231e-15
04112.00 1.251e-15
04114.00 1.292e-15
04116.00 1.250e-15
04118.00 1.236e-15
04120.00 1.157e-15
04122.00 1.194e-15
04124.00 1.153e-15
04126.00 1.184e-15
04128.00 1.161e-15
04130.00 1.146e-15
04132.00 1.151e-15
04134.00 1.146e-15
04136.00 1.166e-15
04138.00 1.079e-15
04140.00 1.091e-15
04142.00 1.071e-15
04144.00 1.077e-15
04146.00 1.084e-15
04148.00 1.087e-15
04150.00 1.065e-15
04152.00 1.137e-15
04154.00 1.130e-15
04156.00 1.110e-15
04158.00 1.105e-15
04160.00 1.109e-15
04162.00 1.137e-15
04164.00 1.106e-15
04166.00 1.105e-15
04168.00 1.108e-15
04170.00 1.141e-15
04172.00 1.164e-15
04174.00 1.177e-15
04176.00 1.098e-15
04178.00 1.193e-15
04180.00 1.152e-15
04182.00 1.180e-15
04184.00 1.194e-15
04186.00 1.169e-15
04188.00 1.173e-15
04190.00 1.188e-15
04192.00 1.160e-15
04194.00 1.130e-15
04196.00 1.180e-15
04198.00 1.166e-15
04200.00 1.123e-15
04202.00 1.151e-15
04204.00 1.154e-15
04206.00 1.179e-15
04208.00 1.231e-15
04210.00 1.212e-15
04212.00 1.195e-15
04214.00 1.163e-15
04216.00 1.202e-15
04218.00 1.226e-15
04220.00 1.234e-15
04222.00 1.229e-15
04224.00 1.264e-15
04226.00 1.301e-15
04228.00 1.251e-15
04230.00 1.197e-15
04232.00 1.291e-15
04234.00 1.260e-15
04236.00 1.240e-15
04238.00 1.247e-15
04240.00 1.261e-15
04242.00 1.216e-15
04244.00 1.199e-15
04246.00 1.305e-15
04248.00 1.237e-15
04250.00 1.170e-15
04252.00 1.225e-15
04254.00 1.163e-15
04256.00 1.161e-15
04258.00 1.203e-15
04260.00 1.178e-15
04262.00 1.164e-15
04264.00 1.186e-15
04266.00 1.179e-15
04268.00 1.195e-15
04270.00 1.167e-15
04272.00 1.210e-15
04274.00 1.178e-15
04276.00 1.199e-15
04278.00 1.201e-15
04280.00 1.200e-15
04282.00 1.265e-15
04284.00 1.235e-15
04286.00 1.255e-15
04288.00 1.195e-15
04290.00 1.213e-15
04292.00 1.224e-15
04294.00 1.158e-15
04296.00 1.263e-15
04298.00 1.251e-15
04300.00 1.271e-15
04302.00 1.252e-15
04304.00 1.246e-15
04306.00 1.262e-15
04308.00 1.262e-15
04310.00 1.287e-15
04312.00 1.310e-15
04314.00 1.269e-15
04316.00 1.351e-15
04318.00 1.318e-15
04320.00 1.344e-15
04322.00 1.306e-15
04324.00 1.366e-15
04326.00 1.355e-15
04328.00 1.375e-15
04330.00 1.379e-15
04332.00 1.365e-15
04334.00 1.365e-15
04336.00 1.353e-15
04338.00 1.338e-15
04340.00 1.416e-15
04342.00 1.374e-15
04344.00 1.452e-15
04346.00 1.491e-15
04348.00 1.442e-15
04350.00 1.423e-15
04352.00 1.488e-15
04354.00 1.491e-15
04356.00 1.485e-15
04358.00 1.569e-15
04360.00 1.485e-15
04362.00 1.409e-15
04364.00 1.462e-15
04366.00 1.403e-15
04368.00 1.377e-15
04370.00 1.338e-15
04372.00 1.289e-15
04374.00 1.313e-15
04376.00 1.262e-15
04378.00 1.216e-15
04380.00 1.279e-15
04382.00 1.182e-15
04384.00 1.175e-15
04386.00 1.145e-15
04388.00 1.098e-15
04390.00 1.098e-15
04392.00 1.098e-15
04394.00 9.566e-16
04396.00 1.001e-15
04398.00 1.043e-15
04400.00 9.755e-16
04402.00 9.547e-16
04404.00 9.339e-16
04406.00 9.167e-16
04408.00 9.536e-16
04410.00 9.324e-16
04412.00 9.025e-16
04414.00 8.913e-16
04416.00 8.765e-16
04418.00 8.682e-16
04420.00 8.787e-16
04422.00 8.400e-16
04424.00 8.595e-16
04426.00 8.594e-16
04428.00 8.433e-16
04430.00 7.937e-16
04432.00 8.567e-16
04434.00 8.703e-16
04436.00 8.648e-16
04438.00 8.390e-16
04440.00 8.180e-16
04442.00 8.216e-16
04444.00 7.939e-16
04446.00 8.514e-16
04448.00 8.028e-16
04450.00 8.357e-16
04452.00 8.201e-16
04454.00 8.379e-16
04456.00 8.535e-16
04458.00 8.409e-16
04460.00 8.394e-16
04462.00 8.384e-16
04464.00 8.991e-16
04466.00 8.704e-16
04468.00 9.099e-16
04470.00 8.804e-16
04472.00 9.300e-16
04474.00 9.049e-16
04476.00 8.989e-16
04478.00 9.329e-16
04480.00 9.324e-16
04482.00 9.517e-16
04484.00 9.708e-16
04486.00 1.005e-15
04488.00 1.005e-15
04490.00 9.652e-16
04492.00 1.004e-15
04494.00 9.824e-16
04496.00 1.024e-15
04498.00 1.089e-15
04500.00 1.090e-15
04502.00 1.109e-15
04504.00 1.083e-15
04506.00 1.169e-15
04508.00 1.135e-15
04510.00 1.179e-15
04512.00 1.260e-15
04514.00 1.226e-15
04516.00 1.224e-15
04518.00 1.245e-15
04520.00 1.278e-15
04522.00 1.291e-15
04524.00 1.264e-15
04526.00 1.304e-15
04528.00 1.332e-15
04530.00 1.370e-15
04532.00 1.399e-15
04534.00 1.457e-15
04536.00 1.453e-15
04538.00 1.482e-15
04540.00 1.484e-15
04542.00 1.510e-15
04544.00 1.584e-15
04546.00 1.567e-15
04548.00 1.546e-15
04550.00 1.594e-15
04552.00 1.681e-15
04554.00 1.659e-15
04556.00 1.685e-15
04558.00 1.739e-15
04560.00 1.750e-15
04562.00 1.781e-15
04564.00 1.778e-15
04566.00 1.862e-15
04568.00 1.897e-15
04570.00 1.920e-15
04572.00 1.898e-15
04574.00 2.004e-15
04576.00 1.997e-15
04578.00 2.001e-15
04580.00 2.015e-15
04582.00 2.072e-15
04584.00 2.120e-15
04586.00 2.094e-15
04588.00 2.091e-15
04590.00 2.199e-15
04592.00 2.166e-15
04594.00 2.214e-15
04596.00 2.244e-15
04598.00 2.270e-15
04600.00 2.316e-15
04602.00 2.251e-15
04604.00 2.340e-15
04606.00 2.341e-15
04608.00 2.305e-15
04610.00 2.385e-15
04612.00 2.455e-15
04614.00 2.398e-15
04616.00 2.371e-15
04618.00 2.416e-15
04620.00 2.483e-15
04622.00 2.398e-15
04624.00 2.458e-15
04626.00 2.424e-15
04628.00 2.409e-15
04630.00 2.424e-15
04632.00 2.450e-15
04634.00 2.429e-15
04636.00 2.436e-15
04638.00 2.377e-15
04640.00 2.448e-15
04642.00 2.338e-15
04644.00 2.348e-15
04646.00 2.398e-15
04648.00 2.389e-15
04650.00 2.404e-15
04652.00 2.392e-15
04654.00 2.376e-15
04656.00 2.443e-15
04658.00 2.426e-15
04660.00 2.351e-15
04662.00 2.338e-15
04664.00 2.385e-15
04666.00 2.352e-15
04668.00 2.419e-15
04670.00 2.456e-15
04672.00 2.398e-15
04674.00 2.383e-15
04676.00 2.369e-15
04678.00 2.469e-15
04680.00 2.390e-15
04682.00 2.355e-15
04684.00 2.358e-15
04686.00 2.385e-15
04688.00 2.374e-15
04690.00 2.358e-15
04692.00 2.350e-15
04694.00 2.321e-15
04696.00 2.343e-15
04698.00 2.343e-15
04700.00 2.313e-15
04702.00 2.298e-15
04704.00 2.229e-15
04706.00 2.229e-15
04708.00 2.187e-15
04710.00 2.274e-15
04712.00 2.203e-15
04714.00 2.195e-15
04716.00 2.140e-15
04718.00 2.119e-15
04720.00 2.144e-15
04722.00 2.069e-15
04724.00 2.060e-15
04726.00 2.078e-15
04728.00 2.002e-15
04730.00 1.991e-15
04732.00 2.001e-15
04734.00 1.983e-15
04736.00 1.889e-15
04738.00 1.946e-15
04740.00 1.924e-15
04742.00 1.902e-15
04744.00 1.834e-15
04746.00 1.809e-15
04748.00 1.816e-15
04750.00 1.762e-15
04752.00 1.783e-15
04754.00 1.786e-15
04756.00 1.735e-15
04758.00 1.666e-15
04760.00 1.615e-15
04762.00 1.636e-15
04764.00 1.611e-15
04766.00 1.547e-15
04768.00 1.522e-15
04770.00 1.526e-15
04772.00 1.472e-15
04774.00 1.430e-15
04776.00 1.410e-15
04778.00 1.388e-15
04780.00 1.318e-15
04782.00 1.313e-15
04784.00 1.247e-15
04786.00 1.229e-15
04788.00 1.163e-15
04790.00 1.152e-15
04792.00 1.141e-15
04794.00 1.096e-15
04796.00 1.109e-15
04798.00 1.052e-15
04800.00 1.051e-15
04802.00 1.086e-15
04804.00 1.060e-15
04806.00 1.069e-15
04808.00 1.005e-15
04810.00 1.043e-15
04812.00 1.026e-15
04814.00 9.914e-16
04816.00 1.052e-15
04818.00 1.009e-15
04820.00 1.006e-15
04822.00 1.009e-15
04824.00 1.018e-15
04826.00 1.046e-15
04828.00 1.112e-15
04830.00 1.081e-15
04832.00 1.052e-15
04834.00 1.064e-15
04836.00 1.043e-15
04838.00 1.128e-15
04840.00 1.086e-15
04842.00 1.152e-15
04844.00 1.127e-15
04846.00 1.109e-15
04848.00 1.132e-15
04850.00 1.102e-15
04852.00 1.144e-15
04854.00 1.183e-15
04856.00 1.105e-15
04858.00 1.115e-15
04860.00 1.159e-15
04862.00 1.129e-15
04864.00 1.109e-15
04866.00 1.137e-15
04868.00 1.101e-15
04870.00 1.111e-15
04872.00 1.089e-15
04874.00 1.059e-15
04876.00 1.067e-15
04878.00 1.050e-15
04880.00 1.049e-15
04882.00 9.841e-16
04884.00 1.024e-15
04886.00 1.051e-15
04888.00 1.032e-15
04890.00 1.011e-15
04892.00 1.018e-15
04894.00 1.002e-15
04896.00 1.017e-15
04898.00 1.049e-15
04900.00 9.917e-16
04902.00 1.073e-15
04904.00 1.023e-15
04906.00 1.019e-15
04908.00 1.044e-15
04910.00 1.046e-15
04912.00 1.108e-15
04914.00 1.115e-15
04916.00 1.173e-15
04918.00 1.201e-15
04920.00 1.201e-15
04922.00 1.155e-15
04924.00 1.218e-15
04926.00 1.262e-15
04928.00 1.317e-15
04930.00 1.319e-15
04932.00 1.281e-15
04934.00 1.354e-15
04936.00 1.351e-15
04938.00 1.384e-15
04940.00 1.362e-15
04942.00 1.400e-15
04944.00 1.451e-15
04946.00 1.470e-15
04948.00 1.505e-15
04950.00 1.499e-15
04952.00 1.561e-15
04954.00 1.652e-15
04956.00 1.663e-15
04958.00 1.667e-15
04960.00 1.678e-15
04962.00 1.713e-15
04964.00 1.760e-15
04966.00 1.762e-15
04968.00 1.781e-15
04970.00 1.835e-15
04972.00 1.844e-15
04974.00 1.876e-15
04976.00 1.835e-15
04978.00 1.861e-15
04980.00 1.873e-15
04982.00 1.894e-15
04984.00 1.874e-15
04986.00 1.914e-15
04988.00 1.848e-15
04990.00 1.843e-15
04992.00 1.845e-15
04994.00 1.810e-15
04996.00 1.795e-15
04998.00 1.776e-15
05000.00 1.801e-15
05002.00 1.748e-15
05004.00 1.650e-15
05006.00 1.621e-15
05008.00 1.614e-15
05010.00 1.579e-15
05012.00 1.598e-15
05014.00 1.545e-15
05016.00 1.470e-15
05018.00 1.416e-15
05020.00 1.380e-15
05022.00 1.416e-15
05024.00 1.366e-15
05026.00 1.279e-15
05028.00 1.264e-15
05030.00 1.250e-15
05032.00 1.208e-15
05034.00 1.165e-15
05036.00 1.217e-15
05038.00 1.216e-15
05040.00 1.165e-15
05042.00 1.153e-15
05044.00 1.199e-15
05046.00 1.161e-15
05048.00 1.205e-15
05050.00 1.172e-15
05052.00 1.139e-15
05054.00 1.128e-15
05056.00 1.115e-15
05058.00 1.158e-15
05060.00 1.159e-15
05062.00 1.181e-15
05064.00 1.213e-15
05066.00 1.154e-15
05068.00 1.145e-15
05070.00 1.132e-15
05072.00 1.151e-15
05074.00 1.185e-15
05076.00 1.184e-15
05078.00 1.241e-15
05080.00 1.244e-15
05082.00 1.243e-15
05084.00 1.223e-15
05086.00 1.236e-15
05088.00 1.260e-15
05090.00 1.295e-15
05092.00 1.276e-15
05094.00 1.225e-15
05096.00 1.282e-15
05098.00 1.308e-15
05100.00 1.317e-15
05102.00 1.319e-15
05104.00 1.302e-15
05106.00 1.314e-15
05108.00 1.338e-15
05110.00 1.310e-15
05112.00 1.335e-15
05114.00 1.293e-15
05116.00 1.297e-15
05118.00 1.339e-15
05120.00 1.365e-15
05122.00 1.399e-15
05124.00 1.399e-15
05126.00 1.369e-15
05128.00 1.438e-15
05130.00 1.406e-15
05132.00 1.373e-15
05134.00 1.405e-15
05136.00 1.377e-15
05138.00 1.364e-15
05140.00 1.362e-15
05142.00 1.354e-15
05144.00 1.411e-15
05146.00 1.391e-15
05148.00 1.395e-15
05150.00 1.431e-15
05152.00 1.370e-15
05154.00 1.321e-15
05156.00 1.369e-15
05158.00 1.419e-15
05160.00 1.357e-15
05162.00 1.366e-15
05164.00 1.404e-15
05166.00 1.395e-15
05168.00 1.375e-15
05170.00 1.332e-15
05172.00 1.342e-15
05174.00 1.391e-15
05176.00 1.394e-15
05178.00 1.333e-15
05180.00 1.372e-15
05182.00 1.384e-15
05184.00 1.343e-15
05186.00 1.282e-15
05188.00 1.330e-15
05190.00 1.321e-15
05192.00 1.331e-15
05194.00 1.345e-15
05196.00 1.348e-15
05198.00 1.383e-15
05200.00 1.452e-15
05202.00 1.433e-15
05204.00 1.401e-15
05206.00 1.384e-15
05208.00 1.406e-15
05210.00 1.412e-15
05212.00 1.449e-15
05214.00 1.454e-15
05216.00 1.426e-15
05218.00 1.471e-15
05220.00 1.484e-15
05222.00 1.524e-15
05224.00 1.511e-15
05226.00 1.548e-15
05228.00 1.559e-15
05230.00 1.534e-15
05232.00 1.599e-15
05234.00 1.654e-15
05236.00 1.621e-15
05238.00 1.703e-15
05240.00 1.647e-15
05242.00 1.716e-15
05244.00 1.706e-15
05246.00 1.713e-15
05248.00 1.725e-15
05250.00 1.808e-15
05252.00 1.781e-15
05254.00 1.835e-15
05256.00 1.825e-15
05258.00 1.904e-15
05260.00 1.889e-15
05262.00 1.900e-15
05264.00 1.966e-15
05266.00 1.985e-15
05268.00 2.028e-15
05270.00 1.998e-15
05272.00 2.075e-15
05274.00 2.090e-15
05276.00 2.082e-15
05278.00 2.090e-15
05280.00 2.152e-15
05282.00 2.200e-15
05284.00 2.151e-15
05286.00 2.167e-15
05288.00 2.158e-15
05290.00 2.250e-15
05292.00 2.224e-15
05294.00 2.192e-15
05296.00 2.248e-15
05298.00 2.233e-15
05300.00 2.258e-15
05302.00 2.335e-15
05304.00 2.319e-15
05306.00 2.374e-15
05308.00 2.248e-15
05310.00 2.404e-15
05312.00 2.335e-15
05314.00 2.350e-15
05316.00 2.431e-15
05318.00 2.399e-15
05320.00 2.377e-15
05322.00 2.351e-15
05324.00 2.384e-15
05326.00 2.392e-15
05328.00 2.436e-15
05330.00 2.410e-15
05332.00 2.413e-15
05334.00 2.353e-15
05336.00 2.387e-15
05338.00 2.416e-15
05340.00 2.454e-15
05342.00 2.498e-15
05344.00 2.391e-15
05346.00 2.536e-15
05348.00 2.484e-15
05350.00 2.422e-15
05352.00 2.440e-15
05354.00 2.467e-15
05356.00 2.492e-15
05358.00 2.489e-15
05360.00 2.462e-15
05362.00 2.447e-15
05364.00 2.420e-15
05366.00 2.540e-15
05368.00 2.495e-15
05370.00 2.474e-15
05372.00 2.484e-15
05374.00 2.427e-15
05376.00 2.408e-15
05378.00 2.459e-15
05380.00 2.396e-15
05382.00 2.447e-15
05384.00 2.374e-15
05386.00 2.470e-15
05388.00 2.394e-15
05390.00 2.441e-15
05392.00 2.410e-15
05394.00 2.336e-15
05396.00 2.301e-15
05398.00 2.417e-15
05400.00 2.323e-15
05402.00 2.328e-15
05404.00 2.395e-15
05406.00 2.347e-15
05408.00 2.408e-15
05410.00 2.342e-15
05412.00 2.278e-15
05414.00 2.255e-15
05416.00 2.334e-15
05418.00 2.298e-15
05420.00 2.282e-15
05422.00 2.185e-15
05424.00 2.216e-15
05426.00 2.289e-15
05428.00 2.264e-15
05430.00 2.287e-15
05432.00 2.274e-15
05434.00 2.279e-15
05436.00 2.249e-15
05438.00 2.247e-15
05440.00 2.229e-15
05442.00 2.216e-15
05444.00 2.261e-15
05446.00 2.297e-15
05448.00 2.237e-15
05450.00 2.247e-15
05452.00 2.265e-15
05454.00 2.237e-15
05456.00 2.257e-15
05458.00 2.357e-15
05460.00 2.292e-15
05462.00 2.202e-15
05464.00 2.281e-15
05466.00 2.258e-15
05468.00 2.315e-15
05470.00 2.291e-15
05472.00 2.266e-15
05474.00 2.284e-15
05476.00 2.293e-15
05478.00 2.287e-15
05480.00 2.351e-15
05482.00 2.334e-15
05484.00 2.261e-15
05486.00 2.322e-15
05488.00 2.240e-15
05490.00 2.286e-15
05492.00 2.297e-15
05494.00 2.300e-15
05496.00 2.312e-15
05498.00 2.341e-15
05500.00 2.315e-15
05502.00 2.354e-15
05504.00 2.363e-15
05506.00 2.357e-15
05508.00 2.304e-15
05510.00 2.329e-15
05512.00 2.336e-15
05514.00 2.359e-15
05516.00 2.352e-15
05518.00 2.363e-15
05520.00 2.338e-15
05522.00 2.305e-15
05524.00 2.371e-15
05526.00 2.415e-15
05528.00 2.363e-15
05530.00 2.362e-15
05532.00 2.366e-15
05534.00 2.327e-15
05536.00 2.321e-15
05538.00 2.364e-15
05540.00 2.309e-15
05542.00 2.327e-15
05544.00 2.369e-15
05546.00 2.330e-15
05548.00 2.314e-15
05550.00 2.297e-15
05552.00 2.265e-15
05554.00 2.348e-15
05556.00 2.346e-15
05558.00 2.302e-15
05560.00 2.261e-15
05562.00 2.242e-15
05564.00 2.314e-15
05566.00 2.302e-15
05568.00 2.272e-15
05570.00 2.239e-15
05572.00 2.173e-15
05574.00 2.172e-15
05576.00 2.161e-15
05578.00 2.179e-15
05580.00 2.234e-15
05582.00 2.159e-15
05584.00 2.178e-15
05586.00 2.098e-15
05588.00 2.087e-15
05590.00 2.057e-15
05592.00 2.073e-15
05594.00 2.071e-15
05596.00 2.081e-15
05598.00 2.080e-15
05600.00 2.021e-15
05602.00 2.019e-15
05604.00 1.982e-15
05606.00 1.973e-15
05608.00 1.994e-15
05610.00 1.968e-15
05612.00 1.913e-15
05614.00 1.887e-15
05616.00 1.937e-15
05618.00 1.929e-15
05620.00 1.882e-15
05622.00 1.841e-15
05624.00 1.853e-15
05626.00 1.839e-15
05628.00 1.829e-15
05630.00 1.830e-15
05632.00 1.809e-15
05634.00 1.803e-15
05636.00 1.832e-15
05638.00 1.779e-15
05640.00 1.767e-15
05642.00 1.741e-15
05644.00 1.745e-15
05646.00 1.762e-15
05648.00 1.742e-15
05650.00 1.716e-15
05652.00 1.702e-15
05654.00 1.681e-15
05656.00 1.728e-15
05658.00 1.705e-15
05660.00 1.634e-15
05662.00 1.683e-15
05664.00 1.668e-15
05666.00 1.645e-15
05668.00 1.616e-15
05670.00 1.605e-15
05672.00 1.608e-15
05674.00 1.586e-15
05676.00 1.561e-15
05678.00 1.587e-15
05680.00 1.568e-15
05682.00 1.559e-15
05684.00 1.565e-15
05686.00 1.574e-15
05688.00 1.522e-15
05690.00 1.524e-15
05692.00 1.510e-15
05694.00 1.514e-15
05696.00 1.503e-15
05698.00 1.475e-15
05700.00 1.483e-15
05702.00 1.472e-15
05704.00 1.445e-15
05706.00 1.478e-15
05708.00 1.403e-15
05710.00 1.427e-15
05712.00 1.448e-15
05714.00 1.475e-15
05716.00 1.455e-15
05718.00 1.452e-15
05720.00 1.430e-15
05722.00 1.386e-15
05724.00 1.408e-15
05726.00 1.437e-15
05728.00 1.407e-15
05730.00 1.380e-15
05732.00 1.406e-15
05734.00 1.411e-15
05736.00 1.430e-15
05738.00 1.409e-15
05740.00 1.423e-15
05742.00 1.443e-15
05744.00 1.442e-15
05746.00 1.397e-15
05748.00 1.420e-15
05750.00 1.430e-15
05752.00 1.453e-15
05754.00 1.460e-15
05756.00 1.484e-15
05758.00 1.442e-15
05760.00 1.444e-15
05762.00 1.445e-15
05764.00 1.467e-15
05766.00 1.454e-15
05768.00 1.441e-15
05770.00 1.459e-15
05772.00 1.454e-15
05774.00 1.474e-15
05776.00 1.437e-15
05778.00 1.469e-15
05780.00 1.496e-15
05782.00 1.486e-15
05784.00 1.512e-15
05786.00 1.497e-15
05788.00 1.526e-15
05790.00 1.560e-15
05792.00 1.547e-15
05794.00 1.613e-15
05796.00 1.572e-15
05798.00 1.609e-15
05800.00 1.631e-15
05802.00 1.683e-15
05804.00 1.719e-15
05806.00 1.738e-15
05808.00 1.788e-15
05810.00 1.806e-15
05812.00 1.819e-15
05814.00 1.864e-15
05816.00 1.890e-15
05818.00 1.941e-15
05820.00 1.983e-15
05822.00 1.999e-15
05824.00 2.027e-15
05826.00 2.021e-15
05828.00 2.058e-15
05830.00 2.058e-15
05832.00 2.091e-15
05834.00 2.145e-15
05836.00 2.150e-15
05838.00 2.153e-15
05840.00 2.191e-15
05842.00 2.156e-15
05844.00 2.185e-15
05846.00 2.175e-15
05848.00 2.217e-15
05850.00 2.197e-15
05852.00 2.271e-15
05854.00 2.271e-15
05856.00 2.268e-15
05858.00 2.299e-15
05860.00 2.274e-15
05862.00 2.306e-15
05864.00 2.361e-15
05866.00 2.330e-15
05868.00 2.327e-15
05870.00 2.348e-15
05872.00 2.350e-15
05874.00 2.338e-15
05876.00 2.326e-15
05878.00 2.309e-15
05880.00 2.303e-15
05882.00 2.271e-15
05884.00 2.287e-15
05886.00 2.214e-15
05888.00 2.232e-15
05890.00 2.184e-15
05892.00 2.226e-15
05894.00 2.332e-15
05896.00 2.257e-15
05898.00 2.262e-15
05900.00 2.294e-15
05902.00 2.301e-15
05904.00 2.341e-15
05906.00 2.408e-15
05908.00 2.410e-15
05910.00 2.387e-15
05912.00 2.376e-15
05914.00 2.344e-15
05916.00 2.334e-15
05918.00 2.299e-15
05920.00 2.236e-15
05922.00 2.230e-15
05924.00 2.213e-15
05926.00 2.286e-15
05928.00 2.322e-15
05930.00 2.329e-15
05932.00 2.406e-15
05934.00 2.402e-15
05936.00 2.384e-15
05938.00 2.371e-15
05940.00 2.340e-15
05942.00 2.310e-15
05944.00 2.261e-15
05946.00 2.274e-15
05948.00 2.231e-15
05950.00 2.286e-15
05952.00 2.324e-15
05954.00 2.301e-15
05956.00 2.299e-15
05958.00 2.296e-15
05960.00 2.313e-15
05962.00 2.280e-15
05964.00 2.284e-15
05966.00 2.281e-15
05968.00 2.273e-15
05970.00 2.253e-15
05972.00 2.269e-15
05974.00 2.267e-15
05976.00 2.255e-15
05978.00 2.230e-15
05980.00 2.231e-15
05982.00 2.251e-15
05984.00 2.228e-15
05986.00 2.226e-15
05988.00 2.179e-15
05990.00 2.194e-15
05992.00 2.114e-15
05994.00 2.120e-15
05996.00 2.120e-15
05998.00 2.151e-15
06000.00 2.120e-15
06002.00 2.119e-15
06004.00 2.117e-15
06006.00 2.100e-15
06008.00 2.074e-15
06010.00 2.101e-15
06012.00 2.074e-15
06014.00 2.079e-15
06016.00 2.089e-15
06018.00 2.040e-15
06020.00 2.025e-15
06022.00 2.027e-15
06024.00 2.026e-15
06026.00 2.013e-15
06028.00 2.026e-15
06030.00 2.002e-15
06032.00 2.031e-15
06034.00 2.048e-15
06036.00 1.983e-15
06038.00 1.931e-15
06040.00 1.952e-15
06042.00 1.918e-15
06044.00 1.912e-15
06046.00 1.951e-15
06048.00 1.933e-15
06050.00 1.927e-15
06052.00 1.902e-15
06054.00 1.916e-15
06056.00 1.946e-15
06058.00 1.906e-15
06060.00 1.915e-15
06062.00 1.944e-15
06064.00 1.883e-15
06066.00 1.874e-15
06068.00 1.864e-15
06070.00 1.883e-15
06072.00 1.905e-15
06074.00 1.903e-15
06076.00 1.875e-15
06078.00 1.882e-15
06080.00 1.886e-15
06082.00 1.874e-15
06084.00 1.911e-15
06086.00 1.886e-15
06088.00 1.861e-15
06090.00 1.834e-15
06092.00 1.851e-15
06094.00 1.879e-15
06096.00 1.846e-15
06098.00 1.838e-15
06100.00 1.825e-15
06102.00 1.769e-15
06104.00 1.788e-15
06106.00 1.773e-15
06108.00 1.794e-15
06110.00 1.775e-15
06112.00 1.796e-15
06114.00 1.808e-15
06116.00 1.782e-15
06118.00 1.734e-15
06120.00 1.773e-15
06122.00 1.782e-15
06124.00 1.756e-15
06126.00 1.748e-15
06128.00 1.742e-15
06130.00 1.740e-15
06132.00 1.770e-15
06134.00 1.781e-15
06136.00 1.770e-15
06138.00 1.757e-15
06140.00 1.744e-15
06142.00 1.765e-15
06144.00 1.769e-15
06146.00 1.792e-15
06148.00 1.801e-15
06150.00 1.794e-15
06152.00 1.789e-15
06154.00 1.787e-15
06156.00 1.784e-15
06158.00 1.783e-15
06160.00 1.826e-15
06162.00 1.809e-15
06164.00 1.779e-15
06166.00 1.789e-15
06168.00 1.798e-15
06170.00 1.773e-15
06172.00 1.792e-15
06174.00 1.765e-15
06176.00 1.798e-15
06178.00 1.790e-15
06180.00 1.753e-15
06182.00 1.734e-15
06184.00 1.745e-15
06186.00 1.767e-15
06188.00 1.794e-15
06190.00 1.761e-15
06192.00 1.726e-15
06194.00 1.723e-15
06196.00 1.677e-15
06198.00 1.657e-15
06200.00 1.641e-15
06202.00 1.595e-15
06204.00 1.616e-15
06206.00 1.586e-15
06208.00 1.505e-15
06210.00 1.551e-15
06212.00 1.527e-15
06214.00 1.481e-15
06216.00 1.492e-15
06218.00 1.471e-15
06220.00 1.454e-15
06222.00 1.437e-15
06224.00 1.430e-15
06226.00 1.402e-15
06228.00 1.378e-15
06230.00 1.366e-15
06232.00 1.345e-15
06234.00 1.322e-15
06236.00 1.304e-15
06238.00 1.314e-15
06240.00 1.310e-15
06242.00 1.293e-15
06244.00 1.302e-15
06246.00 1.276e-15
06248.00 1.308e-15
06250.00 1.278e-15
06252.00 1.259e-15
06254.00 1.286e-15
06256.00 1.295e-15
06258.00 1.280e-15
06260.00 1.274e-15
06262.00 1.261e-15
06264.00 1.294e-15
06266.00 1.272e-15
06268.00 1.251e-15
06270.00 1.248e-15
06272.00 1.255e-15
06274.00 1.258e-15
06276.00 1.258e-15
06278.00 1.268e-15
06280.00 1.282e-15
06282.00 1.290e-15
06284.00 1.303e-15
06286.00 1.278e-15
06288.00 1.306e-15
06290.00 1.293e-15
06292.00 1.302e-15
06294.00 1.312e-15
06296.00 1.333e-15
06298.00 1.359e-15
06300.00 1.332e-15
06302.00 1.319e-15
06304.00 1.373e-15
06306.00 1.372e-15
06308.00 1.360e-15
06310.00 1.410e-15
06312.00 1.396e-15
06314.00 1.403e-15
06316.00 1.387e-15
06318.00 1.402e-15
06320.00 1.389e-15
06322.00 1.406e-15
06324.00 1.424e-15
06326.00 1.427e-15
06328.00 1.444e-15
06330.00 1.431e-15
06332.00 1.439e-15
06334.00 1.481e-15
06336.00 1.516e-15
06338.00 1.501e-15
06340.00 1.491e-15
06342.00 1.502e-15
06344.00 1.530e-15
06346.00 1.550e-15
06348.00 1.515e-15
06350.00 1.515e-15
06352.00 1.561e-15
06354.00 1.546e-15
06356.00 1.558e-15
06358.00 1.577e-15
06360.00 1.580e-15
06362.00 1.638e-15
06364.00 1.594e-15
06366.00 1.605e-15
06368.00 1.604e-15
06370.00 1.644e-15
06372.00 1.654e-15
06374.00 1.634e-15
06376.00 1.676e-15
06378.00 1.636e-15
06380.00 1.660e-15
06382.00 1.696e-15
06384.00 1.736e-15
06386.00 1.729e-15
06388.00 1.739e-15
06390.00 1.773e-15
06392.00 1.785e-15
06394.00 1.785e-15
06396.00 1.784e-15
06398.00 1.738e-15
06400.00 1.770e-15
06402.00 1.806e-15
06404.00 1.798e-15
06406.00 1.779e-15
06408.00 1.781e-15
06410.00 1.797e-15
06412.00 1.808e-15
06414.00 1.795e-15
06416.00 1.797e-15
06418.00 1.822e-15
06420.00 1.812e-15
06422.00 1.842e-15
06424.00 1.855e-15
06426.00 1.866e-15
06428.00 1.841e-15
06430.00 1.848e-15
06432.00 1.858e-15
06434.00 1.876e-15
06436.00 1.864e-15
06438.00 1.879e-15
06440.00 1.866e-15
06442.00 1.861e-15
06444.00 1.865e-15
06446.00 1.891e-15
06448.00 1.896e-15
06450.00 1.895e-15
06452.00 1.885e-15
06454.00 1.890e-15
06456.00 1.887e-15
06458.00 1.864e-15
06460.00 1.842e-15
06462.00 1.859e-15
06464.00 1.830e-15
06466.00 1.836e-15
06468.00 1.873e-15
06470.00 1.858e-15
06472.00 1.826e-15
06474.00 1.823e-15
06476.00 1.814e-15
06478.00 1.844e-15
06480.00 1.907e-15
06482.00 1.881e-15
06484.00 1.834e-15
06486.00 1.858e-15
06488.00 1.863e-15
06490.00 1.841e-15
06492.00 1.852e-15
06494.00 1.838e-15
06496.00 1.842e-15
06498.00 1.801e-15
06500.00 1.827e-15
06502.00 1.850e-15
06504.00 1.870e-15
06506.00 1.848e-15
06508.00 1.850e-15
06510.00 1.818e-15
06512.00 1.780e-15
06514.00 1.749e-15
06516.00 1.720e-15
06518.00 1.766e-15
06520.00 1.760e-15
06522.00 1.756e-15
06524.00 1.753e-15
06526.00 1.749e-15
06528.00 1.744e-15
06530.00 1.741e-15
06532.00 1.780e-15
06534.00 1.770e-15
06536.00 1.761e-15
06538.00 1.735e-15
06540.00 1.744e-15
06542.00 1.737e-15
06544.00 1.733e-15
06546.00 1.739e-15
06548.00 1.719e-15
06550.00 1.728e-15
06552.00 1.723e-15
06554.00 1.714e-15
06556.00 1.700e-15
06558.00 1.694e-15
06560.00 1.705e-15
06562.00 1.704e-15
06564.00 1.694e-15
06566.00 1.740e-15
06568.00 1.717e-15
06570.00 1.701e-15
06572.00 1.666e-15
06574.00 1.680e-15
06576.00 1.679e-15
06578.00 1.653e-15
06580.00 1.675e-15
06582.00 1.680e-15
06584.00 1.688e-15
06586.00 1.685e-15
06588.00 1.657e-15
06590.00 1.681e-15
06592.00 1.716e-15
06594.00 1.720e-15
06596.00 1.763e-15
06598.00 1.760e-15
06600.00 1.730e-15
06602.00 1.726e-15
06604.00 1.737e-15
06606.00 1.777e-15
06608.00 1.757e-15
06610.00 1.785e-15
06612.00 1.802e-15
06614.00 1.808e-15
06616.00 1.835e-15
06618.00 1.832e-15
06620.00 1.846e-15
06622.00 1.852e-15
06624.00 1.845e-15
06626.00 1.857e-15
06628.00 1.903e-15
06630.00 1.890e-15
06632.00 1.872e-15
06634.00 1.909e-15
06636.00 1.949e-15
06638.00 1.929e-15
06640.00 1.918e-15
06642.00 1.935e-15
06644.00 1.955e-15
06646.00 1.952e-15
06648.00 1.936e-15
06650.00 1.959e-15
06652.00 1.977e-15
06654.00 1.929e-15
06656.00 1.962e-15
06658.00 1.981e-15
06660.00 1.974e-15
06662.00 1.993e-15
06664.00 1.997e-15
06666.00 1.955e-15
06668.00 1.982e-15
06670.00 1.997e-15
06672.00 2.018e-15
06674.00 1.987e-15
06676.00 2.009e-15
06678.00 2.011e-15
06680.00 2.008e-15
06682.00 2.001e-15
06684.00 2.003e-15
06686.00 2.005e-15
06688.00 1.986e-15
06690.00 2.005e-15
06692.00 1.986e-15
06694.00 1.987e-15
06696.00 2.023e-15
06698.00 2.013e-15
06700.00 2.016e-15
06702.00 2.019e-15
06704.00 2.007e-15
06706.00 2.026e-15
06708.00 2.046e-15
06710.00 2.013e-15
06712.00 2.010e-15
06714.00 2.014e-15
06716.00 2.013e-15
06718.00 1.986e-15
06720.00 1.963e-15
06722.00 1.976e-15
06724.00 1.980e-15
06726.00 1.990e-15
06728.00 1.964e-15
06730.00 1.960e-15
06732.00 1.974e-15
06734.00 1.967e-15
06736.00 1.978e-15
06738.00 2.000e-15
06740.00 1.935e-15
06742.00 1.929e-15
06744.00 1.935e-15
06746.00 1.929e-15
06748.00 1.929e-15
06750.00 1.895e-15
06752.00 1.903e-15
06754.00 1.903e-15
06756.00 1.901e-15
06758.00 1.884e-15
06760.00 1.871e-15
06762.00 1.872e-15
06764.00 1.863e-15
06766.00 1.884e-15
06768.00 1.840e-15
06770.00 1.845e-15
06772.00 1.874e-15
06774.00 1.857e-15
06776.00 1.824e-15
06778.00 1.800e-15
06780.00 1.782e-15
06782.00 1.790e-15
06784.00 1.778e-15
06786.00 1.810e-15
06788.00 1.822e-15
06790.00 1.763e-15
06792.00 1.770e-15
06794.00 1.813e-15
06796.00 1.778e-15
06798.00 1.787e-15
06800.00 1.788e-15
06802.00 1.795e-15
06804.00 1.755e-15
06806.00 1.775e-15
06808.00 1.788e-15
06810.00 1.793e-15
06812.00 1.787e-15
06814.00 1.801e-15
06816.00 1.764e-15
06818.00 1.750e-15
06820.00 1.757e-15
06822.00 1.740e-15
06824.00 1.756e-15
06826.00 1.771e-15
06828.00 1.728e-15
06830.00 1.695e-15
06832.00 1.736e-15
06834.00 1.736e-15
06836.00 1.719e-15
06838.00 1.730e-15
06840.00 1.760e-15
06842.00 1.720e-15
06844.00 1.704e-15
06846.00 1.713e-15
06848.00 1.701e-15
06850.00 1.700e-15
06852.00 1.669e-15
06854.00 1.653e-15
06856.00 1.678e-15
06858.00 1.699e-15
06860.00 1.671e-15
06862.00 1.663e-15
06864.00 1.674e-15
06866.00 1.691e-15
06868.00 1.671e-15
06870.00 1.648e-15
06872.00 1.652e-15
06874.00 1.642e-15
06876.00 1.685e-15
06878.00 1.689e-15
06880.00 1.633e-15
06882.00 1.678e-15
06884.00 1.678e-15
06886.00 1.654e-15
06888.00 1.638e-15
06890.00 1.612e-15
06892.00 1.635e-15
06894.00 1.642e-15
06896.00 1.624e-15
06898.00 1.665e-15
06900.00 1.660e-15
06902.00 1.658e-15
06904.00 1.654e-15
06906.00 1.631e-15
06908.00 1.655e-15
06910.00 1.640e-15
06912.00 1.664e-15
06914.00 1.623e-15
06916.00 1.617e-15
06918.00 1.614e-15
06920.00 1.612e-15
06922.00 1.609e-15
06924.00 1.589e-15
06926.00 1.603e-15
06928.00 1.634e-15
06930.00 1.589e-15
06932.00 1.570e-15
06934.00 1.556e-15
06936.00 1.578e-15
06938.00 1.617e-15
06940.00 1.558e-15
06942.00 1.541e-15
06944.00 1.566e-15
06946.00 1.584e-15
06948.00 1.592e-15
06950.00 1.557e-15
06952.00 1.542e-15
06954.00 1.583e-15
06956.00 1.602e-15
06958.00 1.560e-15
06960.00 1.566e-15
06962.00 1.588e-15
06964.00 1.590e-15
06966.00 1.601e-15
06968.00 1.599e-15
06970.00 1.583e-15
06972.00 1.569e-15
06974.00 1.593e-15
06976.00 1.609e-15
06978.00 1.631e-15
06980.00 1.671e-15
06982.00 1.636e-15
06984.00 1.618e-15
06986.00 1.627e-15
06988.00 1.677e-15
06990.00 1.685e-15
06992.00 1.683e-15
06994.00 1.691e-15
06996.00 1.696e-15
06998.00 1.697e-15
07000.00 1.683e-15
07002.00 1.722e-15
07004.00 1.724e-15
07006.00 1.747e-15
07008.00 1.749e-15
07010.00 1.766e-15
07012.00 1.719e-15
07014.00 1.774e-15
07016.00 1.774e-15
07018.00 1.780e-15
07020.00 1.808e-15
07022.00 1.798e-15
07024.00 1.799e-15
07026.00 1.803e-15
07028.00 1.798e-15
07030.00 1.809e-15
07032.00 1.803e-15
07034.00 1.819e-15
07036.00 1.834e-15
07038.00 1.825e-15
07040.00 1.848e-15
07042.00 1.867e-15
07044.00 1.849e-15
07046.00 1.842e-15
07048.00 1.833e-15
07050.00 1.849e-15
07052.00 1.852e-15
07054.00 1.853e-15
07056.00 1.857e-15
07058.00 1.860e-15
07060.00 1.861e-15
07062.00 1.864e-15
07064.00 1.865e-15
07066.00 1.865e-15
07068.00 1.867e-15
07070.00 1.852e-15
07072.00 1.886e-15
07074.00 1.876e-15
07076.00 1.871e-15
07078.00 1.884e-15
07080.00 1.865e-15
07082.00 1.886e-15
07084.00 1.859e-15
07086.00 1.870e-15
07088.00 1.863e-15
07090.00 1.876e-15
07092.00 1.891e-15
07094.00 1.889e-15
07096.00 1.879e-15
07098.00 1.838e-15
07100.00 1.849e-15
07102.00 1.854e-15
07104.00 1.872e-15
07106.00 1.852e-15
07108.00 1.848e-15
07110.00 1.836e-15
07112.00 1.834e-15
07114.00 1.844e-15
07116.00 1.823e-15
07118.00 1.800e-15
07120.00 1.824e-15
07122.00 1.844e-15
07124.00 1.817e-15
07126.00 1.802e-15
07128.00 1.801e-15
07130.00 1.797e-15
07132.00 1.806e-15
07134.00 1.824e-15
07136.00 1.779e-15
07138.00 1.801e-15
07140.00 1.791e-15
07142.00 1.760e-15
07144.00 1.758e-15
07146.00 1.721e-15
07148.00 1.739e-15
07150.00 1.741e-15
07152.00 1.726e-15
07154.00 1.736e-15
07156.00 1.743e-15
07158.00 1.715e-15
07160.00 1.708e-15
07162.00 1.709e-15
07164.00 1.668e-15
07166.00 1.665e-15
07168.00 1.636e-15
07170.00 1.647e-15
07172.00 1.642e-15
07174.00 1.624e-15
07176.00 1.627e-15
07178.00 1.619e-15
07180.00 1.648e-15
07182.00 1.644e-15
07184.00 1.673e-15
07186.00 1.611e-15
07188.00 1.580e-15
07190.00 1.655e-15
07192.00 1.633e-15
07194.00 1.588e-15
07196.00 1.595e-15
07198.00 1.610e-15
07200.00 1.610e-15
07202.00 1.628e-15
07204.00 1.655e-15
07206.00 1.616e-15
07208.00 1.623e-15
07210.00 1.638e-15
07212.00 1.649e-15
07214.00 1.665e-15
07216.00 1.661e-15
07218.00 1.652e-15
07220.00 1.657e-15
07222.00 1.661e-15
07224.00 1.678e-15
07226.00 1.667e-15
07228.00 1.689e-15
07230.00 1.686e-15
07232.00 1.706e-15
07234.00 1.638e-15
07236.00 1.638e-15
07238.00 1.672e-15
07240.00 1.693e-15
07242.00 1.708e-15
07244.00 1.730e-15
07246.00 1.696e-15
07248.00 1.701e-15
07250.00 1.743e-15
07252.00 1.721e-15
07254.00 1.700e-15
07256.00 1.740e-15
07258.00 1.709e-15
07260.00 1.689e-15
07262.00 1.710e-15
07264.00 1.725e-15
07266.00 1.688e-15
07268.00 1.731e-15
07270.00 1.724e-15
07272.00 1.709e-15
07274.00 1.727e-15
07276.00 1.733e-15
07278.00 1.733e-15
07280.00 1.786e-15
07282.00 1.785e-15
07284.00 1.730e-15
07286.00 1.702e-15
07288.00 1.705e-15
07290.00 1.699e-15
07292.00 1.694e-15
07294.00 1.735e-15
07296.00 1.685e-15
07298.00 1.715e-15
07300.00 1.700e-15
07302.00 1.659e-15
07304.00 1.620e-15
07306.00 1.643e-15
07308.00 1.713e-15
07310.00 1.686e-15
07312.00 1.653e-15
07314.00 1.667e-15
07316.00 1.681e-15
07318.00 1.647e-15
07320.00 1.639e-15
07322.00 1.670e-15
07324.00 1.652e-15
07326.00 1.684e-15
07328.00 1.687e-15
07330.00 1.671e-15
07332.00 1.655e-15
07334.00 1.700e-15
07336.00 1.675e-15
07338.00 1.672e-15
07340.00 1.663e-15
07342.00 1.680e-15
07344.00 1.636e-15
07346.00 1.656e-15
07348.00 1.688e-15
07350.00 1.661e-15
07352.00 1.639e-15
07354.00 1.628e-15
07356.00 1.651e-15
07358.00 1.651e-15
07360.00 1.653e-15
07362.00 1.653e-15
07364.00 1.634e-15
07366.00 1.642e-15
07368.00 1.642e-15
07370.00 1.671e-15
07372.00 1.666e-15
07374.00 1.588e-15
07376.00 1.674e-15
07378.00 1.664e-15
07380.00 1.618e-15
07382.00 1.642e-15
07384.00 1.649e-15
07386.00 1.669e-15
07388.00 1.645e-15
07390.00 1.644e-15
07392.00 1.632e-15
07394.00 1.631e-15
07396.00 1.629e-15
07398.00 1.675e-15
07400.00 1.660e-15
07402.00 1.660e-15
07404.00 1.637e-15
07406.00 1.631e-15
07408.00 1.662e-15
07410.00 1.646e-15
07412.00 1.657e-15
07414.00 1.662e-15
07416.00 1.646e-15
07418.00 1.659e-15
07420.00 1.670e-15
07422.00 1.678e-15
07424.00 1.677e-15
07426.00 1.659e-15
07428.00 1.682e-15
07430.00 1.677e-15
07432.00 1.671e-15
07434.00 1.665e-15
07436.00 1.690e-15
07438.00 1.711e-15
07440.00 1.708e-15
07442.00 1.688e-15
07444.00 1.692e-15
07446.00 1.703e-15
07448.00 1.705e-15
07450.00 1.726e-15
07452.00 1.691e-15
07454.00 1.700e-15
07456.00 1.703e-15
07458.00 1.720e-15
07460.00 1.706e-15
07462.00 1.702e-15
07464.00 1.686e-15
07466.00 1.695e-15
07468.00 1.692e-15
07470.00 1.685e-15
07472.00 1.674e-15
07474.00 1.693e-15
07476.00 1.694e-15
07478.00 1.678e-15
07480.00 1.691e-15
07482.00 1.678e-15
07484.00 1.659e-15
07486.00 1.659e-15
07488.00 1.671e-15
07490.00 1.709e-15
07492.00 1.681e-15
07494.00 1.661e-15
07496.00 1.669e-15
07498.00 1.662e-15
07500.00 1.648e-15
07502.00 1.651e-15
07504.00 1.653e-15
07506.00 1.635e-15
07508.00 1.651e-15
07510.00 1.644e-15
07512.00 1.651e-15
07514.00 1.631e-15
07516.00 1.649e-15
07518.00 1.619e-15
07520.00 1.602e-15
07522.00 1.603e-15
07524.00 1.617e-15
07526.00 1.598e-15
07528.00 1.585e-15
07530.00 1.592e-15
07532.00 1.621e-15
07534.00 1.565e-15
07536.00 1.569e-15
07538.00 1.582e-15
07540.00 1.563e-15
07542.00 1.555e-15
07544.00 1.545e-15
07546.00 1.540e-15
07548.00 1.537e-15
07550.00 1.528e-15
07552.00 1.530e-15
07554.00 1.527e-15
07556.00 1.530e-15
07558.00 1.515e-15
07560.00 1.530e-15
07562.00 1.540e-15
07564.00 1.511e-15
07566.00 1.501e-15
07568.00 1.507e-15
07570.00 1.515e-15
07572.00 1.483e-15
07574.00 1.494e-15
07576.00 1.462e-15
07578.00 1.493e-15
07580.00 1.483e-15
07582.00 1.461e-15
07584.00 1.471e-15
07586.00 1.435e-15
07588.00 1.443e-15
07590.00 1.432e-15
07592.00 1.423e-15
07594.00 1.423e-15
07596.00 1.421e-15
07598.00 1.418e-15
07600.00 1.416e-15
07602.00 1.414e-15
07604.00 1.412e-15
07606.00 1.407e-15
07608.00 1.405e-15
07610.00 1.405e-15
07612.00 1.391e-15
07614.00 1.403e-15
07616.00 1.400e-15
07618.00 1.400e-15
07620.00 1.400e-15
07622.00 1.400e-15
07624.00 1.400e-15
07626.00 1.400e-15
07628.00 1.400e-15
07630.00 1.400e-15
07632.00 1.400e-15
07634.00 1.400e-15
07636.00 1.392e-15
07638.00 1.433e-15
07640.00 1.423e-15
07642.00 1.413e-15
07644.00 1.493e-15
07646.00 1.411e-15
07648.00 1.467e-15
07650.00 1.456e-15
07652.00 1.439e-15
07654.00 1.503e-15
07656.00 1.435e-15
07658.00 1.476e-15
07660.00 1.436e-15
07662.00 1.421e-15
07664.00 1.491e-15
07666.00 1.442e-15
07668.00 1.440e-15
07670.00 1.470e-15
07672.00 1.465e-15
07674.00 1.448e-15
07676.00 1.475e-15
07678.00 1.471e-15
07680.00 1.451e-15
07682.00 1.476e-15
07684.00 1.456e-15
07686.00 1.436e-15
07688.00 1.451e-15
07690.00 1.471e-15
07692.00 1.448e-15
07694.00 1.466e-15
07696.00 1.495e-15
07698.00 1.492e-15
07700.00 1.464e-15
07702.00 1.447e-15
07704.00 1.436e-15
07706.00 1.448e-15
07708.00 1.429e-15
07710.00 1.437e-15
07712.00 1.434e-15
07714.00 1.429e-15
07716.00 1.453e-15
07718.00 1.450e-15
07720.00 1.453e-15
07722.00 1.458e-15
07724.00 1.447e-15
07726.00 1.478e-15
07728.00 1.440e-15
07730.00 1.468e-15
07732.00 1.462e-15
07734.00 1.455e-15
07736.00 1.469e-15
07738.00 1.456e-15
07740.00 1.475e-15
07742.00 1.492e-15
07744.00 1.492e-15
07746.00 1.474e-15
07748.00 1.482e-15
07750.00 1.469e-15
07752.00 1.487e-15
07754.00 1.492e-15
07756.00 1.487e-15
07758.00 1.504e-15
07760.00 1.508e-15
07762.00 1.512e-15
07764.00 1.508e-15
07766.00 1.496e-15
07768.00 1.496e-15
07770.00 1.496e-15
07772.00 1.498e-15
07774.00 1.498e-15
07776.00 1.498e-15
07778.00 1.498e-15
07780.00 1.498e-15
07782.00 1.485e-15
07784.00 1.485e-15
07786.00 1.495e-15
07788.00 1.483e-15
07790.00 1.481e-15
07792.00 1.500e-15
07794.00 1.515e-15
07796.00 1.522e-15
07798.00 1.470e-15
07800.00 1.506e-15
07802.00 1.503e-15
07804.00 1.524e-15
07806.00 1.523e-15
07808.00 1.502e-15
07810.00 1.532e-15
07812.00 1.526e-15
07814.00 1.577e-15
07816.00 1.603e-15
07818.00 1.598e-15
07820.00 1.558e-15
07822.00 1.536e-15
07824.00 1.567e-15
07826.00 1.562e-15
07828.00 1.514e-15
07830.00 1.573e-15
07832.00 1.586e-15
07834.00 1.607e-15
07836.00 1.610e-15
07838.00 1.563e-15
07840.00 1.578e-15
07842.00 1.586e-15
07844.00 1.586e-15
07846.00 1.603e-15
07848.00 1.563e-15
07850.00 1.575e-15
07852.00 1.603e-15
07854.00 1.586e-15
07856.00 1.598e-15
07858.00 1.578e-15
07860.00 1.598e-15
07862.00 1.591e-15
07864.00 1.577e-15
07866.00 1.551e-15
07868.00 1.538e-15
07870.00 1.569e-15
07872.00 1.548e-15
07874.00 1.551e-15
07876.00 1.570e-15
07878.00 1.573e-15
07880.00 1.579e-15
07882.00 1.576e-15
07884.00 1.591e-15
07886.00 1.589e-15
07888.00 1.569e-15
07890.00 1.570e-15
07892.00 1.558e-15
07894.00 1.576e-15
07896.00 1.544e-15
07898.00 1.569e-15
07900.00 1.562e-15
07902.00 1.517e-15
07904.00 1.520e-15
07906.00 1.518e-15
07908.00 1.577e-15
07910.00 1.572e-15
07912.00 1.585e-15
07914.00 1.557e-15
07916.00 1.573e-15
07918.00 1.575e-15
07920.00 1.582e-15
07922.00 1.565e-15
07924.00 1.540e-15
07926.00 1.517e-15
07928.00 1.549e-15
07930.00 1.533e-15
07932.00 1.534e-15
07934.00 1.552e-15
07936.00 1.557e-15
07938.00 1.552e-15
07940.00 1.572e-15
07942.00 1.525e-15
07944.00 1.519e-15
07946.00 1.515e-15
07948.00 1.515e-15
07950.00 1.510e-15
07952.00 1.506e-15
07954.00 1.502e-15
07956.00 1.502e-15
07958.00 1.491e-15
07960.00 1.478e-15
07962.00 1.481e-15
07964.00 1.471e-15
07966.00 1.496e-15
07968.00 1.510e-15
07970.00 1.512e-15
07972.00 1.501e-15
07974.00 1.478e-15
07976.00 1.456e-15
07978.00 1.454e-15
07980.00 1.449e-15
07982.00 1.475e-15
07984.00 1.447e-15
07986.00 1.437e-15
07988.00 1.434e-15
07990.00 1.430e-15
07992.00 1.442e-15
07994.00 1.451e-15
07996.00 1.439e-15
07998.00 1.429e-15
08000.00 1.406e-15
08002.00 1.390e-15
08004.00 1.408e-15
08006.00 1.424e-15
08008.00 1.384e-15
08010.00 1.359e-15
08012.00 1.383e-15
08014.00 1.352e-15
08016.00 1.394e-15
08018.00 1.375e-15
08020.00 1.349e-15
08022.00 1.349e-15
08024.00 1.383e-15
08026.00 1.380e-15
08028.00 1.363e-15
08030.00 1.316e-15
08032.00 1.373e-15
08034.00 1.376e-15
08036.00 1.308e-15
08038.00 1.299e-15
08040.00 1.309e-15
08042.00 1.314e-15
08044.00 1.324e-15
08046.00 1.305e-15
08048.00 1.324e-15
08050.00 1.308e-15
08052.00 1.314e-15
08054.00 1.309e-15
08056.00 1.294e-15
08058.00 1.293e-15
08060.00 1.287e-15
08062.00 1.258e-15
08064.00 1.261e-15
08066.00 1.245e-15
08068.00 1.237e-15
08070.00 1.264e-15
08072.00 1.255e-15
08074.00 1.258e-15
08076.00 1.235e-15
08078.00 1.228e-15
08080.00 1.249e-15
08082.00 1.250e-15
08084.00 1.226e-15
08086.00 1.215e-15
08088.00 1.205e-15
08090.00 1.204e-15
08092.00 1.191e-15
08094.00 1.170e-15
08096.00 1.183e-15
08098.00 1.156e-15
08100.00 1.166e-15
08102.00 1.197e-15
08104.00 1.178e-15
08106.00 1.182e-15
08108.00 1.183e-15
08110.00 1.137e-15
08112.00 1.147e-15
08114.00 1.156e-15
08116.00 1.113e-15
08118.00 1.129e-15
08120.00 1.128e-15
08122.00 1.120e-15
08124.00 1.095e-15
08126.00 1.080e-15
08128.00 1.126e-15
08130.00 1.098e-15
08132.00 1.060e-15
08134.00 1.053e-15
08136.00 1.006e-15
08138.00 1.030e-15
08140.00 1.085e-15
08142.00 1.057e-15
08144.00 1.009e-15
08146.00 1.012e-15
08148.00 9.820e-16
08150.00 9.569e-16
08152.00 9.833e-16
08154.00 9.700e-16
08156.00 9.414e-16
08158.00 9.306e-16
08160.00 9.068e-16
08162.00 9.070e-16
08164.00 8.594e-16
08166.00 8.466e-16
08168.00 8.659e-16
08170.00 8.359e-16
08172.00 7.853e-16
08174.00 7.831e-16
08176.00 7.979e-16
08178.00 7.493e-16
08180.00 7.106e-16
08182.00 7.194e-16
08184.00 7.121e-16
08186.00 6.822e-16
08188.00 6.645e-16
08190.00 6.673e-16
08192.00 6.477e-16
08194.00 6.042e-16
08196.00 6.117e-16
08198.00 5.819e-16
08200.00 5.526e-16
08202.00 5.566e-16
08204.00 5.589e-16
08206.00 5.429e-16
08208.00 5.077e-16
08210.00 4.917e-16
08212.00 5.015e-16
08214.00 4.574e-16
08216.00 4.537e-16
08218.00 4.502e-16
08220.00 4.352e-16
08222.00 4.337e-16
08224.00 4.149e-16
08226.00 4.221e-16
08228.00 4.075e-16
08230.00 3.826e-16
08232.00 4.094e-16
08234.00 3.736e-16
08236.00 3.781e-16
08238.00 3.691e-16
08240.00 3.619e-16
08242.00 3.503e-16
08244.00 3.554e-16
08246.00 3.515e-16
08248.00 3.501e-16
08250.00 3.357e-16
08252.00 3.458e-16
08254.00 3.396e-16
08256.00 3.413e-16
08258.00 3.271e-16
08260.00 3.385e-16
08262.00 3.379e-16
08264.00 3.358e-16
08266.00 3.319e-16
08268.00 3.207e-16
08270.00 3.186e-16
08272.00 3.429e-16
08274.00 3.123e-16
08276.00 3.163e-16
08278.00 3.410e-16
08280.00 3.683e-16
08282.00 3.156e-16
08284.00 2.984e-16
08286.00 3.306e-16
08288.00 3.313e-16
08290.00 3.225e-16
08292.00 3.285e-16
08294.00 3.351e-16
08296.00 3.338e-16
08298.00 3.375e-16
08300.00 3.344e-16
08302.00 3.336e-16
08304.00 3.387e-16
08306.00 3.223e-16
08308.00 3.262e-16
08310.00 3.498e-16
08312.00 3.437e-16
08314.00 3.239e-16
08316.00 3.226e-16
08318.00 3.554e-16
08320.00 3.493e-16
08322.00 3.339e-16
08324.00 3.463e-16
08326.00 3.390e-16
08328.00 3.280e-16
08330.00 3.298e-16
08332.00 3.380e-16
08334.00 3.331e-16
08336.00 3.326e-16
08338.00 3.454e-16
08340.00 3.469e-16
08342.00 3.560e-16
08344.00 3.616e-16
08346.00 3.487e-16
08348.00 3.485e-16
08350.00 3.427e-16
08352.00 3.501e-16
08354.00 3.468e-16
08356.00 3.379e-16
08358.00 3.636e-16
08360.00 3.711e-16
08362.00 3.582e-16
08364.00 3.463e-16
08366.00 3.573e-16
08368.00 3.559e-16
08370.00 3.760e-16
08372.00 3.772e-16
08374.00 3.714e-16
08376.00 3.677e-16
08378.00 3.757e-16
08380.00 3.676e-16
08382.00 3.748e-16
08384.00 3.834e-16
08386.00 3.722e-16
08388.00 3.694e-16
08390.00 3.900e-16
08392.00 3.808e-16
08394.00 3.835e-16
08396.00 3.924e-16
08398.00 4.084e-16
08400.00 3.917e-16
08402.00 4.174e-16
08404.00 4.144e-16
08406.00 4.189e-16
08408.00 4.270e-16
08410.00 4.392e-16
08412.00 4.216e-16
08414.00 4.265e-16
08416.00 4.196e-16
08418.00 4.193e-16
08420.00 3.982e-16
08422.00 4.337e-16
08424.00 4.494e-16
08426.00 4.548e-16
08428.00 4.592e-16
08430.00 4.513e-16
08432.00 4.748e-16
08434.00 4.735e-16
08436.00 4.689e-16
08438.00 4.657e-16
08440.00 4.886e-16
08442.00 5.024e-16
08444.00 5.111e-16
08446.00 5.167e-16
08448.00 5.271e-16
08450.00 5.395e-16
08452.00 5.223e-16
08454.00 5.403e-16
08456.00 5.455e-16
08458.00 5.701e-16
08460.00 5.796e-16
08462.00 5.816e-16
08464.00 6.001e-16
08466.00 6.188e-16
08468.00 6.158e-16
08470.00 5.959e-16
08472.00 6.114e-16
08474.00 6.339e-16
08476.00 6.397e-16
08478.00 6.381e-16
08480.00 6.570e-16
08482.00 6.535e-16
08484.00 6.622e-16
08486.00 6.860e-16
08488.00 6.774e-16
08490.00 6.986e-16
08492.00 7.017e-16
08494.00 7.189e-16
08496.00 7.311e-16
08498.00 7.329e-16
08500.00 7.296e-16
08502.00 7.566e-16
08504.00 7.641e-16
08506.00 7.700e-16
08508.00 7.724e-16
08510.00 7.729e-16
08512.00 8.004e-16
08514.00 8.088e-16
08516.00 8.307e-16
08518.00 8.288e-16
08520.00 8.252e-16
08522.00 8.367e-16
08524.00 8.583e-16
08526.00 8.593e-16
08528.00 8.513e-16
08530.00 8.736e-16
08532.00 8.823e-16
08534.00 8.952e-16
08536.00 9.085e-16
08538.00 9.145e-16
08540.00 8.931e-16
08542.00 9.067e-16
08544.00 9.280e-16
08546.00 9.534e-16
08548.00 9.670e-16
08550.00 9.588e-16
08552.00 9.745e-16
08554.00 9.496e-16
08556.00 9.789e-16
08558.00 9.955e-16
08560.00 1.023e-15
08562.00 1.051e-15
08564.00 1.029e-15
08566.00 1.033e-15
08568.00 1.028e-15
08570.00 1.055e-15
08572.00 1.044e-15
08574.00 1.073e-15
08576.00 1.088e-15
08578.00 1.102e-15
08580.00 1.118e-15
08582.00 1.140e-15
08584.00 1.135e-15
08586.00 1.133e-15
08588.00 1.169e-15
08590.00 1.191e-15
08592.00 1.155e-15
08594.00 1.161e-15
08596.00 1.193e-15
08598.00 1.204e-15
08600.00 1.214e-15
08602.00 1.209e-15
08604.00 1.208e-15
08606.00 1.227e-15
08608.00 1.240e-15
08610.00 1.272e-15
08612.00 1.275e-15
08614.00 1.304e-15
08616.00 1.317e-15
08618.00 1.304e-15
08620.00 1.298e-15
08622.00 1.292e-15
08624.00 1.307e-15
08626.00 1.323e-15
08628.00 1.348e-15
08630.00 1.358e-15
08632.00 1.349e-15
08634.00 1.328e-15
08636.00 1.330e-15
08638.00 1.351e-15
08640.00 1.397e-15
08642.00 1.389e-15
08644.00 1.401e-15
08646.00 1.410e-15
08648.00 1.401e-15
08650.00 1.417e-15
08652.00 1.413e-15
08654.00 1.397e-15
08656.00 1.424e-15
08658.00 1.408e-15
08660.00 1.432e-15
08662.00 1.436e-15
08664.00 1.431e-15
08666.00 1.435e-15
08668.00 1.419e-15
08670.00 1.438e-15
08672.00 1.446e-15
08674.00 1.431e-15
08676.00 1.439e-15
08678.00 1.417e-15
08680.00 1.445e-15
08682.00 1.464e-15
08684.00 1.454e-15
08686.00 1.460e-15
08688.00 1.443e-15
08690.00 1.457e-15
08692.00 1.450e-15
08694.00 1.449e-15
08696.00 1.467e-15
08698.00 1.454e-15
08700.00 1.457e-15
08702.00 1.452e-15
08704.00 1.449e-15
08706.00 1.464e-15
08708.00 1.466e-15
08710.00 1.465e-15
08712.00 1.461e-15
08714.00 1.450e-15
08716.00 1.459e-15
08718.00 1.459e-15
08720.00 1.441e-15
08722.00 1.451e-15
08724.00 1.434e-15
08726.00 1.437e-15
08728.00 1.451e-15
08730.00 1.455e-15
08732.00 1.452e-15
08734.00 1.449e-15
08736.00 1.428e-15
08738.00 1.418e-15
08740.00 1.433e-15
08742.00 1.424e-15
08744.00 1.434e-15
08746.00 1.419e-15
08748.00 1.411e-15
08750.00 1.405e-15
08752.00 1.411e-15
08754.00 1.401e-15
08756.00 1.393e-15
08758.00 1.413e-15
08760.00 1.404e-15
08762.00 1.403e-15
08764.00 1.391e-15
08766.00 1.359e-15
08768.00 1.399e-15
08770.00 1.392e-15
08772.00 1.391e-15
08774.00 1.398e-15
08776.00 1.364e-15
08778.00 1.367e-15
08780.00 1.381e-15
08782.00 1.383e-15
08784.00 1.370e-15
08786.00 1.359e-15
08788.00 1.357e-15
08790.00 1.352e-15
08792.00 1.349e-15
08794.00 1.337e-15
08796.00 1.360e-15
08798.00 1.367e-15
08800.00 1.357e-15
08802.00 1.343e-15
08804.00 1.361e-15
08806.00 1.344e-15
08808.00 1.338e-15
08810.00 1.314e-15
08812.00 1.321e-15
08814.00 1.307e-15
08816.00 1.312e-15
08818.00 1.340e-15
08820.00 1.332e-15
08822.00 1.338e-15
08824.00 1.318e-15
08826.00 1.302e-15
08828.00 1.308e-15
08830.00 1.337e-15
08832.00 1.313e-15
08834.00 1.314e-15
08836.00 1.311e-15
08838.00 1.310e-15
08840.00 1.303e-15
08842.00 1.274e-15
08844.00 1.254e-15
08846.00 1.258e-15
08848.00 1.293e-15
08850.00 1.279e-15
08852.00 1.254e-15
08854.00 1.268e-15
08856.00 1.248e-15
08858.00 1.236e-15
08860.00 1.228e-15
08862.00 1.243e-15
08864.00 1.254e-15
08866.00 1.244e-15
08868.00 1.217e-15
08870.00 1.265e-15
08872.00 1.241e-15
08874.00 1.222e-15
08876.00 1.234e-15
08878.00 1.188e-15
08880.00 1.178e-15
08882.00 1.208e-15
08884.00 1.194e-15
08886.00 1.197e-15
08888.00 1.204e-15
08890.00 1.202e-15
08892.00 1.194e-15
08894.00 1.208e-15
08896.00 1.182e-15
08898.00 1.171e-15
08900.00 1.179e-15
08902.00 1.148e-15
08904.00 1.162e-15
08906.00 1.183e-15
08908.00 1.142e-15
08910.00 1.144e-15
08912.00 1.160e-15
08914.00 1.160e-15
08916.00 1.170e-15
08918.00 1.110e-15
08920.00 1.107e-15
08922.00 1.168e-15
08924.00 1.163e-15
08926.00 1.135e-15
08928.00 1.111e-15
08930.00 1.095e-15
08932.00 1.099e-15
08934.00 1.110e-15
08936.00 1.109e-15
08938.00 1.098e-15
08940.00 1.104e-15
08942.00 1.101e-15
08944.00 1.101e-15
08946.00 1.126e-15
08948.00 1.076e-15
08950.00 1.058e-15
08952.00 1.070e-15
08954.00 1.072e-15
08956.00 1.020e-15
08958.00 1.039e-15
08960.00 1.059e-15
08962.00 1.067e-15
08964.00 1.012e-15
08966.00 1.053e-15
08968.00 1.016e-15
08970.00 1.068e-15
08972.00 1.052e-15
08974.00 1.023e-15
08976.00 1.002e-15
08978.00 1.019e-15
08980.00 1.020e-15
08982.00 9.746e-16
08984.00 9.862e-16
08986.00 1.074e-15
08988.00 9.861e-16
08990.00 9.824e-16
08992.00 9.904e-16
08994.00 1.019e-15
08996.00 1.052e-15
08998.00 1.071e-15
09000.00 1.057e-15
09002.00 1.016e-15
09004.00 1.040e-15
09006.00 1.033e-15
09008.00 1.090e-15
09010.00 1.210e-15
09012.00 1.398e-15
09014.00 1.419e-15
09016.00 1.296e-15
09018.00 1.071e-15
09020.00 1.006e-15
09022.00 9.735e-16
09024.00 8.907e-16
09026.00 8.733e-16
09028.00 8.742e-16
09030.00 8.873e-16
09032.00 8.262e-16
09034.00 8.201e-16
09036.00 8.592e-16
09038.00 8.327e-16
09040.00 8.283e-16
09042.00 8.103e-16
09044.00 7.788e-16
09046.00 7.809e-16
09048.00 8.074e-16
09050.00 7.911e-16
09052.00 7.910e-16
09054.00 7.757e-16
09056.00 7.940e-16
09058.00 8.306e-16
09060.00 8.585e-16
09062.00 8.276e-16
09064.00 7.880e-16
09066.00 7.804e-16
09068.00 7.888e-16
09070.00 7.530e-16
09072.00 7.747e-16
09074.00 7.417e-16
09076.00 7.624e-16
09078.00 7.866e-16
09080.00 7.509e-16
09082.00 7.470e-16
09084.00 7.972e-16
09086.00 7.907e-16
09088.00 7.468e-16
09090.00 7.655e-16
09092.00 7.393e-16
09094.00 7.295e-16
09096.00 7.245e-16
09098.00 7.615e-16
09100.00 7.484e-16
09102.00 7.062e-16
09104.00 7.856e-16
09106.00 7.689e-16
09108.00 7.045e-16
09110.00 7.580e-16
09112.00 7.563e-16
09114.00 7.681e-16
09116.00 7.852e-16
09118.00 7.493e-16
09120.00 7.407e-16
09122.00 7.899e-16
09124.00 7.853e-16
09126.00 7.769e-16
09128.00 8.065e-16
09130.00 7.813e-16
09132.00 7.676e-16
09134.00 8.016e-16
09136.00 7.909e-16
09138.00 7.735e-16
09140.00 8.019e-16
09142.00 8.311e-16
09144.00 8.021e-16
09146.00 7.742e-16
09148.00 8.086e-16
09150.00 8.351e-16
09152.00 8.030e-16
09154.00 8.212e-16
09156.00 8.367e-16
09158.00 8.322e-16
09160.00 8.775e-16
09162.00 8.377e-16
09164.00 8.516e-16
09166.00 8.540e-16
09168.00 8.715e-16
09170.00 8.487e-16
09172.00 8.798e-16
09174.00 8.768e-16
09176.00 8.448e-16
09178.00 8.551e-16
09180.00 8.802e-16
09182.00 9.129e-16
09184.00 8.831e-16
09186.00 8.748e-16
09188.00 9.024e-16
09190.00 9.117e-16
09192.00 9.186e-16
09194.00 9.429e-16
09196.00 9.280e-16
09198.00 9.096e-16
09200.00 9.281e-16
09202.00 9.312e-16
09204.00 9.535e-16
09206.00 9.864e-16
09208.00 9.924e-16
09210.00 1.038e-15
09212.00 1.053e-15
09214.00 9.948e-16
09216.00 9.790e-16
09218.00 1.037e-15
09220.00 1.065e-15
09222.00 1.138e-15
09224.00 1.286e-15
09226.00 1.512e-15
09228.00 1.555e-15
09230.00 1.350e-15
09232.00 1.164e-15
09234.00 1.078e-15
09236.00 9.950e-16
09238.00 9.764e-16
09240.00 9.537e-16
09242.00 9.431e-16
09244.00 9.336e-16
09246.00 9.375e-16
09248.00 9.260e-16
09250.00 9.617e-16
09252.00 9.246e-16
09254.00 9.219e-16
09256.00 9.342e-16
09258.00 9.575e-16
09260.00 9.607e-16
09262.00 9.487e-16
09264.00 9.582e-16
09266.00 9.766e-16
09268.00 9.677e-16
09270.00 9.164e-16
09272.00 9.010e-16
09274.00 9.088e-16
09276.00 9.417e-16
09278.00 9.361e-16
09280.00 8.755e-16
09282.00 8.994e-16
09284.00 9.626e-16
09286.00 9.085e-16
09288.00 8.696e-16
09290.00 8.978e-16
09292.00 9.058e-16
09294.00 8.965e-16
09296.00 8.961e-16
09298.00 9.163e-16
09300.00 9.397e-16
09302.00 9.603e-16
09304.00 9.470e-16
09306.00 9.246e-16
09308.00 9.975e-16
09310.00 8.486e-16
09312.00 8.685e-16
09314.00 9.694e-16
09316.00 9.640e-16
09318.00 8.281e-16
09320.00 8.632e-16
09322.00 9.769e-16
09324.00 9.874e-16
09326.00 8.344e-16
09328.00 8.276e-16
09330.00 8.463e-16
09332.00 8.911e-16
09334.00 8.840e-16
09336.00 7.745e-16
09338.00 7.598e-16
09340.00 7.626e-16
09342.00 9.976e-16
09344.00 1.090e-15
09346.00 7.477e-16
09348.00 8.144e-16
09350.00 8.727e-16
09352.00 9.334e-16
09354.00 8.962e-16
09356.00 8.134e-16
09358.00 8.086e-16
09360.00 7.181e-16
09362.00 7.586e-16
09364.00 8.303e-16
09366.00 7.967e-16
09368.00 7.546e-16
09370.00 8.836e-16
09372.00 7.563e-16
09374.00 7.644e-16
09376.00 7.775e-16
09378.00 7.683e-16
09380.00 7.664e-16
09382.00 6.400e-16
09384.00 7.754e-16
09386.00 8.226e-16
09388.00 7.669e-16
09390.00 8.212e-16
09392.00 8.341e-16
09394.00 7.866e-16
09396.00 7.864e-16
09398.00 8.199e-16
09400.00 8.197e-16
09402.00 7.700e-16
09404.00 7.114e-16
09406.00 7.464e-16
09408.00 7.829e-16
09410.00 7.917e-16
09412.00 7.206e-16
09414.00 7.493e-16
09416.00 8.180e-16
09418.00 8.146e-16
09420.00 7.880e-16
09422.00 7.814e-16
09424.00 7.686e-16
09426.00 8.683e-16
09428.00 8.438e-16
09430.00 6.880e-16
09432.00 7.518e-16
09434.00 7.818e-16
09436.00 8.522e-16
09438.00 8.419e-16
09440.00 8.161e-16
09442.00 7.622e-16
09444.00 6.909e-16
09446.00 7.583e-16
09448.00 7.766e-16
09450.00 7.789e-16
09452.00 7.782e-16
09454.00 8.207e-16
09456.00 7.449e-16
09458.00 7.808e-16
09460.00 8.467e-16
09462.00 7.541e-16
09464.00 7.844e-16
09466.00 7.359e-16
09468.00 7.594e-16
09470.00 6.993e-16
09472.00 7.552e-16
09474.00 8.323e-16
09476.00 7.250e-16
09478.00 7.892e-16
09480.00 8.872e-16
09482.00 7.220e-16
09484.00 6.953e-16
09486.00 7.438e-16
09488.00 7.262e-16
09490.00 7.815e-16
09492.00 8.214e-16
09494.00 7.955e-16
09496.00 6.841e-16
09498.00 6.832e-16
09500.00 7.095e-16
09502.00 6.847e-16
09504.00 7.353e-16
09506.00 7.700e-16
09508.00 7.518e-16
09510.00 7.273e-16
09512.00 8.209e-16
09514.00 8.586e-16
09516.00 9.123e-16
09518.00 8.541e-16
09520.00 7.713e-16
09522.00 8.152e-16
09524.00 8.134e-16
09526.00 8.657e-16
09528.00 8.456e-16
09530.00 7.616e-16
09532.00 8.091e-16
09534.00 8.233e-16
09536.00 8.300e-16
09538.00 8.531e-16
09540.00 9.638e-16
09542.00 1.133e-15
09544.00 1.245e-15
09546.00 1.033e-15
09548.00 9.688e-16
09550.00 9.015e-16
09552.00 8.829e-16
09554.00 8.476e-16
09556.00 7.601e-16
09558.00 7.389e-16
09560.00 7.751e-16
09562.00 8.239e-16
09564.00 7.901e-16
09566.00 7.452e-16
09568.00 7.285e-16
09570.00 7.670e-16
09572.00 7.289e-16
09574.00 7.597e-16
09576.00 8.046e-16
09578.00 7.819e-16
09580.00 7.799e-16
09582.00 7.054e-16
09584.00 7.636e-16
09586.00 8.024e-16
09588.00 7.984e-16
09590.00 7.579e-16
09592.00 6.948e-16
09594.00 7.014e-16
09596.00 7.317e-16
09598.00 7.359e-16
09600.00 7.040e-16
09602.00 7.586e-16
09604.00 8.095e-16
09606.00 7.352e-16
09608.00 7.337e-16
09610.00 7.220e-16
09612.00 7.253e-16
09614.00 7.716e-16
09616.00 7.595e-16
09618.00 7.983e-16
09620.00 7.920e-16
09622.00 7.453e-16
09624.00 7.912e-16
09626.00 7.929e-16
09628.00 6.999e-16
09630.00 7.197e-16
09632.00 7.492e-16
09634.00 7.714e-16
09636.00 7.835e-16
09638.00 7.141e-16
09640.00 7.391e-16
09642.00 7.362e-16
09644.00 7.948e-16
09646.00 7.824e-16
09648.00 7.337e-16
09650.00 7.349e-16
09652.00 7.174e-16
09654.00 7.278e-16
09656.00 7.458e-16
09658.00 7.182e-16
09660.00 7.362e-16
09662.00 7.166e-16
09664.00 6.630e-16
09666.00 7.072e-16
09668.00 7.024e-16
09670.00 7.195e-16
09672.00 7.102e-16
09674.00 7.427e-16
09676.00 7.337e-16
09678.00 7.659e-16
09680.00 7.670e-16
09682.00 7.030e-16
09684.00 7.150e-16
09686.00 7.389e-16
09688.00 7.295e-16
09690.00 7.038e-16
09692.00 7.321e-16
09694.00 7.128e-16
09696.00 7.317e-16
09698.00 7.482e-16
09700.00 7.755e-16
09702.00 7.186e-16
09704.00 6.985e-16
09706.00 7.203e-16
09708.00 7.250e-16
09710.00 6.888e-16
09712.00 6.979e-16
09714.00 7.217e-16
09716.00 7.051e-16
09718.00 7.262e-16
09720.00 7.097e-16
09722.00 7.265e-16
09724.00 6.788e-16
09726.00 6.652e-16
09728.00 7.056e-16
09730.00 7.156e-16
09732.00 7.022e-16
09734.00 7.393e-16
09736.00 7.166e-16
09738.00 6.620e-16
09740.00 6.708e-16
09742.00 7.344e-16
09744.00 6.935e-16
09746.00 6.850e-16
09748.00 7.168e-16
09750.00 7.014e-16
09752.00 6.987e-16
09754.00 6.949e-16
09756.00 6.724e-16
09758.00 6.563e-16
09760.00 6.695e-16
09762.00 7.070e-16
09764.00 6.353e-16
09766.00 6.216e-16
09768.00 6.864e-16
09770.00 6.915e-16
09772.00 6.976e-16
09774.00 6.561e-16
09776.00 6.465e-16
09778.00 6.692e-16
09780.00 6.825e-16
09782.00 6.851e-16
09784.00 6.599e-16
09786.00 6.701e-16
09788.00 6.832e-16
09790.00 6.954e-16
09792.00 6.580e-16
09794.00 6.405e-16
09796.00 6.621e-16
09798.00 6.757e-16
09800.00 6.522e-16
09802.00 6.554e-16
09804.00 6.431e-16
09806.00 6.656e-16
09808.00 6.799e-16
09810.00 6.643e-16
09812.00 6.720e-16
09814.00 6.463e-16
09816.00 6.570e-16
09818.00 6.374e-16
09820.00 6.452e-16
09822.00 6.586e-16
09824.00 6.588e-16
09826.00 6.525e-16
09828.00 6.425e-16
09830.00 6.652e-16
09832.00 6.559e-16
09834.00 6.716e-16
09836.00 6.649e-16
09838.00 6.798e-16
09840.00 6.545e-16
09842.00 6.763e-16
09844.00 6.521e-16
09846.00 6.509e-16
09848.00 6.610e-16
09850.00 6.464e-16
09852.00 6.316e-16
09854.00 6.673e-16
09856.00 6.542e-16
09858.00 6.606e-16
09860.00 6.579e-16
09862.00 6.479e-16
09864.00 6.735e-16
09866.00 6.845e-16
09868.00 6.662e-16
09870.00 6.853e-16
09872.00 6.277e-16
09874.00 6.376e-16
09876.00 6.374e-16
09878.00 6.345e-16
09880.00 6.498e-16
09882.00 6.586e-16
09884.00 6.708e-16
09886.00 6.642e-16
09888.00 6.685e-16
09890.00 6.693e-16
09892.00 6.489e-16
09894.00 6.691e-16
09896.00 6.436e-16
09898.00 6.136e-16
09900.00 6.211e-16
09902.00 6.437e-16
09904.00 6.425e-16
09906.00 6.683e-16
09908.00 6.463e-16
09910.00 6.324e-16
09912.00 6.602e-16
09914.00 6.408e-16
09916.00 6.503e-16
09918.00 6.542e-16
09920.00 6.212e-16
09922.00 6.367e-16
09924.00 6.586e-16
09926.00 6.514e-16
09928.00 6.280e-16
09930.00 6.097e-16
09932.00 6.569e-16
09934.00 6.555e-16
09936.00 6.494e-16
09938.00 6.501e-16
09940.00 6.537e-16
09942.00 6.709e-16
09944.00 6.629e-16
09946.00 6.726e-16
09948.00 6.933e-16
09950.00 6.500e-16
09952.00 6.179e-16
09954.00 6.795e-16
09956.00 6.867e-16
09958.00 6.433e-16
09960.00 6.372e-16
09962.00 6.456e-16
09964.00 6.452e-16
09966.00 6.419e-16
09968.00 6.341e-16
09970.00 6.140e-16
09972.00 6.329e-16
09974.00 6.407e-16
09976.00 6.138e-16
09978.00 6.023e-16
09980.00 6.189e-16
09982.00 6.111e-16
09984.00 6.134e-16
09986.00 5.993e-16
09988.00 5.904e-16
09990.00 5.886e-16
09992.00 5.869e-16
09994.00 5.775e-16
09996.00 5.770e-16
09998.00 5.559e-16
10000.00 5.621e-16
10002.00 5.414e-16
10004.00 5.637e-16
10006.00 5.670e-16
10008.00 5.615e-16
10010.00 5.604e-16
10012.00 5.534e-16
10014.00 5.431e-16
10016.00 5.395e-16
10018.00 5.246e-16
10020.00 5.119e-16
10022.00 5.299e-16
10024.00 5.277e-16
10026.00 5.260e-16
10028.00 4.951e-16
10030.00 4.881e-16
10032.00 5.089e-16
10034.00 5.004e-16
10036.00 4.853e-16
10038.00 4.706e-16
10040.00 4.574e-16
10042.00 4.456e-16
10044.00 4.563e-16
10046.00 4.236e-16
10048.00 4.413e-16
10050.00 4.428e-16
10052.00 4.444e-16
10054.00 4.117e-16
10056.00 4.045e-16
10058.00 4.053e-16
10060.00 4.310e-16
10062.00 4.079e-16
10064.00 4.257e-16
10066.00 3.999e-16
10068.00 4.115e-16
10070.00 4.048e-16
10072.00 3.685e-16
10074.00 3.782e-16
10076.00 3.821e-16
10078.00 3.912e-16
10080.00 3.795e-16
10082.00 3.959e-16
10084.00 3.608e-16
10086.00 3.563e-16
10088.00 3.684e-16
10090.00 3.299e-16
10092.00 3.510e-16
10094.00 3.246e-16
10096.00 3.412e-16
10098.00 3.590e-16
10100.00 3.406e-16
