03093.84 4.152e-17
03095.24 7.775e-17
03096.64 1.253e-16
03098.04 1.022e-16
03099.45 -1.899e-17
03100.85 -7.638e-17
03102.25 -4.450e-17
03103.65 2.445e-18
03105.05 -1.010e-17
03106.45 9.765e-20
03107.85 1.557e-17
03109.25 -1.497e-17
03110.65 1.152e-17
03112.05 2.109e-19
03113.45 -3.524e-17
03114.85 9.157e-17
03116.25 9.769e-17
03117.65 -9.900e-18
03119.05 -2.239e-17
03120.46 -1.920e-17
03121.86 -2.653e-17
03123.26 -2.127e-17
03124.66 2.028e-17
03126.06 2.975e-17
03127.46 -2.652e-18
03128.86 -2.479e-17
03130.26 -1.258e-17
03131.66 1.201e-17
03133.06 8.390e-18
03134.46 -3.998e-17
03135.86 -5.473e-17
03137.26 -2.193e-17
03138.66 3.762e-18
03140.07 2.186e-17
03141.47 1.337e-17
03142.87 -2.287e-17
03144.27 -4.080e-17
03145.67 -6.422e-18
03147.07 5.084e-17
03148.47 6.107e-17
03149.87 1.294e-17
03151.27 -2.337e-17
03152.67 1.803e-18
03154.07 1.893e-17
03155.47 -1.417e-17
03156.88 -4.909e-17
03158.28 -1.923e-18
03159.68 -8.493e-18
03161.08 -5.081e-17
03162.48 -2.902e-17
03163.88 9.057e-18
03165.28 4.273e-18
03166.68 -3.187e-17
03168.08 -1.606e-17
03169.48 5.015e-18
03170.88 1.023e-18
03172.28 -1.063e-17
03173.68 -8.166e-18
03175.08 -4.217e-18
03176.49 -7.618e-18
03177.89 6.110e-18
03179.29 8.323e-18
03180.69 -4.699e-18
03182.09 -3.942e-18
03183.49 -6.239e-18
03184.89 -3.902e-18
03186.29 1.289e-17
03187.69 1.714e-17
03189.09 1.360e-17
03190.49 1.966e-17
03191.89 4.067e-17
03193.29 3.750e-17
03194.69 1.606e-17
03196.09 9.983e-18
03197.50 -1.042e-18
03198.90 1.442e-18
03200.30 1.919e-17
03201.70 -9.503e-19
03203.10 -1.214e-17
03204.50 -1.146e-18
03205.90 -8.789e-18
03207.30 2.561e-18
03208.70 3.288e-17
03210.10 4.276e-17
03211.50 -5.465e-18
03212.90 -3.143e-17
03214.30 1.154e-17
03215.70 4.901e-17
03217.11 3.754e-17
03218.51 2.858e-18
03219.91 9.767e-19
03221.31 5.592e-18
03222.71 1.201e-17
03224.11 1.860e-17
03225.51 -4.409e-18
03226.91 -3.105e-18
03228.31 3.386e-17
03229.71 3.815e-17
03231.11 3.582e-17
03232.51 3.357e-17
03233.91 1.786e-17
03235.32 1.777e-17
03236.72 2.715e-17
03238.12 3.081e-17
03239.52 3.744e-17
03240.92 3.893e-17
03242.32 3.222e-17
03243.72 2.592e-17
03245.12 1.999e-17
03246.52 1.015e-17
03247.92 -7.853e-19
03249.32 1.203e-17
03250.72 3.282e-17
03252.12 3.697e-17
03253.52 2.805e-17
03254.93 1.754e-17
03256.33 1.822e-17
03257.73 3.374e-17
03259.13 3.860e-17
03260.53 3.308e-17
03261.93 3.512e-17
03263.33 3.940e-17
03264.73 3.487e-17
03266.13 1.919e-17
03267.53 7.569e-18
03268.93 1.767e-17
03270.33 3.664e-17
03271.73 2.923e-17
03273.14 2.615e-17
03274.53 3.531e-17
03275.94 3.724e-17
03277.34 2.660e-17
03278.74 2.036e-17
03280.14 2.748e-17
03281.54 2.271e-17
03282.94 2.224e-17
03284.34 3.269e-17
03285.74 3.049e-17
03287.14 1.371e-17
03288.54 1.786e-18
03289.94 1.295e-17
03291.34 1.893e-17
03292.74 1.871e-17
03294.14 2.283e-17
03295.55 1.993e-17
03296.95 1.993e-17
03298.35 2.708e-17
03299.75 2.598e-17
03301.15 1.810e-17
03302.55 1.757e-17
03303.95 3.454e-17
03305.35 3.711e-17
03306.75 2.473e-17
03308.15 2.106e-17
03309.55 3.578e-17
03310.95 4.174e-17
03312.36 2.818e-17
03313.76 3.715e-17
03315.16 3.182e-17
03316.56 8.792e-18
03317.96 2.354e-17
03319.36 3.970e-17
03320.76 3.672e-17
03322.16 2.914e-17
03323.56 3.365e-17
03324.96 3.524e-17
03326.36 1.867e-17
03327.76 1.125e-17
03329.16 2.409e-17
03330.56 4.125e-17
03331.97 2.937e-17
03333.36 2.004e-17
03334.77 3.276e-17
03336.17 4.752e-17
03337.57 4.038e-17
03338.97 2.135e-17
03340.37 1.902e-17
03341.77 3.241e-17
03343.17 4.303e-17
03344.57 3.812e-17
03345.97 3.232e-17
03347.37 2.884e-17
03348.77 2.817e-17
03350.17 3.339e-17
03351.57 3.248e-17
03352.98 2.496e-17
03354.38 2.445e-17
03355.78 2.991e-17
03357.18 3.511e-17
03358.58 3.452e-17
03359.98 2.879e-17
03361.38 2.785e-17
03362.78 3.641e-17
03364.18 3.996e-17
03365.58 3.330e-17
03366.98 2.678e-17
03368.38 3.999e-17
03369.78 4.473e-17
03371.18 3.383e-17
03372.59 3.385e-17
03373.99 3.086e-17
03375.39 2.469e-17
03376.79 2.661e-17
03378.19 2.347e-17
03379.59 1.923e-17
03380.99 2.417e-17
03382.39 3.310e-17
03383.79 3.645e-17
03385.19 3.262e-17
03386.59 3.412e-17
03387.99 3.600e-17
03389.39 3.479e-17
03390.80 3.596e-17
03392.20 3.525e-17
03393.60 3.282e-17
03395.00 3.247e-17
03396.40 2.474e-17
03397.80 2.076e-17
03399.20 3.297e-17
03400.60 3.321e-17
03402.00 2.532e-17
03403.40 2.423e-17
03404.80 2.388e-17
03406.20 2.416e-17
03407.60 2.484e-17
03409.01 2.247e-17
03410.41 2.551e-17
03411.81 3.496e-17
03413.21 3.963e-17
03414.61 3.455e-17
03416.01 2.761e-17
03417.41 3.050e-17
03418.81 3.222e-17
03420.21 2.981e-17
03421.61 2.863e-17
03423.01 3.216e-17
03424.41 3.479e-17
03425.81 3.222e-17
03427.21 3.279e-17
03428.61 3.133e-17
03430.01 2.735e-17
03431.42 3.457e-17
03432.82 3.977e-17
03434.22 3.575e-17
03435.62 3.323e-17
03437.02 3.358e-17
03438.42 3.521e-17
03439.82 3.635e-17
03441.22 3.784e-17
03442.62 3.496e-17
03444.02 2.647e-17
03445.42 3.482e-17
03446.82 4.543e-17
03448.22 3.877e-17
03449.62 3.987e-17
03451.03 4.285e-17
03452.43 3.707e-17
03453.83 3.373e-17
03455.23 4.201e-17
03456.63 5.583e-17
03458.03 5.370e-17
03459.43 4.460e-17
03460.83 4.041e-17
03462.23 4.237e-17
03463.63 4.189e-17
03465.03 4.010e-17
03466.43 4.523e-17
03467.84 4.788e-17
03469.24 4.938e-17
03470.64 5.596e-17
03472.04 5.829e-17
03473.44 5.363e-17
03474.84 4.710e-17
03476.24 4.850e-17
03477.64 5.112e-17
03479.04 5.048e-17
03480.44 6.043e-17
03481.84 6.995e-17
03483.24 6.897e-17
03484.64 6.485e-17
03486.04 6.009e-17
03487.45 5.811e-17
03488.85 6.304e-17
03490.25 6.812e-17
03491.65 6.844e-17
03493.05 6.556e-17
03494.45 6.595e-17
03495.85 7.188e-17
03497.25 7.844e-17
03498.65 7.146e-17
03500.05 6.508e-17
03501.45 7.663e-17
03502.85 7.688e-17
03504.25 6.962e-17
03505.66 7.017e-17
03507.05 6.906e-17
03508.46 6.984e-17
03509.86 7.498e-17
03511.26 7.355e-17
03512.66 7.059e-17
03514.06 7.156e-17
03515.46 7.241e-17
03516.86 7.637e-17
03518.26 8.015e-17
03519.66 7.322e-17
03521.06 7.253e-17
03522.46 7.863e-17
03523.86 7.216e-17
03525.26 6.514e-17
03526.66 6.476e-17
03528.07 6.761e-17
03529.47 7.431e-17
03530.87 7.728e-17
03532.27 6.868e-17
03533.67 5.978e-17
03535.07 5.271e-17
03536.47 4.577e-17
03537.87 4.852e-17
03539.27 5.666e-17
03540.67 6.118e-17
03542.07 6.222e-17
03543.47 5.879e-17
03544.88 5.161e-17
03546.28 4.535e-17
03547.68 4.597e-17
03549.08 5.184e-17
03550.48 5.063e-17
03551.88 4.548e-17
03553.28 4.481e-17
03554.68 5.311e-17
03556.08 5.567e-17
03557.48 4.958e-17
03558.88 4.997e-17
03560.28 4.776e-17
03561.68 4.046e-17
03563.08 3.801e-17
03564.49 4.531e-17
03565.89 5.275e-17
03567.29 4.647e-17
03568.69 4.397e-17
03570.09 4.528e-17
03571.49 3.960e-17
03572.89 4.505e-17
03574.29 5.276e-17
03575.69 4.591e-17
03577.09 4.820e-17
03578.49 5.348e-17
03579.89 4.674e-17
03581.29 4.486e-17
03582.69 4.836e-17
03584.09 5.085e-17
03585.50 5.474e-17
03586.90 5.704e-17
03588.30 5.630e-17
03589.70 5.869e-17
03591.10 5.814e-17
03592.50 5.146e-17
03593.90 4.892e-17
03595.30 5.085e-17
03596.70 5.335e-17
03598.10 5.321e-17
03599.50 5.223e-17
03600.90 5.391e-17
03602.30 6.006e-17
03603.70 6.260e-17
03605.11 5.863e-17
03606.51 5.501e-17
03607.91 5.570e-17
03609.31 5.715e-17
03610.71 5.191e-17
03612.11 5.140e-17
03613.51 5.631e-17
03614.91 5.580e-17
03616.31 5.777e-17
03617.71 6.575e-17
03619.11 7.440e-17
03620.51 7.356e-17
03621.91 6.456e-17
03623.32 5.731e-17
03624.72 5.332e-17
03626.12 5.714e-17
03627.52 7.010e-17
03628.92 7.474e-17
03630.32 6.900e-17
03631.72 6.254e-17
03633.12 6.020e-17
03634.52 6.289e-17
03635.92 6.721e-17
03637.32 6.545e-17
03638.72 6.421e-17
03640.12 7.020e-17
03641.53 6.972e-17
03642.93 6.350e-17
03644.33 5.968e-17
03645.73 6.203e-17
03647.13 6.563e-17
03648.53 6.656e-17
03649.93 7.189e-17
03651.33 7.523e-17
03652.73 7.216e-17
03654.13 7.381e-17
03655.53 7.458e-17
03656.93 6.990e-17
03658.33 7.008e-17
03659.73 7.129e-17
03661.14 6.947e-17
03662.53 6.987e-17
03663.94 7.147e-17
03665.34 7.262e-17
03666.74 7.438e-17
03668.14 7.376e-17
03669.54 6.989e-17
03670.94 6.685e-17
03672.34 6.729e-17
03673.74 7.019e-17
03675.14 7.100e-17
03676.54 6.947e-17
03677.94 6.713e-17
03679.34 6.572e-17
03680.74 6.877e-17
03682.15 7.210e-17
03683.55 6.491e-17
03684.95 5.968e-17
03686.35 6.357e-17
03687.75 6.884e-17
03689.15 6.770e-17
03690.55 6.257e-17
03691.95 6.470e-17
03693.35 6.774e-17
03694.75 6.656e-17
03696.15 6.329e-17
03697.55 6.307e-17
03698.95 6.423e-17
03700.36 5.985e-17
03701.76 5.962e-17
03703.16 6.238e-17
03704.56 5.707e-17
03705.96 6.094e-17
03707.36 7.044e-17
03708.76 6.396e-17
03710.16 6.269e-17
03711.56 6.913e-17
03712.96 6.473e-17
03714.36 5.798e-17
03715.76 5.549e-17
03717.16 5.611e-17
03718.56 5.671e-17
03719.97 5.515e-17
03721.37 5.220e-17
03722.77 5.431e-17
03724.17 5.879e-17
03725.57 5.734e-17
03726.97 5.753e-17
03728.37 5.763e-17
03729.77 5.033e-17
03731.17 5.026e-17
03732.57 5.703e-17
03733.97 5.829e-17
03735.37 6.184e-17
03736.77 6.588e-17
03738.18 6.183e-17
03739.57 5.824e-17
03740.98 5.760e-17
03742.38 5.641e-17
03743.78 5.954e-17
03745.18 6.337e-17
03746.58 6.035e-17
03747.98 5.963e-17
03749.38 6.243e-17
03750.78 6.203e-17
03752.18 5.608e-17
03753.58 5.161e-17
03754.98 5.680e-17
03756.38 5.661e-17
03757.78 5.110e-17
03759.18 5.177e-17
03760.59 4.956e-17
03761.99 4.466e-17
03763.39 4.507e-17
03764.79 4.797e-17
03766.19 4.781e-17
03767.59 4.161e-17
03768.99 3.860e-17
03770.39 4.049e-17
03771.79 4.109e-17
03773.19 3.669e-17
03774.59 3.236e-17
03775.99 3.552e-17
03777.39 3.207e-17
03778.80 2.564e-17
03780.20 3.148e-17
03781.60 3.163e-17
03783.00 2.318e-17
03784.40 1.994e-17
03785.80 2.340e-17
03787.20 2.877e-17
03788.60 2.938e-17
03790.00 2.567e-17
03791.40 2.226e-17
03792.80 2.387e-17
03794.20 2.583e-17
03795.60 2.579e-17
03797.01 2.533e-17
03798.41 2.227e-17
03799.81 1.866e-17
03801.21 1.939e-17
03802.61 1.836e-17
03804.01 1.635e-17
03805.41 2.099e-17
03806.81 2.484e-17
03808.21 2.238e-17
03809.61 1.582e-17
03811.01 1.696e-17
03812.41 2.374e-17
03813.81 2.035e-17
03815.21 2.037e-17
03816.61 2.556e-17
03818.02 1.918e-17
03819.42 1.224e-17
03820.82 1.224e-17
03822.22 1.343e-17
03823.62 1.658e-17
03825.02 1.839e-17
03826.42 1.144e-17
03827.82 1.100e-17
03829.22 1.960e-17
03830.62 1.692e-17
03832.02 1.250e-17
03833.42 1.579e-17
03834.82 2.175e-17
03836.22 2.252e-17
03837.63 1.873e-17
03839.03 2.323e-17
03840.43 2.548e-17
03841.83 2.009e-17
03843.23 2.186e-17
03844.63 2.206e-17
03846.03 1.584e-17
03847.43 1.860e-17
03848.83 2.192e-17
03850.23 1.824e-17
03851.63 1.869e-17
03853.03 2.276e-17
03854.43 2.513e-17
03855.84 2.204e-17
03857.24 1.925e-17
03858.64 2.150e-17
03860.04 2.222e-17
03861.44 2.141e-17
03862.84 2.121e-17
03864.24 2.043e-17
03865.64 2.112e-17
03867.04 2.446e-17
03868.44 2.549e-17
03869.84 2.501e-17
03871.24 2.558e-17
03872.64 2.503e-17
03874.05 2.304e-17
03875.45 2.148e-17
03876.85 2.437e-17
03878.25 2.794e-17
03879.65 2.670e-17
03881.05 2.645e-17
03882.45 2.778e-17
03883.85 2.768e-17
03885.25 2.825e-17
03886.65 2.773e-17
03888.05 2.319e-17
03889.45 1.966e-17
03890.85 2.209e-17
03892.25 3.077e-17
03893.66 3.289e-17
03895.05 2.829e-17
03896.46 2.856e-17
03897.86 3.196e-17
03899.26 3.492e-17
03900.66 3.542e-17
03902.06 3.227e-17
03903.46 2.929e-17
03904.86 3.355e-17
03906.26 4.298e-17
03907.66 5.034e-17
03909.06 4.810e-17
03910.46 4.846e-17
03911.86 5.553e-17
03913.26 5.549e-17
03914.67 5.240e-17
03916.07 5.394e-17
03917.47 6.275e-17
03918.87 7.029e-17
03920.27 7.067e-17
03921.67 7.005e-17
03923.07 7.302e-17
03924.47 7.996e-17
03925.87 8.526e-17
03927.27 8.851e-17
03928.67 9.164e-17
03930.07 9.556e-17
03931.47 9.782e-17
03932.88 9.765e-17
03934.28 1.022e-16
03935.68 1.105e-16
03937.08 1.178e-16
03938.48 1.225e-16
03939.88 1.271e-16
03941.28 1.341e-16
03942.68 1.383e-16
03944.08 1.402e-16
03945.48 1.430e-16
03946.88 1.411e-16
03948.28 1.398e-16
03949.68 1.484e-16
03951.08 1.532e-16
03952.49 1.508e-16
03953.89 1.494e-16
03955.29 1.478e-16
03956.69 1.474e-16
03958.09 1.533e-16
03959.49 1.615e-16
03960.89 1.658e-16
03962.29 1.624e-16
03963.69 1.601e-16
03965.09 1.608e-16
03966.49 1.542e-16
03967.89 1.491e-16
03969.29 1.519e-16
03970.70 1.546e-16
03972.09 1.537e-16
03973.50 1.509e-16
03974.90 1.525e-16
03976.30 1.519e-16
03977.70 1.449e-16
03979.10 1.452e-16
03980.50 1.506e-16
03981.90 1.520e-16
03983.30 1.456e-16
03984.70 1.379e-16
03986.10 1.368e-16
03987.50 1.351e-16
03988.90 1.314e-16
03990.30 1.293e-16
03991.70 1.325e-16
03993.11 1.364e-16
03994.51 1.338e-16
03995.91 1.339e-16
03997.31 1.365e-16
03998.71 1.324e-16
04000.11 1.278e-16
04001.51 1.271e-16
04002.91 1.293e-16
04004.31 1.343e-16
04005.71 1.389e-16
04007.11 1.388e-16
04008.51 1.376e-16
04009.91 1.386e-16
04011.32 1.398e-16
04012.72 1.391e-16
04014.12 1.372e-16
04015.52 1.397e-16
04016.92 1.421e-16
04018.32 1.407e-16
04019.72 1.413e-16
04021.12 1.411e-16
04022.52 1.371e-16
04023.92 1.362e-16
04025.32 1.384e-16
04026.72 1.407e-16
04028.12 1.436e-16
04029.53 1.453e-16
04030.93 1.434e-16
04032.33 1.412e-16
04033.73 1.394e-16
04035.13 1.380e-16
04036.53 1.437e-16
04037.93 1.525e-16
04039.33 1.525e-16
04040.73 1.520e-16
04042.13 1.542e-16
04043.53 1.526e-16
04044.93 1.518e-16
04046.33 1.538e-16
04047.73 1.529e-16
04049.14 1.499e-16
04050.54 1.477e-16
04051.94 1.485e-16
04053.34 1.498e-16
04054.74 1.493e-16
04056.14 1.487e-16
04057.54 1.504e-16
04058.94 1.550e-16
04060.34 1.609e-16
04061.74 1.615e-16
04063.14 1.541e-16
04064.54 1.523e-16
04065.94 1.559e-16
04067.34 1.559e-16
04068.74 1.537e-16
04070.15 1.534e-16
04071.55 1.569e-16
04072.95 1.546e-16
04074.35 1.464e-16
04075.75 1.428e-16
04077.15 1.452e-16
04078.55 1.493e-16
04079.95 1.486e-16
04081.35 1.462e-16
04082.75 1.467e-16
04084.15 1.514e-16
04085.55 1.523e-16
04086.95 1.462e-16
04088.36 1.455e-16
04089.76 1.477e-16
04091.16 1.472e-16
04092.56 1.471e-16
04093.96 1.495e-16
04095.36 1.532e-16
04096.76 1.503e-16
04098.16 1.424e-16
04099.56 1.369e-16
04100.96 1.353e-16
04102.36 1.389e-16
04103.76 1.477e-16
04105.16 1.534e-16
04106.56 1.541e-16
04107.97 1.552e-16
04109.37 1.547e-16
04110.77 1.513e-16
04112.17 1.482e-16
04113.57 1.462e-16
04114.97 1.459e-16
04116.37 1.481e-16
04117.77 1.469e-16
04119.17 1.402e-16
04120.57 1.390e-16
04121.97 1.411e-16
04123.37 1.400e-16
04124.77 1.393e-16
04126.18 1.372e-16
04127.57 1.319e-16
04128.98 1.322e-16
04130.38 1.361e-16
04131.78 1.356e-16
04133.18 1.362e-16
04134.58 1.382e-16
04135.98 1.356e-16
04137.38 1.327e-16
04138.78 1.329e-16
04140.18 1.352e-16
04141.58 1.368e-16
04142.98 1.357e-16
04144.38 1.321e-16
04145.78 1.279e-16
04147.19 1.258e-16
04148.59 1.297e-16
04149.99 1.321e-16
04151.39 1.271e-16
04152.79 1.251e-16
04154.19 1.289e-16
04155.59 1.344e-16
04156.99 1.364e-16
04158.39 1.334e-16
04159.79 1.280e-16
04161.19 1.262e-16
04162.59 1.286e-16
04163.99 1.301e-16
04165.40 1.294e-16
04166.80 1.286e-16
04168.20 1.320e-16
04169.60 1.342e-16
04171.00 1.317e-16
04172.40 1.297e-16
04173.80 1.265e-16
04175.20 1.229e-16
04176.60 1.283e-16
04178.00 1.336e-16
04179.40 1.277e-16
04180.80 1.197e-16
04182.20 1.181e-16
04183.60 1.257e-16
04185.01 1.319e-16
04186.41 1.305e-16
04187.81 1.236e-16
04189.21 1.223e-16
04190.61 1.263e-16
04192.01 1.242e-16
04193.41 1.264e-16
04194.81 1.354e-16
04196.21 1.354e-16
04197.61 1.298e-16
04199.01 1.259e-16
04200.41 1.253e-16
04201.81 1.286e-16
04203.21 1.330e-16
04204.61 1.298e-16
04206.02 1.233e-16
04207.42 1.227e-16
04208.82 1.273e-16
04210.22 1.318e-16
04211.62 1.312e-16
04213.02 1.330e-16
04214.42 1.341e-16
04215.82 1.240e-16
04217.22 1.224e-16
04218.62 1.330e-16
04220.02 1.327e-16
04221.42 1.290e-16
04222.82 1.308e-16
04224.23 1.327e-16
04225.63 1.319e-16
04227.03 1.296e-16
04228.43 1.319e-16
04229.83 1.347e-16
04231.23 1.321e-16
04232.63 1.290e-16
04234.03 1.305e-16
04235.43 1.377e-16
04236.83 1.394e-16
04238.23 1.347e-16
04239.63 1.326e-16
04241.03 1.341e-16
04242.44 1.369e-16
04243.84 1.372e-16
04245.24 1.367e-16
04246.64 1.364e-16
04248.04 1.341e-16
04249.44 1.300e-16
04250.84 1.273e-16
04252.24 1.344e-16
04253.64 1.430e-16
04255.04 1.426e-16
04256.44 1.417e-16
04257.84 1.403e-16
04259.24 1.338e-16
04260.64 1.305e-16
04262.05 1.330e-16
04263.44 1.365e-16
04264.85 1.351e-16
04266.25 1.303e-16
04267.65 1.311e-16
04269.05 1.332e-16
04270.45 1.323e-16
04271.85 1.333e-16
04273.25 1.325e-16
04274.65 1.281e-16
04276.05 1.301e-16
04277.45 1.328e-16
04278.85 1.273e-16
04280.25 1.254e-16
04281.65 1.272e-16
04283.06 1.258e-16
04284.46 1.281e-16
04285.86 1.335e-16
04287.26 1.330e-16
04288.66 1.286e-16
04290.06 1.247e-16
04291.46 1.237e-16
04292.86 1.276e-16
04294.26 1.337e-16
04295.66 1.325e-16
04297.06 1.292e-16
04298.46 1.306e-16
04299.86 1.279e-16
04301.27 1.248e-16
04302.67 1.288e-16
04304.07 1.307e-16
04305.47 1.286e-16
04306.87 1.278e-16
04308.27 1.306e-16
04309.67 1.348e-16
04311.07 1.354e-16
04312.47 1.304e-16
04313.87 1.247e-16
04315.27 1.301e-16
04316.67 1.392e-16
04318.07 1.422e-16
04319.48 1.410e-16
04320.88 1.393e-16
04322.28 1.398e-16
04323.68 1.425e-16
04325.08 1.446e-16
04326.48 1.431e-16
04327.88 1.400e-16
04329.28 1.392e-16
04330.68 1.434e-16
04332.08 1.475e-16
04333.48 1.465e-16
04334.88 1.405e-16
04336.28 1.376e-16
04337.68 1.411e-16
04339.08 1.406e-16
04340.48 1.365e-16
04341.89 1.347e-16
04343.29 1.405e-16
04344.69 1.447e-16
04346.09 1.363e-16
04347.49 1.341e-16
04348.89 1.408e-16
04350.29 1.418e-16
04351.69 1.365e-16
04353.09 1.308e-16
04354.49 1.337e-16
04355.89 1.371e-16
04357.29 1.356e-16
04358.69 1.373e-16
04360.10 1.371e-16
04361.50 1.313e-16
04362.90 1.349e-16
04364.30 1.405e-16
04365.70 1.349e-16
04367.10 1.358e-16
04368.50 1.407e-16
04369.90 1.330e-16
04371.30 1.340e-16
04372.70 1.461e-16
04374.10 1.437e-16
04375.50 1.361e-16
04376.90 1.345e-16
04378.31 1.357e-16
04379.71 1.384e-16
04381.11 1.411e-16
04382.51 1.404e-16
04383.91 1.384e-16
04385.31 1.394e-16
04386.71 1.422e-16
04388.11 1.446e-16
04389.51 1.441e-16
04390.91 1.423e-16
04392.31 1.403e-16
04393.71 1.381e-16
04395.11 1.389e-16
04396.51 1.428e-16
04397.91 1.437e-16
04399.31 1.433e-16
04400.72 1.438e-16
04402.12 1.406e-16
04403.52 1.377e-16
04404.92 1.395e-16
04406.32 1.323e-16
04407.72 1.221e-16
04409.12 1.262e-16
04410.52 1.316e-16
04411.92 1.304e-16
04413.32 1.276e-16
04414.72 1.256e-16
04416.12 1.239e-16
04417.52 1.193e-16
04418.93 1.194e-16
04420.33 1.279e-16
04421.73 1.289e-16
04423.13 1.238e-16
04424.53 1.219e-16
04425.93 1.202e-16
04427.33 1.205e-16
04428.73 1.268e-16
04430.13 1.309e-16
04431.53 1.288e-16
04432.93 1.256e-16
04434.33 1.245e-16
04435.73 1.267e-16
04437.14 1.307e-16
04438.54 1.322e-16
04439.94 1.297e-16
04441.34 1.302e-16
04442.74 1.322e-16
04444.14 1.308e-16
04445.54 1.304e-16
04446.94 1.332e-16
04448.34 1.380e-16
04449.74 1.384e-16
04451.14 1.339e-16
04452.54 1.324e-16
04453.94 1.334e-16
04455.35 1.343e-16
04456.74 1.341e-16
04458.15 1.330e-16
04459.55 1.323e-16
04460.95 1.333e-16
04462.35 1.366e-16
04463.75 1.407e-16
04465.15 1.377e-16
04466.55 1.295e-16
04467.95 1.261e-16
04469.35 1.307e-16
04470.75 1.385e-16
04472.15 1.386e-16
04473.55 1.374e-16
04474.95 1.407e-16
04476.35 1.407e-16
04477.76 1.402e-16
04479.16 1.432e-16
04480.56 1.405e-16
04481.96 1.327e-16
04483.36 1.282e-16
04484.76 1.340e-16
04486.16 1.452e-16
04487.56 1.476e-16
04488.96 1.421e-16
04490.36 1.353e-16
04491.76 1.340e-16
04493.16 1.370e-16
04494.56 1.405e-16
04495.97 1.425e-16
04497.37 1.421e-16
04498.77 1.395e-16
04500.17 1.357e-16
04501.57 1.334e-16
04502.97 1.353e-16
04504.37 1.395e-16
04505.77 1.433e-16
04507.17 1.441e-16
04508.57 1.402e-16
04509.97 1.338e-16
04511.37 1.315e-16
04512.77 1.344e-16
04514.18 1.395e-16
04515.58 1.404e-16
04516.98 1.397e-16
04518.38 1.432e-16
04519.78 1.465e-16
04521.18 1.466e-16
04522.58 1.441e-16
04523.98 1.416e-16
04525.38 1.420e-16
04526.78 1.464e-16
04528.18 1.482e-16
04529.58 1.445e-16
04530.98 1.463e-16
04532.38 1.503e-16
04533.78 1.494e-16
04535.19 1.491e-16
04536.59 1.496e-16
04537.99 1.476e-16
04539.39 1.469e-16
04540.79 1.497e-16
04542.19 1.545e-16
04543.59 1.549e-16
04544.99 1.505e-16
04546.39 1.527e-16
04547.79 1.591e-16
04549.19 1.632e-16
04550.59 1.642e-16
04551.99 1.646e-16
04553.40 1.668e-16
04554.80 1.631e-16
04556.20 1.577e-16
04557.60 1.627e-16
04559.00 1.676e-16
04560.40 1.700e-16
04561.80 1.842e-16
04563.20 1.923e-16
04564.60 1.826e-16
04566.00 1.780e-16
04567.40 1.791e-16
04568.80 1.788e-16
04570.20 1.859e-16
04571.60 1.972e-16
04573.01 2.018e-16
04574.41 1.991e-16
04575.81 1.952e-16
04577.21 1.987e-16
04578.61 2.038e-16
04580.01 2.039e-16
04581.41 1.992e-16
04582.81 1.973e-16
04584.21 2.030e-16
04585.61 2.060e-16
04587.01 2.059e-16
04588.41 2.077e-16
04589.81 2.078e-16
04591.22 2.076e-16
04592.61 2.124e-16
04594.02 2.160e-16
04595.42 2.159e-16
04596.82 2.191e-16
04598.22 2.234e-16
04599.62 2.242e-16
04601.02 2.185e-16
04602.42 2.128e-16
04603.82 2.147e-16
04605.22 2.186e-16
04606.62 2.186e-16
04608.02 2.128e-16
04609.42 2.087e-16
04610.82 2.099e-16
04612.23 2.122e-16
04613.63 2.166e-16
04615.03 2.223e-16
04616.43 2.215e-16
04617.83 2.184e-16
04619.23 2.188e-16
04620.63 2.158e-16
04622.03 2.133e-16
04623.43 2.197e-16
04624.83 2.241e-16
04626.23 2.215e-16
04627.63 2.178e-16
04629.03 2.143e-16
04630.44 2.119e-16
04631.84 2.125e-16
04633.24 2.118e-16
04634.64 2.070e-16
04636.04 2.071e-16
04637.44 2.127e-16
04638.84 2.185e-16
04640.24 2.225e-16
04641.64 2.233e-16
04643.04 2.204e-16
04644.44 2.183e-16
04645.84 2.184e-16
04647.24 2.169e-16
04648.65 2.146e-16
04650.05 2.138e-16
04651.45 2.168e-16
04652.85 2.163e-16
04654.25 2.059e-16
04655.65 2.014e-16
04657.05 2.039e-16
04658.45 2.012e-16
04659.85 1.942e-16
04661.25 1.899e-16
04662.65 1.969e-16
04664.05 2.014e-16
04665.45 1.934e-16
04666.85 1.870e-16
04668.25 1.864e-16
04669.65 1.887e-16
04671.06 1.899e-16
04672.46 1.875e-16
04673.86 1.821e-16
04675.26 1.809e-16
04676.66 1.851e-16
04678.06 1.878e-16
04679.46 1.889e-16
04680.86 1.901e-16
04682.26 1.923e-16
04683.66 1.952e-16
04685.06 1.978e-16
04686.46 1.999e-16
04687.86 1.986e-16
04689.27 1.918e-16
04690.67 1.918e-16
04692.07 1.999e-16
04693.47 2.033e-16
04694.87 1.989e-16
04696.27 1.904e-16
04697.67 1.864e-16
04699.07 1.913e-16
04700.47 2.017e-16
04701.87 2.023e-16
04703.27 1.984e-16
04704.67 2.040e-16
04706.07 2.092e-16
04707.48 2.084e-16
04708.88 2.052e-16
04710.28 1.996e-16
04711.68 1.958e-16
04713.08 2.038e-16
04714.48 2.091e-16
04715.88 2.003e-16
04717.28 2.009e-16
04718.68 2.081e-16
04720.08 2.059e-16
04721.48 1.981e-16
04722.88 1.925e-16
04724.28 1.950e-16
04725.68 1.973e-16
04727.09 1.941e-16
04728.48 1.910e-16
04729.89 1.941e-16
04731.29 2.019e-16
04732.69 1.948e-16
04734.09 1.824e-16
04735.49 1.840e-16
04736.89 1.864e-16
04738.29 1.850e-16
04739.69 1.862e-16
04741.09 1.916e-16
04742.49 1.974e-16
04743.89 1.957e-16
04745.29 1.891e-16
04746.69 1.835e-16
04748.10 1.805e-16
04749.50 1.821e-16
04750.90 1.876e-16
04752.30 1.871e-16
04753.70 1.839e-16
04755.10 1.893e-16
04756.50 1.898e-16
04757.90 1.794e-16
04759.30 1.696e-16
04760.70 1.698e-16
04762.10 1.796e-16
04763.50 1.810e-16
04764.90 1.780e-16
04766.31 1.813e-16
04767.71 1.809e-16
04769.11 1.753e-16
04770.51 1.723e-16
04771.91 1.764e-16
04773.31 1.831e-16
04774.71 1.790e-16
04776.11 1.742e-16
04777.51 1.778e-16
04778.91 1.792e-16
04780.31 1.787e-16
04781.71 1.800e-16
04783.11 1.796e-16
04784.52 1.768e-16
04785.91 1.746e-16
04787.32 1.789e-16
04788.72 1.878e-16
04790.12 1.894e-16
04791.52 1.856e-16
04792.92 1.814e-16
04794.32 1.783e-16
04795.72 1.794e-16
04797.12 1.845e-16
04798.52 1.799e-16
04799.92 1.705e-16
04801.32 1.726e-16
04802.72 1.759e-16
04804.12 1.749e-16
04805.52 1.771e-16
04806.93 1.797e-16
04808.33 1.787e-16
04809.73 1.747e-16
04811.13 1.723e-16
04812.53 1.748e-16
04813.93 1.774e-16
04815.33 1.768e-16
04816.73 1.728e-16
04818.13 1.707e-16
04819.53 1.733e-16
04820.93 1.790e-16
04822.33 1.791e-16
04823.73 1.708e-16
04825.14 1.667e-16
04826.54 1.664e-16
04827.94 1.653e-16
04829.34 1.696e-16
04830.74 1.740e-16
04832.14 1.687e-16
04833.54 1.661e-16
04834.94 1.701e-16
04836.34 1.697e-16
04837.74 1.663e-16
04839.14 1.649e-16
04840.54 1.682e-16
04841.94 1.711e-16
04843.35 1.675e-16
04844.75 1.603e-16
04846.15 1.547e-16
04847.55 1.546e-16
04848.95 1.551e-16
04850.35 1.541e-16
04851.75 1.550e-16
04853.15 1.539e-16
04854.55 1.494e-16
04855.95 1.491e-16
04857.35 1.500e-16
04858.75 1.461e-16
04860.15 1.387e-16
04861.55 1.353e-16
04862.95 1.431e-16
04864.35 1.445e-16
04865.76 1.367e-16
04867.16 1.381e-16
04868.56 1.421e-16
04869.96 1.410e-16
04871.36 1.413e-16
04872.76 1.403e-16
04874.16 1.349e-16
04875.56 1.349e-16
04876.96 1.402e-16
04878.36 1.434e-16
04879.76 1.428e-16
04881.16 1.402e-16
04882.56 1.392e-16
04883.97 1.401e-16
04885.37 1.418e-16
04886.77 1.437e-16
04888.17 1.433e-16
04889.57 1.395e-16
04890.97 1.382e-16
04892.37 1.398e-16
04893.77 1.410e-16
04895.17 1.428e-16
04896.57 1.450e-16
04897.97 1.449e-16
04899.37 1.433e-16
04900.77 1.417e-16
04902.18 1.421e-16
04903.58 1.402e-16
04904.98 1.333e-16
04906.38 1.329e-16
04907.78 1.351e-16
04909.18 1.272e-16
04910.58 1.233e-16
04911.98 1.274e-16
04913.38 1.242e-16
04914.78 1.212e-16
04916.18 1.245e-16
04917.58 1.237e-16
04918.98 1.180e-16
04920.39 1.121e-16
04921.78 1.096e-16
04923.19 1.097e-16
04924.59 1.084e-16
04925.99 1.043e-16
04927.39 1.015e-16
04928.79 1.088e-16
04930.19 1.136e-16
04931.59 1.080e-16
04932.99 1.093e-16
04934.39 1.112e-16
04935.79 1.026e-16
04937.19 1.015e-16
04938.59 1.083e-16
04939.99 1.089e-16
04941.40 1.064e-16
04942.80 1.049e-16
04944.20 1.051e-16
04945.60 1.061e-16
04947.00 1.075e-16
04948.40 1.111e-16
04949.80 1.159e-16
04951.20 1.202e-16
04952.60 1.264e-16
04954.00 1.307e-16
04955.40 1.268e-16
04956.80 1.245e-16
04958.20 1.273e-16
04959.60 1.254e-16
04961.01 1.236e-16
04962.41 1.276e-16
04963.81 1.340e-16
04965.21 1.395e-16
04966.61 1.419e-16
04968.01 1.411e-16
04969.41 1.411e-16
04970.81 1.468e-16
04972.21 1.504e-16
04973.61 1.489e-16
04975.01 1.501e-16
04976.41 1.542e-16
04977.81 1.590e-16
04979.22 1.647e-16
04980.62 1.676e-16
04982.02 1.657e-16
04983.42 1.736e-16
04984.82 1.874e-16
04986.22 1.882e-16
04987.62 1.845e-16
04989.02 1.854e-16
04990.42 1.899e-16
04991.82 1.952e-16
04993.22 1.984e-16
04994.62 1.996e-16
04996.02 2.024e-16
04997.42 2.091e-16
04998.82 2.112e-16
05000.23 2.103e-16
05001.63 2.169e-16
05003.03 2.198e-16
05004.43 2.166e-16
05005.83 2.233e-16
05007.23 2.301e-16
05008.63 2.270e-16
05010.03 2.304e-16
05011.43 2.378e-16
05012.83 2.381e-16
05014.23 2.396e-16
05015.63 2.422e-16
05017.03 2.374e-16
05018.44 2.350e-16
05019.84 2.412e-16
05021.24 2.483e-16
05022.64 2.523e-16
05024.04 2.524e-16
05025.44 2.527e-16
05026.84 2.507e-16
05028.24 2.434e-16
05029.64 2.446e-16
05031.04 2.521e-16
05032.44 2.476e-16
05033.84 2.444e-16
05035.24 2.507e-16
05036.65 2.533e-16
05038.05 2.515e-16
05039.45 2.503e-16
05040.85 2.524e-16
05042.25 2.562e-16
05043.65 2.575e-16
05045.05 2.530e-16
05046.45 2.487e-16
05047.85 2.568e-16
05049.25 2.596e-16
05050.65 2.482e-16
05052.05 2.435e-16
05053.45 2.461e-16
05054.85 2.495e-16
05056.26 2.559e-16
05057.65 2.582e-16
05059.06 2.487e-16
05060.46 2.451e-16
05061.86 2.524e-16
05063.26 2.563e-16
05064.66 2.510e-16
05066.06 2.403e-16
05067.46 2.398e-16
05068.86 2.436e-16
05070.26 2.402e-16
05071.66 2.317e-16
05073.06 2.230e-16
05074.46 2.189e-16
05075.86 2.179e-16
05077.27 2.152e-16
05078.67 2.059e-16
05080.07 1.985e-16
05081.47 1.976e-16
05082.87 1.943e-16
05084.27 1.894e-16
05085.67 1.869e-16
05087.07 1.838e-16
05088.47 1.785e-16
05089.87 1.716e-16
05091.27 1.647e-16
05092.67 1.616e-16
05094.07 1.667e-16
05095.48 1.670e-16
05096.88 1.561e-16
05098.28 1.491e-16
05099.68 1.488e-16
05101.08 1.502e-16
05102.48 1.459e-16
05103.88 1.407e-16
05105.28 1.452e-16
05106.68 1.460e-16
05108.08 1.393e-16
05109.48 1.378e-16
05110.88 1.383e-16
05112.28 1.360e-16
05113.68 1.328e-16
05115.09 1.336e-16
05116.49 1.407e-16
05117.89 1.441e-16
05119.29 1.423e-16
05120.69 1.411e-16
05122.09 1.417e-16
05123.49 1.427e-16
05124.89 1.407e-16
05126.29 1.402e-16
05127.69 1.443e-16
05129.09 1.466e-16
05130.49 1.472e-16
05131.89 1.495e-16
05133.29 1.538e-16
05134.69 1.581e-16
05136.10 1.592e-16
05137.50 1.561e-16
05138.90 1.519e-16
05140.30 1.533e-16
05141.70 1.571e-16
05143.10 1.584e-16
05144.50 1.584e-16
05145.90 1.587e-16
05147.30 1.610e-16
05148.70 1.681e-16
05150.10 1.738e-16
05151.50 1.685e-16
05152.90 1.653e-16
05154.31 1.714e-16
05155.71 1.790e-16
05157.11 1.862e-16
05158.51 1.916e-16
05159.91 1.924e-16
05161.31 1.882e-16
05162.71 1.824e-16
05164.11 1.844e-16
05165.51 1.936e-16
05166.91 2.005e-16
05168.31 1.979e-16
05169.71 1.904e-16
05171.11 1.955e-16
05172.52 2.039e-16
05173.92 2.049e-16
05175.32 2.072e-16
05176.72 2.100e-16
05178.12 2.089e-16
05179.52 2.102e-16
05180.92 2.119e-16
05182.32 2.065e-16
05183.72 2.059e-16
05185.12 2.126e-16
05186.52 2.109e-16
05187.92 2.084e-16
05189.32 2.145e-16
05190.72 2.211e-16
05192.12 2.235e-16
05193.52 2.210e-16
05194.93 2.174e-16
05196.33 2.157e-16
05197.73 2.164e-16
05199.13 2.193e-16
05200.53 2.221e-16
05201.93 2.201e-16
05203.33 2.184e-16
05204.73 2.208e-16
05206.13 2.200e-16
05207.53 2.177e-16
05208.93 2.186e-16
05210.33 2.198e-16
05211.73 2.189e-16
05213.14 2.158e-16
05214.54 2.139e-16
05215.94 2.145e-16
05217.34 2.144e-16
05218.74 2.131e-16
05220.14 2.112e-16
05221.54 2.089e-16
05222.94 2.064e-16
05224.34 2.045e-16
05225.74 2.053e-16
05227.14 2.095e-16
05228.54 2.152e-16
05229.94 2.139e-16
05231.35 2.065e-16
05232.75 2.074e-16
05234.15 2.096e-16
05235.55 2.054e-16
05236.95 2.072e-16
05238.35 2.134e-16
05239.75 2.150e-16
05241.15 2.087e-16
05242.55 2.008e-16
05243.95 2.027e-16
05245.35 2.081e-16
05246.75 2.100e-16
05248.15 2.086e-16
05249.55 2.060e-16
05250.95 2.053e-16
05252.36 2.092e-16
05253.76 2.152e-16
05255.16 2.182e-16
05256.56 2.146e-16
05257.96 2.083e-16
05259.36 2.078e-16
05260.76 2.091e-16
05262.16 2.093e-16
05263.56 2.116e-16
05264.96 2.125e-16
05266.36 2.093e-16
05267.76 2.073e-16
05269.16 2.065e-16
05270.56 2.048e-16
05271.97 2.065e-16
05273.37 2.093e-16
05274.77 2.067e-16
05276.17 2.057e-16
05277.57 2.085e-16
05278.97 2.056e-16
05280.37 2.030e-16
05281.77 2.062e-16
05283.17 2.064e-16
05284.57 2.054e-16
05285.97 2.087e-16
05287.37 2.102e-16
05288.77 2.073e-16
05290.18 2.023e-16
05291.58 2.034e-16
05292.98 2.104e-16
05294.38 2.114e-16
05295.78 2.102e-16
05297.18 2.128e-16
05298.58 2.158e-16
05299.98 2.150e-16
05301.38 2.091e-16
05302.78 2.118e-16
05304.18 2.206e-16
05305.58 2.205e-16
05306.98 2.136e-16
05308.39 2.078e-16
05309.79 2.104e-16
05311.19 2.187e-16
05312.59 2.243e-16
05313.99 2.176e-16
05315.39 2.085e-16
05316.79 2.115e-16
05318.19 2.184e-16
05319.59 2.205e-16
05320.99 2.142e-16
05322.39 2.091e-16
05323.79 2.101e-16
05325.19 2.106e-16
05326.59 2.112e-16
05327.99 2.135e-16
05329.40 2.165e-16
05330.80 2.202e-16
05332.20 2.234e-16
05333.60 2.192e-16
05335.00 2.102e-16
05336.40 2.062e-16
05337.80 2.097e-16
05339.20 2.170e-16
05340.60 2.196e-16
05342.00 2.207e-16
05343.40 2.230e-16
05344.80 2.208e-16
05346.20 2.191e-16
05347.60 2.232e-16
05349.01 2.213e-16
05350.41 2.152e-16
05351.81 2.159e-16
05353.21 2.207e-16
05354.61 2.235e-16
05356.01 2.183e-16
05357.41 2.125e-16
05358.81 2.123e-16
05360.21 2.137e-16
05361.61 2.167e-16
05363.01 2.212e-16
05364.41 2.211e-16
05365.81 2.186e-16
05367.22 2.200e-16
05368.62 2.198e-16
05370.02 2.164e-16
05371.42 2.150e-16
05372.82 2.163e-16
05374.22 2.176e-16
05375.62 2.117e-16
05377.02 2.065e-16
05378.42 2.104e-16
05379.82 2.135e-16
05381.22 2.122e-16
05382.62 2.091e-16
05384.02 2.096e-16
05385.42 2.145e-16
05386.82 2.194e-16
05388.23 2.164e-16
05389.63 2.064e-16
05391.03 2.045e-16
05392.43 2.087e-16
05393.83 2.105e-16
05395.23 2.059e-16
05396.63 2.016e-16
05398.03 2.066e-16
05399.43 2.079e-16
05400.83 2.050e-16
05402.23 2.106e-16
05403.63 2.136e-16
05405.03 2.086e-16
05406.44 2.085e-16
05407.84 2.114e-16
05409.24 2.121e-16
05410.64 2.124e-16
05412.04 2.126e-16
05413.44 2.121e-16
05414.84 2.115e-16
05416.24 2.090e-16
05417.64 2.024e-16
05419.04 2.014e-16
05420.44 2.082e-16
05421.84 2.101e-16
05423.24 2.106e-16
05424.65 2.145e-16
05426.05 2.170e-16
05427.45 2.151e-16
05428.85 2.089e-16
05430.25 2.059e-16
05431.65 2.089e-16
05433.05 2.154e-16
05434.45 2.193e-16
05435.85 2.171e-16
05437.25 2.102e-16
05438.65 2.065e-16
05440.05 2.096e-16
05441.45 2.124e-16
05442.85 2.108e-16
05444.26 2.058e-16
05445.66 2.057e-16
05447.06 2.092e-16
05448.46 2.086e-16
05449.86 2.053e-16
05451.26 2.018e-16
05452.66 2.003e-16
05454.06 2.020e-16
05455.46 2.062e-16
05456.86 2.112e-16
05458.26 2.106e-16
05459.66 2.034e-16
05461.06 2.080e-16
05462.46 2.157e-16
05463.86 2.073e-16
05465.27 2.024e-16
05466.67 2.068e-16
05468.07 2.081e-16
05469.47 2.052e-16
05470.87 2.015e-16
05472.27 2.022e-16
05473.67 2.033e-16
05475.07 2.008e-16
05476.47 1.998e-16
05477.87 2.035e-16
05479.27 2.109e-16
05480.67 2.100e-16
05482.07 2.022e-16
05483.48 1.996e-16
05484.88 2.000e-16
05486.28 2.014e-16
05487.68 2.061e-16
05489.08 2.059e-16
05490.48 1.976e-16
05491.88 1.950e-16
05493.28 1.970e-16
05494.68 1.974e-16
05496.08 1.994e-16
05497.48 2.022e-16
05498.88 2.026e-16
05500.28 2.053e-16
05501.69 2.102e-16
05503.09 2.114e-16
05504.49 2.080e-16
05505.89 2.057e-16
05507.29 2.171e-16
05508.69 2.274e-16
05510.09 2.208e-16
05511.49 2.067e-16
05512.89 2.182e-16
05514.29 2.261e-16
05515.69 2.340e-16
05517.09 2.418e-16
05518.49 2.472e-16
05519.89 2.312e-16
05521.29 2.485e-16
05522.69 2.099e-16
05524.10 1.988e-16
05525.50 2.190e-16
05526.90 2.311e-16
05528.30 2.141e-16
05529.70 2.429e-16
05531.10 2.276e-16
05532.50 2.025e-16
05533.90 2.366e-16
05535.30 2.138e-16
05536.70 2.171e-16
05538.10 2.058e-16
05539.50 2.142e-16
05540.90 2.003e-16
05542.31 2.092e-16
05543.71 2.275e-16
05545.11 2.140e-16
05546.51 2.221e-16
05547.91 2.296e-16
05549.31 2.216e-16
05550.71 2.271e-16
05552.11 2.258e-16
05553.51 2.314e-16
05554.91 1.987e-16
05556.31 2.303e-16
05557.71 2.401e-16
05559.11 2.322e-16
05560.52 2.530e-16
05561.92 2.642e-16
05563.32 2.315e-16
05564.72 2.367e-16
05566.12 2.270e-16
05567.52 2.480e-16
05568.92 2.667e-16
05570.32 2.646e-16
05571.72 2.317e-16
05573.12 2.524e-16
05574.52 2.484e-16
05575.92 2.630e-16
05577.32 2.606e-16
05578.72 2.468e-16
05580.12 2.360e-16
05581.53 2.385e-16
05582.93 2.231e-16
05584.33 2.227e-16
05585.73 2.424e-16
05587.13 2.339e-16
05588.53 2.616e-16
05589.93 2.500e-16
05591.33 2.458e-16
05592.73 2.331e-16
05594.13 2.344e-16
05595.53 2.352e-16
05596.93 2.062e-16
05598.33 2.096e-16
05599.73 2.208e-16
05601.14 1.978e-16
05602.54 1.863e-16
05603.94 2.034e-16
05605.34 1.981e-16
05606.74 2.084e-16
05608.14 2.022e-16
05609.54 1.924e-16
05610.94 1.941e-16
05612.34 1.821e-16
05613.74 1.702e-16
05615.14 1.797e-16
05616.54 1.882e-16
05617.94 1.789e-16
05619.35 1.675e-16
05620.75 1.696e-16
05622.15 1.799e-16
05623.55 1.649e-16
05624.95 1.595e-16
05626.35 1.658e-16
05627.75 1.697e-16
05629.15 1.675e-16
05630.55 1.760e-16
05631.95 1.724e-16
05633.35 1.815e-16
05634.75 1.662e-16
05636.15 1.661e-16
05637.56 1.586e-16
05638.96 1.442e-16
05640.36 1.579e-16
05641.76 1.621e-16
05643.16 1.639e-16
05644.56 1.697e-16
05645.96 1.647e-16
05647.36 1.644e-16
05648.76 1.691e-16
05650.16 1.618e-16
05651.56 1.704e-16
05652.96 1.819e-16
05654.36 1.514e-16
05655.76 1.580e-16
05657.16 1.760e-16
05658.56 1.566e-16
05659.97 1.580e-16
05661.37 1.597e-16
05662.77 1.496e-16
05664.17 1.581e-16
05665.57 1.627e-16
05666.97 1.632e-16
05668.37 1.549e-16
05669.77 1.587e-16
05671.17 1.548e-16
05672.57 1.623e-16
05673.97 1.636e-16
05675.37 1.489e-16
05676.77 1.478e-16
05678.18 1.589e-16
05679.58 1.550e-16
05680.98 1.543e-16
05682.38 1.555e-16
05683.78 1.538e-16
05685.18 1.411e-16
05686.58 1.365e-16
05687.98 1.478e-16
05689.38 1.353e-16
05690.78 1.288e-16
05692.18 1.242e-16
05693.58 1.432e-16
05694.98 1.365e-16
05696.39 1.382e-16
05697.79 1.335e-16
05699.19 1.320e-16
05700.59 1.241e-16
05701.99 1.163e-16
05703.39 1.190e-16
05704.79 1.172e-16
05706.19 1.121e-16
05707.59 1.157e-16
05708.99 1.066e-16
05710.39 9.413e-17
05711.79 1.007e-16
05713.19 1.060e-16
05714.59 1.022e-16
05715.99 9.838e-17
05717.40 9.051e-17
05718.80 9.189e-17
05720.20 9.299e-17
05721.60 8.620e-17
05723.00 8.883e-17
05724.40 8.627e-17
05725.80 7.690e-17
05727.20 7.371e-17
05728.60 7.065e-17
05730.00 7.469e-17
05731.40 7.155e-17
05732.80 6.297e-17
05734.20 6.415e-17
05735.60 6.172e-17
05737.01 5.914e-17
05738.41 5.426e-17
05739.81 6.183e-17
05741.21 5.786e-17
05742.61 6.152e-17
05744.01 5.753e-17
05745.41 4.956e-17
05746.81 4.789e-17
05748.21 5.345e-17
05749.61 5.847e-17
05751.01 5.855e-17
05752.41 5.305e-17
05753.81 5.722e-17
05755.22 6.299e-17
05756.62 5.852e-17
05758.02 4.739e-17
05759.42 4.875e-17
05760.82 4.877e-17
05762.22 5.190e-17
05763.62 5.757e-17
05765.02 5.104e-17
05766.42 5.547e-17
05767.82 5.559e-17
05769.22 6.012e-17
05770.62 5.123e-17
05772.02 6.028e-17
05773.43 5.730e-17
05774.83 5.866e-17
05776.23 5.360e-17
05777.63 6.115e-17
05779.03 5.979e-17
05780.43 6.549e-17
05781.83 6.713e-17
05783.23 6.313e-17
05784.63 6.169e-17
05786.03 7.077e-17
05787.43 5.743e-17
05788.83 6.453e-17
05790.23 6.754e-17
05791.63 6.991e-17
05793.03 7.382e-17
05794.44 7.178e-17
05795.84 7.345e-17
05797.24 7.494e-17
05798.64 7.740e-17
05800.04 8.008e-17
05801.44 8.344e-17
05802.84 8.155e-17
05804.24 8.944e-17
05805.64 9.052e-17
05807.04 8.993e-17
05808.44 9.350e-17
05809.84 9.934e-17
05811.24 1.064e-16
05812.65 1.100e-16
05814.05 1.155e-16
05815.45 1.080e-16
05816.85 1.067e-16
05818.25 1.204e-16
05819.65 1.237e-16
05821.05 1.292e-16
05822.45 1.336e-16
05823.85 1.360e-16
05825.25 1.529e-16
05826.65 1.555e-16
05828.05 1.550e-16
05829.45 1.668e-16
05830.85 1.741e-16
05832.26 1.693e-16
05833.66 1.801e-16
05835.06 1.805e-16
05836.46 1.941e-16
05837.86 1.972e-16
05839.26 2.042e-16
05840.66 2.057e-16
05842.06 2.065e-16
05843.46 2.138e-16
05844.86 2.236e-16
05846.26 2.307e-16
05847.66 2.311e-16
05849.06 2.351e-16
05850.46 2.453e-16
05851.86 2.509e-16
05853.27 2.384e-16
05854.67 2.500e-16
05856.07 2.594e-16
05857.47 2.525e-16
05858.87 2.541e-16
05860.27 2.599e-16
05861.67 2.782e-16
05863.07 2.687e-16
05864.47 2.672e-16
05865.87 2.760e-16
05867.27 2.709e-16
05868.67 2.693e-16
05870.07 2.787e-16
05871.48 2.815e-16
05872.88 2.743e-16
05874.28 2.768e-16
05875.68 2.866e-16
05877.08 2.911e-16
05878.48 2.854e-16
05879.88 2.878e-16
05881.28 2.804e-16
05882.68 2.877e-16
05884.08 2.893e-16
05885.48 2.941e-16
05886.88 2.895e-16
05888.28 2.858e-16
05889.69 2.784e-16
05891.09 2.903e-16
05892.49 2.978e-16
05893.89 2.930e-16
05895.29 2.868e-16
05896.69 2.973e-16
05898.09 2.978e-16
05899.49 3.054e-16
05900.89 3.082e-16
05902.29 3.057e-16
05903.69 3.134e-16
05905.09 3.101e-16
05906.49 3.027e-16
05907.89 3.106e-16
05909.30 3.155e-16
05910.70 3.114e-16
05912.10 3.171e-16
05913.50 3.117e-16
05914.90 3.043e-16
05916.30 2.900e-16
05917.70 2.820e-16
05919.10 2.875e-16
05920.50 3.024e-16
05921.90 2.947e-16
05923.30 2.918e-16
05924.70 2.966e-16
05926.10 2.987e-16
05927.50 3.090e-16
05928.90 2.925e-16
05930.31 2.909e-16
05931.71 2.964e-16
05933.11 3.077e-16
05934.51 3.033e-16
05935.91 3.091e-16
05937.31 3.038e-16
05938.71 2.966e-16
05940.11 2.874e-16
05941.51 2.865e-16
05942.91 2.909e-16
05944.31 2.936e-16
05945.71 2.999e-16
05947.11 2.957e-16
05948.52 2.952e-16
05949.92 2.952e-16
05951.32 3.004e-16
05952.72 3.024e-16
05954.12 2.848e-16
05955.52 2.963e-16
05956.92 2.929e-16
05958.32 2.967e-16
05959.72 3.033e-16
05961.12 2.987e-16
05962.52 3.045e-16
05963.92 2.963e-16
05965.32 2.967e-16
05966.73 2.936e-16
05968.12 3.052e-16
05969.53 2.913e-16
05970.93 2.868e-16
05972.33 2.908e-16
05973.73 2.916e-16
05975.13 2.887e-16
05976.53 2.926e-16
05977.93 2.845e-16
05979.33 2.803e-16
05980.73 2.782e-16
05982.13 2.829e-16
05983.53 2.756e-16
05984.93 2.800e-16
05986.33 2.756e-16
05987.73 2.728e-16
05989.14 2.745e-16
05990.54 2.657e-16
05991.94 2.671e-16
05993.34 2.650e-16
05994.74 2.679e-16
05996.14 2.550e-16
05997.54 2.619e-16
05998.94 2.613e-16
06000.34 2.569e-16
06001.74 2.515e-16
06003.14 2.482e-16
06004.54 2.498e-16
06005.94 2.478e-16
06007.35 2.512e-16
06008.75 2.511e-16
06010.15 2.447e-16
06011.55 2.455e-16
06012.95 2.459e-16
06014.35 2.294e-16
06015.75 2.382e-16
06017.15 2.355e-16
06018.55 2.240e-16
06019.95 2.265e-16
06021.35 2.245e-16
06022.75 2.292e-16
06024.15 2.165e-16
06025.56 2.074e-16
06026.96 2.232e-16
06028.36 2.186e-16
06029.76 2.066e-16
06031.16 2.051e-16
06032.56 2.126e-16
06033.96 2.064e-16
06035.36 2.001e-16
06036.76 2.140e-16
06038.16 2.090e-16
06039.56 2.009e-16
06040.96 2.074e-16
06042.36 2.104e-16
06043.76 1.948e-16
06045.16 1.982e-16
06046.57 2.002e-16
06047.97 2.001e-16
06049.37 1.947e-16
06050.77 1.963e-16
06052.17 1.823e-16
06053.57 1.973e-16
06054.97 1.925e-16
06056.37 1.971e-16
06057.77 1.946e-16
06059.17 1.958e-16
06060.57 1.876e-16
06061.97 1.816e-16
06063.38 1.833e-16
06064.77 1.904e-16
06066.18 1.956e-16
06067.58 1.900e-16
06068.98 1.882e-16
06070.38 1.841e-16
06071.78 1.864e-16
06073.18 1.830e-16
06074.58 1.805e-16
06075.98 1.772e-16
06077.38 1.786e-16
06078.78 1.796e-16
06080.18 1.714e-16
06081.58 1.756e-16
06082.98 1.835e-16
06084.39 1.797e-16
06085.79 1.725e-16
06087.19 1.760e-16
06088.59 1.737e-16
06089.99 1.749e-16
06091.39 1.739e-16
06092.79 1.712e-16
06094.19 1.723e-16
06095.59 1.667e-16
06096.99 1.654e-16
06098.39 1.682e-16
06099.79 1.688e-16
06101.19 1.693e-16
06102.60 1.699e-16
06103.99 1.773e-16
06105.40 1.762e-16
06106.80 1.719e-16
06108.20 1.688e-16
06109.60 1.665e-16
06111.00 1.725e-16
06112.40 1.763e-16
06113.80 1.665e-16
06115.20 1.599e-16
06116.60 1.703e-16
06118.00 1.798e-16
06119.40 1.689e-16
06120.80 1.753e-16
06122.20 1.734e-16
06123.60 1.681e-16
06125.01 1.754e-16
06126.41 1.731e-16
06127.81 1.795e-16
06129.21 1.752e-16
06130.61 1.686e-16
06132.01 1.794e-16
06133.41 1.795e-16
06134.81 1.755e-16
06136.21 1.718e-16
06137.61 1.774e-16
06139.01 1.799e-16
06140.41 1.829e-16
06141.81 1.729e-16
06143.22 1.735e-16
06144.62 1.832e-16
06146.02 1.803e-16
06147.42 1.826e-16
06148.82 1.843e-16
06150.22 1.766e-16
06151.62 1.834e-16
06153.02 1.828e-16
06154.42 1.823e-16
06155.82 1.851e-16
06157.22 1.807e-16
06158.62 1.762e-16
06160.02 1.781e-16
06161.43 1.776e-16
06162.83 1.901e-16
06164.23 1.782e-16
06165.63 1.832e-16
06167.03 1.782e-16
06168.43 1.811e-16
06169.83 1.775e-16
06171.23 1.763e-16
06172.63 1.895e-16
06174.03 1.848e-16
06175.43 1.810e-16
06176.83 1.789e-16
06178.23 1.809e-16
06179.63 1.804e-16
06181.03 1.726e-16
06182.44 1.812e-16
06183.84 1.677e-16
06185.24 1.785e-16
06186.64 1.750e-16
06188.04 1.708e-16
06189.44 1.751e-16
06190.84 1.765e-16
06192.24 1.706e-16
06193.64 1.716e-16
06195.04 1.746e-16
06196.44 1.666e-16
06197.84 1.809e-16
06199.24 1.696e-16
06200.65 1.660e-16
06202.05 1.658e-16
06203.45 1.769e-16
06204.85 1.769e-16
06206.25 1.694e-16
06207.65 1.659e-16
06209.05 1.776e-16
06210.45 1.885e-16
06211.85 1.823e-16
06213.25 1.748e-16
06214.65 1.770e-16
06216.05 1.894e-16
06217.45 1.783e-16
06218.85 1.832e-16
06220.26 1.848e-16
06221.66 1.861e-16
06223.06 1.769e-16
06224.46 1.775e-16
06225.86 1.829e-16
06227.26 1.897e-16
06228.66 1.873e-16
06230.06 1.853e-16
06231.46 1.891e-16
06232.86 1.832e-16
06234.26 1.795e-16
06235.66 1.857e-16
06237.06 1.876e-16
06238.47 1.889e-16
06239.86 1.900e-16
06241.27 1.952e-16
06242.67 1.921e-16
06244.07 1.901e-16
06245.47 1.907e-16
06246.87 1.926e-16
06248.27 1.911e-16
06249.67 1.954e-16
06251.07 1.982e-16
06252.47 1.939e-16
06253.87 2.019e-16
06255.27 2.019e-16
06256.67 2.071e-16
06258.07 2.071e-16
06259.48 2.132e-16
06260.88 2.237e-16
06262.28 2.316e-16
06263.68 2.308e-16
06265.08 2.332e-16
06266.48 2.406e-16
06267.88 2.369e-16
06269.28 2.365e-16
06270.68 2.359e-16
06272.08 2.390e-16
06273.48 2.423e-16
06274.88 2.358e-16
06276.28 2.338e-16
06277.69 2.300e-16
06279.09 2.465e-16
06280.49 2.589e-16
06281.89 2.684e-16
06283.29 2.649e-16
06284.69 2.687e-16
06286.09 2.761e-16
06287.49 2.812e-16
06288.89 2.780e-16
06290.29 2.896e-16
06291.69 2.948e-16
06293.09 3.029e-16
06294.49 3.051e-16
06295.90 3.166e-16
06297.30 3.166e-16
06298.70 3.365e-16
06300.10 3.300e-16
06301.50 3.395e-16
06302.90 3.271e-16
06304.30 3.346e-16
06305.70 3.398e-16
06307.10 3.345e-16
06308.50 3.366e-16
06309.90 3.335e-16
06311.30 3.262e-16
06312.70 3.260e-16
06314.10 3.284e-16
06315.50 3.230e-16
06316.90 3.308e-16
06318.31 3.458e-16
06319.71 3.436e-16
06321.11 3.379e-16
06322.51 3.336e-16
06323.91 3.259e-16
06325.31 3.267e-16
06326.71 3.191e-16
06328.11 3.221e-16
06329.51 3.171e-16
06330.91 3.217e-16
06332.31 3.137e-16
06333.71 3.224e-16
06335.11 3.136e-16
06336.52 3.191e-16
06337.92 3.090e-16
06339.32 3.055e-16
06340.72 3.113e-16
06342.12 3.064e-16
06343.52 2.983e-16
06344.92 3.051e-16
06346.32 2.999e-16
06347.72 2.965e-16
06349.12 2.935e-16
06350.52 2.960e-16
06351.92 2.922e-16
06353.32 2.960e-16
06354.73 3.002e-16
06356.12 2.917e-16
06357.53 2.966e-16
06358.93 2.977e-16
06360.33 3.031e-16
06361.73 3.006e-16
06363.13 2.964e-16
06364.53 3.058e-16
06365.93 3.018e-16
06367.33 2.979e-16
06368.73 2.997e-16
06370.13 2.961e-16
06371.53 2.914e-16
06372.93 2.978e-16
06374.34 3.016e-16
06375.73 3.100e-16
06377.14 3.073e-16
06378.54 3.028e-16
06379.94 3.144e-16
06381.34 3.064e-16
06382.74 2.849e-16
06384.14 2.856e-16
06385.54 2.842e-16
06386.94 2.802e-16
06388.34 2.730e-16
06389.74 2.800e-16
06391.14 2.791e-16
06392.54 2.632e-16
06393.94 2.664e-16
06395.35 2.685e-16
06396.75 2.629e-16
06398.15 2.629e-16
06399.55 2.576e-16
06400.95 2.497e-16
06402.35 2.549e-16
06403.75 2.498e-16
06405.15 2.426e-16
06406.55 2.400e-16
06407.95 2.465e-16
06409.35 2.494e-16
06410.75 2.361e-16
06412.15 2.382e-16
06413.56 2.374e-16
06414.96 2.392e-16
06416.36 2.321e-16
06417.76 2.320e-16
06419.16 2.230e-16
06420.56 2.317e-16
06421.96 2.252e-16
06423.36 2.338e-16
06424.76 2.271e-16
06426.16 2.336e-16
06427.56 2.278e-16
06428.96 2.282e-16
06430.36 2.221e-16
06431.77 2.221e-16
06433.16 2.203e-16
06434.57 2.272e-16
06435.97 2.318e-16
06437.37 2.233e-16
06438.77 2.230e-16
06440.17 2.247e-16
06441.57 2.262e-16
06442.97 2.295e-16
06444.37 2.338e-16
06445.77 2.373e-16
06447.17 2.292e-16
06448.57 2.314e-16
06449.97 2.245e-16
06451.38 2.274e-16
06452.77 2.227e-16
06454.18 2.236e-16
06455.58 2.225e-16
06456.98 2.159e-16
06458.38 2.217e-16
06459.78 2.139e-16
06461.18 2.222e-16
06462.58 2.188e-16
06463.98 2.177e-16
06465.38 2.168e-16
06466.78 2.186e-16
06468.18 2.211e-16
06469.58 2.165e-16
06470.98 2.188e-16
06472.39 2.206e-16
06473.79 2.192e-16
06475.19 2.166e-16
06476.59 2.285e-16
06477.99 2.242e-16
06479.39 2.324e-16
06480.79 2.311e-16
06482.19 2.273e-16
06483.59 2.315e-16
06484.99 2.332e-16
06486.39 2.322e-16
06487.79 2.339e-16
06489.19 2.311e-16
06490.60 2.276e-16
06492.00 2.299e-16
06493.40 2.277e-16
06494.80 2.373e-16
06496.20 2.356e-16
06497.60 2.320e-16
06499.00 2.341e-16
06500.40 2.357e-16
06501.80 2.283e-16
06503.20 2.253e-16
06504.60 2.327e-16
06506.00 2.307e-16
06507.40 2.337e-16
06508.80 2.274e-16
06510.20 2.307e-16
06511.60 2.297e-16
06513.01 2.329e-16
06514.41 2.266e-16
06515.81 2.271e-16
06517.21 2.307e-16
06518.61 2.306e-16
06520.01 2.339e-16
06521.41 2.309e-16
06522.81 2.349e-16
06524.21 2.299e-16
06525.61 2.255e-16
06527.01 2.269e-16
06528.41 2.273e-16
06529.81 2.357e-16
06531.22 2.301e-16
06532.62 2.350e-16
06534.02 2.353e-16
06535.42 2.299e-16
06536.82 2.303e-16
06538.22 2.284e-16
06539.62 2.217e-16
06541.02 2.312e-16
06542.42 2.268e-16
06543.82 2.322e-16
06545.22 2.213e-16
06546.62 2.196e-16
06548.02 2.234e-16
06549.43 2.179e-16
06550.83 2.115e-16
06552.23 2.202e-16
06553.63 2.096e-16
06555.03 2.099e-16
06556.43 2.121e-16
06557.83 2.140e-16
06559.23 2.059e-16
06560.63 2.130e-16
06562.03 2.083e-16
06563.43 2.003e-16
06564.83 2.043e-16
06566.23 2.068e-16
06567.64 1.873e-16
06569.03 1.885e-16
06570.44 1.891e-16
06571.84 1.899e-16
06573.24 1.842e-16
06574.64 1.749e-16
06576.04 1.803e-16
06577.44 1.763e-16
06578.84 1.622e-16
06580.24 1.665e-16
06581.64 1.681e-16
06583.04 1.631e-16
06584.44 1.591e-16
06585.84 1.500e-16
06587.24 1.560e-16
06588.65 1.498e-16
06590.05 1.525e-16
06591.45 1.480e-16
06592.85 1.379e-16
06594.25 1.315e-16
06595.65 1.368e-16
06597.05 1.400e-16
06598.45 1.422e-16
06599.85 1.532e-16
06601.25 1.539e-16
06602.65 1.551e-16
06604.05 1.533e-16
06605.45 1.474e-16
06606.85 1.412e-16
06608.26 1.482e-16
06609.66 1.539e-16
06611.06 1.537e-16
06612.46 1.645e-16
06613.86 1.712e-16
06615.26 1.687e-16
06616.66 1.680e-16
06618.06 1.706e-16
06619.46 1.752e-16
06620.86 1.711e-16
06622.26 1.791e-16
06623.66 1.867e-16
06625.06 1.784e-16
06626.47 1.807e-16
06627.87 1.821e-16
06629.27 1.843e-16
06630.67 1.917e-16
06632.07 1.977e-16
06633.47 1.947e-16
06634.87 1.923e-16
06636.27 1.958e-16
06637.67 1.935e-16
06639.07 1.961e-16
06640.47 1.938e-16
06641.87 1.925e-16
06643.27 2.000e-16
06644.67 2.038e-16
06646.07 2.012e-16
06647.48 2.000e-16
06648.88 1.973e-16
06650.28 2.042e-16
06651.68 2.018e-16
06653.08 1.971e-16
06654.48 1.968e-16
06655.88 2.028e-16
06657.28 1.967e-16
06658.68 2.033e-16
06660.08 1.942e-16
06661.48 1.909e-16
06662.88 1.930e-16
06664.28 1.976e-16
06665.69 1.987e-16
06667.09 2.036e-16
06668.49 1.961e-16
06669.89 2.068e-16
06671.29 2.017e-16
06672.69 2.036e-16
06674.09 2.053e-16
06675.49 2.003e-16
06676.89 1.952e-16
06678.29 1.988e-16
06679.69 1.925e-16
06681.09 2.049e-16
06682.49 2.040e-16
06683.90 1.985e-16
06685.30 1.956e-16
06686.70 1.961e-16
06688.10 1.908e-16
06689.50 1.933e-16
06690.90 1.969e-16
06692.30 1.898e-16
06693.70 1.911e-16
06695.10 1.924e-16
06696.50 1.869e-16
06697.90 1.904e-16
06699.30 1.853e-16
06700.70 1.853e-16
06702.10 1.824e-16
06703.51 1.836e-16
06704.90 1.851e-16
06706.31 1.846e-16
06707.71 1.845e-16
06709.11 1.832e-16
06710.51 1.823e-16
06711.91 1.779e-16
06713.31 1.792e-16
06714.71 1.798e-16
06716.11 1.796e-16
06717.51 1.735e-16
06718.91 1.705e-16
06720.31 1.777e-16
06721.71 1.712e-16
06723.11 1.684e-16
06724.52 1.690e-16
06725.92 1.702e-16
06727.32 1.763e-16
06728.72 1.694e-16
06730.12 1.677e-16
06731.52 1.639e-16
06732.92 1.638e-16
06734.32 1.612e-16
06735.72 1.619e-16
06737.12 1.683e-16
06738.52 1.680e-16
06739.92 1.672e-16
06741.32 1.695e-16
06742.73 1.670e-16
06744.12 1.579e-16
06745.53 1.590e-16
06746.93 1.623e-16
06748.33 1.617e-16
06749.73 1.593e-16
06751.13 1.643e-16
06752.53 1.613e-16
06753.93 1.590e-16
06755.33 1.694e-16
06756.73 1.614e-16
06758.13 1.611e-16
06759.53 1.589e-16
06760.93 1.588e-16
06762.34 1.554e-16
06763.74 1.531e-16
06765.14 1.612e-16
06766.54 1.540e-16
06767.94 1.569e-16
06769.34 1.643e-16
06770.74 1.599e-16
06772.14 1.541e-16
06773.54 1.519e-16
06774.94 1.563e-16
06776.34 1.548e-16
06777.74 1.542e-16
06779.14 1.576e-16
06780.54 1.515e-16
06781.94 1.574e-16
06783.35 1.629e-16
06784.75 1.598e-16
06786.15 1.576e-16
06787.55 1.615e-16
06788.95 1.618e-16
06790.35 1.615e-16
06791.75 1.594e-16
06793.15 1.563e-16
06794.55 1.557e-16
06795.95 1.565e-16
06797.35 1.572e-16
06798.75 1.581e-16
06800.15 1.502e-16
06801.56 1.481e-16
06802.96 1.464e-16
06804.36 1.476e-16
06805.76 1.457e-16
06807.16 1.480e-16
06808.56 1.475e-16
06809.96 1.458e-16
06811.36 1.396e-16
06812.76 1.424e-16
06814.16 1.405e-16
06815.56 1.404e-16
06816.96 1.376e-16
06818.36 1.385e-16
06819.77 1.376e-16
06821.17 1.395e-16
06822.57 1.413e-16
06823.97 1.348e-16
06825.37 1.339e-16
06826.77 1.336e-16
06828.17 1.358e-16
06829.57 1.342e-16
06830.97 1.346e-16
06832.37 1.268e-16
06833.77 1.316e-16
06835.17 1.266e-16
06836.57 1.290e-16
06837.97 1.262e-16
06839.38 1.254e-16
06840.77 1.279e-16
06842.18 1.294e-16
06843.58 1.244e-16
06844.98 1.227e-16
06846.38 1.237e-16
06847.78 1.220e-16
06849.18 1.228e-16
06850.58 1.245e-16
06851.98 1.290e-16
06853.38 1.277e-16
06854.78 1.269e-16
06856.18 1.305e-16
06857.58 1.255e-16
06858.98 1.198e-16
06860.39 1.198e-16
06861.79 1.225e-16
06863.19 1.156e-16
06864.59 1.128e-16
06865.99 1.175e-16
06867.39 1.153e-16
06868.79 1.203e-16
06870.19 1.221e-16
06871.59 1.183e-16
06872.99 1.199e-16
06874.39 1.205e-16
06875.79 1.249e-16
06877.19 1.209e-16
06878.60 1.225e-16
06880.00 1.197e-16
06881.40 1.161e-16
06882.80 1.176e-16
06884.20 1.176e-16
06885.60 1.172e-16
06887.00 1.243e-16
06888.40 1.306e-16
06889.80 1.228e-16
06891.20 1.215e-16
06892.60 1.178e-16
06894.00 1.252e-16
06895.40 1.193e-16
06896.80 1.194e-16
06898.20 1.192e-16
06899.61 1.228e-16
06901.01 1.167e-16
06902.41 1.184e-16
06903.81 1.188e-16
06905.21 1.203e-16
06906.61 1.195e-16
06908.01 1.170e-16
06909.41 1.135e-16
06910.81 1.133e-16
06912.21 1.142e-16
06913.61 1.204e-16
06915.01 1.183e-16
06916.41 1.188e-16
06917.81 1.144e-16
06919.22 1.117e-16
06920.62 1.142e-16
06922.02 1.124e-16
06923.42 1.124e-16
06924.82 1.134e-16
06926.22 1.101e-16
06927.62 1.098e-16
06929.02 1.090e-16
06930.42 1.052e-16
06931.82 1.028e-16
06933.22 1.024e-16
06934.62 1.083e-16
06936.02 1.032e-16
06937.43 1.004e-16
06938.83 1.056e-16
06940.23 1.101e-16
06941.63 1.070e-16
06943.03 1.057e-16
06944.43 1.083e-16
06945.83 1.041e-16
06947.23 1.008e-16
06948.63 1.024e-16
06950.03 1.089e-16
06951.43 1.025e-16
06952.83 1.010e-16
06954.23 1.043e-16
06955.64 1.031e-16
06957.04 1.040e-16
06958.44 1.061e-16
06959.84 1.062e-16
06961.24 1.047e-16
06962.64 1.066e-16
06964.04 1.035e-16
06965.44 1.077e-16
06966.84 1.054e-16
06968.24 1.123e-16
06969.64 1.104e-16
06971.04 1.150e-16
06972.44 1.133e-16
06973.84 1.146e-16
06975.24 1.185e-16
06976.65 1.201e-16
06978.05 1.229e-16
06979.45 1.240e-16
06980.85 1.363e-16
06982.25 1.366e-16
06983.65 1.388e-16
06985.05 1.465e-16
06986.45 1.421e-16
06987.85 1.538e-16
06989.25 1.578e-16
06990.65 1.611e-16
06992.05 1.719e-16
06993.45 1.743e-16
06994.85 1.837e-16
06996.26 1.869e-16
06997.66 1.827e-16
06999.06 1.895e-16
07000.46 2.009e-16
07001.86 2.012e-16
07003.26 2.016e-16
07004.66 2.079e-16
07006.06 2.115e-16
07007.46 2.219e-16
07008.86 2.212e-16
07010.26 2.266e-16
07011.66 2.371e-16
07013.06 2.383e-16
07014.47 2.367e-16
07015.87 2.467e-16
07017.27 2.531e-16
07018.67 2.500e-16
07020.07 2.502e-16
07021.47 2.577e-16
07022.87 2.500e-16
07024.27 2.430e-16
07025.67 2.442e-16
07027.07 2.461e-16
07028.47 2.465e-16
07029.87 2.463e-16
07031.27 2.462e-16
07032.67 2.413e-16
07034.07 2.471e-16
07035.48 2.466e-16
07036.88 2.476e-16
07038.28 2.431e-16
07039.68 2.424e-16
07041.08 2.418e-16
07042.48 2.402e-16
07043.88 2.429e-16
07045.28 2.434e-16
07046.68 2.435e-16
07048.08 2.407e-16
07049.48 2.393e-16
07050.88 2.438e-16
07052.28 2.500e-16
07053.69 2.416e-16
07055.09 2.414e-16
07056.49 2.486e-16
07057.89 2.519e-16
07059.29 2.448e-16
07060.69 2.436e-16
07062.09 2.448e-16
07063.49 2.439e-16
07064.89 2.453e-16
07066.29 2.459e-16
07067.69 2.435e-16
07069.09 2.416e-16
07070.49 2.450e-16
07071.90 2.391e-16
07073.30 2.405e-16
07074.70 2.419e-16
07076.10 2.403e-16
07077.50 2.448e-16
07078.90 2.379e-16
07080.30 2.408e-16
07081.70 2.382e-16
07083.10 2.380e-16
07084.50 2.360e-16
07085.90 2.306e-16
07087.30 2.340e-16
07088.70 2.335e-16
07090.10 2.319e-16
07091.51 2.310e-16
07092.91 2.261e-16
07094.31 2.326e-16
07095.71 2.271e-16
07097.11 2.216e-16
07098.51 2.240e-16
07099.91 2.219e-16
07101.31 2.267e-16
07102.71 2.289e-16
07104.11 2.213e-16
07105.51 2.259e-16
07106.91 2.226e-16
07108.31 2.285e-16
07109.71 2.248e-16
07111.11 2.227e-16
07112.52 2.177e-16
07113.92 2.195e-16
07115.32 2.157e-16
07116.72 2.166e-16
07118.12 2.193e-16
07119.52 2.162e-16
07120.92 2.143e-16
07122.32 2.125e-16
07123.72 2.160e-16
07125.12 2.138e-16
07126.52 2.166e-16
07127.92 2.151e-16
07129.32 2.173e-16
07130.73 2.133e-16
07132.13 2.108e-16
07133.53 2.149e-16
07134.93 2.140e-16
07136.33 2.094e-16
07137.73 2.095e-16
07139.13 2.034e-16
07140.53 2.105e-16
07141.93 2.086e-16
07143.33 2.093e-16
07144.73 2.068e-16
07146.13 2.111e-16
07147.53 2.095e-16
07148.94 2.110e-16
07150.34 2.064e-16
07151.74 2.038e-16
07153.14 2.042e-16
07154.54 2.064e-16
07155.94 2.095e-16
07157.34 2.141e-16
07158.74 2.039e-16
07160.14 2.011e-16
07161.54 2.033e-16
07162.94 2.072e-16
07164.34 2.011e-16
07165.74 2.025e-16
07167.14 1.977e-16
07168.54 1.971e-16
07169.94 1.952e-16
07171.35 1.936e-16
07172.75 1.897e-16
07174.15 1.938e-16
07175.55 1.910e-16
07176.95 1.932e-16
07178.35 1.896e-16
07179.75 1.952e-16
07181.15 1.964e-16
07182.55 1.861e-16
07183.95 1.847e-16
07185.35 1.852e-16
07186.75 1.837e-16
07188.15 1.863e-16
07189.56 1.878e-16
07190.96 1.907e-16
07192.36 1.900e-16
07193.76 1.847e-16
07195.16 1.893e-16
07196.56 1.900e-16
07197.96 1.821e-16
07199.36 1.875e-16
07200.76 1.823e-16
07202.16 1.820e-16
07203.56 1.867e-16
07204.96 1.894e-16
07206.36 1.933e-16
07207.77 1.929e-16
07209.17 1.985e-16
07210.57 2.055e-16
07211.97 2.007e-16
07213.37 2.012e-16
07214.77 2.042e-16
07216.17 2.080e-16
07217.57 2.149e-16
07218.97 2.192e-16
07220.37 2.226e-16
07221.77 2.187e-16
07223.17 2.216e-16
07224.57 2.230e-16
07225.97 2.359e-16
07227.38 2.355e-16
07228.78 2.383e-16
07230.18 2.327e-16
07231.58 2.311e-16
07232.98 2.326e-16
07234.38 2.384e-16
07235.78 2.443e-16
07237.18 2.491e-16
07238.58 2.549e-16
07239.98 2.507e-16
07241.38 2.434e-16
07242.78 2.524e-16
07244.18 2.588e-16
07245.58 2.681e-16
07246.98 2.742e-16
07248.39 2.717e-16
07249.79 2.687e-16
07251.19 2.743e-16
07252.59 2.745e-16
07253.99 2.796e-16
07255.39 2.827e-16
07256.79 2.847e-16
07258.19 2.845e-16
07259.59 2.895e-16
07260.99 2.842e-16
07262.39 2.931e-16
07263.79 2.933e-16
07265.19 2.909e-16
07266.60 3.024e-16
07268.00 3.158e-16
07269.40 3.137e-16
07270.80 3.199e-16
07272.20 3.134e-16
07273.60 3.042e-16
07275.00 3.059e-16
07276.40 3.139e-16
07277.80 3.203e-16
07279.20 3.286e-16
07280.60 3.382e-16
07282.00 3.465e-16
07283.40 3.462e-16
07284.81 3.527e-16
07286.21 3.554e-16
07287.61 3.458e-16
07289.01 3.439e-16
07290.41 3.515e-16
07291.81 3.609e-16
07293.21 3.579e-16
07294.61 3.728e-16
07296.01 3.690e-16
07297.41 3.715e-16
07298.81 3.801e-16
07300.21 3.780e-16
07301.61 3.784e-16
07303.01 3.813e-16
07304.41 3.811e-16
07305.81 3.948e-16
07307.22 4.003e-16
07308.62 3.989e-16
07310.02 4.004e-16
07311.42 4.031e-16
07312.82 4.226e-16
07314.22 4.214e-16
07315.62 4.219e-16
07317.02 4.264e-16
07318.42 4.361e-16
07319.82 4.508e-16
07321.22 4.543e-16
07322.62 4.546e-16
07324.02 4.582e-16
07325.43 4.655e-16
07326.83 4.651e-16
07328.23 4.733e-16
07329.63 4.741e-16
07331.03 4.789e-16
07332.43 4.784e-16
07333.83 4.922e-16
07335.23 4.838e-16
07336.63 4.895e-16
07338.03 4.930e-16
07339.43 5.012e-16
07340.83 5.087e-16
07342.23 4.996e-16
07343.64 5.031e-16
07345.04 5.002e-16
07346.44 4.952e-16
07347.84 4.959e-16
07349.24 4.948e-16
07350.64 4.974e-16
07352.04 5.101e-16
07353.44 5.004e-16
07354.84 4.920e-16
07356.24 5.002e-16
07357.64 4.934e-16
07359.04 5.011e-16
07360.44 4.986e-16
07361.84 4.930e-16
07363.24 4.928e-16
07364.65 4.841e-16
07366.05 4.779e-16
07367.45 4.808e-16
07368.85 4.806e-16
07370.25 4.724e-16
07371.65 4.734e-16
07373.05 4.739e-16
07374.45 4.643e-16
07375.85 4.631e-16
07377.25 4.550e-16
07378.65 4.382e-16
07380.05 4.269e-16
07381.45 4.193e-16
07382.85 4.114e-16
07384.26 4.080e-16
07385.66 4.076e-16
07387.06 3.955e-16
07388.46 4.011e-16
07389.86 3.843e-16
07391.26 3.777e-16
07392.66 3.730e-16
07394.06 3.705e-16
07395.46 3.617e-16
07396.86 3.608e-16
07398.26 3.529e-16
07399.66 3.481e-16
07401.06 3.463e-16
07402.47 3.414e-16
07403.87 3.364e-16
07405.27 3.440e-16
07406.67 3.323e-16
07408.07 3.275e-16
07409.47 3.233e-16
07410.87 3.140e-16
07412.27 3.107e-16
07413.67 3.078e-16
07415.07 3.047e-16
07416.47 2.943e-16
07417.87 2.870e-16
07419.27 2.922e-16
07420.68 2.884e-16
07422.08 2.802e-16
07423.48 2.720e-16
07424.88 2.713e-16
07426.28 2.701e-16
07427.68 2.699e-16
07429.08 2.623e-16
07430.48 2.609e-16
07431.88 2.583e-16
07433.28 2.554e-16
07434.68 2.497e-16
07436.08 2.457e-16
07437.48 2.500e-16
07438.88 2.543e-16
07440.28 2.480e-16
07441.69 2.377e-16
07443.09 2.409e-16
07444.49 2.359e-16
07445.89 2.324e-16
07447.29 2.322e-16
07448.69 2.301e-16
07450.09 2.249e-16
07451.49 2.189e-16
07452.89 2.285e-16
07454.29 2.173e-16
07455.69 2.247e-16
07457.09 2.206e-16
07458.49 2.170e-16
07459.90 2.136e-16
07461.30 2.141e-16
07462.70 2.075e-16
07464.10 2.057e-16
07465.50 2.023e-16
07466.90 1.963e-16
07468.30 2.014e-16
07469.70 2.026e-16
07471.10 1.974e-16
07472.50 2.028e-16
07473.90 2.030e-16
07475.30 1.966e-16
07476.70 1.888e-16
07478.10 1.958e-16
07479.51 1.937e-16
07480.91 1.969e-16
07482.31 1.925e-16
07483.71 1.912e-16
07485.11 1.857e-16
07486.51 1.937e-16
07487.91 1.857e-16
07489.31 1.853e-16
07490.71 1.831e-16
07492.11 1.802e-16
07493.51 1.851e-16
07494.91 1.869e-16
07496.31 1.808e-16
07497.71 1.840e-16
07499.11 1.845e-16
07500.52 1.857e-16
07501.92 1.783e-16
07503.32 1.820e-16
07504.72 1.821e-16
07506.12 1.749e-16
07507.52 1.702e-16
07508.92 1.730e-16
07510.32 1.684e-16
07511.72 1.669e-16
07513.12 1.656e-16
07514.52 1.644e-16
07515.92 1.636e-16
07517.32 1.645e-16
07518.73 1.616e-16
07520.13 1.627e-16
07521.53 1.605e-16
07522.93 1.666e-16
07524.33 1.653e-16
07525.73 1.619e-16
07527.13 1.624e-16
07528.53 1.593e-16
07529.93 1.656e-16
07531.33 1.599e-16
07532.73 1.581e-16
07534.13 1.571e-16
07535.53 1.579e-16
07536.94 1.551e-16
07538.34 1.523e-16
07539.74 1.510e-16
07541.14 1.477e-16
07542.54 1.470e-16
07543.94 1.474e-16
07545.34 1.441e-16
07546.74 1.409e-16
07548.14 1.467e-16
07549.54 1.435e-16
07550.94 1.428e-16
07552.34 1.460e-16
07553.74 1.406e-16
07555.14 1.373e-16
07556.55 1.334e-16
07557.95 1.339e-16
07559.35 1.369e-16
07560.75 1.315e-16
07562.15 1.286e-16
07563.55 1.308e-16
07564.95 1.335e-16
07566.35 1.236e-16
07567.75 1.197e-16
07569.15 1.211e-16
07570.55 1.219e-16
07571.95 1.261e-16
07573.35 1.225e-16
07574.75 1.217e-16
07576.15 1.185e-16
07577.56 1.190e-16
07578.96 1.193e-16
07580.36 1.176e-16
07581.76 1.150e-16
07583.16 1.157e-16
07584.56 1.117e-16
07585.96 1.107e-16
07587.36 1.147e-16
07588.76 1.134e-16
07590.16 1.030e-16
07591.56 1.078e-16
07592.96 1.086e-16
07594.36 1.108e-16
07595.77 1.019e-16
07597.17 1.000e-16
07598.57 9.992e-17
07599.97 1.075e-16
07601.37 1.014e-16
07602.77 9.998e-17
07604.17 9.847e-17
07605.57 8.925e-17
07606.97 9.653e-17
07608.37 9.793e-17
07609.77 9.445e-17
07611.17 1.014e-16
07612.57 9.487e-17
07613.98 1.023e-16
07615.38 1.015e-16
07616.78 9.430e-17
07618.18 9.435e-17
07619.58 1.002e-16
07620.98 1.015e-16
07622.38 1.086e-16
07623.78 1.049e-16
07625.18 1.068e-16
07626.58 1.114e-16
07627.98 9.950e-17
07629.38 9.837e-17
07630.78 1.096e-16
07632.18 1.038e-16
07633.58 1.003e-16
07634.98 1.047e-16
07636.39 9.878e-17
07637.79 1.108e-16
07639.19 1.222e-16
07640.59 1.092e-16
07641.99 1.053e-16
07643.39 1.167e-16
07644.79 1.185e-16
07646.19 1.081e-16
07647.59 1.158e-16
07648.99 1.215e-16
07650.39 1.142e-16
07651.79 1.066e-16
07653.19 1.174e-16
07654.60 1.223e-16
07656.00 1.088e-16
07657.40 1.147e-16
07658.80 1.228e-16
07660.20 1.246e-16
07661.60 1.185e-16
07663.00 1.285e-16
07664.40 1.354e-16
07665.80 1.251e-16
07667.20 1.237e-16
07668.60 1.274e-16
07670.00 1.354e-16
07671.40 1.371e-16
07672.81 1.341e-16
07674.21 1.345e-16
07675.61 1.371e-16
07677.01 1.352e-16
07678.41 1.343e-16
07679.81 1.343e-16
07681.21 1.390e-16
07682.61 1.455e-16
07684.01 1.406e-16
07685.41 1.370e-16
07686.81 1.398e-16
07688.21 1.376e-16
07689.61 1.426e-16
07691.01 1.418e-16
07692.41 1.438e-16
07693.82 1.437e-16
07695.22 1.405e-16
07696.62 1.438e-16
07698.02 1.429e-16
07699.42 1.360e-16
07700.82 1.377e-16
07702.22 1.421e-16
07703.62 1.439e-16
07705.02 1.471e-16
07706.42 1.457e-16
07707.82 1.461e-16
07709.22 1.465e-16
07710.62 1.459e-16
07712.02 1.423e-16
07713.43 1.403e-16
07714.83 1.490e-16
07716.23 1.473e-16
07717.63 1.466e-16
07719.03 1.480e-16
07720.43 1.460e-16
07721.83 1.522e-16
07723.23 1.504e-16
07724.63 1.530e-16
07726.03 1.494e-16
07727.43 1.520e-16
07728.83 1.511e-16
07730.23 1.606e-16
07731.64 1.579e-16
07733.04 1.554e-16
07734.44 1.617e-16
07735.84 1.694e-16
07737.24 1.669e-16
07738.64 1.666e-16
07740.04 1.757e-16
07741.44 1.737e-16
07742.84 1.676e-16
07744.24 1.725e-16
07745.64 1.753e-16
07747.04 1.762e-16
07748.44 1.772e-16
07749.85 1.821e-16
07751.24 1.854e-16
07752.65 1.980e-16
07754.05 1.861e-16
07755.45 1.901e-16
07756.85 1.915e-16
07758.25 1.853e-16
07759.65 1.922e-16
07761.05 1.953e-16
07762.45 1.930e-16
07763.85 1.872e-16
07765.25 1.911e-16
07766.65 1.933e-16
07768.05 1.942e-16
07769.45 2.008e-16
07770.85 1.985e-16
07772.26 1.981e-16
07773.66 1.970e-16
07775.06 2.014e-16
07776.46 2.026e-16
07777.86 2.047e-16
07779.26 2.003e-16
07780.66 2.039e-16
07782.06 2.048e-16
07783.46 2.048e-16
07784.86 2.099e-16
07786.26 2.142e-16
07787.66 2.113e-16
07789.06 2.127e-16
07790.47 2.074e-16
07791.87 2.096e-16
07793.27 2.229e-16
07794.67 2.206e-16
07796.07 2.113e-16
07797.47 2.096e-16
07798.87 2.133e-16
07800.27 2.168e-16
07801.67 2.151e-16
07803.07 2.142e-16
07804.47 2.158e-16
07805.87 2.129e-16
07807.27 2.206e-16
07808.68 2.169e-16
07810.08 2.140e-16
07811.48 2.118e-16
07812.88 2.159e-16
07814.28 2.063e-16
07815.68 2.057e-16
07817.08 2.040e-16
07818.48 2.070e-16
07819.88 2.045e-16
07821.28 2.013e-16
07822.68 1.942e-16
07824.08 1.974e-16
07825.48 1.894e-16
07826.88 1.950e-16
07828.28 1.996e-16
07829.69 1.901e-16
07831.09 1.929e-16
07832.49 1.909e-16
07833.89 1.919e-16
07835.29 1.856e-16
07836.69 1.890e-16
07838.09 1.836e-16
07839.49 1.861e-16
07840.89 1.836e-16
07842.29 1.788e-16
07843.69 1.869e-16
07845.09 1.870e-16
07846.49 1.812e-16
07847.90 1.873e-16
07849.30 1.874e-16
07850.70 1.924e-16
07852.10 1.916e-16
07853.50 1.947e-16
07854.90 1.955e-16
07856.30 1.852e-16
07857.70 1.822e-16
07859.10 1.822e-16
07860.50 1.800e-16
07861.90 1.801e-16
07863.30 1.762e-16
07864.70 1.817e-16
07866.10 1.820e-16
07867.51 1.759e-16
07868.91 1.828e-16
07870.31 1.737e-16
07871.71 1.797e-16
07873.11 1.769e-16
07874.51 1.727e-16
07875.91 1.765e-16
07877.31 1.645e-16
07878.71 1.643e-16
07880.11 1.586e-16
07881.51 1.575e-16
07882.91 1.548e-16
07884.31 1.552e-16
07885.72 1.474e-16
07887.11 1.488e-16
07888.52 1.454e-16
07889.92 1.481e-16
07891.32 1.385e-16
07892.72 1.390e-16
07894.12 1.334e-16
07895.52 1.334e-16
07896.92 1.315e-16
07898.32 1.297e-16
07899.72 1.300e-16
07901.12 1.289e-16
07902.52 1.298e-16
07903.92 1.262e-16
07905.32 1.231e-16
07906.73 1.285e-16
07908.13 1.215e-16
07909.53 1.192e-16
07910.93 1.272e-16
07912.33 1.276e-16
07913.73 1.286e-16
07915.13 1.220e-16
07916.53 1.144e-16
07917.93 1.193e-16
07919.33 1.203e-16
07920.73 1.124e-16
07922.13 1.152e-16
07923.53 1.147e-16
07924.94 1.128e-16
07926.34 1.118e-16
07927.74 1.154e-16
07929.14 1.125e-16
07930.54 1.123e-16
07931.94 1.158e-16
07933.34 1.164e-16
07934.74 1.119e-16
07936.14 1.118e-16
07937.54 1.153e-16
07938.94 1.111e-16
07940.34 1.159e-16
07941.74 1.119e-16
07943.15 1.124e-16
07944.55 1.116e-16
07945.95 1.164e-16
07947.35 1.160e-16
07948.75 1.121e-16
07950.15 1.127e-16
07951.55 1.156e-16
07952.95 1.146e-16
07954.35 1.130e-16
07955.75 1.129e-16
07957.15 1.129e-16
07958.55 1.103e-16
07959.95 1.118e-16
07961.35 1.133e-16
07962.75 1.114e-16
07964.15 1.120e-16
07965.56 1.080e-16
07966.96 1.150e-16
07968.36 1.147e-16
07969.76 1.119e-16
07971.16 1.152e-16
07972.56 1.139e-16
07973.96 1.153e-16
07975.36 1.213e-16
07976.76 1.166e-16
07978.16 1.124e-16
07979.56 1.136e-16
07980.96 1.166e-16
07982.36 1.142e-16
07983.77 1.209e-16
07985.17 1.232e-16
07986.57 1.177e-16
07987.97 1.164e-16
07989.37 1.185e-16
07990.77 1.227e-16
07992.17 1.191e-16
07993.57 1.239e-16
07994.97 1.162e-16
07996.37 1.131e-16
07997.77 1.152e-16
07999.17 1.173e-16
08000.57 1.156e-16
08001.98 1.147e-16
08003.38 1.151e-16
08004.78 1.100e-16
08006.18 1.169e-16
08007.58 1.157e-16
08008.98 1.127e-16
08010.38 1.211e-16
08011.78 1.151e-16
08013.18 1.121e-16
08014.58 1.191e-16
08015.98 1.112e-16
08017.38 1.163e-16
08018.78 1.154e-16
08020.18 1.108e-16
08021.59 1.164e-16
08022.98 1.195e-16
08024.39 1.157e-16
08025.79 1.104e-16
08027.19 1.109e-16
08028.59 1.169e-16
08029.99 1.148e-16
08031.39 1.147e-16
08032.79 1.210e-16
08034.19 1.160e-16
08035.59 1.167e-16
08036.99 1.188e-16
08038.39 1.109e-16
08039.79 1.114e-16
08041.19 1.101e-16
08042.60 1.166e-16
08044.00 1.145e-16
08045.40 1.154e-16
08046.80 1.134e-16
08048.20 1.152e-16
08049.60 1.119e-16
08051.00 1.129e-16
08052.40 1.145e-16
08053.80 1.099e-16
08055.20 1.127e-16
08056.60 1.162e-16
08058.00 1.159e-16
08059.40 1.157e-16
08060.81 1.154e-16
08062.21 1.135e-16
08063.61 1.097e-16
08065.01 1.098e-16
08066.41 1.133e-16
08067.81 1.096e-16
08069.21 1.129e-16
08070.61 1.067e-16
08072.01 1.152e-16
08073.41 1.138e-16
08074.81 1.119e-16
08076.21 1.136e-16
08077.61 1.163e-16
08079.02 1.124e-16
08080.41 1.115e-16
08081.82 1.092e-16
08083.22 1.122e-16
08084.62 1.065e-16
08086.02 1.022e-16
08087.42 1.029e-16
08088.82 1.094e-16
08090.22 1.071e-16
08091.62 1.039e-16
08093.02 1.027e-16
08094.42 1.014e-16
08095.82 1.041e-16
08097.22 9.954e-17
08098.62 1.018e-16
08100.02 9.729e-17
08101.43 1.024e-16
08102.83 1.021e-16
08104.23 9.745e-17
08105.63 9.566e-17
08107.03 9.513e-17
08108.43 9.496e-17
08109.83 9.763e-17
08111.23 9.889e-17
08112.63 9.411e-17
08114.03 9.146e-17
08115.43 9.464e-17
08116.83 9.389e-17
08118.23 9.179e-17
08119.64 9.107e-17
08121.04 9.370e-17
08122.44 9.652e-17
08123.84 9.097e-17
08125.24 9.047e-17
08126.64 8.984e-17
08128.04 9.082e-17
08129.44 8.940e-17
08130.84 9.236e-17
08132.24 8.546e-17
08133.64 8.842e-17
08135.04 8.656e-17
08136.44 8.837e-17
08137.85 8.710e-17
08139.25 8.671e-17
08140.65 8.916e-17
08142.05 8.842e-17
08143.45 8.513e-17
08144.85 8.685e-17
08146.25 8.651e-17
08147.65 8.881e-17
08149.05 8.403e-17
08150.45 8.755e-17
08151.85 8.582e-17
08153.25 8.252e-17
08154.65 8.287e-17
08156.05 8.712e-17
08157.45 8.680e-17
08158.85 8.397e-17
08160.26 8.471e-17
08161.66 8.397e-17
08163.06 8.363e-17
08164.46 8.468e-17
08165.86 8.835e-17
08167.26 8.296e-17
08168.66 8.649e-17
08170.06 8.817e-17
08171.46 8.775e-17
08172.86 9.164e-17
08174.26 8.637e-17
08175.66 8.907e-17
08177.06 8.440e-17
08178.47 8.317e-17
08179.87 8.596e-17
08181.27 8.781e-17
08182.67 9.072e-17
08184.07 8.673e-17
08185.47 9.079e-17
08186.87 8.884e-17
08188.27 8.312e-17
08189.67 8.522e-17
08191.07 8.940e-17
08192.47 8.494e-17
08193.87 9.126e-17
08195.27 9.097e-17
08196.67 8.931e-17
08198.08 8.553e-17
08199.48 8.949e-17
08200.88 9.029e-17
08202.28 9.303e-17
08203.68 9.081e-17
08205.08 9.517e-17
08206.48 9.615e-17
08207.88 9.727e-17
08209.28 9.316e-17
08210.68 9.521e-17
08212.08 9.438e-17
08213.48 9.299e-17
08214.89 9.399e-17
08216.28 9.385e-17
08217.69 9.554e-17
08219.09 9.522e-17
08220.49 9.328e-17
08221.89 9.027e-17
08223.29 8.951e-17
08224.69 8.971e-17
08226.09 8.349e-17
08227.49 7.982e-17
08228.89 7.728e-17
08230.29 8.146e-17
08231.69 8.575e-17
08233.09 8.989e-17
08234.50 8.762e-17
08235.90 9.010e-17
08237.30 9.224e-17
08238.70 9.347e-17
08240.10 9.612e-17
08241.50 9.251e-17
08242.90 9.020e-17
08244.30 9.063e-17
08245.70 9.126e-17
08247.10 8.781e-17
08248.50 8.875e-17
08249.90 9.534e-17
08251.30 9.051e-17
08252.70 9.295e-17
08254.10 8.830e-17
08255.51 8.594e-17
08256.91 8.480e-17
08258.31 9.188e-17
08259.71 8.352e-17
08261.11 8.808e-17
08262.51 9.072e-17
08263.91 8.843e-17
08265.31 9.321e-17
08266.71 9.338e-17
08268.11 8.690e-17
08269.51 8.626e-17
08270.91 9.085e-17
08272.31 8.837e-17
08273.72 9.067e-17
08275.11 8.471e-17
08276.52 8.949e-17
08277.92 9.085e-17
08279.32 9.049e-17
08280.72 8.508e-17
08282.12 9.025e-17
08283.52 8.994e-17
08284.92 9.290e-17
08286.32 9.535e-17
08287.72 9.061e-17
08289.12 9.125e-17
08290.52 9.402e-17
08291.92 9.236e-17
08293.33 9.069e-17
08294.73 9.173e-17
08296.13 9.896e-17
08297.53 1.000e-16
08298.93 9.467e-17
08300.33 9.476e-17
08301.73 9.250e-17
08303.13 9.295e-17
08304.53 9.040e-17
08305.93 8.655e-17
08307.33 9.261e-17
08308.73 9.096e-17
08310.13 9.413e-17
08311.53 9.362e-17
08312.94 9.179e-17
08314.34 9.174e-17
08315.74 9.293e-17
08317.14 8.748e-17
08318.54 8.839e-17
08319.94 8.625e-17
08321.34 8.672e-17
08322.74 8.940e-17
08324.14 9.404e-17
08325.54 9.402e-17
08326.94 9.184e-17
08328.34 8.812e-17
08329.74 8.670e-17
08331.15 9.269e-17
08332.55 9.246e-17
08333.95 9.277e-17
08335.35 9.270e-17
08336.75 8.707e-17
08338.15 8.919e-17
08339.55 9.146e-17
08340.95 9.022e-17
08342.35 8.872e-17
08343.75 9.557e-17
08345.15 9.030e-17
08346.55 8.310e-17
08347.95 9.224e-17
08349.35 9.106e-17
08350.75 9.257e-17
08352.16 9.217e-17
08353.56 9.187e-17
08354.96 9.205e-17
08356.36 8.588e-17
08357.76 8.404e-17
08359.16 8.709e-17
08360.56 8.801e-17
08361.96 9.075e-17
08363.36 8.824e-17
08364.76 8.647e-17
08366.16 8.205e-17
08367.56 8.138e-17
08368.96 8.152e-17
08370.36 7.834e-17
08371.77 7.947e-17
08373.17 8.050e-17
08374.57 7.385e-17
08375.97 7.140e-17
08377.37 7.634e-17
08378.77 7.356e-17
08380.17 7.580e-17
08381.57 7.115e-17
08382.97 6.848e-17
08384.37 7.190e-17
08385.77 6.928e-17
08387.17 6.524e-17
08388.57 6.869e-17
08389.98 6.714e-17
08391.38 6.409e-17
08392.78 6.221e-17
08394.18 5.850e-17
08395.58 6.407e-17
08396.98 6.378e-17
08398.38 5.684e-17
08399.78 6.354e-17
08401.18 6.775e-17
08402.58 5.737e-17
08403.98 5.443e-17
08405.38 5.857e-17
08406.78 6.072e-17
08408.18 6.190e-17
08409.58 6.108e-17
08410.99 6.362e-17
08412.39 6.376e-17
08413.79 6.320e-17
08415.19 6.705e-17
08416.59 6.671e-17
08417.99 6.907e-17
08419.39 6.823e-17
08420.79 7.111e-17
08422.19 6.991e-17
08423.59 7.484e-17
08424.99 7.511e-17
08426.39 7.616e-17
08427.80 8.672e-17
08429.19 7.285e-17
08430.60 7.878e-17
08432.00 8.424e-17
08433.40 8.902e-17
08434.80 9.020e-17
08436.20 9.533e-17
08437.60 9.557e-17
08439.00 1.005e-16
08440.40 1.019e-16
08441.80 1.104e-16
08443.20 1.143e-16
08444.60 1.194e-16
08446.00 1.280e-16
08447.40 1.316e-16
08448.81 1.329e-16
08450.21 1.393e-16
08451.61 1.419e-16
08453.01 1.480e-16
08454.41 1.504e-16
08455.81 1.515e-16
08457.21 1.623e-16
08458.61 1.693e-16
08460.01 1.664e-16
08461.41 1.760e-16
08462.81 1.834e-16
08464.21 1.788e-16
08465.61 1.820e-16
08467.01 1.921e-16
08468.42 1.927e-16
08469.82 2.099e-16
08471.22 2.164e-16
08472.62 2.269e-16
08474.02 2.274e-16
08475.42 2.339e-16
08476.82 2.426e-16
08478.22 2.501e-16
08479.62 2.553e-16
08481.02 2.656e-16
08482.42 2.714e-16
08483.82 2.815e-16
08485.22 2.848e-16
08486.62 2.916e-16
08488.02 2.900e-16
08489.43 2.998e-16
08490.83 3.135e-16
08492.23 3.186e-16
08493.63 3.222e-16
08495.03 3.326e-16
08496.43 3.399e-16
08497.83 3.451e-16
08499.23 3.481e-16
08500.63 3.495e-16
08502.03 3.524e-16
08503.43 3.604e-16
08504.83 3.574e-16
08506.24 3.578e-16
08507.64 3.582e-16
08509.04 3.606e-16
08510.44 3.529e-16
08511.84 3.517e-16
08513.24 3.515e-16
08514.64 3.440e-16
08516.04 3.463e-16
08517.44 3.479e-16
08518.84 3.379e-16
08520.24 3.399e-16
08521.64 3.427e-16
08523.04 3.352e-16
08524.44 3.334e-16
08525.84 3.316e-16
08527.25 3.321e-16
08528.65 3.231e-16
08530.05 3.215e-16
08531.45 3.178e-16
08532.85 3.161e-16
08534.25 3.161e-16
08535.65 3.149e-16
08537.05 3.111e-16
08538.45 3.124e-16
08539.85 3.080e-16
08541.25 3.065e-16
08542.65 3.106e-16
08544.06 3.041e-16
08545.45 3.043e-16
08546.85 3.068e-16
08548.26 3.079e-16
08549.66 3.135e-16
08551.06 3.113e-16
08552.46 3.104e-16
08553.86 3.131e-16
08555.26 3.153e-16
08556.66 3.144e-16
08558.06 3.144e-16
08559.46 3.196e-16
08560.86 3.256e-16
08562.26 3.242e-16
08563.67 3.174e-16
08565.07 3.167e-16
08566.47 3.218e-16
08567.87 3.242e-16
08569.27 3.313e-16
08570.67 3.387e-16
08572.07 3.439e-16
08573.47 3.546e-16
08574.87 3.584e-16
08576.27 3.536e-16
08577.67 3.632e-16
08579.07 3.650e-16
08580.47 3.693e-16
08581.87 3.731e-16
08583.27 3.713e-16
08584.68 3.753e-16
08586.08 3.813e-16
08587.48 3.880e-16
08588.88 3.913e-16
08590.28 3.949e-16
08591.68 4.019e-16
08593.08 4.109e-16
08594.48 4.165e-16
08595.88 4.244e-16
08597.28 4.222e-16
08598.68 4.318e-16
08600.08 4.396e-16
08601.48 4.429e-16
08602.89 4.511e-16
08604.28 4.554e-16
08605.69 4.574e-16
08607.09 4.718e-16
08608.49 4.709e-16
08609.89 4.692e-16
08611.29 4.651e-16
08612.69 4.699e-16
08614.09 4.695e-16
08615.49 4.738e-16
08616.89 4.748e-16
08618.29 4.836e-16
08619.69 4.876e-16
08621.09 4.958e-16
08622.50 4.982e-16
08623.90 4.669e-16
08625.30 4.573e-16
08626.70 4.593e-16
08628.10 4.678e-16
08629.50 5.035e-16
08630.90 5.392e-16
08632.30 5.341e-16
08633.70 5.295e-16
08635.10 5.369e-16
08636.50 5.555e-16
08637.90 5.602e-16
08639.30 5.542e-16
08640.70 5.646e-16
08642.10 5.778e-16
08643.51 5.702e-16
08644.91 5.708e-16
08646.31 5.709e-16
08647.71 5.802e-16
08649.11 5.848e-16
08650.51 5.834e-16
08651.91 5.917e-16
08653.31 5.905e-16
08654.71 5.915e-16
08656.11 6.107e-16
08657.51 6.100e-16
08658.91 6.168e-16
08660.31 6.174e-16
08661.72 6.107e-16
08663.12 6.073e-16
08664.52 6.064e-16
08665.92 6.202e-16
08667.32 6.178e-16
08668.72 6.322e-16
08670.12 6.385e-16
08671.52 6.411e-16
08672.92 6.411e-16
08674.32 6.508e-16
08675.72 6.566e-16
08677.12 6.557e-16
08678.52 6.620e-16
08679.92 6.723e-16
08681.33 6.719e-16
08682.73 6.768e-16
08684.13 6.823e-16
08685.53 6.875e-16
08686.93 6.885e-16
08688.33 6.927e-16
08689.73 6.964e-16
08691.13 7.073e-16
08692.53 7.009e-16
08693.93 7.141e-16
08695.33 7.122e-16
08696.73 7.201e-16
08698.13 7.182e-16
08699.53 7.243e-16
08700.94 7.204e-16
08702.34 7.261e-16
08703.74 7.341e-16
08705.14 7.333e-16
08706.54 7.312e-16
08707.94 7.344e-16
08709.34 7.382e-16
08710.74 7.321e-16
08712.14 7.280e-16
08713.54 7.326e-16
08714.94 7.290e-16
08716.34 7.183e-16
08717.74 7.224e-16
08719.15 7.219e-16
08720.55 7.279e-16
08721.95 7.236e-16
08723.35 7.243e-16
08724.75 7.097e-16
08726.15 7.148e-16
08727.55 7.152e-16
08728.95 7.023e-16
08730.35 6.885e-16
08731.75 6.855e-16
08733.15 6.761e-16
08734.55 6.756e-16
08735.95 6.716e-16
08737.35 6.674e-16
08738.75 6.673e-16
08740.16 6.541e-16
08741.56 6.568e-16
08742.96 6.498e-16
08744.36 6.378e-16
08745.76 6.363e-16
08747.16 6.408e-16
08748.56 6.301e-16
08749.96 6.298e-16
08751.36 6.221e-16
08752.76 6.165e-16
08754.16 6.040e-16
08755.56 5.996e-16
08756.96 5.985e-16
08758.36 6.080e-16
08759.77 5.901e-16
08761.17 5.830e-16
08762.57 5.832e-16
08763.97 5.750e-16
08765.37 5.752e-16
08766.77 5.676e-16
08768.17 5.650e-16
08769.57 5.702e-16
08770.97 5.600e-16
08772.37 5.511e-16
08773.77 5.482e-16
08775.17 5.331e-16
08776.57 5.280e-16
08777.98 5.296e-16
08779.38 5.152e-16
08780.78 5.076e-16
08782.18 5.027e-16
08783.58 4.944e-16
08784.98 4.938e-16
08786.38 4.885e-16
08787.78 4.810e-16
08789.18 4.802e-16
08790.58 4.753e-16
08791.98 4.729e-16
08793.38 4.739e-16
08794.78 4.660e-16
08796.18 4.565e-16
08797.58 4.462e-16
08798.99 4.457e-16
08800.39 4.437e-16
08801.79 4.431e-16
08803.19 4.373e-16
08804.59 4.354e-16
08805.99 4.230e-16
08807.39 4.122e-16
08808.79 4.177e-16
08810.19 4.094e-16
08811.59 4.107e-16
08812.99 4.148e-16
08814.39 4.102e-16
08815.80 4.074e-16
08817.19 4.064e-16
08818.60 4.011e-16
08820.00 3.960e-16
08821.40 3.931e-16
08822.80 3.877e-16
08824.20 3.881e-16
08825.60 3.776e-16
08827.00 3.718e-16
08828.40 3.803e-16
08829.80 3.627e-16
08831.20 3.635e-16
08832.60 3.616e-16
08834.00 3.623e-16
08835.40 3.506e-16
08836.81 3.448e-16
08838.21 3.526e-16
08839.61 3.452e-16
08841.01 3.414e-16
08842.41 3.400e-16
08843.81 3.367e-16
08845.21 3.357e-16
08846.61 3.317e-16
08848.01 3.353e-16
08849.41 3.333e-16
08850.81 3.316e-16
08852.21 3.195e-16
08853.61 3.263e-16
08855.01 3.235e-16
08856.42 3.122e-16
08857.82 3.094e-16
08859.22 3.025e-16
08860.62 2.967e-16
08862.02 2.985e-16
08863.42 2.986e-16
08864.82 2.948e-16
08866.22 2.815e-16
08867.62 2.827e-16
08869.02 2.796e-16
08870.42 2.770e-16
08871.82 2.728e-16
08873.23 2.644e-16
08874.62 2.625e-16
08876.02 2.547e-16
08877.43 2.549e-16
08878.83 2.581e-16
08880.23 2.437e-16
08881.63 2.446e-16
08883.03 2.434e-16
08884.43 2.317e-16
08885.83 2.363e-16
08887.23 2.344e-16
08888.63 2.250e-16
08890.03 2.343e-16
08891.43 2.292e-16
08892.83 2.317e-16
08894.24 2.263e-16
08895.64 2.226e-16
08897.04 2.241e-16
08898.44 2.254e-16
08899.84 2.149e-16
08901.24 2.173e-16
08902.64 2.123e-16
08904.04 2.124e-16
08905.44 2.018e-16
08906.84 2.065e-16
08908.24 2.096e-16
08909.64 2.048e-16
08911.04 2.047e-16
08912.44 2.042e-16
08913.85 2.070e-16
08915.25 2.055e-16
08916.65 2.002e-16
08918.05 2.027e-16
08919.45 2.013e-16
08920.85 2.100e-16
08922.25 1.959e-16
08923.65 1.955e-16
08925.05 1.863e-16
08926.45 1.850e-16
08927.85 1.852e-16
08929.25 1.778e-16
08930.65 1.806e-16
08932.06 1.786e-16
08933.45 1.745e-16
08934.86 1.706e-16
08936.26 1.728e-16
08937.66 1.834e-16
08939.06 1.889e-16
08940.46 1.875e-16
08941.86 1.832e-16
08943.26 1.836e-16
08944.66 1.729e-16
08946.06 1.658e-16
08947.46 1.562e-16
08948.86 1.563e-16
08950.26 1.541e-16
08951.67 1.518e-16
08953.07 1.514e-16
08954.47 1.470e-16
08955.87 1.473e-16
08957.27 1.501e-16
08958.67 1.495e-16
08960.07 1.496e-16
08961.47 1.460e-16
08962.87 1.342e-16
08964.27 1.351e-16
08965.67 1.368e-16
08967.07 1.401e-16
08968.47 1.428e-16
08969.87 1.389e-16
08971.27 1.305e-16
08972.68 1.340e-16
08974.08 1.335e-16
08975.48 1.352e-16
08976.88 1.395e-16
08978.28 1.388e-16
08979.68 1.318e-16
08981.08 1.263e-16
08982.48 1.347e-16
08983.88 1.366e-16
08985.28 1.288e-16
08986.68 1.208e-16
08988.08 1.144e-16
08989.48 1.128e-16
08990.89 1.126e-16
08992.29 1.150e-16
08993.69 1.297e-16
08995.09 1.341e-16
08996.49 1.348e-16
08997.89 1.358e-16
08999.29 1.245e-16
09000.69 1.148e-16
09002.09 1.217e-16
09003.49 1.255e-16
09004.89 1.215e-16
09006.29 1.203e-16
09007.69 1.230e-16
09009.09 1.265e-16
09010.50 1.209e-16
09011.90 1.220e-16
09013.30 1.287e-16
09014.70 1.232e-16
09016.10 1.128e-16
09017.50 1.161e-16
09018.90 1.219e-16
09020.30 1.227e-16
09021.70 1.227e-16
09023.10 1.173e-16
09024.50 1.137e-16
09025.90 1.167e-16
09027.30 1.232e-16
09028.70 1.242e-16
09030.10 1.245e-16
09031.51 1.229e-16
09032.91 1.250e-16
09034.31 1.215e-16
09035.71 1.320e-16
09037.11 1.336e-16
09038.51 1.253e-16
09039.91 1.258e-16
09041.31 1.255e-16
09042.71 1.219e-16
09044.11 1.212e-16
09045.51 1.223e-16
09046.91 1.214e-16
09048.31 1.213e-16
09049.72 1.226e-16
09051.12 1.185e-16
09052.52 1.204e-16
09053.92 1.235e-16
09055.32 1.241e-16
09056.72 1.247e-16
09058.12 1.247e-16
09059.52 1.248e-16
09060.92 1.239e-16
09062.32 1.218e-16
09063.72 1.180e-16
09065.12 1.218e-16
09066.52 1.249e-16
09067.92 1.160e-16
09069.33 1.181e-16
09070.73 1.113e-16
09072.13 1.092e-16
09073.53 1.166e-16
09074.93 1.194e-16
09076.33 1.230e-16
09077.73 1.223e-16
09079.13 1.163e-16
09080.53 1.134e-16
09081.93 1.170e-16
09083.33 1.208e-16
09084.73 1.210e-16
09086.13 1.148e-16
09087.53 1.109e-16
09088.94 1.195e-16
09090.34 1.211e-16
09091.74 1.207e-16
09093.14 1.197e-16
09094.54 1.194e-16
09095.94 1.176e-16
09097.34 1.157e-16
09098.74 1.108e-16
09100.14 1.102e-16
09101.54 1.171e-16
09102.94 1.176e-16
09104.34 1.175e-16
09105.74 1.173e-16
09107.15 1.131e-16
09108.55 1.190e-16
09109.95 1.200e-16
09111.35 1.195e-16
09112.75 1.197e-16
09114.15 1.179e-16
09115.55 1.176e-16
09116.95 1.127e-16
09118.35 1.098e-16
09119.75 1.093e-16
09121.15 1.113e-16
09122.55 1.136e-16
09123.95 1.132e-16
09125.35 1.120e-16
09126.75 1.098e-16
09128.16 1.076e-16
09129.56 1.008e-16
09130.96 1.039e-16
09132.36 1.111e-16
09133.76 1.024e-16
09135.16 9.808e-17
09136.56 9.984e-17
09137.96 1.064e-16
09139.36 1.102e-16
09140.76 1.106e-16
09142.16 1.091e-16
09143.56 1.078e-16
09144.97 1.118e-16
09146.36 1.143e-16
09147.77 1.150e-16
09149.17 1.103e-16
09150.57 1.058e-16
09151.97 9.735e-17
09153.37 9.290e-17
09154.77 9.060e-17
09156.17 9.406e-17
09157.57 9.946e-17
09158.97 1.022e-16
09160.37 9.870e-17
09161.77 1.027e-16
09163.17 9.957e-17
09164.57 1.007e-16
09165.98 9.975e-17
09167.38 9.878e-17
09168.78 9.661e-17
09170.18 1.035e-16
09171.58 9.476e-17
09172.98 9.206e-17
09174.38 8.730e-17
09175.78 8.596e-17
09177.18 9.659e-17
09178.58 9.954e-17
09179.98 1.005e-16
09181.38 1.003e-16
09182.78 9.624e-17
09184.18 9.774e-17
09185.59 9.714e-17
09186.99 1.028e-16
09188.39 1.056e-16
09189.79 1.051e-16
09191.19 1.040e-16
09192.59 1.013e-16
09193.99 9.921e-17
09195.39 1.021e-16
09196.79 1.046e-16
09198.19 1.018e-16
09199.59 1.050e-16
09200.99 1.113e-16
09202.40 1.077e-16
09203.80 1.080e-16
09205.19 1.069e-16
09206.60 1.076e-16
09208.00 1.078e-16
09209.40 1.113e-16
09210.80 1.144e-16
09212.20 1.104e-16
09213.60 1.120e-16
09215.00 1.097e-16
09216.40 1.069e-16
09217.80 1.108e-16
09219.20 1.162e-16
09220.60 1.070e-16
09222.00 1.119e-16
09223.41 1.163e-16
09224.81 1.173e-16
09226.21 1.209e-16
09227.61 1.209e-16
09229.01 1.205e-16
09230.41 1.212e-16
09231.81 1.158e-16
09233.21 1.164e-16
09234.61 1.205e-16
09236.01 1.195e-16
09237.41 1.137e-16
09238.81 1.202e-16
09240.21 1.236e-16
09241.61 1.220e-16
09243.01 1.262e-16
09244.42 1.251e-16
09245.82 1.202e-16
09247.22 1.208e-16
09248.62 1.247e-16
09250.02 1.225e-16
09251.42 1.216e-16
09252.82 1.225e-16
09254.22 1.259e-16
09255.62 1.287e-16
09257.02 1.334e-16
09258.42 1.263e-16
09259.82 1.251e-16
09261.23 1.356e-16
09262.62 1.348e-16
09264.03 1.356e-16
09265.43 1.359e-16
09266.83 1.405e-16
09268.23 1.427e-16
09269.63 1.438e-16
09271.03 1.445e-16
09272.43 1.462e-16
09273.83 1.452e-16
09275.23 1.459e-16
09276.63 1.451e-16
09278.03 1.368e-16
09279.43 1.381e-16
09280.83 1.422e-16
09282.24 1.506e-16
09283.64 1.509e-16
09285.04 1.442e-16
09286.44 1.431e-16
09287.84 1.482e-16
09289.24 1.586e-16
09290.64 1.598e-16
09292.04 1.528e-16
09293.44 1.600e-16
09294.84 1.574e-16
09296.24 1.589e-16
09297.64 1.560e-16
09299.04 1.593e-16
09300.44 1.622e-16
09301.85 1.610e-16
09303.25 1.583e-16
09304.65 1.597e-16
09306.05 1.661e-16
09307.45 1.497e-16
09308.85 1.476e-16
09310.25 1.453e-16
09311.65 1.594e-16
09313.05 1.620e-16
09314.45 1.448e-16
09315.85 1.439e-16
09317.25 1.402e-16
09318.65 1.416e-16
09320.06 1.482e-16
09321.46 1.381e-16
09322.86 1.388e-16
09324.26 1.407e-16
09325.66 1.408e-16
09327.06 1.336e-16
09328.46 1.341e-16
09329.86 1.394e-16
09331.26 1.374e-16
09332.66 1.231e-16
09334.06 1.267e-16
09335.46 1.322e-16
09336.86 1.296e-16
09338.26 1.251e-16
09339.67 1.242e-16
09341.07 1.351e-16
09342.47 1.318e-16
09343.87 1.153e-16
09345.27 1.251e-16
09346.67 1.350e-16
09348.07 1.421e-16
09349.47 1.490e-16
09350.87 1.396e-16
09352.27 1.313e-16
09353.67 1.226e-16
09355.07 1.190e-16
09356.47 1.236e-16
09357.87 1.295e-16
09359.27 1.304e-16
09360.68 1.395e-16
09362.08 1.418e-16
09363.48 1.387e-16
09364.88 1.284e-16
09366.28 1.246e-16
09367.68 1.235e-16
09369.08 1.180e-16
09370.48 1.115e-16
09371.88 1.180e-16
09373.28 1.223e-16
09374.68 1.187e-16
09376.08 1.237e-16
09377.48 1.421e-16
09378.89 1.245e-16
09380.29 1.174e-16
09381.69 1.186e-16
09383.09 1.231e-16
09384.49 1.310e-16
09385.89 1.230e-16
09387.29 1.262e-16
09388.69 1.334e-16
09390.09 1.338e-16
09391.49 1.300e-16
09392.89 1.328e-16
09394.29 1.279e-16
09395.69 1.287e-16
09397.09 1.274e-16
09398.50 1.244e-16
09399.90 1.243e-16
09401.30 1.231e-16
09402.70 1.226e-16
09404.10 1.228e-16
09405.50 1.280e-16
09406.90 1.226e-16
09408.30 1.183e-16
09409.70 1.192e-16
09411.10 1.131e-16
09412.50 1.173e-16
09413.90 1.213e-16
09415.30 1.204e-16
09416.70 1.196e-16
09418.10 1.277e-16
09419.51 1.246e-16
09420.91 1.284e-16
09422.31 1.229e-16
09423.71 1.240e-16
09425.11 1.239e-16
09426.51 1.147e-16
09427.91 1.070e-16
09429.31 1.116e-16
09430.71 1.235e-16
09432.11 1.227e-16
09433.51 1.253e-16
09434.91 1.178e-16
09436.31 1.182e-16
09437.72 1.208e-16
09439.12 1.125e-16
09440.52 1.054e-16
09441.92 1.103e-16
09443.32 1.047e-16
09444.72 1.173e-16
09446.12 1.247e-16
09447.52 1.226e-16
09448.92 1.195e-16
09450.32 1.168e-16
09451.72 1.138e-16
09453.12 1.113e-16
09454.52 1.115e-16
09455.92 1.081e-16
09457.33 1.171e-16
09458.73 1.103e-16
09460.13 1.143e-16
09461.53 1.084e-16
09462.93 1.150e-16
09464.33 1.148e-16
09465.73 1.113e-16
09467.13 1.163e-16
09468.53 1.072e-16
09469.93 1.033e-16
09471.33 1.129e-16
09472.73 1.151e-16
09474.14 1.095e-16
09475.53 1.098e-16
09476.94 1.144e-16
09478.34 1.144e-16
09479.74 9.527e-17
09481.14 9.324e-17
09482.54 1.009e-16
09483.94 1.072e-16
09485.34 1.091e-16
09486.74 1.035e-16
09488.14 1.054e-16
09489.54 1.102e-16
09490.94 1.103e-16
09492.34 9.879e-17
09493.74 9.545e-17
09495.15 9.422e-17
09496.55 9.848e-17
09497.95 9.545e-17
09499.35 9.268e-17
09500.75 9.180e-17
09502.15 1.022e-16
09503.55 1.149e-16
09504.95 1.053e-16
09506.35 9.967e-17
09507.75 1.032e-16
09509.15 1.023e-16
09510.55 1.028e-16
09511.95 1.032e-16
09513.35 1.019e-16
09514.75 9.476e-17
09516.16 9.569e-17
09517.56 9.100e-17
09518.96 9.027e-17
09520.36 9.524e-17
09521.76 1.005e-16
09523.16 9.291e-17
09524.56 9.309e-17
09525.96 9.344e-17
09527.36 9.278e-17
09528.76 9.008e-17
09530.16 9.413e-17
09531.56 9.957e-17
09532.97 9.899e-17
09534.36 9.581e-17
09535.77 9.245e-17
09537.17 9.426e-17
09538.57 9.273e-17
09539.97 9.391e-17
09541.37 8.976e-17
09542.77 9.008e-17
09544.17 8.753e-17
09545.57 9.112e-17
09546.97 9.139e-17
09548.37 9.412e-17
09549.77 9.826e-17
09551.17 9.226e-17
09552.58 8.373e-17
09553.98 8.140e-17
09555.38 7.972e-17
09556.78 8.066e-17
09558.18 7.758e-17
09559.58 8.496e-17
09560.98 8.132e-17
09562.38 7.823e-17
09563.78 7.429e-17
09565.18 6.982e-17
09566.58 7.860e-17
09567.98 7.553e-17
09569.38 7.364e-17
09570.78 7.279e-17
09572.18 7.786e-17
09573.59 8.214e-17
09574.99 7.967e-17
09576.39 7.786e-17
09577.79 7.684e-17
09579.19 6.925e-17
09580.59 6.446e-17
09581.99 6.855e-17
09583.39 7.044e-17
09584.79 7.358e-17
09586.19 7.549e-17
09587.59 7.258e-17
09588.99 6.709e-17
09590.40 7.093e-17
09591.80 6.843e-17
09593.20 6.764e-17
09594.60 6.801e-17
09596.00 7.143e-17
09597.40 7.441e-17
09598.80 6.998e-17
09600.20 7.081e-17
09601.60 7.371e-17
09603.00 7.202e-17
09604.40 6.884e-17
09605.80 6.915e-17
09607.20 7.030e-17
09608.60 7.316e-17
09610.00 7.460e-17
09611.41 7.461e-17
09612.81 7.184e-17
09614.21 7.195e-17
09615.61 7.138e-17
09617.01 6.534e-17
09618.41 6.949e-17
09619.81 6.489e-17
09621.21 6.526e-17
09622.61 6.797e-17
09624.01 6.583e-17
09625.41 7.018e-17
09626.81 7.069e-17
09628.21 7.181e-17
09629.61 7.531e-17
09631.02 7.610e-17
09632.42 7.396e-17
09633.82 7.068e-17
09635.22 6.367e-17
09636.62 4.847e-17
09638.02 5.839e-17
09639.42 7.472e-17
09640.82 7.742e-17
09642.22 7.566e-17
09643.62 7.450e-17
09645.02 7.277e-17
09646.42 7.031e-17
09647.82 6.913e-17
09649.23 7.385e-17
09650.62 7.697e-17
09652.03 7.671e-17
09653.43 7.280e-17
09654.83 7.382e-17
09656.23 6.985e-17
09657.63 7.222e-17
09659.03 7.376e-17
09660.43 7.355e-17
09661.83 6.822e-17
09663.23 7.077e-17
09664.63 7.275e-17
09666.03 7.280e-17
09667.43 7.149e-17
09668.83 7.246e-17
09670.24 7.372e-17
09671.64 7.273e-17
09673.04 7.501e-17
09674.44 7.897e-17
09675.84 7.819e-17
09677.24 7.482e-17
09678.64 7.637e-17
09680.04 7.215e-17
09681.44 7.272e-17
09682.84 7.730e-17
09684.24 8.067e-17
09685.64 7.608e-17
09687.04 7.034e-17
09688.44 7.859e-17
09689.85 8.196e-17
09691.25 7.321e-17
09692.65 7.249e-17
09694.05 7.692e-17
09695.45 7.966e-17
09696.85 7.864e-17
09698.25 6.921e-17
09699.65 7.204e-17
09701.05 6.921e-17
09702.45 7.090e-17
09703.85 7.491e-17
09705.25 7.879e-17
09706.65 7.267e-17
09708.06 7.329e-17
09709.46 8.184e-17
09710.86 7.549e-17
09712.26 7.757e-17
09713.66 7.300e-17
09715.06 7.159e-17
09716.46 7.083e-17
09717.86 7.734e-17
09719.26 7.702e-17
09720.66 7.250e-17
09722.06 7.787e-17
09723.46 7.708e-17
09724.86 7.178e-17
09726.26 7.308e-17
09727.67 7.606e-17
09729.07 6.972e-17
09730.47 7.667e-17
09731.87 7.567e-17
09733.27 7.891e-17
09734.67 6.983e-17
09736.07 7.235e-17
09737.47 7.516e-17
09738.87 7.835e-17
09740.27 7.918e-17
09741.67 7.607e-17
09743.07 7.394e-17
09744.47 7.145e-17
09745.88 7.873e-17
09747.27 7.677e-17
09748.68 7.041e-17
09750.08 7.571e-17
09751.48 7.414e-17
09752.88 7.389e-17
09754.28 7.177e-17
09755.68 7.335e-17
09757.08 7.154e-17
09758.48 7.438e-17
09759.88 6.983e-17
09761.28 7.318e-17
09762.68 7.245e-17
09764.08 7.228e-17
09765.48 8.033e-17
09766.89 7.860e-17
09768.29 7.502e-17
09769.69 7.471e-17
09771.09 7.765e-17
09772.49 7.446e-17
09773.89 7.350e-17
09775.29 7.597e-17
09776.69 8.238e-17
09778.09 7.609e-17
09779.49 7.424e-17
09780.89 7.491e-17
09782.29 7.133e-17
09783.69 7.094e-17
09785.09 7.650e-17
09786.50 7.552e-17
09787.90 7.680e-17
09789.30 8.638e-17
09790.70 7.098e-17
09792.10 8.104e-17
09793.50 8.024e-17
09794.90 7.724e-17
09796.30 7.552e-17
09797.70 7.453e-17
09799.10 7.115e-17
09800.50 7.428e-17
09801.90 7.245e-17
09803.31 7.485e-17
09804.70 7.747e-17
09806.10 8.225e-17
09807.51 8.300e-17
09808.91 7.841e-17
09810.31 8.016e-17
09811.71 7.737e-17
09813.11 7.805e-17
09814.51 7.733e-17
09815.91 7.622e-17
09817.31 7.323e-17
09818.71 7.631e-17
09820.11 7.777e-17
09821.51 7.426e-17
09822.91 7.066e-17
09824.32 6.951e-17
09825.72 7.296e-17
09827.12 7.206e-17
09828.52 7.242e-17
09829.92 7.408e-17
09831.32 7.338e-17
09832.72 7.200e-17
09834.12 7.155e-17
09835.52 7.257e-17
09836.92 7.150e-17
09838.32 7.234e-17
09839.72 7.132e-17
09841.12 6.946e-17
09842.52 7.477e-17
09843.92 6.906e-17
09845.33 7.608e-17
09846.73 6.626e-17
09848.13 6.399e-17
09849.53 6.742e-17
09850.93 6.937e-17
09852.33 7.420e-17
09853.73 7.584e-17
09855.13 6.989e-17
09856.53 7.141e-17
09857.93 7.149e-17
09859.33 7.036e-17
09860.73 7.146e-17
09862.14 7.174e-17
09863.53 7.200e-17
09864.94 7.141e-17
09866.34 7.167e-17
09867.74 7.182e-17
09869.14 7.301e-17
09870.54 6.862e-17
09871.94 6.134e-17
09873.34 7.401e-17
09874.74 6.591e-17
09876.14 6.687e-17
09877.54 6.813e-17
09878.94 7.052e-17
09880.34 6.932e-17
09881.75 6.971e-17
09883.15 7.343e-17
09884.55 7.189e-17
09885.95 7.172e-17
09887.35 6.714e-17
09888.75 6.515e-17
09890.15 6.861e-17
09891.55 6.502e-17
09892.95 6.619e-17
09894.35 6.082e-17
09895.75 5.743e-17
09897.15 6.480e-17
09898.55 6.809e-17
09899.95 6.871e-17
09901.35 6.429e-17
09902.76 6.779e-17
09904.16 6.708e-17
09905.56 6.664e-17
09906.96 6.373e-17
09908.36 6.422e-17
09909.76 6.463e-17
09911.16 6.939e-17
09912.56 6.782e-17
09913.96 6.903e-17
09915.36 6.504e-17
09916.76 7.797e-17
09918.16 7.546e-17
09919.56 6.388e-17
09920.97 6.327e-17
09922.36 6.267e-17
09923.77 6.246e-17
09925.17 6.463e-17
09926.57 6.263e-17
09927.97 6.332e-17
09929.37 6.311e-17
09930.77 6.453e-17
09932.17 6.216e-17
09933.57 6.603e-17
09934.97 6.023e-17
09936.37 6.710e-17
09937.77 7.027e-17
09939.17 6.454e-17
09940.58 6.464e-17
09941.98 5.982e-17
09943.38 6.036e-17
09944.78 6.074e-17
09946.18 7.752e-17
09947.58 7.753e-17
09948.98 7.725e-17
09950.38 6.340e-17
09951.78 6.857e-17
09953.18 7.236e-17
09954.58 7.080e-17
09955.98 6.919e-17
09957.38 6.969e-17
09958.78 6.289e-17
09960.19 6.904e-17
09961.59 6.363e-17
09962.99 6.157e-17
09964.39 6.020e-17
09965.79 6.046e-17
09967.19 6.456e-17
09968.59 7.013e-17
09969.99 6.482e-17
09971.39 6.267e-17
09972.79 5.859e-17
09974.19 6.487e-17
09975.59 6.836e-17
09976.99 6.716e-17
09978.40 6.757e-17
09979.80 6.834e-17
09981.20 6.062e-17
09982.60 6.757e-17
09984.00 7.101e-17
09985.40 6.911e-17
09986.80 6.836e-17
09988.20 6.599e-17
09989.60 6.137e-17
09991.00 6.468e-17
09992.40 6.192e-17
09993.80 6.000e-17
09995.20 6.395e-17
09996.60 6.147e-17
09998.00 6.572e-17
09999.41 6.820e-17
10000.81 6.436e-17
10002.21 6.381e-17
10003.61 6.362e-17
10005.01 6.587e-17
10006.41 5.906e-17
10007.81 6.190e-17
10009.21 5.905e-17
10010.61 6.362e-17
10012.01 7.489e-17
10013.41 6.701e-17
10014.81 6.888e-17
10016.21 6.370e-17
10017.62 6.881e-17
10019.02 6.167e-17
10020.42 6.091e-17
10021.82 6.347e-17
10023.22 6.761e-17
10024.62 5.714e-17
10026.02 6.095e-17
10027.42 5.859e-17
10028.82 5.698e-17
10030.22 7.131e-17
10031.62 6.725e-17
10033.02 6.200e-17
10034.42 6.117e-17
10035.82 6.096e-17
10037.22 6.061e-17
10038.63 5.875e-17
10040.03 6.393e-17
10041.43 5.319e-17
10042.83 6.158e-17
10044.23 6.031e-17
10045.63 6.026e-17
10047.03 5.832e-17
10048.43 6.013e-17
10049.83 6.135e-17
10051.23 6.610e-17
10052.63 6.219e-17
10054.03 6.350e-17
10055.43 6.098e-17
10056.83 5.460e-17
10058.24 6.095e-17
10059.64 6.296e-17
10061.04 5.756e-17
10062.44 6.569e-17
10063.84 6.028e-17
10065.24 5.794e-17
10066.64 6.648e-17
10068.04 5.613e-17
10069.44 5.591e-17
10070.84 6.093e-17
10072.24 6.288e-17
10073.64 5.572e-17
10075.04 5.727e-17
10076.45 5.608e-17
10077.85 6.035e-17
10079.25 5.686e-17
10080.65 5.251e-17
10082.05 6.738e-17
10083.45 5.508e-17
10084.85 5.460e-17
10086.25 5.987e-17
10087.65 5.925e-17
10089.05 5.413e-17
10090.45 5.528e-17
10091.85 5.623e-17
10093.25 5.590e-17
10094.65 5.695e-17
10096.06 5.300e-17
10097.46 5.916e-17
10098.86 6.879e-17
10100.26 5.920e-17
10101.66 6.026e-17
10103.06 5.246e-17
10104.46 4.742e-17
10105.86 6.993e-17
10107.26 6.701e-17
10108.66 5.330e-17
10110.06 5.947e-17
10111.46 5.641e-17
10112.86 6.025e-17
10114.26 6.070e-17
10115.67 6.031e-17
10117.07 6.047e-17
10118.47 5.389e-17
10119.87 5.843e-17
10121.27 6.557e-17
10122.67 6.729e-17
10124.07 6.037e-17
10125.47 4.665e-17
10126.87 4.607e-17
10128.27 5.809e-17
10129.67 6.198e-17
10131.07 5.138e-17
10132.47 5.424e-17
10133.87 5.456e-17
10135.28 5.326e-17
10136.68 4.672e-17
10138.08 4.532e-17
10139.48 4.374e-17
10140.88 4.930e-17
10142.28 4.234e-17
10143.68 3.810e-17
10145.08 4.376e-17
10146.48 4.375e-17
10147.88 4.580e-17
10149.28 4.155e-17
10150.68 4.130e-17
10152.08 3.604e-17
10153.49 3.491e-17
10154.89 3.635e-17
10156.29 3.702e-17
10157.69 3.548e-17
10159.09 3.949e-17
10160.49 3.310e-17
10161.89 2.875e-17
10163.29 -6.131e-18
