03164.26 5.726e-16
03167.02 4.982e-16
03169.79 -3.328e-16
03172.55 1.996e-16
03175.31 -1.298e-16
03178.08 -1.421e-16
03180.84 -1.016e-15
03183.61 3.742e-16
03186.37 -2.155e-16
03189.13 1.805e-16
03191.90 5.944e-16
03194.66 1.403e-16
03197.42 -2.240e-16
03200.19 9.916e-17
03202.95 -1.016e-16
03205.72 -1.712e-16
03208.48 3.511e-16
03211.24 -1.291e-16
03214.01 1.103e-15
03216.77 -5.435e-17
03219.53 3.252e-16
03222.30 -7.522e-17
03225.06 7.406e-17
03227.82 4.058e-16
03230.59 2.912e-16
03233.35 1.170e-16
03236.11 -7.133e-17
03238.88 2.024e-16
03241.64 8.072e-17
03244.41 2.634e-16
03247.17 -4.325e-16
03249.93 3.348e-16
03252.70 2.494e-16
03255.46 2.102e-16
03258.22 -9.510e-17
03260.99 5.691e-17
03263.75 2.667e-16
03266.51 2.163e-16
03269.28 3.931e-16
03272.04 9.043e-16
03274.81 -1.697e-16
03277.57 1.168e-16
03280.33 6.280e-19
03283.10 -2.382e-17
03285.86 2.637e-17
03288.62 1.613e-16
03291.39 1.232e-16
03294.15 7.718e-17
03296.92 2.164e-18
03299.68 2.550e-16
03302.44 -7.933e-17
03305.21 7.209e-17
03307.97 9.842e-17
03310.73 2.138e-16
03313.50 8.085e-18
03316.26 9.318e-18
03319.03 1.187e-16
03321.79 1.360e-16
03324.55 3.404e-16
03327.32 2.503e-16
03330.08 1.756e-17
03332.84 -1.564e-16
03335.61 3.580e-16
03338.37 1.359e-16
03341.14 4.020e-16
03343.90 3.066e-16
03346.66 1.603e-16
03349.43 1.518e-16
03352.19 1.912e-16
03354.95 2.641e-16
03357.72 1.958e-16
03360.48 2.205e-16
03363.24 3.518e-16
03366.01 1.795e-16
03368.77 5.473e-17
03371.53 1.650e-16
03374.30 1.021e-16
03377.06 2.629e-16
03379.83 1.918e-16
03382.59 1.052e-16
03385.35 2.843e-16
03388.12 1.135e-16
03390.88 3.563e-16
03393.64 2.982e-16
03396.41 1.993e-16
03399.17 3.298e-16
03401.93 3.376e-16
03404.70 3.159e-16
03407.46 1.577e-16
03410.23 1.545e-16
03412.99 2.432e-16
03415.75 4.855e-16
03418.52 3.051e-16
03421.28 4.296e-16
03424.05 2.449e-16
03426.81 2.665e-16
03429.57 2.665e-16
03432.34 3.369e-16
03435.10 3.629e-16
03437.86 2.879e-16
03440.63 2.111e-16
03443.39 3.669e-16
03446.15 2.117e-16
03448.92 1.252e-16
03451.68 2.857e-16
03454.45 3.957e-16
03457.21 2.690e-16
03459.97 3.166e-16
03462.74 3.770e-16
03465.50 1.839e-16
03468.26 3.184e-16
03471.03 3.530e-16
03473.79 1.837e-16
03476.55 2.425e-16
03479.32 2.773e-16
03482.08 3.455e-16
03484.84 2.694e-16
03487.61 2.796e-16
03490.37 2.729e-16
03493.14 3.304e-16
03495.90 2.655e-16
03498.66 2.890e-16
03501.43 2.354e-16
03504.19 2.400e-16
03506.95 3.317e-16
03509.72 2.625e-16
03512.48 2.327e-16
03515.25 1.508e-16
03518.01 3.842e-16
03520.77 2.281e-16
03523.54 1.549e-16
03526.30 2.687e-16
03529.06 2.247e-16
03531.83 2.128e-16
03534.59 2.440e-16
03537.36 2.750e-16
03540.12 2.063e-16
03542.88 1.863e-16
03545.65 2.538e-16
03548.41 2.293e-16
03551.17 2.528e-16
03553.94 2.388e-16
03556.70 2.079e-16
03559.47 2.107e-16
03562.23 2.137e-16
03564.99 2.187e-16
03567.76 2.155e-16
03570.52 2.028e-16
03573.28 1.915e-16
03576.05 2.591e-16
03578.81 1.980e-16
03581.57 2.761e-16
03584.34 2.130e-16
03587.10 2.010e-16
03589.86 1.664e-16
03592.63 1.514e-16
03595.39 1.616e-16
03598.16 2.292e-16
03600.92 1.409e-16
03603.68 2.161e-16
03606.45 1.721e-16
03609.21 2.047e-16
03611.97 1.756e-16
03614.74 2.199e-16
03617.50 2.004e-16
03620.27 1.581e-16
03623.03 1.379e-16
03625.79 2.255e-16
03628.56 1.922e-16
03631.32 1.496e-16
03634.08 1.906e-16
03636.85 1.123e-16
03639.61 1.702e-16
03642.38 2.074e-16
03645.14 1.243e-16
03647.90 1.743e-16
03650.67 1.490e-16
03653.43 1.825e-16
03656.19 1.597e-16
03658.96 1.679e-16
03661.72 2.089e-16
03664.48 1.631e-16
03667.25 1.716e-16
03670.01 1.794e-16
03672.78 1.741e-16
03675.54 1.951e-16
03678.30 1.775e-16
03681.07 1.435e-16
03683.83 1.525e-16
03686.59 1.378e-16
03689.36 1.725e-16
03692.12 1.686e-16
03694.89 1.679e-16
03697.65 1.435e-16
03700.41 1.416e-16
03703.18 1.776e-16
03705.94 1.804e-16
03708.70 1.385e-16
03711.47 1.561e-16
03714.23 1.564e-16
03716.99 1.698e-16
03719.76 1.807e-16
03722.52 1.665e-16
03725.28 1.687e-16
03728.05 1.586e-16
03730.81 1.367e-16
03733.58 1.335e-16
03736.34 1.761e-16
03739.10 1.455e-16
03741.87 1.311e-16
03744.63 9.757e-17
03747.39 1.159e-16
03750.16 1.563e-16
03752.92 1.221e-16
03755.69 1.274e-16
03758.45 1.770e-16
03761.21 1.687e-16
03763.98 1.741e-16
03766.74 1.822e-16
03769.50 1.990e-16
03772.27 2.177e-16
03775.03 1.981e-16
03777.80 2.042e-16
03780.56 2.140e-16
03783.32 1.973e-16
03786.09 2.104e-16
03788.85 2.278e-16
03791.61 2.376e-16
03794.38 2.099e-16
03797.14 2.461e-16
03799.90 2.040e-16
03802.67 2.545e-16
03805.43 2.370e-16
03808.20 2.463e-16
03810.96 2.584e-16
03813.72 2.524e-16
03816.49 2.770e-16
03819.25 2.870e-16
03822.01 3.226e-16
03824.78 2.911e-16
03827.54 3.137e-16
03830.30 3.296e-16
03833.07 3.429e-16
03835.83 3.401e-16
03838.60 3.648e-16
03841.36 3.621e-16
03844.12 3.370e-16
03846.89 4.537e-16
03849.65 3.899e-16
03852.41 3.939e-16
03855.18 4.175e-16
03857.94 4.196e-16
03860.70 4.162e-16
03863.47 4.415e-16
03866.23 4.627e-16
03869.00 4.347e-16
03871.76 4.435e-16
03874.52 4.641e-16
03877.29 4.747e-16
03880.05 4.853e-16
03882.81 4.847e-16
03885.58 4.966e-16
03888.34 5.347e-16
03891.11 5.072e-16
03893.87 5.414e-16
03896.63 5.575e-16
03899.40 5.295e-16
03902.16 5.711e-16
03904.92 5.287e-16
03907.69 5.506e-16
03910.45 5.456e-16
03913.22 5.786e-16
03915.98 5.941e-16
03918.74 5.736e-16
03921.51 6.014e-16
03924.27 6.067e-16
03927.03 5.858e-16
03929.80 5.938e-16
03932.56 5.979e-16
03935.32 6.194e-16
03938.09 6.007e-16
03940.85 5.962e-16
03943.61 6.276e-16
03946.38 6.224e-16
03949.14 6.152e-16
03951.91 6.000e-16
03954.67 6.087e-16
03957.43 6.036e-16
03960.20 6.313e-16
03962.96 6.656e-16
03965.72 5.828e-16
03968.49 6.107e-16
03971.25 6.101e-16
03974.02 6.060e-16
03976.78 5.947e-16
03979.54 5.724e-16
03982.31 5.885e-16
03985.07 5.910e-16
03987.83 5.425e-16
03990.60 5.481e-16
03993.36 5.614e-16
03996.12 5.490e-16
03998.89 5.214e-16
04001.65 5.420e-16
04004.42 5.021e-16
04007.18 5.402e-16
04009.94 5.141e-16
04012.71 5.505e-16
04015.47 5.393e-16
04018.24 5.294e-16
04021.00 5.168e-16
04023.76 4.889e-16
04026.53 4.936e-16
04029.29 4.889e-16
04032.05 4.960e-16
04034.82 4.698e-16
04037.58 4.762e-16
04040.34 4.848e-16
04043.11 4.534e-16
04045.87 4.641e-16
04048.64 4.687e-16
04051.40 4.553e-16
04054.16 4.621e-16
04056.93 4.905e-16
04059.69 4.530e-16
04062.45 4.757e-16
04065.22 4.560e-16
04067.98 4.481e-16
04070.74 4.460e-16
04073.51 4.546e-16
04076.27 4.510e-16
04079.03 4.434e-16
04081.80 4.165e-16
04084.56 4.370e-16
04087.33 4.468e-16
04090.09 4.348e-16
04092.85 4.299e-16
04095.62 4.481e-16
04098.38 4.491e-16
04101.15 4.265e-16
04103.91 4.209e-16
04106.67 4.322e-16
04109.44 4.054e-16
04112.20 4.119e-16
04114.96 4.419e-16
04117.73 4.059e-16
04120.49 4.433e-16
04123.25 4.290e-16
04126.02 4.255e-16
04128.78 4.196e-16
04131.55 4.265e-16
04134.31 4.232e-16
04137.07 4.375e-16
04139.84 4.184e-16
04142.60 4.049e-16
04145.36 4.096e-16
04148.13 4.454e-16
04150.89 4.344e-16
04153.65 4.397e-16
04156.42 4.183e-16
04159.18 4.097e-16
04161.94 4.066e-16
04164.71 4.181e-16
04167.47 4.195e-16
04170.24 4.154e-16
04173.00 4.402e-16
04175.76 4.435e-16
04178.53 4.416e-16
04181.29 4.216e-16
04184.06 4.339e-16
04186.82 4.438e-16
04189.58 4.332e-16
04192.35 4.395e-16
04195.11 4.331e-16
04197.87 4.180e-16
04200.64 4.347e-16
04203.40 4.293e-16
04206.16 4.256e-16
04208.93 4.041e-16
04211.69 4.278e-16
04214.45 4.286e-16
04217.22 4.160e-16
04219.98 4.320e-16
04222.75 4.045e-16
04225.51 4.177e-16
04228.27 3.898e-16
04231.04 4.182e-16
04233.80 4.161e-16
04236.56 4.030e-16
04239.33 4.032e-16
04242.09 3.864e-16
04244.86 4.119e-16
04247.62 3.925e-16
04250.38 3.769e-16
04253.15 3.898e-16
04255.91 3.944e-16
04258.67 3.621e-16
04261.44 3.688e-16
04264.20 3.979e-16
04266.97 4.068e-16
04269.73 3.863e-16
04272.49 3.728e-16
04275.26 3.775e-16
04278.02 3.920e-16
04280.78 3.655e-16
04283.55 3.823e-16
04286.31 3.759e-16
04289.07 4.036e-16
04291.84 3.948e-16
04294.60 3.884e-16
04297.37 3.579e-16
04300.13 3.576e-16
04302.89 3.680e-16
04305.66 3.740e-16
04308.42 3.591e-16
04311.18 3.732e-16
04313.95 3.765e-16
04316.71 3.681e-16
04319.48 3.634e-16
04322.24 3.703e-16
04325.00 3.643e-16
04327.77 3.565e-16
04330.53 3.572e-16
04333.29 3.670e-16
04336.06 3.372e-16
04338.82 3.459e-16
04341.58 3.389e-16
04344.35 3.372e-16
04347.11 3.366e-16
04349.88 3.397e-16
04352.64 3.428e-16
04355.40 3.278e-16
04358.17 3.403e-16
04360.93 3.185e-16
04363.69 3.329e-16
04366.46 3.425e-16
04369.22 3.169e-16
04371.98 3.352e-16
04374.75 3.031e-16
04377.51 3.349e-16
04380.28 3.523e-16
04383.04 3.561e-16
04385.80 3.377e-16
04388.57 3.464e-16
04391.33 3.539e-16
04394.09 3.464e-16
04396.86 3.580e-16
04399.62 3.563e-16
04402.39 3.427e-16
04405.15 3.612e-16
04407.91 3.473e-16
04410.68 3.816e-16
04413.44 3.861e-16
04416.20 3.839e-16
04418.97 3.767e-16
04421.73 3.739e-16
04424.49 3.990e-16
04427.26 3.780e-16
04430.02 3.784e-16
04432.79 3.973e-16
04435.55 3.889e-16
04438.31 4.079e-16
04441.08 4.237e-16
04443.84 4.176e-16
04446.60 4.422e-16
04449.37 4.370e-16
04452.13 4.351e-16
04454.90 4.390e-16
04457.66 4.363e-16
04460.42 4.621e-16
04463.19 4.721e-16
04465.95 4.699e-16
04468.71 4.787e-16
04471.48 4.810e-16
04474.24 4.833e-16
04477.00 4.886e-16
04479.77 5.010e-16
04482.53 5.031e-16
04485.30 5.095e-16
04488.06 5.319e-16
04490.82 5.495e-16
04493.59 5.482e-16
04496.35 5.437e-16
04499.11 5.608e-16
04501.88 5.663e-16
04504.64 5.677e-16
04507.40 5.694e-16
04510.17 5.823e-16
04512.93 5.769e-16
04515.70 6.022e-16
04518.46 6.324e-16
04521.22 6.150e-16
04523.99 6.376e-16
04526.75 6.276e-16
04529.51 6.299e-16
04532.28 6.396e-16
04535.04 6.551e-16
04537.81 6.421e-16
04540.57 6.399e-16
04543.33 6.672e-16
04546.10 6.786e-16
04548.86 6.683e-16
04551.62 6.752e-16
04554.39 6.616e-16
04557.15 6.699e-16
04559.91 6.779e-16
04562.68 6.687e-16
04565.44 6.936e-16
04568.21 6.751e-16
04570.97 6.857e-16
04573.73 6.822e-16
04576.50 6.988e-16
04579.26 6.965e-16
04582.02 6.983e-16
04584.79 6.844e-16
04587.55 6.886e-16
04590.31 6.840e-16
04593.08 6.811e-16
04595.84 6.653e-16
04598.61 6.746e-16
04601.37 6.793e-16
04604.13 6.625e-16
04606.90 6.447e-16
04609.66 6.438e-16
04612.42 6.618e-16
04615.19 6.507e-16
04617.95 6.330e-16
04620.72 6.400e-16
04623.48 6.191e-16
04626.24 6.306e-16
04629.01 6.327e-16
04631.77 6.229e-16
04634.53 6.068e-16
04637.30 5.893e-16
04640.06 5.878e-16
04642.82 5.881e-16
04645.59 5.612e-16
04648.35 5.641e-16
04651.12 5.659e-16
04653.88 5.481e-16
04656.64 5.300e-16
04659.41 5.237e-16
04662.17 5.151e-16
04664.93 5.116e-16
04667.70 5.283e-16
04670.46 4.965e-16
04673.23 4.646e-16
04675.99 4.932e-16
04678.75 4.967e-16
04681.52 4.617e-16
04684.28 4.658e-16
04687.04 4.696e-16
04689.81 4.337e-16
04692.57 4.523e-16
04695.33 4.358e-16
04698.10 4.450e-16
04700.86 4.288e-16
04703.62 4.248e-16
04706.39 4.189e-16
04709.15 4.147e-16
04711.92 4.102e-16
04714.68 3.823e-16
04717.44 3.876e-16
04720.21 3.931e-16
04722.97 3.790e-16
04725.73 3.977e-16
04728.50 3.981e-16
04731.26 3.833e-16
04734.03 3.869e-16
04736.79 3.737e-16
04739.55 3.611e-16
04742.32 3.660e-16
04745.08 3.603e-16
04747.84 3.518e-16
04750.61 3.552e-16
04753.37 3.500e-16
04756.14 3.309e-16
04758.90 3.360e-16
04761.66 3.418e-16
04764.43 3.297e-16
04767.19 3.526e-16
04769.95 3.229e-16
04772.72 3.243e-16
04775.48 3.278e-16
04778.24 3.316e-16
04781.01 3.317e-16
04783.77 3.382e-16
04786.54 3.248e-16
04789.30 3.317e-16
04792.06 3.519e-16
04794.83 3.374e-16
04797.59 3.248e-16
04800.35 3.308e-16
04803.12 3.368e-16
04805.88 3.516e-16
04808.65 3.488e-16
04811.41 3.446e-16
04814.17 3.269e-16
04816.94 3.538e-16
04819.70 3.499e-16
04822.46 3.483e-16
04825.23 3.657e-16
04827.99 3.462e-16
04830.75 3.420e-16
04833.52 3.355e-16
04836.28 3.433e-16
04839.05 3.482e-16
04841.81 3.632e-16
04844.57 3.605e-16
04847.34 3.483e-16
04850.10 3.491e-16
04852.86 3.475e-16
04855.63 3.330e-16
04858.39 3.354e-16
04861.15 3.329e-16
04863.92 3.407e-16
04866.68 3.431e-16
04869.45 3.333e-16
04872.21 3.324e-16
04874.97 3.387e-16
04877.74 3.329e-16
04880.50 3.430e-16
04883.26 3.336e-16
04886.03 3.300e-16
04888.79 3.336e-16
04891.56 3.359e-16
04894.32 3.348e-16
04897.08 3.348e-16
04899.85 3.360e-16
04902.61 3.353e-16
04905.37 3.353e-16
04908.14 3.483e-16
04910.90 3.367e-16
04913.66 3.375e-16
04916.43 3.509e-16
04919.19 3.653e-16
04921.96 3.399e-16
04924.72 3.452e-16
04927.48 3.438e-16
04930.25 3.641e-16
04933.01 3.582e-16
04935.77 3.477e-16
04938.54 3.621e-16
04941.30 3.675e-16
04944.06 3.715e-16
04946.83 3.563e-16
04949.59 3.584e-16
04952.36 3.672e-16
04955.12 3.546e-16
04957.88 3.622e-16
04960.65 3.706e-16
04963.41 3.645e-16
04966.17 3.544e-16
04968.94 3.575e-16
04971.70 3.612e-16
04974.47 3.597e-16
04977.23 3.567e-16
04979.99 3.785e-16
04982.76 3.694e-16
04985.52 3.647e-16
04988.28 3.589e-16
04991.05 3.597e-16
04993.81 3.728e-16
04996.57 3.537e-16
04999.34 3.754e-16
05002.10 3.692e-16
05004.87 3.571e-16
05007.63 3.614e-16
05010.39 3.575e-16
05013.16 3.767e-16
05015.92 3.652e-16
05018.68 3.660e-16
05021.45 3.614e-16
05024.21 3.725e-16
05026.98 3.491e-16
05029.74 3.935e-16
05032.50 3.728e-16
05035.27 3.783e-16
05038.03 3.596e-16
05040.79 3.663e-16
05043.56 3.712e-16
05046.32 3.753e-16
05049.08 3.825e-16
05051.85 3.820e-16
05054.61 3.794e-16
05057.38 3.777e-16
05060.14 3.789e-16
05062.90 4.051e-16
05065.67 3.958e-16
05068.43 3.979e-16
05071.19 4.159e-16
05073.96 4.096e-16
05076.72 4.051e-16
05079.48 4.200e-16
05082.25 4.056e-16
05085.01 4.123e-16
05087.78 4.092e-16
05090.54 4.320e-16
05093.30 4.332e-16
05096.07 4.291e-16
05098.83 4.242e-16
05101.59 4.511e-16
05104.36 4.350e-16
05107.12 4.447e-16
05109.89 4.287e-16
05112.65 4.384e-16
05115.41 4.402e-16
05118.18 4.385e-16
05120.94 4.586e-16
05123.70 4.584e-16
05126.47 4.543e-16
05129.23 4.588e-16
05131.99 4.546e-16
05134.76 4.507e-16
05137.52 4.700e-16
05140.29 4.703e-16
05143.05 4.763e-16
05145.81 4.835e-16
05148.58 4.753e-16
05151.34 4.634e-16
05154.10 4.816e-16
05156.87 4.824e-16
05159.63 4.907e-16
05162.40 4.903e-16
05165.16 4.993e-16
05167.92 5.071e-16
05170.69 5.154e-16
05173.45 5.138e-16
05176.21 5.109e-16
05178.98 5.152e-16
05181.74 5.189e-16
05184.51 5.340e-16
05187.27 5.274e-16
05190.03 5.343e-16
05192.80 5.425e-16
05195.56 5.331e-16
05198.32 5.340e-16
05201.09 5.459e-16
05203.85 5.570e-16
05206.61 5.730e-16
05209.38 5.742e-16
05212.14 5.644e-16
05214.90 5.677e-16
05217.67 5.739e-16
05220.43 5.534e-16
05223.20 5.792e-16
05225.96 5.889e-16
05228.72 5.948e-16
05231.49 5.766e-16
05234.25 5.840e-16
05237.02 6.112e-16
05239.78 5.672e-16
05242.54 5.977e-16
05245.31 5.832e-16
05248.07 5.891e-16
05250.83 6.060e-16
05253.60 6.096e-16
05256.36 6.060e-16
05259.12 5.919e-16
05261.89 6.020e-16
05264.65 6.044e-16
05267.41 5.992e-16
05270.18 5.933e-16
05272.94 6.199e-16
05275.71 6.187e-16
05278.47 6.191e-16
05281.23 6.293e-16
05284.00 5.945e-16
05286.76 5.992e-16
05289.52 6.177e-16
05292.29 6.161e-16
05295.05 6.163e-16
05297.81 6.116e-16
05300.58 6.065e-16
05303.34 5.899e-16
05306.11 5.997e-16
05308.87 5.844e-16
05311.63 5.990e-16
05314.40 6.032e-16
05317.16 5.862e-16
05319.93 5.752e-16
05322.69 5.854e-16
05325.45 5.897e-16
05328.22 5.779e-16
05330.98 5.975e-16
05333.74 5.842e-16
05336.51 5.614e-16
05339.27 5.860e-16
05342.03 5.858e-16
05344.80 5.656e-16
05347.56 5.599e-16
05350.32 5.681e-16
05353.09 5.542e-16
05355.85 5.563e-16
05358.62 5.724e-16
05361.38 5.555e-16
05364.14 5.747e-16
05366.91 5.642e-16
05369.67 5.529e-16
05372.44 5.754e-16
05375.20 5.684e-16
05377.96 5.395e-16
05380.73 5.540e-16
05383.49 5.421e-16
05386.25 5.436e-16
05389.02 5.256e-16
05391.78 5.377e-16
05394.54 5.543e-16
05397.31 5.358e-16
05400.07 5.377e-16
05402.84 5.306e-16
05405.60 5.509e-16
05408.36 5.454e-16
05411.13 5.303e-16
05413.89 5.332e-16
05416.65 5.063e-16
05419.42 5.280e-16
05422.18 5.152e-16
05424.94 5.143e-16
05427.71 5.242e-16
05430.47 5.196e-16
05433.23 4.989e-16
05436.00 5.306e-16
05438.76 5.293e-16
05441.53 5.018e-16
05444.29 5.103e-16
05447.05 5.332e-16
05449.82 4.967e-16
05452.58 4.983e-16
05455.35 5.025e-16
05458.11 4.825e-16
05460.87 4.761e-16
05463.64 4.888e-16
05466.40 4.951e-16
05469.16 4.896e-16
05471.93 4.833e-16
05474.69 4.867e-16
05477.45 4.777e-16
05480.22 4.711e-16
05482.98 4.660e-16
05485.74 4.742e-16
05488.51 4.564e-16
05491.27 4.485e-16
05494.04 4.508e-16
05496.80 4.376e-16
05499.56 4.386e-16
05502.33 4.424e-16
05505.09 4.568e-16
05507.85 4.361e-16
05510.62 4.482e-16
05513.38 4.363e-16
05516.15 4.481e-16
05518.91 4.289e-16
05521.67 4.345e-16
05524.44 4.446e-16
05527.20 4.324e-16
05529.96 4.405e-16
05532.73 4.192e-16
05535.49 4.301e-16
05538.26 4.274e-16
05541.02 4.335e-16
05543.78 4.241e-16
05546.55 4.111e-16
05549.31 4.133e-16
05552.07 4.164e-16
05554.84 4.188e-16
05557.60 4.174e-16
05560.36 4.149e-16
05563.13 4.187e-16
05565.89 4.160e-16
05568.65 4.020e-16
05571.42 4.200e-16
05574.18 4.139e-16
05576.95 4.087e-16
05579.71 4.222e-16
05582.47 4.090e-16
05585.24 3.965e-16
05588.00 4.135e-16
05590.77 4.232e-16
05593.53 4.193e-16
05596.29 4.154e-16
05599.06 4.105e-16
05601.82 4.099e-16
05604.58 4.120e-16
05607.35 4.029e-16
05610.11 4.165e-16
05612.87 4.070e-16
05615.64 4.152e-16
05618.40 4.114e-16
05621.16 4.159e-16
05623.93 4.196e-16
05626.69 4.256e-16
05629.46 4.094e-16
05632.22 4.069e-16
05634.98 4.186e-16
05637.75 4.415e-16
05640.51 4.208e-16
05643.27 4.244e-16
05646.04 4.287e-16
05648.80 4.322e-16
05651.56 4.331e-16
05654.33 4.371e-16
05657.09 4.377e-16
05659.86 4.448e-16
05662.62 4.410e-16
05665.38 4.189e-16
05668.15 4.370e-16
05670.91 4.478e-16
05673.68 4.544e-16
05676.44 4.440e-16
05679.20 4.649e-16
05681.97 4.585e-16
05684.73 4.501e-16
05687.49 4.633e-16
05690.26 4.513e-16
05693.02 4.483e-16
05695.78 4.612e-16
05698.55 4.517e-16
05701.31 4.602e-16
05704.07 4.758e-16
05706.84 4.789e-16
05709.60 4.825e-16
05712.37 4.718e-16
05715.13 4.668e-16
05717.89 4.671e-16
05720.66 4.831e-16
05723.42 5.031e-16
05726.19 4.705e-16
05728.95 4.858e-16
05731.71 4.886e-16
05734.48 4.795e-16
05737.24 4.959e-16
05740.00 4.905e-16
05742.77 4.903e-16
05745.53 4.944e-16
05748.29 4.869e-16
05751.06 5.126e-16
05753.82 4.872e-16
05756.59 5.101e-16
05759.35 4.852e-16
05762.11 5.040e-16
05764.88 4.884e-16
05767.64 4.942e-16
05770.40 4.881e-16
05773.17 5.202e-16
05775.93 5.029e-16
05778.69 4.830e-16
05781.46 4.944e-16
05784.22 4.971e-16
05786.98 4.998e-16
05789.75 4.897e-16
05792.51 4.902e-16
05795.28 5.163e-16
05798.04 4.974e-16
05800.80 5.125e-16
05803.57 5.006e-16
05806.33 4.870e-16
05809.10 5.161e-16
05811.86 5.051e-16
05814.62 5.074e-16
05817.39 5.022e-16
05820.15 5.159e-16
05822.91 5.154e-16
05825.68 5.207e-16
05828.44 5.260e-16
05831.20 5.148e-16
05833.97 5.335e-16
05836.73 5.352e-16
05839.49 5.124e-16
05842.26 5.434e-16
05845.02 5.488e-16
05847.79 5.285e-16
05850.55 5.213e-16
05853.31 5.329e-16
05856.08 5.447e-16
05858.84 5.554e-16
05861.60 5.488e-16
05864.37 5.604e-16
05867.13 5.522e-16
05869.90 5.308e-16
05872.66 5.458e-16
05875.42 5.497e-16
05878.19 5.467e-16
05880.95 5.523e-16
05883.71 5.300e-16
05886.48 5.394e-16
05889.24 5.375e-16
05892.01 5.367e-16
05894.77 5.200e-16
05897.53 4.935e-16
05900.30 5.262e-16
05903.06 5.559e-16
05905.82 5.408e-16
05908.59 5.325e-16
05911.35 5.267e-16
05914.11 5.401e-16
05916.88 5.182e-16
05919.64 5.361e-16
05922.40 5.174e-16
05925.17 5.069e-16
05927.93 5.153e-16
05930.70 5.122e-16
05933.46 5.232e-16
05936.22 5.202e-16
05938.99 5.213e-16
05941.75 5.152e-16
05944.52 5.486e-16
05947.28 5.185e-16
05950.04 5.224e-16
05952.81 5.224e-16
05955.57 5.182e-16
05958.33 5.241e-16
05961.10 5.213e-16
05963.86 4.997e-16
05966.62 5.194e-16
05969.39 5.065e-16
05972.15 5.108e-16
05974.91 5.166e-16
05977.68 5.052e-16
05980.44 5.028e-16
05983.21 5.088e-16
05985.97 4.948e-16
05988.73 5.117e-16
05991.50 5.113e-16
05994.26 4.956e-16
05997.02 4.905e-16
05999.79 4.895e-16
06002.55 4.891e-16
06005.31 4.953e-16
06008.08 4.870e-16
06010.84 4.882e-16
06013.61 4.989e-16
06016.37 4.735e-16
06019.13 4.791e-16
06021.90 4.903e-16
06024.66 4.667e-16
06027.43 4.823e-16
06030.19 4.858e-16
06032.95 4.661e-16
06035.72 4.652e-16
06038.48 4.593e-16
06041.24 4.463e-16
06044.01 4.515e-16
06046.77 4.539e-16
06049.53 4.410e-16
06052.30 4.438e-16
06055.06 4.329e-16
06057.82 4.276e-16
06060.59 4.328e-16
06063.35 4.264e-16
06066.12 4.222e-16
06068.88 4.267e-16
06071.64 4.240e-16
06074.41 4.236e-16
06077.17 4.252e-16
06079.94 4.180e-16
06082.70 4.197e-16
06085.46 3.997e-16
06088.23 4.050e-16
06090.99 3.991e-16
06093.75 3.922e-16
06096.52 4.018e-16
06099.28 4.036e-16
06102.04 4.047e-16
06104.81 4.024e-16
06107.57 3.944e-16
06110.34 3.803e-16
06113.10 3.850e-16
06115.86 3.877e-16
06118.63 3.763e-16
06121.39 3.701e-16
06124.15 3.685e-16
06126.92 3.820e-16
06129.68 3.776e-16
06132.44 3.542e-16
06135.21 3.586e-16
06137.97 3.545e-16
06140.74 3.523e-16
06143.50 3.407e-16
06146.26 3.420e-16
06149.03 3.463e-16
06151.79 3.408e-16
06154.55 3.374e-16
06157.32 3.468e-16
06160.08 3.440e-16
06162.85 3.331e-16
06165.61 3.298e-16
06168.37 3.317e-16
06171.14 3.465e-16
06173.90 3.325e-16
06176.66 3.126e-16
06179.43 3.164e-16
06182.19 3.285e-16
06184.95 3.291e-16
06187.72 3.111e-16
06190.48 3.082e-16
06193.25 3.172e-16
06196.01 3.085e-16
06198.77 3.103e-16
06201.54 3.188e-16
06204.30 3.108e-16
06207.06 3.194e-16
06209.83 3.217e-16
06212.59 3.217e-16
06215.35 3.348e-16
06218.12 3.302e-16
06220.88 3.146e-16
06223.65 3.244e-16
06226.41 3.257e-16
06229.17 3.217e-16
06231.94 3.163e-16
06234.70 3.251e-16
06237.46 3.129e-16
06240.23 3.350e-16
06242.99 3.243e-16
06245.76 3.311e-16
06248.52 3.430e-16
06251.28 3.301e-16
06254.05 3.266e-16
06256.81 3.261e-16
06259.57 3.188e-16
06262.34 3.423e-16
06265.10 3.426e-16
06267.86 3.190e-16
06270.63 3.389e-16
06273.39 3.291e-16
06276.16 3.457e-16
06278.92 3.311e-16
06281.68 3.146e-16
06284.45 3.140e-16
06287.21 3.186e-16
06289.97 3.273e-16
06292.74 3.208e-16
06295.50 3.179e-16
06298.27 3.477e-16
06301.03 3.263e-16
06303.79 3.400e-16
06306.56 3.463e-16
06309.32 3.498e-16
06312.08 3.350e-16
06314.85 3.357e-16
06317.61 3.429e-16
06320.38 3.556e-16
06323.14 3.403e-16
06325.90 3.438e-16
06328.67 3.536e-16
06331.43 3.476e-16
06334.19 3.515e-16
06336.96 3.475e-16
06339.72 3.565e-16
06342.48 3.534e-16
06345.25 3.572e-16
06348.01 3.475e-16
06350.77 3.508e-16
06353.54 3.585e-16
06356.30 3.617e-16
06359.07 3.466e-16
06361.83 3.523e-16
06364.59 3.521e-16
06367.36 3.576e-16
06370.12 3.595e-16
06372.88 3.550e-16
06375.65 3.448e-16
06378.41 3.468e-16
06381.18 3.473e-16
06383.94 3.659e-16
06386.70 3.631e-16
06389.47 3.521e-16
06392.23 3.387e-16
06394.99 3.538e-16
06397.76 3.469e-16
06400.52 3.305e-16
06403.28 3.442e-16
06406.05 3.519e-16
06408.81 3.547e-16
06411.58 3.416e-16
06414.34 3.442e-16
06417.10 3.436e-16
06419.87 3.499e-16
06422.63 3.388e-16
06425.39 3.583e-16
06428.16 3.609e-16
06430.92 3.547e-16
06433.69 3.481e-16
06436.45 3.585e-16
06439.21 3.533e-16
06441.98 3.412e-16
06444.74 3.536e-16
06447.50 3.599e-16
06450.27 3.575e-16
06453.03 3.653e-16
06455.79 3.620e-16
06458.56 3.616e-16
06461.32 3.767e-16
06464.09 3.567e-16
06466.85 3.641e-16
06469.61 3.636e-16
06472.38 3.614e-16
06475.14 3.544e-16
06477.90 3.610e-16
06480.67 3.613e-16
06483.43 3.520e-16
06486.19 3.670e-16
06488.96 3.618e-16
06491.72 3.585e-16
06494.49 3.601e-16
06497.25 3.523e-16
06500.01 3.627e-16
06502.78 3.728e-16
06505.54 3.692e-16
06508.30 3.638e-16
06511.07 3.715e-16
06513.83 3.587e-16
06516.60 3.624e-16
06519.36 3.592e-16
06522.12 3.741e-16
06524.89 3.664e-16
06527.65 3.734e-16
06530.41 3.592e-16
06533.18 3.691e-16
06535.94 3.682e-16
06538.70 3.742e-16
06541.47 3.725e-16
06544.23 3.759e-16
06547.00 3.648e-16
06549.76 3.618e-16
06552.52 3.786e-16
06555.29 3.562e-16
06558.05 3.594e-16
06560.81 3.653e-16
06563.58 3.605e-16
06566.34 3.597e-16
06569.10 3.672e-16
06571.87 3.669e-16
06574.63 3.698e-16
06577.40 3.625e-16
06580.16 3.521e-16
06582.92 3.570e-16
06585.69 3.712e-16
06588.45 3.515e-16
06591.21 3.340e-16
06593.98 3.390e-16
06596.74 3.434e-16
06599.51 3.434e-16
06602.27 3.434e-16
06605.03 3.434e-16
06607.80 3.434e-16
06610.56 3.434e-16
06613.32 3.434e-16
06616.09 3.434e-16
06618.85 3.434e-16
06621.61 3.434e-16
06624.38 3.434e-16
06627.14 3.434e-16
06629.91 3.434e-16
06632.67 3.434e-16
06635.43 3.348e-16
06638.20 3.592e-16
06640.96 3.434e-16
06643.72 3.546e-16
06646.49 3.408e-16
06649.25 3.604e-16
06652.02 3.625e-16
06654.78 3.566e-16
06657.54 3.602e-16
06660.31 3.674e-16
06663.07 3.511e-16
06665.83 3.580e-16
06668.60 3.580e-16
06671.36 3.709e-16
06674.12 3.578e-16
06676.89 3.506e-16
06679.65 3.571e-16
06682.42 3.484e-16
06685.18 3.526e-16
06687.94 3.631e-16
06690.71 3.588e-16
06693.47 3.512e-16
06696.23 3.516e-16
06699.00 3.608e-16
06701.76 3.539e-16
06704.52 3.492e-16
06707.29 3.560e-16
06710.05 3.439e-16
06712.82 3.460e-16
06715.58 3.533e-16
06718.34 3.533e-16
06721.11 3.387e-16
06723.87 3.387e-16
06726.63 3.496e-16
06729.40 3.420e-16
06732.16 3.542e-16
06734.93 3.514e-16
06737.69 3.399e-16
06740.45 3.498e-16
06743.22 3.535e-16
06745.98 3.514e-16
06748.74 3.566e-16
06751.51 3.369e-16
06754.27 3.264e-16
06757.03 3.378e-16
06759.80 3.400e-16
06762.56 3.164e-16
06765.33 3.074e-16
06768.09 3.247e-16
06770.85 3.283e-16
06773.62 3.332e-16
06776.38 3.324e-16
06779.14 3.151e-16
06781.91 3.225e-16
06784.67 3.223e-16
06787.44 3.386e-16
06790.20 3.323e-16
06792.96 3.429e-16
06795.73 3.389e-16
06798.49 3.200e-16
06801.25 3.242e-16
06804.02 3.349e-16
06806.78 3.438e-16
06809.54 3.203e-16
06812.31 3.436e-16
06815.07 3.271e-16
06817.84 3.226e-16
06820.60 3.316e-16
06823.36 3.402e-16
06826.13 3.245e-16
06828.89 3.310e-16
06831.65 3.283e-16
06834.42 3.335e-16
06837.18 3.262e-16
06839.94 3.218e-16
06842.71 3.347e-16
06845.47 3.327e-16
06848.24 3.210e-16
06851.00 3.206e-16
06853.76 3.374e-16
06856.53 3.409e-16
06859.29 3.272e-16
06862.05 3.179e-16
06864.82 3.290e-16
06867.58 3.210e-16
06870.35 3.210e-16
06873.11 3.210e-16
06875.87 3.210e-16
06878.64 3.210e-16
06881.40 3.210e-16
06884.16 3.210e-16
06886.93 3.210e-16
06889.69 3.210e-16
06892.45 3.210e-16
06895.22 3.210e-16
06897.98 3.210e-16
06900.75 3.210e-16
06903.51 3.210e-16
06906.27 3.210e-16
06909.04 3.210e-16
06911.80 3.210e-16
06914.56 3.210e-16
06917.33 3.077e-16
06920.09 3.101e-16
06922.85 3.100e-16
06925.62 3.106e-16
06928.38 3.021e-16
06931.15 3.102e-16
06933.91 3.098e-16
06936.67 3.164e-16
06939.44 3.149e-16
06942.20 3.073e-16
06944.96 3.034e-16
06947.73 3.102e-16
06950.49 3.071e-16
06953.26 3.090e-16
06956.02 3.066e-16
06958.78 3.077e-16
06961.55 3.091e-16
06964.31 3.087e-16
06967.07 3.122e-16
06969.84 3.158e-16
06972.60 3.206e-16
06975.36 3.145e-16
06978.13 3.141e-16
06980.89 3.152e-16
06983.66 3.195e-16
06986.42 3.164e-16
06989.18 3.029e-16
06991.95 3.019e-16
06994.71 3.111e-16
06997.47 3.029e-16
07000.24 3.078e-16
07003.00 3.170e-16
07005.77 3.180e-16
07008.53 3.024e-16
07011.29 2.973e-16
07014.06 2.929e-16
07016.82 2.988e-16
07019.58 3.087e-16
07022.35 3.204e-16
07025.11 2.965e-16
07027.88 3.096e-16
07030.64 3.060e-16
07033.40 3.059e-16
07036.17 3.103e-16
07038.93 3.105e-16
07041.69 2.981e-16
07044.46 3.057e-16
07047.22 3.139e-16
07049.98 3.007e-16
07052.75 3.175e-16
07055.51 3.095e-16
07058.27 3.120e-16
07061.04 3.227e-16
07063.80 3.054e-16
07066.57 3.020e-16
07069.33 2.982e-16
07072.09 3.045e-16
07074.86 3.199e-16
07077.62 3.123e-16
07080.39 3.005e-16
07083.15 3.105e-16
07085.91 3.025e-16
07088.68 3.105e-16
07091.44 3.105e-16
07094.20 3.105e-16
07096.97 3.105e-16
07099.73 3.105e-16
07102.49 3.105e-16
07105.26 3.105e-16
07108.02 3.105e-16
07110.78 3.105e-16
07113.55 3.072e-16
07116.31 3.119e-16
07119.08 3.077e-16
07121.84 3.041e-16
07124.60 3.087e-16
07127.37 3.136e-16
07130.13 3.064e-16
07132.90 3.059e-16
07135.66 2.977e-16
07138.42 3.068e-16
07141.19 3.072e-16
07143.95 2.970e-16
07146.71 3.058e-16
07149.48 2.874e-16
07152.24 2.995e-16
07155.00 2.934e-16
07157.77 3.081e-16
07160.53 2.840e-16
07163.30 2.954e-16
07166.06 2.931e-16
07168.82 3.002e-16
07171.59 2.925e-16
07174.35 2.920e-16
07177.11 2.734e-16
07179.88 2.734e-16
07182.64 2.727e-16
07185.40 2.803e-16
07188.17 2.595e-16
07190.93 2.615e-16
07193.69 2.611e-16
07196.46 2.482e-16
07199.22 2.573e-16
07201.99 2.632e-16
07204.75 2.550e-16
07207.51 2.577e-16
07210.28 2.672e-16
07213.04 2.726e-16
07215.81 2.813e-16
07218.57 2.869e-16
07221.33 2.774e-16
07224.10 2.789e-16
07226.86 2.888e-16
07229.62 2.824e-16
07232.39 2.823e-16
07235.15 2.746e-16
07237.91 2.690e-16
07240.68 2.566e-16
07243.44 2.646e-16
07246.20 2.670e-16
07248.97 2.645e-16
07251.73 2.542e-16
07254.50 2.437e-16
07257.26 2.654e-16
07260.02 2.879e-16
07262.79 2.535e-16
07265.55 2.557e-16
07268.31 2.633e-16
07271.08 2.673e-16
07273.84 2.614e-16
07276.60 2.469e-16
07279.37 2.595e-16
07282.13 2.544e-16
07284.90 2.584e-16
07287.66 2.692e-16
07290.42 2.788e-16
07293.19 2.606e-16
07295.95 2.629e-16
07298.72 2.741e-16
07301.48 2.551e-16
07304.24 2.619e-16
07307.01 2.643e-16
07309.77 2.595e-16
07312.53 2.642e-16
07315.30 2.619e-16
07318.06 2.700e-16
07320.82 2.756e-16
07323.59 2.623e-16
07326.35 2.786e-16
07329.11 2.680e-16
07331.88 2.662e-16
07334.64 2.672e-16
07337.41 2.726e-16
07340.17 2.737e-16
07342.93 2.715e-16
07345.70 2.686e-16
07348.46 2.772e-16
07351.23 2.822e-16
07353.99 2.584e-16
07356.75 2.685e-16
07359.52 2.595e-16
07362.28 2.677e-16
07365.04 2.649e-16
07367.81 2.733e-16
07370.57 2.667e-16
07373.33 2.617e-16
07376.10 2.719e-16
07378.86 2.764e-16
07381.62 2.665e-16
07384.39 2.744e-16
07387.15 2.703e-16
07389.92 2.674e-16
07392.68 2.737e-16
07395.44 2.758e-16
07398.21 2.787e-16
07400.97 2.627e-16
07403.73 2.793e-16
07406.50 2.796e-16
07409.26 2.608e-16
07412.02 2.786e-16
07414.79 2.819e-16
07417.55 2.717e-16
07420.32 2.653e-16
07423.08 2.612e-16
07425.84 2.724e-16
07428.61 2.675e-16
07431.37 2.690e-16
07434.14 2.699e-16
07436.90 2.684e-16
07439.66 2.682e-16
07442.43 2.724e-16
07445.19 2.617e-16
07447.95 2.591e-16
07450.72 2.788e-16
07453.48 2.607e-16
07456.24 2.645e-16
07459.01 2.605e-16
07461.77 2.723e-16
07464.53 2.803e-16
07467.30 2.738e-16
07470.06 2.732e-16
07472.83 2.662e-16
07475.59 2.650e-16
07478.35 2.652e-16
07481.12 2.612e-16
07483.88 2.595e-16
07486.65 2.553e-16
07489.41 2.636e-16
07492.17 2.804e-16
07494.94 2.625e-16
07497.70 2.517e-16
07500.46 2.686e-16
07503.23 2.642e-16
07505.99 2.668e-16
07508.75 2.506e-16
07511.52 2.520e-16
07514.28 2.577e-16
07517.05 2.608e-16
07519.81 2.666e-16
07522.57 2.481e-16
07525.34 2.577e-16
07528.10 2.610e-16
07530.86 2.687e-16
07533.63 2.737e-16
07536.39 2.556e-16
07539.15 2.505e-16
07541.92 2.596e-16
07544.68 2.532e-16
07547.44 2.721e-16
07550.21 2.762e-16
07552.97 2.595e-16
07555.74 2.681e-16
07558.50 2.654e-16
07561.26 2.713e-16
07564.03 2.551e-16
07566.79 2.526e-16
07569.56 2.638e-16
07572.32 2.609e-16
07575.08 2.663e-16
07577.85 2.633e-16
07580.61 2.656e-16
07583.37 2.641e-16
07586.14 2.578e-16
07588.90 2.622e-16
07591.66 2.533e-16
07594.43 2.527e-16
07597.19 2.360e-16
07599.95 2.527e-16
07602.72 2.527e-16
07605.48 2.527e-16
07608.25 2.527e-16
07611.01 2.527e-16
07613.77 2.527e-16
07616.54 2.527e-16
07619.30 2.527e-16
07622.06 2.527e-16
07624.83 2.527e-16
07627.59 2.527e-16
07630.35 2.527e-16
07633.12 2.527e-16
07635.88 2.527e-16
07638.65 2.527e-16
07641.41 2.527e-16
07644.17 2.527e-16
07646.94 2.527e-16
07649.70 2.527e-16
07652.47 2.527e-16
07655.23 2.527e-16
07657.99 2.527e-16
07660.76 2.527e-16
07663.52 2.527e-16
07666.28 2.527e-16
07669.05 2.527e-16
07671.81 2.527e-16
07674.57 2.482e-16
07677.34 2.399e-16
07680.10 2.390e-16
07682.86 2.288e-16
07685.63 2.278e-16
07688.39 2.307e-16
07691.16 2.460e-16
07693.92 2.408e-16
07696.68 2.514e-16
07699.45 2.349e-16
07702.21 2.511e-16
07704.98 2.592e-16
07707.74 2.571e-16
07710.50 2.632e-16
07713.27 2.455e-16
07716.03 2.508e-16
07718.79 2.499e-16
07721.56 2.690e-16
07724.32 2.519e-16
07727.08 2.565e-16
07729.85 2.736e-16
07732.61 2.675e-16
07735.38 2.678e-16
07738.14 2.582e-16
07740.90 2.559e-16
07743.67 2.613e-16
07746.43 2.384e-16
07749.19 2.458e-16
07751.96 2.626e-16
07754.72 2.544e-16
07757.48 2.382e-16
07760.25 2.327e-16
07763.01 2.550e-16
07765.77 2.443e-16
07768.54 2.545e-16
07771.30 2.507e-16
07774.07 2.608e-16
07776.83 2.408e-16
07779.59 2.508e-16
07782.36 2.511e-16
07785.12 2.542e-16
07787.89 2.580e-16
07790.65 2.456e-16
07793.41 2.546e-16
07796.18 2.607e-16
07798.94 2.495e-16
07801.70 2.506e-16
07804.47 2.575e-16
07807.23 2.410e-16
07809.99 2.389e-16
07812.76 2.506e-16
07815.52 2.582e-16
07818.28 2.424e-16
07821.05 2.456e-16
07823.81 2.613e-16
07826.58 2.559e-16
07829.34 2.398e-16
07832.10 2.480e-16
07834.87 2.728e-16
07837.63 2.560e-16
07840.40 2.382e-16
07843.16 2.416e-16
07845.92 2.506e-16
07848.69 2.448e-16
07851.45 2.423e-16
07854.21 2.380e-16
07856.98 2.379e-16
07859.74 2.373e-16
07862.50 2.462e-16
07865.27 2.404e-16
07868.03 2.364e-16
07870.80 2.217e-16
07873.56 2.219e-16
07876.32 2.262e-16
07879.09 2.106e-16
07881.85 2.318e-16
07884.61 2.127e-16
07887.38 2.163e-16
07890.14 2.167e-16
07892.90 2.164e-16
07895.67 2.199e-16
07898.43 2.224e-16
07901.19 2.083e-16
07903.96 2.066e-16
07906.72 1.988e-16
07909.49 2.006e-16
07912.25 2.002e-16
07915.01 1.906e-16
07917.78 1.887e-16
07920.54 2.006e-16
07923.31 1.867e-16
07926.07 1.707e-16
07928.83 1.809e-16
07931.60 1.942e-16
07934.36 1.749e-16
07937.12 1.718e-16
07939.89 1.761e-16
07942.65 1.707e-16
07945.41 1.894e-16
07948.18 1.807e-16
07950.94 1.781e-16
07953.70 1.766e-16
07956.47 1.723e-16
07959.23 1.701e-16
07962.00 1.592e-16
07964.76 1.708e-16
07967.52 1.722e-16
07970.29 1.594e-16
07973.05 1.562e-16
07975.81 1.564e-16
07978.58 1.565e-16
07981.34 1.567e-16
07984.10 1.569e-16
07986.87 1.570e-16
