03500.00 1.573e-16
03501.50 1.008e-16
03503.00 9.383e-17
03504.50 8.514e-17
03506.00 1.022e-16
03507.50 1.089e-16
03509.00 1.083e-16
03510.50 1.215e-16
03512.00 1.363e-16
03513.50 1.309e-16
03515.00 1.254e-16
03516.50 1.336e-16
03518.00 1.243e-16
03519.50 1.051e-16
03521.00 9.845e-17
03522.50 1.077e-16
03524.00 9.817e-17
03525.50 9.822e-17
03527.00 1.020e-16
03528.50 9.967e-17
03530.00 1.116e-16
03531.50 1.247e-16
03533.00 1.222e-16
03534.50 1.147e-16
03536.00 1.146e-16
03537.50 9.684e-17
03539.00 9.126e-17
03540.50 1.005e-16
03542.00 1.201e-16
03543.50 1.192e-16
03545.00 1.235e-16
03546.50 1.179e-16
03548.00 9.613e-17
03549.50 7.698e-17
03551.00 8.009e-17
03552.50 8.462e-17
03554.00 9.070e-17
03555.50 1.067e-16
03557.00 1.041e-16
03558.50 1.036e-16
03560.00 1.062e-16
03561.50 1.194e-16
03563.00 1.158e-16
03564.50 1.135e-16
03566.00 1.048e-16
03567.50 9.067e-17
03569.00 7.657e-17
03570.50 7.216e-17
03572.00 7.198e-17
03573.50 1.028e-16
03575.00 1.165e-16
03576.50 1.155e-16
03578.00 1.148e-16
03579.50 1.173e-16
03581.00 9.605e-17
03582.50 9.598e-17
03584.00 1.073e-16
03585.50 1.264e-16
03587.00 1.420e-16
03588.50 1.449e-16
03590.00 1.261e-16
03591.50 1.087e-16
03593.00 8.955e-17
03594.50 8.178e-17
03596.00 7.075e-17
03597.50 8.117e-17
03599.00 8.238e-17
03600.50 8.178e-17
03602.00 8.882e-17
03603.50 1.034e-16
03605.00 9.774e-17
03606.50 1.099e-16
03608.00 1.135e-16
03609.50 1.044e-16
03611.00 1.055e-16
03612.50 1.198e-16
03614.00 1.227e-16
03615.50 1.259e-16
03617.00 1.329e-16
03618.50 1.336e-16
03620.00 1.289e-16
03621.50 1.190e-16
03623.00 1.162e-16
03624.50 1.182e-16
03626.00 1.167e-16
03627.50 1.098e-16
03629.00 1.146e-16
03630.50 1.251e-16
03632.00 1.268e-16
03633.50 1.194e-16
03635.00 1.166e-16
03636.50 1.155e-16
03638.00 1.097e-16
03639.50 1.101e-16
03641.00 1.182e-16
03642.50 1.235e-16
03644.00 1.183e-16
03645.50 1.165e-16
03647.00 1.074e-16
03648.50 1.149e-16
03650.00 1.065e-16
03651.50 1.105e-16
03653.00 1.086e-16
03654.50 1.047e-16
03656.00 8.852e-17
03657.50 1.019e-16
03659.00 9.573e-17
03660.50 8.015e-17
03662.00 8.132e-17
03663.50 8.041e-17
03665.00 8.237e-17
03666.50 9.483e-17
03668.00 1.134e-16
03669.50 1.124e-16
03671.00 1.050e-16
03672.50 9.489e-17
03674.00 8.803e-17
03675.50 9.164e-17
03677.00 8.967e-17
03678.50 9.055e-17
03680.00 9.292e-17
03681.50 9.758e-17
03683.00 9.773e-17
03684.50 9.928e-17
03686.00 1.000e-16
03687.50 9.650e-17
03689.00 9.563e-17
03690.50 9.759e-17
03692.00 1.079e-16
03693.50 1.109e-16
03695.00 1.141e-16
03696.50 1.132e-16
03698.00 1.056e-16
03699.50 1.036e-16
03701.00 1.043e-16
03702.50 9.332e-17
03704.00 8.156e-17
03705.50 7.634e-17
03707.00 7.899e-17
03708.50 7.628e-17
03710.00 7.713e-17
03711.50 7.776e-17
03713.00 8.325e-17
03714.50 7.865e-17
03716.00 8.286e-17
03717.50 8.980e-17
03719.00 9.588e-17
03720.50 8.898e-17
03722.00 7.917e-17
03723.50 7.284e-17
03725.00 7.261e-17
03726.50 7.174e-17
03728.00 7.008e-17
03729.50 7.197e-17
03731.00 8.176e-17
03732.50 7.621e-17
03734.00 6.961e-17
03735.50 8.372e-17
03737.00 9.213e-17
03738.50 8.969e-17
03740.00 9.539e-17
03741.50 1.051e-16
03743.00 9.719e-17
03744.50 9.333e-17
03746.00 8.849e-17
03747.50 8.950e-17
03749.00 8.313e-17
03750.50 8.586e-17
03752.00 8.581e-17
03753.50 8.667e-17
03755.00 8.117e-17
03756.50 7.932e-17
03758.00 7.556e-17
03759.50 7.415e-17
03761.00 6.912e-17
03762.50 6.389e-17
03764.00 6.052e-17
03765.50 5.504e-17
03767.00 4.154e-17
03768.50 3.057e-17
03770.00 2.990e-17
03771.50 2.948e-17
03773.00 2.476e-17
03774.50 3.380e-17
03776.00 4.796e-17
03777.50 5.565e-17
03779.00 6.229e-17
03780.50 6.791e-17
03782.00 6.054e-17
03783.50 5.508e-17
03785.00 4.647e-17
03786.50 4.018e-17
03788.00 3.674e-17
03789.50 4.370e-17
03791.00 4.142e-17
03792.50 4.423e-17
03794.00 4.452e-17
03795.50 4.532e-17
03797.00 4.396e-17
03798.50 4.849e-17
03800.00 4.631e-17
03801.50 4.217e-17
03803.00 4.190e-17
03804.50 3.039e-17
03806.00 3.038e-17
03807.50 3.255e-17
03809.00 3.567e-17
03810.50 3.402e-17
03812.00 3.330e-17
03813.50 3.423e-17
03815.00 3.189e-17
03816.50 2.961e-17
03818.00 2.401e-17
03819.50 3.374e-17
03821.00 2.495e-17
03822.50 2.728e-17
03824.00 2.707e-17
03825.50 3.621e-17
03827.00 4.590e-17
03828.50 5.498e-17
03830.00 5.580e-17
03831.50 5.997e-17
03833.00 6.007e-17
03834.50 5.279e-17
03836.00 5.095e-17
03837.50 5.387e-17
03839.00 5.866e-17
03840.50 6.167e-17
03842.00 6.033e-17
03843.50 5.986e-17
03845.00 5.802e-17
03846.50 5.720e-17
03848.00 5.389e-17
03849.50 5.379e-17
03851.00 5.500e-17
03852.50 5.643e-17
03854.00 5.256e-17
03855.50 4.810e-17
03857.00 4.839e-17
03858.50 5.029e-17
03860.00 4.582e-17
03861.50 5.156e-17
03863.00 5.648e-17
03864.50 5.157e-17
03866.00 4.237e-17
03867.50 3.845e-17
03869.00 2.452e-17
03870.50 2.208e-17
03872.00 2.232e-17
03873.50 2.671e-17
03875.00 3.273e-17
03876.50 4.663e-17
03878.00 5.538e-17
03879.50 6.350e-17
03881.00 6.987e-17
03882.50 7.408e-17
03884.00 6.277e-17
03885.50 5.097e-17
03887.00 6.336e-17
03888.50 5.998e-17
03890.00 6.245e-17
03891.50 7.819e-17
03893.00 8.868e-17
03894.50 7.880e-17
03896.00 9.234e-17
03897.50 1.004e-16
03899.00 9.412e-17
03900.50 8.933e-17
03902.00 8.822e-17
03903.50 7.814e-17
03905.00 7.385e-17
03906.50 8.183e-17
03908.00 9.225e-17
03909.50 9.661e-17
03911.00 1.065e-16
03912.50 1.064e-16
03914.00 1.068e-16
03915.50 1.075e-16
03917.00 1.025e-16
03918.50 1.014e-16
03920.00 1.138e-16
03921.50 1.195e-16
03923.00 1.220e-16
03924.50 1.362e-16
03926.00 1.501e-16
03927.50 1.484e-16
03929.00 1.457e-16
03930.50 1.508e-16
03932.00 1.508e-16
03933.50 1.440e-16
03935.00 1.520e-16
03936.50 1.587e-16
03938.00 1.608e-16
03939.50 1.715e-16
03941.00 1.883e-16
03942.50 1.919e-16
03944.00 1.972e-16
03945.50 2.105e-16
03947.00 2.176e-16
03948.50 2.116e-16
03950.00 2.116e-16
03951.50 2.109e-16
03953.00 2.077e-16
03954.50 2.043e-16
03956.00 2.080e-16
03957.50 2.072e-16
03959.00 2.096e-16
03960.50 2.059e-16
03962.00 2.067e-16
03963.50 2.049e-16
03965.00 2.044e-16
03966.50 2.062e-16
03968.00 2.088e-16
03969.50 2.059e-16
03971.00 2.056e-16
03972.50 2.125e-16
03974.00 2.072e-16
03975.50 2.040e-16
03977.00 2.044e-16
03978.50 2.018e-16
03980.00 1.932e-16
03981.50 2.029e-16
03983.00 2.049e-16
03984.50 2.067e-16
03986.00 2.020e-16
03987.50 1.939e-16
03989.00 1.874e-16
03990.50 1.785e-16
03992.00 1.703e-16
03993.50 1.800e-16
03995.00 1.824e-16
03996.50 1.830e-16
03998.00 1.872e-16
03999.50 1.879e-16
04001.00 1.782e-16
04002.50 1.859e-16
04004.00 1.814e-16
04005.50 1.814e-16
04007.00 1.804e-16
04008.50 1.802e-16
04010.00 1.823e-16
04011.50 1.826e-16
04013.00 1.891e-16
04014.50 1.927e-16
04016.00 1.906e-16
04017.50 1.784e-16
04019.00 1.726e-16
04020.50 1.608e-16
04022.00 1.618e-16
04023.50 1.617e-16
04025.00 1.676e-16
04026.50 1.795e-16
04028.00 1.864e-16
04029.50 1.802e-16
04031.00 1.879e-16
04032.50 1.949e-16
04034.00 1.891e-16
04035.50 1.825e-16
04037.00 1.835e-16
04038.50 1.821e-16
04040.00 1.815e-16
04041.50 1.870e-16
04043.00 1.988e-16
04044.50 2.143e-16
04046.00 2.186e-16
04047.50 2.208e-16
04049.00 2.208e-16
04050.50 2.192e-16
04052.00 2.101e-16
04053.50 2.019e-16
04055.00 1.991e-16
04056.50 1.990e-16
04058.00 1.970e-16
04059.50 2.005e-16
04061.00 2.068e-16
04062.50 2.046e-16
04064.00 2.025e-16
04065.50 2.051e-16
04067.00 1.983e-16
04068.50 1.977e-16
04070.00 1.925e-16
04071.50 1.952e-16
04073.00 1.947e-16
04074.50 2.012e-16
04076.00 2.010e-16
04077.50 2.074e-16
04079.00 2.106e-16
04080.50 2.087e-16
04082.00 2.028e-16
04083.50 2.012e-16
04085.00 1.989e-16
04086.50 1.940e-16
04088.00 1.953e-16
04089.50 1.940e-16
04091.00 1.927e-16
04092.50 1.888e-16
04094.00 1.856e-16
04095.50 1.835e-16
04097.00 1.880e-16
04098.50 1.921e-16
04100.00 1.933e-16
04101.50 1.905e-16
04103.00 1.897e-16
04104.50 1.840e-16
04106.00 1.759e-16
04107.50 1.705e-16
04109.00 1.692e-16
04110.50 1.645e-16
04112.00 1.647e-16
04113.50 1.662e-16
04115.00 1.668e-16
04116.50 1.676e-16
04118.00 1.674e-16
04119.50 1.694e-16
04121.00 1.680e-16
04122.50 1.747e-16
04124.00 1.780e-16
04125.50 1.765e-16
04127.00 1.729e-16
04128.50 1.695e-16
04130.00 1.568e-16
04131.50 1.530e-16
04133.00 1.518e-16
04134.50 1.468e-16
04136.00 1.514e-16
04137.50 1.587e-16
04139.00 1.600e-16
04140.50 1.647e-16
04142.00 1.754e-16
04143.50 1.703e-16
04145.00 1.733e-16
04146.50 1.792e-16
04148.00 1.743e-16
04149.50 1.679e-16
04151.00 1.694e-16
04152.50 1.664e-16
04154.00 1.614e-16
04155.50 1.660e-16
04157.00 1.651e-16
04158.50 1.712e-16
04160.00 1.727e-16
04161.50 1.709e-16
04163.00 1.727e-16
04164.50 1.766e-16
04166.00 1.750e-16
04167.50 1.698e-16
04169.00 1.709e-16
04170.50 1.731e-16
04172.00 1.653e-16
04173.50 1.643e-16
04175.00 1.677e-16
04176.50 1.675e-16
04178.00 1.605e-16
04179.50 1.625e-16
04181.00 1.615e-16
04182.50 1.671e-16
04184.00 1.716e-16
04185.50 1.727e-16
04187.00 1.751e-16
04188.50 1.767e-16
04190.00 1.685e-16
04191.50 1.587e-16
04193.00 1.581e-16
04194.50 1.608e-16
04196.00 1.574e-16
04197.50 1.598e-16
04199.00 1.646e-16
04200.50 1.683e-16
04202.00 1.641e-16
04203.50 1.652e-16
04205.00 1.685e-16
04206.50 1.669e-16
04208.00 1.565e-16
04209.50 1.594e-16
04211.00 1.596e-16
04212.50 1.532e-16
04214.00 1.497e-16
04215.50 1.539e-16
04217.00 1.565e-16
04218.50 1.578e-16
04220.00 1.591e-16
04221.50 1.663e-16
04223.00 1.710e-16
04224.50 1.652e-16
04226.00 1.679e-16
04227.50 1.682e-16
04229.00 1.693e-16
04230.50 1.669e-16
04232.00 1.699e-16
04233.50 1.674e-16
04235.00 1.674e-16
04236.50 1.620e-16
04238.00 1.577e-16
04239.50 1.559e-16
04241.00 1.588e-16
04242.50 1.610e-16
04244.00 1.602e-16
04245.50 1.672e-16
04247.00 1.663e-16
04248.50 1.561e-16
04250.00 1.540e-16
04251.50 1.541e-16
04253.00 1.561e-16
04254.50 1.608e-16
04256.00 1.736e-16
04257.50 1.767e-16
04259.00 1.808e-16
04260.50 1.749e-16
04262.00 1.727e-16
04263.50 1.664e-16
04265.00 1.599e-16
04266.50 1.596e-16
04268.00 1.649e-16
04269.50 1.645e-16
04271.00 1.644e-16
04272.50 1.693e-16
04274.00 1.631e-16
04275.50 1.575e-16
04277.00 1.551e-16
04278.50 1.606e-16
04280.00 1.636e-16
04281.50 1.658e-16
04283.00 1.690e-16
04284.50 1.674e-16
04286.00 1.625e-16
04287.50 1.601e-16
04289.00 1.655e-16
04290.50 1.621e-16
04292.00 1.668e-16
04293.50 1.650e-16
04295.00 1.677e-16
04296.50 1.615e-16
04298.00 1.629e-16
04299.50 1.612e-16
04301.00 1.583e-16
04302.50 1.513e-16
04304.00 1.539e-16
04305.50 1.547e-16
04307.00 1.560e-16
04308.50 1.557e-16
04310.00 1.521e-16
04311.50 1.535e-16
04313.00 1.529e-16
04314.50 1.537e-16
04316.00 1.664e-16
04317.50 1.804e-16
04319.00 1.805e-16
04320.50 1.820e-16
04322.00 1.803e-16
04323.50 1.727e-16
04325.00 1.739e-16
04326.50 1.799e-16
04328.00 1.763e-16
04329.50 1.806e-16
04331.00 1.879e-16
04332.50 1.826e-16
04334.00 1.761e-16
04335.50 1.817e-16
04337.00 1.776e-16
04338.50 1.652e-16
04340.00 1.618e-16
04341.50 1.594e-16
04343.00 1.565e-16
04344.50 1.548e-16
04346.00 1.521e-16
04347.50 1.531e-16
04349.00 1.533e-16
04350.50 1.551e-16
04352.00 1.597e-16
04353.50 1.582e-16
04355.00 1.641e-16
04356.50 1.758e-16
04358.00 1.834e-16
04359.50 1.856e-16
04361.00 1.942e-16
04362.50 1.970e-16
04364.00 1.921e-16
04365.50 1.880e-16
04367.00 1.821e-16
04368.50 1.865e-16
04370.00 1.796e-16
04371.50 1.781e-16
04373.00 1.728e-16
04374.50 1.704e-16
04376.00 1.730e-16
04377.50 1.701e-16
04379.00 1.679e-16
04380.50 1.654e-16
04382.00 1.666e-16
04383.50 1.616e-16
04385.00 1.595e-16
04386.50 1.553e-16
04388.00 1.537e-16
04389.50 1.650e-16
04391.00 1.688e-16
04392.50 1.732e-16
04394.00 1.823e-16
04395.50 1.865e-16
04397.00 1.843e-16
04398.50 1.776e-16
04400.00 1.745e-16
04401.50 1.614e-16
04403.00 1.581e-16
04404.50 1.502e-16
04406.00 1.488e-16
04407.50 1.505e-16
04409.00 1.576e-16
04410.50 1.586e-16
04412.00 1.604e-16
04413.50 1.661e-16
04415.00 1.587e-16
04416.50 1.496e-16
04418.00 1.447e-16
04419.50 1.384e-16
04421.00 1.275e-16
04422.50 1.328e-16
04424.00 1.390e-16
04425.50 1.401e-16
04427.00 1.433e-16
04428.50 1.472e-16
04430.00 1.455e-16
04431.50 1.447e-16
04433.00 1.479e-16
04434.50 1.498e-16
04436.00 1.500e-16
04437.50 1.508e-16
04439.00 1.485e-16
04440.50 1.470e-16
04442.00 1.416e-16
04443.50 1.374e-16
04445.00 1.415e-16
04446.50 1.463e-16
04448.00 1.502e-16
04449.50 1.507e-16
04451.00 1.540e-16
04452.50 1.527e-16
04454.00 1.562e-16
04455.50 1.586e-16
04457.00 1.684e-16
04458.50 1.725e-16
04460.00 1.712e-16
04461.50 1.681e-16
04463.00 1.675e-16
04464.50 1.595e-16
04466.00 1.601e-16
04467.50 1.611e-16
04469.00 1.614e-16
04470.50 1.623e-16
04472.00 1.683e-16
04473.50 1.629e-16
04475.00 1.599e-16
04476.50 1.599e-16
04478.00 1.615e-16
04479.50 1.596e-16
04481.00 1.643e-16
04482.50 1.614e-16
04484.00 1.629e-16
04485.50 1.639e-16
04487.00 1.643e-16
04488.50 1.664e-16
04490.00 1.747e-16
04491.50 1.713e-16
04493.00 1.657e-16
04494.50 1.669e-16
04496.00 1.652e-16
04497.50 1.621e-16
04499.00 1.656e-16
04500.50 1.607e-16
04502.00 1.544e-16
04503.50 1.525e-16
04505.00 1.517e-16
04506.50 1.502e-16
04508.00 1.571e-16
04509.50 1.590e-16
04511.00 1.589e-16
04512.50 1.646e-16
04514.00 1.623e-16
04515.50 1.555e-16
04517.00 1.560e-16
04518.50 1.587e-16
04520.00 1.548e-16
04521.50 1.598e-16
04523.00 1.617e-16
04524.50 1.639e-16
04526.00 1.658e-16
04527.50 1.708e-16
04529.00 1.689e-16
04530.50 1.728e-16
04532.00 1.705e-16
04533.50 1.644e-16
04535.00 1.587e-16
04536.50 1.587e-16
04538.00 1.603e-16
04539.50 1.721e-16
04541.00 1.800e-16
04542.50 1.831e-16
04544.00 1.815e-16
04545.50 1.843e-16
04547.00 1.792e-16
04548.50 1.775e-16
04550.00 1.762e-16
04551.50 1.823e-16
04553.00 1.822e-16
04554.50 1.840e-16
04556.00 1.893e-16
04557.50 1.927e-16
04559.00 1.891e-16
04560.50 1.890e-16
04562.00 1.925e-16
04563.50 1.965e-16
04565.00 2.015e-16
04566.50 2.092e-16
04568.00 2.168e-16
04569.50 2.133e-16
04571.00 2.123e-16
04572.50 2.192e-16
04574.00 2.257e-16
04575.50 2.279e-16
04577.00 2.355e-16
04578.50 2.314e-16
04580.00 2.270e-16
04581.50 2.231e-16
04583.00 2.212e-16
04584.50 2.200e-16
04586.00 2.235e-16
04587.50 2.243e-16
04589.00 2.261e-16
04590.50 2.274e-16
04592.00 2.350e-16
04593.50 2.456e-16
04595.00 2.424e-16
04596.50 2.402e-16
04598.00 2.392e-16
04599.50 2.367e-16
04601.00 2.299e-16
04602.50 2.386e-16
04604.00 2.431e-16
04605.50 2.442e-16
04607.00 2.351e-16
04608.50 2.365e-16
04610.00 2.299e-16
04611.50 2.284e-16
04613.00 2.331e-16
04614.50 2.418e-16
04616.00 2.396e-16
04617.50 2.417e-16
04619.00 2.439e-16
04620.50 2.435e-16
04622.00 2.361e-16
04623.50 2.379e-16
04625.00 2.383e-16
04626.50 2.383e-16
04628.00 2.403e-16
04629.50 2.494e-16
04631.00 2.492e-16
04632.50 2.504e-16
04634.00 2.451e-16
04635.50 2.399e-16
04637.00 2.373e-16
04638.50 2.371e-16
04640.00 2.371e-16
04641.50 2.422e-16
04643.00 2.432e-16
04644.50 2.378e-16
04646.00 2.369e-16
04647.50 2.420e-16
04649.00 2.355e-16
04650.50 2.361e-16
04652.00 2.463e-16
04653.50 2.493e-16
04655.00 2.438e-16
04656.50 2.432e-16
04658.00 2.349e-16
04659.50 2.315e-16
04661.00 2.249e-16
04662.50 2.272e-16
04664.00 2.314e-16
04665.50 2.337e-16
04667.00 2.177e-16
04668.50 2.119e-16
04670.00 1.987e-16
04671.50 1.944e-16
04673.00 1.915e-16
04674.50 2.037e-16
04676.00 2.094e-16
04677.50 2.143e-16
04679.00 2.211e-16
04680.50 2.260e-16
04682.00 2.197e-16
04683.50 2.258e-16
04685.00 2.366e-16
04686.50 2.352e-16
04688.00 2.328e-16
04689.50 2.343e-16
04691.00 2.297e-16
04692.50 2.185e-16
04694.00 2.184e-16
04695.50 2.221e-16
04697.00 2.224e-16
04698.50 2.177e-16
04700.00 2.204e-16
04701.50 2.216e-16
04703.00 2.196e-16
04704.50 2.176e-16
04706.00 2.203e-16
04707.50 2.256e-16
04709.00 2.237e-16
04710.50 2.288e-16
04712.00 2.314e-16
04713.50 2.364e-16
04715.00 2.342e-16
04716.50 2.379e-16
04718.00 2.367e-16
04719.50 2.379e-16
04721.00 2.416e-16
04722.50 2.359e-16
04724.00 2.311e-16
04725.50 2.288e-16
04727.00 2.269e-16
04728.50 2.241e-16
04730.00 2.307e-16
04731.50 2.338e-16
04733.00 2.383e-16
04734.50 2.404e-16
04736.00 2.348e-16
04737.50 2.339e-16
04739.00 2.226e-16
04740.50 2.168e-16
04742.00 2.216e-16
04743.50 2.278e-16
04745.00 2.259e-16
04746.50 2.357e-16
04748.00 2.358e-16
04749.50 2.299e-16
04751.00 2.174e-16
04752.50 2.140e-16
04754.00 2.164e-16
04755.50 2.181e-16
04757.00 2.145e-16
04758.50 2.192e-16
04760.00 2.212e-16
04761.50 2.153e-16
04763.00 2.072e-16
04764.50 2.100e-16
04766.00 2.069e-16
04767.50 2.053e-16
04769.00 2.014e-16
04770.50 2.056e-16
04772.00 2.043e-16
04773.50 2.093e-16
04775.00 2.108e-16
04776.50 2.192e-16
04778.00 2.200e-16
04779.50 2.177e-16
04781.00 2.120e-16
04782.50 2.120e-16
04784.00 2.036e-16
04785.50 1.968e-16
04787.00 1.998e-16
04788.50 2.077e-16
04790.00 2.070e-16
04791.50 2.106e-16
04793.00 2.113e-16
04794.50 2.065e-16
04796.00 2.012e-16
04797.50 2.038e-16
04799.00 2.069e-16
04800.50 2.121e-16
04802.00 2.145e-16
04803.50 2.150e-16
04805.00 2.123e-16
04806.50 2.090e-16
04808.00 2.067e-16
04809.50 2.055e-16
04811.00 2.090e-16
04812.50 2.078e-16
04814.00 2.071e-16
04815.50 2.064e-16
04817.00 2.074e-16
04818.50 2.092e-16
04820.00 2.035e-16
04821.50 1.990e-16
04823.00 1.966e-16
04824.50 2.010e-16
04826.00 1.943e-16
04827.50 1.960e-16
04829.00 1.995e-16
04830.50 2.011e-16
04832.00 1.966e-16
04833.50 2.057e-16
04835.00 2.117e-16
04836.50 2.143e-16
04838.00 2.130e-16
04839.50 2.090e-16
04841.00 1.996e-16
04842.50 1.968e-16
04844.00 1.970e-16
04845.50 1.947e-16
04847.00 1.914e-16
04848.50 1.879e-16
04850.00 1.852e-16
04851.50 1.718e-16
04853.00 1.652e-16
04854.50 1.692e-16
04856.00 1.665e-16
04857.50 1.608e-16
04859.00 1.638e-16
04860.50 1.657e-16
04862.00 1.606e-16
04863.50 1.597e-16
04865.00 1.667e-16
04866.50 1.665e-16
04868.00 1.643e-16
04869.50 1.682e-16
04871.00 1.763e-16
04872.50 1.636e-16
04874.00 1.703e-16
04875.50 1.759e-16
04877.00 1.745e-16
04878.50 1.681e-16
04880.00 1.766e-16
04881.50 1.742e-16
04883.00 1.781e-16
04884.50 1.814e-16
04886.00 1.808e-16
04887.50 1.842e-16
04889.00 1.750e-16
04890.50 1.681e-16
04892.00 1.623e-16
04893.50 1.669e-16
04895.00 1.649e-16
04896.50 1.686e-16
04898.00 1.660e-16
04899.50 1.634e-16
04901.00 1.559e-16
04902.50 1.483e-16
04904.00 1.428e-16
04905.50 1.454e-16
04907.00 1.475e-16
04908.50 1.461e-16
04910.00 1.435e-16
04911.50 1.455e-16
04913.00 1.380e-16
04914.50 1.326e-16
04916.00 1.305e-16
04917.50 1.326e-16
04919.00 1.323e-16
04920.50 1.388e-16
04922.00 1.394e-16
04923.50 1.326e-16
04925.00 1.296e-16
04926.50 1.225e-16
04928.00 1.153e-16
04929.50 1.164e-16
04931.00 1.220e-16
04932.50 1.219e-16
04934.00 1.248e-16
04935.50 1.278e-16
04937.00 1.226e-16
04938.50 1.210e-16
04940.00 1.260e-16
04941.50 1.293e-16
04943.00 1.256e-16
04944.50 1.302e-16
04946.00 1.349e-16
04947.50 1.296e-16
04949.00 1.314e-16
04950.50 1.403e-16
04952.00 1.429e-16
04953.50 1.417e-16
04955.00 1.439e-16
04956.50 1.435e-16
04958.00 1.404e-16
04959.50 1.407e-16
04961.00 1.400e-16
04962.50 1.435e-16
04964.00 1.462e-16
04965.50 1.534e-16
04967.00 1.634e-16
04968.50 1.811e-16
04970.00 1.926e-16
04971.50 1.987e-16
04973.00 2.014e-16
04974.50 2.021e-16
04976.00 1.994e-16
04977.50 1.924e-16
04979.00 1.928e-16
04980.50 1.958e-16
04982.00 2.013e-16
04983.50 2.041e-16
04985.00 2.098e-16
04986.50 2.086e-16
04988.00 2.128e-16
04989.50 2.133e-16
04991.00 2.117e-16
04992.50 2.203e-16
04994.00 2.322e-16
04995.50 2.399e-16
04997.00 2.501e-16
04998.50 2.560e-16
05000.00 2.572e-16
05001.50 2.631e-16
05003.00 2.653e-16
05004.50 2.595e-16
05006.00 2.616e-16
05007.50 2.655e-16
05009.00 2.664e-16
05010.50 2.694e-16
05012.00 2.714e-16
05013.50 2.819e-16
05015.00 2.911e-16
05016.50 2.949e-16
05018.00 2.949e-16
05019.50 3.000e-16
05021.00 2.910e-16
05022.50 2.923e-16
05024.00 2.938e-16
05025.50 2.913e-16
05027.00 2.887e-16
05028.50 2.934e-16
05030.00 2.862e-16
05031.50 2.867e-16
05033.00 2.887e-16
05034.50 2.880e-16
05036.00 2.905e-16
05037.50 2.865e-16
05039.00 2.796e-16
05040.50 2.796e-16
05042.00 2.848e-16
05043.50 2.852e-16
05045.00 2.931e-16
05046.50 2.945e-16
05048.00 2.893e-16
05049.50 2.857e-16
05051.00 2.823e-16
05052.50 2.793e-16
05054.00 2.807e-16
05055.50 2.818e-16
05057.00 2.829e-16
05058.50 2.830e-16
05060.00 2.817e-16
05061.50 2.829e-16
05063.00 2.876e-16
05064.50 2.867e-16
05066.00 2.831e-16
05067.50 2.752e-16
05069.00 2.701e-16
05070.50 2.629e-16
05072.00 2.535e-16
05073.50 2.484e-16
05075.00 2.449e-16
05076.50 2.440e-16
05078.00 2.426e-16
05079.50 2.501e-16
05081.00 2.476e-16
05082.50 2.379e-16
05084.00 2.204e-16
05085.50 2.099e-16
05087.00 1.948e-16
05088.50 1.854e-16
05090.00 1.945e-16
05091.50 1.997e-16
05093.00 1.993e-16
05094.50 1.956e-16
05096.00 1.927e-16
05097.50 1.849e-16
05099.00 1.779e-16
05100.50 1.718e-16
05102.00 1.697e-16
05103.50 1.692e-16
05105.00 1.622e-16
05106.50 1.601e-16
05108.00 1.650e-16
05109.50 1.608e-16
05111.00 1.622e-16
05112.50 1.615e-16
05114.00 1.570e-16
05115.50 1.503e-16
05117.00 1.545e-16
05118.50 1.524e-16
05120.00 1.498e-16
05121.50 1.602e-16
05123.00 1.658e-16
05124.50 1.651e-16
05126.00 1.656e-16
05127.50 1.735e-16
05129.00 1.717e-16
05130.50 1.678e-16
05132.00 1.679e-16
05133.50 1.721e-16
05135.00 1.767e-16
05136.50 1.798e-16
05138.00 1.824e-16
05139.50 1.923e-16
05141.00 1.936e-16
05142.50 1.951e-16
05144.00 1.993e-16
05145.50 2.050e-16
05147.00 2.001e-16
05148.50 2.056e-16
05150.00 2.079e-16
05151.50 2.082e-16
05153.00 2.065e-16
05154.50 2.097e-16
05156.00 2.098e-16
05157.50 2.104e-16
05159.00 2.061e-16
05160.50 2.081e-16
05162.00 2.049e-16
05163.50 2.097e-16
05165.00 2.143e-16
05166.50 2.231e-16
05168.00 2.301e-16
05169.50 2.408e-16
05171.00 2.379e-16
05172.50 2.325e-16
05174.00 2.280e-16
05175.50 2.265e-16
05177.00 2.321e-16
05178.50 2.318e-16
05180.00 2.321e-16
05181.50 2.322e-16
05183.00 2.287e-16
05184.50 2.206e-16
05186.00 2.307e-16
05187.50 2.400e-16
05189.00 2.461e-16
05190.50 2.538e-16
05192.00 2.565e-16
05193.50 2.556e-16
05195.00 2.561e-16
05196.50 2.602e-16
05198.00 2.616e-16
05199.50 2.649e-16
05201.00 2.602e-16
05202.50 2.610e-16
05204.00 2.555e-16
05205.50 2.551e-16
05207.00 2.508e-16
05208.50 2.485e-16
05210.00 2.420e-16
05211.50 2.409e-16
05213.00 2.367e-16
05214.50 2.366e-16
05216.00 2.364e-16
05217.50 2.391e-16
05219.00 2.369e-16
05220.50 2.377e-16
05222.00 2.306e-16
05223.50 2.281e-16
05225.00 2.261e-16
05226.50 2.308e-16
05228.00 2.278e-16
05229.50 2.372e-16
05231.00 2.443e-16
05232.50 2.481e-16
05234.00 2.477e-16
05235.50 2.565e-16
05237.00 2.546e-16
05238.50 2.544e-16
05240.00 2.485e-16
05241.50 2.470e-16
05243.00 2.473e-16
05244.50 2.540e-16
05246.00 2.603e-16
05247.50 2.675e-16
05249.00 2.672e-16
05250.50 2.533e-16
05252.00 2.436e-16
05253.50 2.377e-16
05255.00 2.384e-16
05256.50 2.386e-16
05258.00 2.423e-16
05259.50 2.400e-16
05261.00 2.345e-16
05262.50 2.276e-16
05264.00 2.306e-16
05265.50 2.385e-16
05267.00 2.431e-16
05268.50 2.424e-16
05270.00 2.378e-16
05271.50 2.315e-16
05273.00 2.215e-16
05274.50 2.246e-16
05276.00 2.270e-16
05277.50 2.299e-16
05279.00 2.331e-16
05280.50 2.448e-16
05282.00 2.443e-16
05283.50 2.446e-16
05285.00 2.462e-16
05286.50 2.512e-16
05288.00 2.394e-16
05289.50 2.341e-16
05291.00 2.365e-16
05292.50 2.395e-16
05294.00 2.367e-16
05295.50 2.387e-16
05297.00 2.351e-16
05298.50 2.262e-16
05300.00 2.235e-16
05301.50 2.278e-16
05303.00 2.343e-16
05304.50 2.396e-16
05306.00 2.457e-16
05307.50 2.441e-16
05309.00 2.331e-16
05310.50 2.315e-16
05312.00 2.340e-16
05313.50 2.353e-16
05315.00 2.344e-16
05316.50 2.392e-16
05318.00 2.417e-16
05319.50 2.403e-16
05321.00 2.421e-16
05322.50 2.462e-16
05324.00 2.468e-16
05325.50 2.394e-16
05327.00 2.405e-16
05328.50 2.453e-16
05330.00 2.531e-16
05331.50 2.552e-16
05333.00 2.598e-16
05334.50 2.582e-16
05336.00 2.525e-16
05337.50 2.481e-16
05339.00 2.482e-16
05340.50 2.486e-16
05342.00 2.518e-16
05343.50 2.492e-16
05345.00 2.532e-16
05346.50 2.530e-16
05348.00 2.584e-16
05349.50 2.672e-16
05351.00 2.666e-16
05352.50 2.569e-16
05354.00 2.565e-16
05355.50 2.495e-16
05357.00 2.368e-16
05358.50 2.355e-16
05360.00 2.386e-16
05361.50 2.439e-16
05363.00 2.508e-16
05364.50 2.512e-16
05366.00 2.579e-16
05367.50 2.562e-16
05369.00 2.616e-16
05370.50 2.620e-16
05372.00 2.605e-16
05373.50 2.598e-16
05375.00 2.646e-16
05376.50 2.488e-16
05378.00 2.391e-16
05379.50 2.443e-16
05381.00 2.487e-16
05382.50 2.439e-16
05384.00 2.514e-16
05385.50 2.542e-16
05387.00 2.582e-16
05388.50 2.499e-16
05390.00 2.469e-16
05391.50 2.391e-16
05393.00 2.389e-16
05394.50 2.277e-16
05396.00 2.283e-16
05397.50 2.434e-16
05399.00 2.516e-16
05400.50 2.482e-16
05402.00 2.487e-16
05403.50 2.444e-16
05405.00 2.326e-16
05406.50 2.230e-16
05408.00 2.282e-16
05409.50 2.386e-16
05411.00 2.478e-16
05412.50 2.478e-16
05414.00 2.520e-16
05415.50 2.555e-16
05417.00 2.542e-16
05418.50 2.474e-16
05420.00 2.462e-16
05421.50 2.492e-16
05423.00 2.567e-16
05424.50 2.559e-16
05426.00 2.566e-16
05427.50 2.658e-16
05429.00 2.698e-16
05430.50 2.673e-16
05432.00 2.618e-16
05433.50 2.621e-16
05435.00 2.647e-16
05436.50 2.510e-16
05438.00 2.373e-16
05439.50 2.336e-16
05441.00 2.296e-16
05442.50 2.161e-16
05444.00 2.242e-16
05445.50 2.394e-16
05447.00 2.389e-16
05448.50 2.343e-16
05450.00 2.343e-16
05451.50 2.348e-16
05453.00 2.210e-16
05454.50 2.402e-16
05456.00 2.771e-16
05457.50 2.868e-16
05459.00 2.608e-16
05460.50 2.592e-16
05462.00 2.424e-16
05463.50 2.180e-16
05465.00 2.072e-16
05466.50 2.255e-16
05468.00 2.195e-16
05469.50 2.188e-16
05471.00 2.071e-16
05472.50 2.092e-16
05474.00 2.170e-16
05475.50 2.266e-16
05477.00 2.286e-16
05478.50 2.477e-16
05480.00 2.443e-16
05481.50 2.395e-16
05483.00 2.355e-16
05484.50 2.386e-16
05486.00 2.242e-16
05487.50 2.239e-16
05489.00 2.232e-16
05490.50 2.355e-16
05492.00 2.346e-16
05493.50 2.343e-16
05495.00 2.389e-16
05496.50 2.435e-16
05498.00 2.363e-16
05499.50 2.307e-16
05501.00 2.226e-16
05502.50 2.159e-16
05504.00 2.208e-16
05505.50 2.178e-16
05507.00 2.257e-16
05508.50 2.394e-16
05510.00 2.445e-16
05511.50 2.438e-16
05513.00 2.446e-16
05514.50 2.373e-16
05516.00 2.374e-16
05517.50 2.501e-16
05519.00 2.536e-16
05520.50 2.594e-16
05522.00 2.696e-16
05523.50 2.700e-16
05525.00 2.636e-16
05526.50 2.573e-16
05528.00 2.482e-16
05529.50 2.384e-16
05531.00 2.397e-16
05532.50 2.358e-16
05534.00 2.317e-16
05535.50 2.311e-16
05537.00 2.311e-16
05538.50 2.243e-16
05540.00 2.235e-16
05541.50 2.341e-16
05543.00 2.417e-16
05544.50 2.513e-16
05546.00 2.613e-16
05547.50 2.686e-16
05549.00 2.629e-16
05550.50 2.623e-16
05552.00 2.620e-16
05553.50 2.585e-16
05555.00 2.563e-16
05556.50 2.539e-16
05558.00 2.634e-16
05559.50 2.612e-16
05561.00 2.623e-16
05562.50 2.740e-16
05564.00 2.807e-16
05565.50 2.734e-16
05567.00 2.803e-16
05568.50 2.822e-16
05570.00 2.744e-16
05571.50 2.748e-16
05573.00 2.930e-16
05574.50 2.949e-16
05576.00 2.871e-16
05577.50 2.836e-16
05579.00 2.780e-16
05580.50 2.627e-16
05582.00 2.625e-16
05583.50 2.668e-16
05585.00 2.698e-16
05586.50 2.798e-16
05588.00 2.859e-16
05589.50 2.854e-16
05591.00 2.767e-16
05592.50 2.825e-16
05594.00 2.811e-16
05595.50 2.717e-16
05597.00 2.721e-16
05598.50 2.802e-16
05600.00 2.705e-16
05601.50 2.604e-16
05603.00 2.613e-16
05604.50 2.552e-16
05606.00 2.470e-16
05607.50 2.348e-16
05609.00 2.302e-16
05610.50 2.238e-16
05612.00 2.135e-16
05613.50 2.162e-16
05615.00 2.279e-16
05616.50 2.333e-16
05618.00 2.366e-16
05619.50 2.316e-16
05621.00 2.326e-16
05622.50 2.194e-16
05624.00 2.138e-16
05625.50 2.003e-16
05627.00 1.994e-16
05628.50 1.965e-16
05630.50 1.996e-16
05632.00 1.955e-16
05633.50 1.918e-16
05635.00 1.895e-16
05636.50 1.881e-16
05638.00 1.865e-16
05639.50 1.803e-16
05641.00 1.826e-16
05642.50 1.870e-16
05644.00 1.870e-16
05645.50 1.877e-16
05647.00 1.909e-16
05648.50 1.901e-16
05650.00 1.840e-16
05651.50 1.768e-16
05653.00 1.737e-16
05654.50 1.737e-16
05656.00 1.760e-16
05657.50 1.821e-16
05659.00 1.836e-16
05660.50 1.791e-16
05662.00 1.794e-16
05663.50 1.792e-16
05665.00 1.730e-16
05666.50 1.739e-16
05668.00 1.754e-16
05669.50 1.704e-16
05671.00 1.650e-16
05672.50 1.616e-16
05674.00 1.586e-16
05675.50 1.571e-16
05677.00 1.560e-16
05678.50 1.592e-16
05680.00 1.646e-16
05681.50 1.618e-16
05683.00 1.582e-16
05684.50 1.616e-16
05686.00 1.622e-16
05687.50 1.633e-16
05689.00 1.625e-16
05690.50 1.625e-16
05692.00 1.574e-16
05693.50 1.506e-16
05695.00 1.432e-16
05696.50 1.403e-16
05698.00 1.396e-16
05699.50 1.373e-16
05701.00 1.347e-16
05702.50 1.337e-16
05704.00 1.317e-16
05705.50 1.247e-16
05707.00 1.218e-16
05708.50 1.205e-16
05710.00 1.186e-16
05711.50 1.192e-16
05713.00 1.190e-16
05714.50 1.130e-16
05716.00 1.074e-16
05717.50 1.016e-16
05719.00 9.343e-17
05720.50 8.688e-17
05722.00 8.768e-17
05723.50 9.100e-17
05725.00 9.060e-17
05726.50 9.021e-17
05728.00 9.067e-17
05729.50 8.861e-17
05731.00 8.471e-17
05732.50 8.186e-17
05734.00 7.898e-17
05735.50 7.544e-17
05737.00 7.330e-17
05738.50 7.127e-17
05740.00 7.097e-17
05741.50 7.216e-17
05743.00 7.407e-17
05744.50 7.393e-17
05746.00 7.484e-17
05747.50 7.046e-17
05749.00 6.737e-17
05750.50 6.735e-17
05752.00 6.445e-17
05753.50 6.134e-17
05755.00 6.230e-17
05756.50 6.400e-17
05758.00 6.692e-17
05759.50 6.741e-17
05761.00 6.832e-17
05762.50 7.101e-17
05764.00 7.400e-17
05765.50 7.474e-17
05767.00 7.944e-17
05768.50 8.074e-17
05770.00 7.716e-17
05771.50 7.652e-17
05773.00 7.365e-17
05774.50 6.800e-17
05776.00 6.601e-17
05777.50 6.905e-17
05779.00 6.877e-17
05780.50 7.006e-17
05782.00 7.166e-17
05783.50 7.045e-17
05785.00 6.958e-17
05786.50 6.711e-17
05788.00 6.641e-17
05789.50 7.199e-17
05791.00 7.508e-17
05792.50 7.521e-17
05794.00 8.030e-17
05795.50 8.458e-17
05797.00 8.516e-17
05798.50 8.749e-17
05800.00 8.991e-17
05801.50 8.934e-17
05803.00 9.035e-17
05804.50 9.320e-17
05806.00 9.875e-17
05807.50 1.041e-16
05809.00 1.076e-16
05810.50 1.068e-16
05812.00 1.039e-16
05813.50 1.020e-16
05815.00 1.077e-16
05816.50 1.121e-16
05818.00 1.193e-16
05819.50 1.313e-16
05821.00 1.416e-16
05822.50 1.439e-16
05824.00 1.477e-16
05825.50 1.535e-16
05827.00 1.573e-16
05828.50 1.638e-16
05830.00 1.737e-16
05831.50 1.831e-16
05833.00 1.898e-16
05834.50 1.959e-16
05836.00 1.994e-16
05837.50 2.010e-16
05839.00 2.015e-16
05840.50 2.025e-16
05842.00 2.043e-16
05843.50 2.040e-16
05845.00 2.047e-16
05846.50 2.121e-16
05848.00 2.191e-16
05849.50 2.261e-16
05851.00 2.377e-16
05852.50 2.469e-16
05854.00 2.515e-16
05855.50 2.572e-16
05857.00 2.631e-16
05858.50 2.663e-16
05860.00 2.654e-16
05861.50 2.649e-16
05863.00 2.683e-16
05864.50 2.684e-16
05866.00 2.641e-16
05867.50 2.693e-16
05869.00 2.768e-16
05870.50 2.791e-16
05872.00 2.777e-16
05873.50 2.783e-16
05875.00 2.853e-16
05876.50 2.890e-16
05878.00 2.864e-16
05879.50 2.906e-16
05881.00 2.940e-16
05882.50 2.887e-16
05884.00 2.846e-16
05885.50 2.861e-16
05887.00 2.817e-16
05888.50 2.778e-16
05890.00 2.704e-16
05891.50 2.609e-16
05893.00 2.620e-16
05894.50 2.635e-16
05896.00 2.682e-16
05897.50 2.707e-16
05899.00 2.749e-16
05900.50 2.708e-16
05902.00 2.717e-16
05903.50 2.768e-16
05905.00 2.879e-16
05906.50 2.957e-16
05908.00 2.971e-16
05909.50 2.992e-16
05911.00 2.993e-16
05912.50 2.955e-16
05914.00 2.948e-16
05915.50 3.014e-16
05917.00 3.044e-16
05918.50 2.986e-16
05920.00 2.946e-16
05921.50 2.944e-16
05923.00 2.914e-16
05924.50 2.917e-16
05926.00 2.976e-16
05927.50 3.010e-16
05929.00 3.047e-16
05930.50 3.072e-16
05932.00 3.036e-16
05933.50 3.021e-16
05935.00 3.016e-16
05936.50 2.962e-16
05938.00 2.931e-16
05939.50 2.915e-16
05941.00 2.899e-16
05942.50 2.882e-16
05944.00 2.879e-16
05945.50 2.847e-16
05947.00 2.809e-16
05948.50 2.761e-16
05950.00 2.770e-16
05951.50 2.812e-16
05953.00 2.823e-16
05954.50 2.867e-16
05956.00 2.923e-16
05957.50 2.923e-16
05959.00 2.863e-16
05960.50 2.895e-16
05962.00 2.937e-16
05963.50 2.953e-16
05965.00 2.949e-16
05966.50 2.950e-16
05968.00 2.943e-16
05969.50 2.944e-16
05971.00 2.948e-16
05972.50 2.991e-16
05974.00 3.067e-16
05975.50 3.069e-16
05977.00 3.004e-16
05978.50 2.951e-16
05980.00 2.898e-16
05981.50 2.843e-16
05983.00 2.822e-16
05984.50 2.800e-16
05986.00 2.792e-16
05987.50 2.798e-16
05989.00 2.753e-16
05990.50 2.712e-16
05992.00 2.703e-16
05993.50 2.667e-16
05995.00 2.643e-16
05996.50 2.679e-16
05998.00 2.704e-16
05999.50 2.740e-16
06001.00 2.773e-16
06002.50 2.744e-16
06004.00 2.727e-16
06005.50 2.728e-16
06007.00 2.712e-16
06008.50 2.697e-16
06010.00 2.690e-16
06011.50 2.618e-16
06013.00 2.572e-16
06014.50 2.571e-16
06016.00 2.509e-16
06017.50 2.452e-16
06019.00 2.465e-16
06020.50 2.433e-16
06022.00 2.371e-16
06023.50 2.347e-16
06025.00 2.357e-16
06026.50 2.293e-16
06028.00 2.224e-16
06029.50 2.173e-16
06031.00 2.162e-16
06032.50 2.143e-16
06034.00 2.159e-16
06035.50 2.195e-16
06037.00 2.228e-16
06038.50 2.218e-16
06040.00 2.145e-16
06041.50 2.066e-16
06043.00 2.025e-16
06044.50 2.009e-16
06046.00 2.004e-16
06047.50 2.015e-16
06049.00 2.036e-16
06050.50 2.033e-16
06052.00 2.024e-16
06053.50 2.042e-16
06055.00 2.064e-16
06056.50 2.077e-16
06058.00 2.081e-16
06059.50 2.063e-16
06061.00 2.053e-16
06062.50 2.088e-16
06064.00 2.119e-16
06065.50 2.122e-16
06067.00 2.112e-16
06068.50 2.102e-16
06070.00 2.080e-16
06071.50 2.035e-16
06073.00 2.026e-16
06074.50 2.049e-16
06076.00 2.017e-16
06077.50 2.015e-16
06079.00 2.010e-16
06080.50 1.984e-16
06082.00 1.934e-16
06083.50 1.926e-16
06085.00 1.902e-16
06086.50 1.926e-16
06088.00 1.931e-16
06089.50 1.979e-16
06091.00 1.984e-16
06092.50 1.967e-16
06094.00 1.977e-16
06095.50 2.001e-16
06097.00 1.930e-16
06098.50 1.929e-16
06100.00 1.914e-16
06101.50 1.831e-16
06103.00 1.755e-16
06104.50 1.754e-16
06106.00 1.764e-16
06107.50 1.789e-16
06109.00 1.826e-16
06110.50 1.872e-16
06112.00 1.867e-16
06113.50 1.797e-16
06115.00 1.776e-16
06116.50 1.809e-16
06118.00 1.832e-16
06119.50 1.863e-16
06121.00 1.902e-16
06122.50 1.911e-16
06124.00 1.882e-16
06125.50 1.865e-16
06127.00 1.850e-16
06128.50 1.852e-16
06130.00 1.873e-16
06131.50 1.885e-16
06133.00 1.853e-16
06134.50 1.836e-16
06136.00 1.845e-16
06137.50 1.846e-16
06139.00 1.830e-16
06140.50 1.865e-16
06142.00 1.879e-16
06143.50 1.860e-16
06145.00 1.829e-16
06146.50 1.847e-16
06148.00 1.872e-16
06149.50 1.883e-16
06151.00 1.924e-16
06152.50 1.977e-16
06154.00 1.985e-16
06155.50 1.934e-16
06157.00 1.916e-16
06158.50 1.887e-16
06160.00 1.841e-16
06161.50 1.818e-16
06163.00 1.851e-16
06164.50 1.884e-16
06166.00 1.911e-16
06167.50 1.933e-16
06169.00 1.961e-16
06170.50 1.955e-16
06172.00 1.918e-16
06173.50 1.892e-16
06175.00 1.889e-16
06176.50 1.865e-16
06178.00 1.839e-16
06179.50 1.841e-16
06181.00 1.840e-16
06182.50 1.820e-16
06184.00 1.813e-16
06185.50 1.854e-16
06187.00 1.914e-16
06188.50 1.942e-16
06190.00 1.956e-16
06191.50 1.985e-16
06193.00 1.949e-16
06194.50 1.850e-16
06196.00 1.797e-16
06197.50 1.776e-16
06199.00 1.745e-16
06200.50 1.751e-16
06202.00 1.794e-16
06203.50 1.826e-16
06205.00 1.848e-16
06206.50 1.844e-16
06208.00 1.854e-16
06209.50 1.879e-16
06211.00 1.887e-16
06212.50 1.910e-16
06214.00 1.937e-16
06215.50 1.939e-16
06217.00 1.941e-16
06218.50 1.937e-16
06220.00 1.913e-16
06221.50 1.933e-16
06223.00 1.950e-16
06224.50 1.968e-16
06226.00 1.997e-16
06227.50 1.986e-16
06229.00 1.965e-16
06230.50 1.970e-16
06232.00 1.973e-16
06233.50 1.963e-16
06235.00 1.961e-16
06236.50 1.955e-16
06238.00 1.943e-16
06239.50 1.931e-16
06241.00 1.930e-16
06242.50 1.955e-16
06244.00 1.974e-16
06245.50 1.982e-16
06247.00 1.997e-16
06248.50 2.002e-16
06250.00 2.018e-16
06251.50 2.074e-16
06253.00 2.129e-16
06254.50 2.168e-16
06256.00 2.201e-16
06257.50 2.203e-16
06259.00 2.174e-16
06260.50 2.169e-16
06262.00 2.177e-16
06263.50 2.180e-16
06265.00 2.213e-16
06266.50 2.232e-16
06268.00 2.266e-16
06269.50 2.293e-16
06271.00 2.359e-16
06272.50 2.409e-16
06274.00 2.455e-16
06275.50 2.463e-16
06277.00 2.490e-16
06278.50 2.490e-16
06280.00 2.556e-16
06281.50 2.597e-16
06283.00 2.608e-16
06284.50 2.633e-16
06286.00 2.702e-16
06287.50 2.688e-16
06289.00 2.697e-16
06290.50 2.758e-16
06292.00 2.860e-16
06293.50 2.918e-16
06295.00 2.980e-16
06296.50 2.992e-16
06298.00 3.069e-16
06299.50 3.110e-16
06301.00 3.113e-16
06302.50 3.126e-16
06304.00 3.224e-16
06305.50 3.237e-16
06307.00 3.231e-16
06308.50 3.268e-16
06310.00 3.250e-16
06311.50 3.199e-16
06313.00 3.165e-16
06314.50 3.123e-16
06316.00 3.073e-16
06317.50 3.084e-16
06319.00 3.117e-16
06320.50 3.099e-16
06322.00 3.079e-16
06323.50 3.094e-16
06325.00 3.103e-16
06326.50 3.114e-16
06328.00 3.123e-16
06329.50 3.115e-16
06331.00 3.107e-16
06332.50 3.037e-16
06334.00 2.982e-16
06335.50 2.972e-16
06337.00 2.983e-16
06338.50 2.948e-16
06340.00 2.946e-16
06341.50 2.896e-16
06343.00 2.869e-16
06344.50 2.818e-16
06346.00 2.801e-16
06347.50 2.810e-16
06349.00 2.823e-16
06350.50 2.791e-16
06352.00 2.795e-16
06353.50 2.797e-16
06355.00 2.769e-16
06356.50 2.779e-16
06358.00 2.813e-16
06359.50 2.793e-16
06361.00 2.767e-16
06362.50 2.773e-16
06364.00 2.759e-16
06365.50 2.751e-16
06367.00 2.779e-16
06368.50 2.792e-16
06370.00 2.782e-16
06371.50 2.773e-16
06373.00 2.771e-16
06374.50 2.756e-16
06376.00 2.727e-16
06377.50 2.709e-16
06379.00 2.712e-16
06380.50 2.723e-16
06382.00 2.717e-16
06383.50 2.725e-16
06385.00 2.751e-16
06386.50 2.730e-16
06388.00 2.685e-16
06389.50 2.665e-16
06391.00 2.654e-16
06392.50 2.628e-16
06394.00 2.622e-16
06395.50 2.599e-16
06397.00 2.574e-16
06398.50 2.533e-16
06400.00 2.492e-16
06401.50 2.476e-16
06403.00 2.444e-16
06404.50 2.379e-16
06406.00 2.370e-16
06407.50 2.362e-16
06409.00 2.342e-16
06410.50 2.362e-16
06412.00 2.369e-16
06413.50 2.346e-16
06415.00 2.350e-16
06416.50 2.300e-16
06418.00 2.238e-16
06419.50 2.227e-16
06421.00 2.216e-16
06422.50 2.188e-16
06424.00 2.188e-16
06425.50 2.178e-16
06427.00 2.171e-16
06428.50 2.177e-16
06430.00 2.190e-16
06431.50 2.217e-16
06433.00 2.244e-16
06434.50 2.265e-16
06436.00 2.284e-16
06437.50 2.293e-16
06439.00 2.301e-16
06440.50 2.325e-16
06442.00 2.316e-16
06443.50 2.271e-16
06445.00 2.263e-16
06446.50 2.251e-16
06448.00 2.225e-16
06449.50 2.242e-16
06451.00 2.258e-16
06452.50 2.252e-16
06454.00 2.232e-16
06455.50 2.194e-16
06457.00 2.170e-16
06458.50 2.172e-16
06460.00 2.166e-16
06461.50 2.177e-16
06463.00 2.197e-16
06464.50 2.222e-16
06466.00 2.228e-16
06467.50 2.219e-16
06469.00 2.183e-16
06470.50 2.164e-16
06472.00 2.144e-16
06473.50 2.126e-16
06475.00 2.139e-16
06476.50 2.173e-16
06478.00 2.189e-16
06479.50 2.177e-16
06481.00 2.183e-16
06482.50 2.189e-16
06484.00 2.232e-16
06485.50 2.249e-16
06487.00 2.270e-16
06488.50 2.302e-16
06490.00 2.299e-16
06491.50 2.263e-16
06493.00 2.295e-16
06494.50 2.331e-16
06496.00 2.359e-16
06497.50 2.407e-16
06499.00 2.437e-16
06500.50 2.425e-16
06502.00 2.392e-16
06503.50 2.336e-16
06505.00 2.289e-16
06506.50 2.281e-16
06508.00 2.257e-16
06509.50 2.221e-16
06511.00 2.219e-16
06512.50 2.192e-16
06514.00 2.132e-16
06515.50 2.128e-16
06517.00 2.154e-16
06518.50 2.158e-16
06520.00 2.204e-16
06521.50 2.251e-16
06523.00 2.275e-16
06524.50 2.331e-16
06526.00 2.381e-16
06527.50 2.380e-16
06529.00 2.389e-16
06530.50 2.375e-16
06532.00 2.338e-16
06533.50 2.324e-16
06535.00 2.316e-16
06536.50 2.337e-16
06538.00 2.383e-16
06539.50 2.351e-16
06541.00 2.293e-16
06542.50 2.274e-16
06544.00 2.205e-16
06545.50 2.174e-16
06547.00 2.226e-16
06548.50 2.257e-16
06550.00 2.247e-16
06551.50 2.254e-16
06553.00 2.221e-16
06554.50 2.155e-16
06556.00 2.135e-16
06557.50 2.121e-16
06559.00 2.090e-16
06560.50 2.057e-16
06562.00 2.034e-16
06563.50 2.011e-16
06565.00 2.001e-16
06566.50 1.989e-16
06568.00 1.965e-16
06569.50 1.942e-16
06571.00 1.902e-16
06572.50 1.845e-16
06574.00 1.792e-16
06575.50 1.759e-16
06577.00 1.758e-16
06578.50 1.758e-16
06580.00 1.739e-16
06581.50 1.731e-16
06583.00 1.705e-16
06584.50 1.643e-16
06586.00 1.583e-16
06587.50 1.562e-16
06589.00 1.562e-16
06590.50 1.559e-16
06592.00 1.559e-16
06593.50 1.559e-16
06595.00 1.560e-16
06596.50 1.562e-16
06598.00 1.562e-16
06599.50 1.564e-16
06601.00 1.566e-16
06602.50 1.570e-16
06604.00 1.573e-16
06605.50 1.582e-16
06607.00 1.601e-16
06608.50 1.604e-16
06610.00 1.624e-16
06611.50 1.656e-16
06613.00 1.705e-16
06614.50 1.756e-16
06616.00 1.826e-16
06617.50 1.859e-16
06619.00 1.882e-16
06620.50 1.875e-16
06622.00 1.850e-16
06623.50 1.851e-16
06625.00 1.891e-16
06626.50 1.912e-16
06628.00 1.936e-16
06629.50 1.969e-16
06631.00 1.974e-16
06632.50 1.994e-16
06634.00 2.040e-16
06635.50 2.072e-16
06637.00 2.098e-16
06638.50 2.105e-16
06640.00 2.077e-16
06641.50 2.048e-16
06643.00 2.026e-16
06644.50 2.017e-16
06646.00 2.032e-16
06647.50 2.052e-16
06649.00 2.055e-16
06650.50 2.057e-16
06652.00 2.064e-16
06653.50 2.069e-16
06655.00 2.053e-16
06656.50 2.061e-16
06658.00 2.086e-16
06659.50 2.105e-16
06661.00 2.104e-16
06662.50 2.117e-16
06664.00 2.109e-16
06665.50 2.059e-16
06667.00 2.029e-16
06668.50 2.022e-16
06670.00 2.020e-16
06671.50 2.036e-16
06673.00 2.085e-16
06674.50 2.101e-16
06676.00 2.086e-16
06677.50 2.089e-16
06679.00 2.085e-16
06680.50 2.068e-16
06682.00 2.063e-16
06683.50 2.070e-16
06685.00 2.043e-16
06686.50 2.011e-16
06688.00 1.990e-16
06689.50 1.988e-16
06691.00 2.021e-16
06692.50 2.042e-16
06694.00 2.045e-16
06695.50 2.057e-16
06697.00 2.040e-16
06698.50 1.974e-16
06700.00 1.938e-16
06701.50 1.943e-16
06703.00 1.934e-16
06704.50 1.903e-16
06706.00 1.881e-16
06707.50 1.869e-16
06709.00 1.859e-16
06710.50 1.877e-16
06712.00 1.891e-16
06713.50 1.888e-16
06715.00 1.903e-16
06716.50 1.898e-16
06718.00 1.859e-16
06719.50 1.835e-16
06721.00 1.861e-16
06722.50 1.858e-16
06724.00 1.824e-16
06725.50 1.805e-16
06727.00 1.802e-16
06728.50 1.791e-16
06730.00 1.754e-16
06731.50 1.745e-16
06733.00 1.736e-16
06734.50 1.748e-16
06736.00 1.720e-16
06737.50 1.711e-16
06739.00 1.716e-16
06740.50 1.716e-16
06742.00 1.708e-16
06743.50 1.720e-16
06745.00 1.730e-16
06746.50 1.723e-16
06748.00 1.743e-16
06749.50 1.727e-16
06751.00 1.703e-16
06752.50 1.715e-16
06754.00 1.732e-16
06755.50 1.711e-16
06757.00 1.712e-16
06758.50 1.733e-16
06760.00 1.750e-16
06761.50 1.767e-16
06763.00 1.762e-16
06764.50 1.753e-16
06766.00 1.748e-16
06767.50 1.730e-16
06769.00 1.708e-16
06770.50 1.697e-16
06772.00 1.698e-16
06773.50 1.700e-16
06775.00 1.697e-16
06776.50 1.696e-16
06778.00 1.698e-16
06779.50 1.692e-16
06781.00 1.675e-16
06782.50 1.685e-16
06784.00 1.705e-16
06785.50 1.712e-16
06787.00 1.736e-16
06788.50 1.762e-16
06790.00 1.723e-16
06791.50 1.677e-16
06793.00 1.703e-16
06794.50 1.702e-16
06796.00 1.683e-16
06797.50 1.698e-16
06799.00 1.719e-16
06800.50 1.684e-16
06802.00 1.661e-16
06803.50 1.621e-16
06805.00 1.577e-16
06806.50 1.544e-16
06808.00 1.523e-16
06809.50 1.528e-16
06811.00 1.545e-16
06812.50 1.564e-16
06814.00 1.572e-16
06815.50 1.567e-16
06817.00 1.542e-16
06818.50 1.534e-16
06820.00 1.524e-16
06821.50 1.525e-16
06823.00 1.564e-16
06824.50 1.593e-16
06826.00 1.569e-16
06827.50 1.520e-16
06829.00 1.470e-16
06830.50 1.410e-16
06832.00 1.354e-16
06833.50 1.340e-16
06835.00 1.368e-16
06836.50 1.378e-16
06838.00 1.361e-16
06839.50 1.376e-16
06841.00 1.399e-16
06842.50 1.400e-16
06844.00 1.397e-16
06845.50 1.412e-16
06847.00 1.398e-16
06848.50 1.379e-16
06850.00 1.367e-16
06851.50 1.361e-16
06853.00 1.358e-16
06854.50 1.368e-16
06856.00 1.384e-16
06857.50 1.401e-16
06859.00 1.430e-16
06860.50 1.423e-16
06862.00 1.395e-16
06863.50 1.407e-16
06865.00 1.436e-16
06866.50 1.418e-16
06868.00 1.398e-16
06869.50 1.383e-16
06871.00 1.357e-16
06872.50 1.323e-16
06874.00 1.321e-16
06875.50 1.331e-16
06877.00 1.350e-16
06878.50 1.337e-16
06880.00 1.328e-16
06881.50 1.322e-16
06883.00 1.304e-16
06884.50 1.309e-16
06886.00 1.298e-16
06887.50 1.273e-16
06889.00 1.282e-16
06890.50 1.321e-16
06892.00 1.330e-16
06893.50 1.364e-16
06895.00 1.407e-16
06896.50 1.410e-16
06898.00 1.394e-16
06899.50 1.369e-16
06901.00 1.329e-16
06902.50 1.284e-16
06904.00 1.265e-16
06905.50 1.267e-16
06907.00 1.274e-16
06908.50 1.289e-16
06910.00 1.302e-16
06911.50 1.309e-16
06913.00 1.302e-16
06914.50 1.313e-16
06916.00 1.314e-16
06917.50 1.308e-16
06919.00 1.306e-16
06920.50 1.307e-16
06922.00 1.273e-16
06923.50 1.280e-16
06925.00 1.282e-16
06926.50 1.256e-16
06928.00 1.220e-16
06929.50 1.230e-16
06931.00 1.189e-16
06932.50 1.127e-16
06934.00 1.115e-16
06935.50 1.134e-16
06937.00 1.151e-16
06938.50 1.147e-16
06940.00 1.197e-16
06941.50 1.216e-16
06943.00 1.194e-16
06944.50 1.155e-16
06946.00 1.188e-16
06947.50 1.182e-16
06949.00 1.176e-16
06950.50 1.198e-16
06952.00 1.195e-16
06953.50 1.152e-16
06955.00 1.149e-16
06956.50 1.142e-16
06958.00 1.123e-16
06959.50 1.139e-16
06961.00 1.162e-16
06962.50 1.181e-16
06964.00 1.216e-16
06965.50 1.235e-16
06967.00 1.233e-16
06968.50 1.230e-16
06970.00 1.217e-16
06971.50 1.197e-16
06973.00 1.228e-16
06974.50 1.290e-16
06976.00 1.346e-16
06977.50 1.398e-16
06979.00 1.444e-16
06980.50 1.477e-16
06982.00 1.488e-16
06983.50 1.516e-16
06985.00 1.560e-16
06986.50 1.609e-16
06988.00 1.709e-16
06989.50 1.787e-16
06991.00 1.815e-16
06992.50 1.888e-16
06994.00 1.943e-16
06995.50 1.944e-16
06997.00 1.966e-16
06998.50 2.032e-16
07000.00 2.056e-16
07001.50 2.111e-16
07003.00 2.169e-16
07004.50 2.223e-16
07006.00 2.281e-16
07007.50 2.312e-16
07009.00 2.303e-16
07010.50 2.314e-16
07012.00 2.368e-16
07013.50 2.425e-16
07015.00 2.517e-16
07016.50 2.625e-16
07018.00 2.651e-16
07019.50 2.674e-16
07021.00 2.730e-16
07022.50 2.719e-16
07024.00 2.672e-16
07025.50 2.685e-16
07027.00 2.677e-16
07028.50 2.621e-16
07030.00 2.596e-16
07031.50 2.603e-16
07033.00 2.617e-16
07034.50 2.619e-16
07036.00 2.621e-16
07037.50 2.631e-16
07039.00 2.634e-16
07040.50 2.615e-16
07042.00 2.625e-16
07043.50 2.664e-16
07045.00 2.672e-16
07046.50 2.679e-16
07048.00 2.701e-16
07049.50 2.669e-16
07051.00 2.628e-16
07052.50 2.643e-16
07054.00 2.647e-16
07055.50 2.648e-16
07057.00 2.665e-16
07058.50 2.713e-16
07060.00 2.762e-16
07061.50 2.815e-16
07063.00 2.803e-16
07064.50 2.832e-16
07066.00 2.813e-16
07067.50 2.748e-16
07069.00 2.721e-16
07070.50 2.733e-16
07072.00 2.694e-16
07073.50 2.647e-16
07075.00 2.621e-16
07076.50 2.601e-16
07078.00 2.603e-16
07079.50 2.618e-16
07081.00 2.613e-16
07082.50 2.613e-16
07084.00 2.601e-16
07085.50 2.555e-16
07087.00 2.501e-16
07088.50 2.483e-16
07090.00 2.469e-16
07091.50 2.457e-16
07093.00 2.462e-16
07094.50 2.473e-16
07096.00 2.493e-16
07097.50 2.489e-16
07099.00 2.461e-16
07100.50 2.449e-16
07102.00 2.433e-16
07103.50 2.406e-16
07105.00 2.402e-16
07106.50 2.387e-16
07108.00 2.377e-16
07109.50 2.395e-16
07111.00 2.394e-16
07112.50 2.387e-16
07114.00 2.430e-16
07115.50 2.433e-16
07117.00 2.394e-16
07118.50 2.372e-16
07120.00 2.361e-16
07121.50 2.319e-16
07123.00 2.330e-16
07124.50 2.359e-16
07126.00 2.362e-16
07127.50 2.337e-16
07129.00 2.311e-16
07130.50 2.272e-16
07132.00 2.226e-16
07133.50 2.187e-16
07135.00 2.174e-16
07136.50 2.173e-16
07138.00 2.191e-16
07139.50 2.198e-16
07141.00 2.193e-16
07142.50 2.181e-16
07144.00 2.179e-16
07145.50 2.177e-16
07147.00 2.199e-16
07148.50 2.227e-16
07150.00 2.236e-16
07151.50 2.245e-16
07153.00 2.235e-16
07154.50 2.209e-16
07156.00 2.201e-16
07157.50 2.211e-16
07159.00 2.197e-16
07160.50 2.165e-16
07162.00 2.157e-16
07163.50 2.155e-16
07165.00 2.150e-16
07166.50 2.152e-16
07168.00 2.132e-16
07169.50 2.111e-16
07171.00 2.117e-16
07172.50 2.088e-16
07174.00 2.085e-16
07175.50 2.124e-16
07177.00 2.121e-16
07178.50 2.100e-16
07180.00 2.124e-16
07181.50 2.159e-16
07183.00 2.193e-16
07184.50 2.225e-16
07186.00 2.205e-16
07187.50 2.220e-16
07189.00 2.216e-16
07190.50 2.167e-16
07192.00 2.162e-16
07193.50 2.167e-16
07195.00 2.148e-16
07196.50 2.087e-16
07198.00 2.039e-16
07199.50 2.009e-16
07201.00 2.041e-16
07202.50 2.035e-16
07204.00 2.053e-16
07205.50 2.118e-16
07207.00 2.177e-16
07208.50 2.202e-16
07210.00 2.233e-16
07211.50 2.260e-16
07213.00 2.284e-16
07214.50 2.299e-16
07216.00 2.301e-16
07217.50 2.309e-16
07219.00 2.349e-16
07220.50 2.376e-16
07222.00 2.409e-16
07223.50 2.481e-16
07225.00 2.511e-16
07226.50 2.493e-16
07228.00 2.520e-16
07229.50 2.570e-16
07231.00 2.609e-16
07232.50 2.668e-16
07234.00 2.727e-16
07235.50 2.748e-16
07237.00 2.740e-16
07238.50 2.723e-16
07240.00 2.731e-16
07241.50 2.778e-16
07243.00 2.791e-16
07244.50 2.824e-16
07246.00 2.872e-16
07247.50 2.928e-16
07249.00 2.956e-16
07250.50 2.986e-16
07252.00 2.992e-16
07253.50 2.986e-16
07255.00 2.950e-16
07256.50 2.912e-16
07258.00 2.932e-16
07259.50 2.967e-16
07261.00 2.980e-16
07262.50 3.018e-16
07264.00 3.087e-16
07265.50 3.113e-16
07267.00 3.159e-16
07268.50 3.247e-16
07270.00 3.349e-16
07271.50 3.460e-16
07273.00 3.537e-16
07274.50 3.573e-16
07276.00 3.608e-16
07277.50 3.619e-16
07279.00 3.601e-16
07280.50 3.606e-16
07282.00 3.622e-16
07283.50 3.657e-16
07285.00 3.682e-16
07286.50 3.674e-16
07288.00 3.714e-16
07289.50 3.785e-16
07291.00 3.800e-16
07292.50 3.798e-16
07294.00 3.814e-16
07295.50 3.808e-16
07297.00 3.811e-16
07298.50 3.846e-16
07300.00 3.894e-16
07301.50 3.932e-16
07303.00 3.959e-16
07304.50 4.004e-16
07306.00 4.072e-16
07307.50 4.114e-16
07309.00 4.169e-16
07310.50 4.235e-16
07312.00 4.251e-16
07313.50 4.229e-16
07315.00 4.229e-16
07316.50 4.254e-16
07318.00 4.291e-16
07319.50 4.312e-16
07321.00 4.372e-16
07322.50 4.506e-16
07324.00 4.593e-16
07325.50 4.656e-16
07327.00 4.771e-16
07328.50 4.826e-16
07330.00 4.767e-16
07331.50 4.726e-16
07333.00 4.729e-16
07334.50 4.711e-16
07336.00 4.743e-16
07337.50 4.888e-16
07339.00 5.040e-16
07340.50 5.100e-16
07342.00 5.104e-16
07343.50 5.074e-16
07345.00 5.017e-16
07346.50 4.970e-16
07348.00 4.944e-16
07349.50 4.958e-16
07351.00 4.993e-16
07352.50 4.976e-16
07354.00 4.941e-16
07355.50 4.961e-16
07357.00 4.978e-16
07358.50 4.937e-16
07360.00 4.897e-16
07361.50 4.866e-16
07363.00 4.808e-16
07364.50 4.750e-16
07366.00 4.714e-16
07367.50 4.675e-16
07369.00 4.666e-16
07370.50 4.681e-16
07372.00 4.648e-16
07373.50 4.609e-16
07375.00 4.596e-16
07376.50 4.529e-16
07378.00 4.427e-16
07379.50 4.358e-16
07381.00 4.284e-16
07382.50 4.171e-16
07384.00 4.092e-16
07385.50 4.054e-16
07387.00 4.048e-16
07388.50 4.023e-16
07390.00 3.998e-16
07391.50 3.941e-16
07393.00 3.935e-16
07394.50 3.903e-16
07396.00 3.645e-16
07397.50 3.572e-16
07399.00 3.526e-16
07400.50 3.503e-16
07402.00 3.485e-16
07403.50 3.460e-16
07405.00 3.441e-16
07406.50 3.391e-16
07408.00 3.304e-16
07409.50 3.212e-16
07411.00 3.140e-16
07412.50 3.072e-16
07414.00 2.989e-16
07415.50 2.927e-16
07417.00 2.899e-16
07418.50 2.875e-16
07420.00 2.862e-16
07421.50 2.859e-16
07423.00 2.845e-16
07424.50 2.833e-16
07426.00 2.817e-16
07427.50 2.755e-16
07429.00 2.688e-16
07430.50 2.649e-16
07432.00 2.623e-16
07433.50 2.581e-16
07435.00 2.543e-16
07436.50 2.548e-16
07438.00 2.537e-16
07439.50 2.493e-16
07441.00 2.481e-16
07442.50 2.502e-16
07444.00 2.484e-16
07445.50 2.486e-16
07447.00 2.493e-16
07448.50 2.459e-16
07450.00 2.407e-16
07451.50 2.366e-16
07453.00 2.302e-16
07454.50 2.252e-16
07456.00 2.205e-16
07457.50 2.179e-16
07459.00 2.166e-16
07460.50 2.169e-16
07462.00 2.156e-16
07463.50 2.144e-16
07465.00 2.154e-16
07466.50 2.193e-16
07468.00 2.203e-16
07469.50 2.218e-16
07471.00 2.258e-16
07472.50 2.252e-16
07474.00 2.195e-16
07475.50 2.174e-16
07477.00 2.151e-16
07478.50 2.114e-16
07480.00 2.107e-16
07481.50 2.113e-16
07483.00 2.089e-16
07484.50 2.068e-16
07486.00 2.062e-16
07487.50 2.030e-16
07489.00 1.989e-16
07490.50 1.968e-16
07492.00 1.961e-16
07493.50 1.957e-16
07495.00 1.971e-16
07496.50 1.996e-16
07498.00 2.022e-16
07499.50 2.035e-16
07501.00 2.027e-16
07502.50 1.988e-16
07504.00 1.960e-16
07505.50 1.950e-16
07507.00 1.936e-16
07508.50 1.889e-16
07510.00 1.900e-16
07511.50 1.902e-16
07513.00 1.880e-16
07514.50 1.838e-16
07516.00 1.843e-16
07517.50 1.815e-16
07519.00 1.778e-16
07520.50 1.749e-16
07522.00 1.762e-16
07523.50 1.781e-16
07525.00 1.805e-16
07526.50 1.838e-16
07528.00 1.830e-16
07529.50 1.812e-16
07531.00 1.780e-16
07532.50 1.748e-16
07534.00 1.706e-16
07535.50 1.694e-16
07537.00 1.701e-16
07538.50 1.724e-16
07540.00 1.720e-16
07541.50 1.693e-16
07543.00 1.665e-16
07544.50 1.629e-16
07546.00 1.583e-16
07547.50 1.560e-16
07549.00 1.572e-16
07550.50 1.600e-16
07552.00 1.626e-16
07553.50 1.632e-16
07555.00 1.631e-16
07556.50 1.618e-16
07558.00 1.577e-16
07559.50 1.530e-16
07561.00 1.518e-16
07562.50 1.493e-16
07564.00 1.467e-16
07565.50 1.470e-16
07567.00 1.443e-16
07568.50 1.395e-16
07570.00 1.382e-16
07571.50 1.379e-16
07573.00 1.326e-16
07574.50 1.302e-16
07576.00 1.315e-16
07577.50 1.309e-16
07579.00 1.264e-16
07580.50 1.279e-16
07582.00 1.344e-16
07583.50 1.347e-16
07585.00 1.322e-16
07586.50 1.334e-16
07588.00 1.334e-16
07589.50 1.322e-16
07591.00 1.363e-16
07592.50 1.367e-16
07594.00 1.409e-16
07595.50 1.376e-16
07597.00 1.286e-16
07598.50 1.194e-16
07600.00 1.202e-16
07601.50 1.165e-16
07603.00 1.170e-16
07604.50 1.149e-16
07606.00 1.110e-16
07607.50 1.104e-16
07609.00 1.101e-16
07610.50 1.077e-16
07612.00 1.102e-16
07613.50 1.128e-16
07615.00 1.091e-16
07616.50 1.080e-16
07618.00 1.109e-16
07619.50 1.131e-16
07621.00 1.188e-16
07622.50 1.238e-16
07624.00 1.272e-16
07625.50 1.330e-16
07627.00 1.311e-16
07628.50 1.260e-16
07630.00 1.261e-16
07631.50 1.223e-16
07633.00 1.197e-16
07634.50 1.246e-16
07636.00 1.291e-16
07637.50 1.298e-16
07639.00 1.319e-16
07640.50 1.314e-16
07642.00 1.283e-16
07643.50 1.283e-16
07645.00 1.267e-16
07646.50 1.286e-16
07648.00 1.320e-16
07649.50 1.394e-16
07651.00 1.434e-16
07652.50 1.414e-16
07654.00 1.395e-16
07655.50 1.393e-16
07657.00 1.392e-16
07658.50 1.395e-16
07660.00 1.467e-16
07661.50 1.524e-16
07663.00 1.532e-16
07664.50 1.531e-16
07666.00 1.546e-16
07667.50 1.550e-16
07669.00 1.546e-16
07670.50 1.543e-16
07672.00 1.545e-16
07673.50 1.545e-16
07675.00 1.544e-16
07676.50 1.557e-16
07678.00 1.587e-16
07679.50 1.593e-16
07681.00 1.564e-16
07682.50 1.541e-16
07684.00 1.531e-16
07685.50 1.527e-16
07687.00 1.543e-16
07688.50 1.571e-16
07690.00 1.615e-16
07691.50 1.645e-16
07693.00 1.665e-16
07694.50 1.639e-16
07696.00 1.626e-16
07697.50 1.623e-16
07699.00 1.606e-16
07700.50 1.580e-16
07702.00 1.592e-16
07703.50 1.604e-16
07705.00 1.589e-16
07706.50 1.594e-16
07708.00 1.633e-16
07709.50 1.679e-16
07711.00 1.726e-16
07712.50 1.755e-16
07714.00 1.768e-16
07715.50 1.741e-16
07717.00 1.711e-16
07718.50 1.645e-16
07720.00 1.625e-16
07721.50 1.622e-16
07723.00 1.615e-16
07724.50 1.630e-16
07726.00 1.678e-16
07727.50 1.667e-16
07729.00 1.657e-16
07730.50 1.697e-16
07732.00 1.723e-16
07733.50 1.734e-16
07735.00 1.777e-16
07736.50 1.813e-16
07738.00 1.817e-16
07739.50 1.825e-16
07741.00 1.862e-16
07742.50 1.919e-16
07744.00 2.003e-16
07745.50 2.085e-16
07747.00 2.119e-16
07748.50 2.131e-16
07750.00 2.129e-16
07751.50 2.088e-16
07753.00 2.064e-16
07754.50 2.070e-16
07756.00 2.099e-16
07757.50 2.159e-16
07759.00 2.184e-16
07760.50 2.177e-16
07762.00 2.192e-16
07763.50 2.188e-16
07765.00 2.158e-16
07766.50 2.184e-16
07768.00 2.235e-16
07769.50 2.248e-16
07771.00 2.236e-16
07772.50 2.209e-16
07774.00 2.163e-16
07775.50 2.123e-16
07777.00 2.119e-16
07778.50 2.138e-16
07780.00 2.169e-16
07781.50 2.224e-16
07783.00 2.243e-16
07784.50 2.236e-16
07786.00 2.265e-16
07787.50 2.287e-16
07789.00 2.281e-16
07790.50 2.291e-16
07792.00 2.302e-16
07793.50 2.272e-16
07795.00 2.248e-16
07796.50 2.224e-16
07798.00 2.198e-16
07799.50 2.203e-16
07801.00 2.227e-16
07802.50 2.249e-16
07804.00 2.287e-16
07805.50 2.305e-16
07807.00 2.282e-16
07808.50 2.257e-16
07810.00 2.227e-16
07811.50 2.187e-16
07813.00 2.172e-16
07814.50 2.177e-16
07816.00 2.160e-16
07817.50 2.150e-16
07819.00 2.177e-16
07820.50 2.194e-16
07822.00 2.181e-16
07823.50 2.205e-16
07825.00 2.200e-16
07826.50 2.144e-16
07828.00 2.130e-16
07829.50 2.136e-16
07831.00 2.101e-16
07832.50 2.097e-16
07834.00 2.127e-16
07835.50 2.089e-16
07837.00 2.046e-16
07838.50 2.055e-16
07840.00 2.033e-16
07841.50 1.997e-16
07843.00 1.985e-16
07844.50 1.980e-16
07846.00 1.985e-16
07847.50 2.048e-16
07849.00 2.096e-16
07850.50 2.143e-16
07852.00 2.177e-16
07853.50 2.141e-16
07855.00 2.083e-16
07856.50 2.052e-16
07858.00 2.031e-16
07859.50 1.999e-16
07861.00 2.005e-16
07862.50 1.996e-16
07864.00 1.971e-16
07865.50 1.934e-16
07867.00 1.939e-16
07868.50 1.949e-16
07870.00 1.940e-16
07871.50 1.934e-16
07873.00 1.954e-16
07874.50 1.982e-16
07876.00 2.002e-16
07877.50 1.996e-16
07879.00 1.951e-16
07880.50 1.890e-16
07882.00 1.830e-16
07883.50 1.770e-16
07885.00 1.762e-16
07886.50 1.768e-16
07888.00 1.750e-16
07889.50 1.698e-16
07891.00 1.675e-16
07892.50 1.618e-16
07894.00 1.562e-16
07895.50 1.533e-16
07897.00 1.522e-16
07898.50 1.464e-16
07900.00 1.437e-16
07901.50 1.432e-16
07903.00 1.428e-16
07904.50 1.433e-16
07906.00 1.419e-16
07907.50 1.425e-16
07909.00 1.409e-16
07910.50 1.387e-16
07912.00 1.372e-16
07913.50 1.405e-16
07915.00 1.434e-16
07916.50 1.440e-16
07918.00 1.424e-16
07919.50 1.436e-16
07921.00 1.423e-16
07922.50 1.386e-16
07924.00 1.384e-16
07925.50 1.428e-16
07927.00 1.445e-16
07928.50 1.437e-16
07930.00 1.419e-16
07931.50 1.417e-16
07933.00 1.372e-16
07934.50 1.311e-16
07936.00 1.307e-16
07937.50 1.299e-16
07939.00 1.263e-16
07940.50 1.265e-16
07942.00 1.280e-16
07943.50 1.251e-16
07945.00 1.223e-16
07946.50 1.227e-16
07948.00 1.212e-16
07949.50 1.180e-16
07951.00 1.167e-16
07952.50 1.194e-16
07954.00 1.208e-16
07955.50 1.249e-16
07957.00 1.287e-16
07958.50 1.316e-16
07960.00 1.313e-16
07961.50 1.317e-16
07963.00 1.327e-16
07964.50 1.345e-16
07966.00 1.325e-16
07967.50 1.326e-16
07969.00 1.336e-16
07970.50 1.308e-16
07972.00 1.257e-16
07973.50 1.313e-16
07975.00 1.317e-16
07976.50 1.310e-16
07978.00 1.291e-16
07979.50 1.313e-16
07981.00 1.280e-16
07982.50 1.296e-16
07984.00 1.305e-16
07985.50 1.314e-16
07987.00 1.281e-16
07988.50 1.269e-16
07990.00 1.235e-16
07991.50 1.198e-16
07993.00 1.220e-16
07994.50 1.245e-16
07996.00 1.220e-16
07997.50 1.232e-16
07999.00 1.250e-16
08000.50 1.233e-16
08002.00 1.238e-16
08003.50 1.247e-16
08005.00 1.228e-16
08006.50 1.214e-16
08008.00 1.213e-16
08009.50 1.233e-16
08011.00 1.288e-16
08012.50 1.340e-16
08014.00 1.348e-16
08015.50 1.329e-16
08017.00 1.280e-16
08018.50 1.209e-16
08020.00 1.169e-16
08021.50 1.193e-16
08023.00 1.233e-16
08024.50 1.270e-16
08026.00 1.262e-16
08027.50 1.224e-16
08029.00 1.182e-16
08030.50 1.156e-16
08032.00 1.134e-16
08033.50 1.165e-16
08035.00 1.197e-16
08036.50 1.202e-16
08038.00 1.209e-16
08039.50 1.219e-16
08041.00 1.231e-16
08042.50 1.253e-16
08044.00 1.289e-16
08045.50 1.298e-16
08047.00 1.284e-16
08048.50 1.270e-16
08050.00 1.257e-16
08051.50 1.226e-16
08053.00 1.208e-16
08054.50 1.225e-16
08056.00 1.237e-16
08057.50 1.227e-16
08059.00 1.209e-16
08060.50 1.197e-16
08062.00 1.178e-16
08063.50 1.152e-16
08065.00 1.156e-16
08066.50 1.172e-16
08068.00 1.169e-16
08069.50 1.176e-16
08071.00 1.180e-16
08072.50 1.155e-16
08074.00 1.145e-16
08075.50 1.166e-16
08077.00 1.160e-16
08078.50 1.131e-16
08080.00 1.125e-16
08081.50 1.117e-16
08083.00 1.095e-16
08084.50 1.094e-16
08086.00 1.103e-16
08087.50 1.106e-16
08089.00 1.128e-16
08090.50 1.132e-16
08092.00 1.090e-16
08093.50 1.079e-16
08095.00 1.088e-16
08096.50 1.051e-16
08098.00 1.014e-16
08099.50 1.029e-16
08101.00 1.031e-16
08102.50 1.013e-16
08104.00 9.974e-17
08105.50 1.014e-16
08107.00 1.024e-16
08108.50 1.020e-16
08110.00 1.009e-16
08111.50 1.026e-16
08113.00 1.030e-16
08114.50 1.017e-16
08116.00 1.017e-16
08117.50 1.027e-16
08119.00 1.022e-16
08120.50 1.005e-16
08122.00 9.873e-17
08123.50 9.838e-17
08125.00 9.894e-17
08126.50 9.926e-17
08128.00 9.941e-17
08129.50 1.000e-16
08131.00 9.919e-17
08132.50 9.744e-17
08134.00 9.685e-17
08135.50 9.833e-17
08137.00 1.007e-16
08138.50 1.021e-16
08140.00 1.019e-16
08141.50 9.968e-17
08143.00 9.729e-17
08144.50 9.630e-17
08146.00 9.475e-17
08147.50 9.437e-17
08149.00 9.624e-17
08150.50 9.722e-17
08152.00 9.688e-17
08153.50 9.752e-17
08155.00 9.822e-17
08156.50 9.701e-17
08158.00 9.622e-17
08159.50 9.621e-17
08161.00 9.889e-17
08162.50 9.846e-17
08164.00 9.937e-17
08165.50 1.046e-16
08167.00 1.060e-16
08168.50 1.028e-16
08170.00 1.031e-16
08171.50 1.026e-16
08173.00 1.002e-16
08174.50 1.010e-16
08176.00 9.854e-17
08177.50 9.753e-17
08179.00 9.860e-17
08180.50 9.689e-17
08182.00 9.327e-17
08183.50 9.277e-17
08185.00 9.570e-17
08186.50 9.669e-17
08188.00 9.803e-17
08189.50 9.938e-17
08191.00 1.001e-16
08192.50 9.730e-17
08194.00 9.567e-17
08195.50 9.445e-17
08197.00 9.447e-17
08198.50 9.610e-17
08200.00 9.794e-17
08201.50 9.927e-17
08203.00 9.800e-17
08204.50 9.619e-17
08206.00 9.581e-17
08207.50 9.531e-17
08209.00 9.546e-17
08210.50 9.671e-17
08212.00 9.803e-17
08213.50 1.008e-16
08215.00 9.979e-17
08216.50 9.726e-17
08218.00 9.968e-17
08219.50 1.007e-16
08221.00 9.719e-17
08222.50 9.881e-17
08224.00 1.013e-16
08225.50 1.005e-16
08227.00 1.004e-16
08228.50 1.050e-16
08230.00 1.066e-16
08231.50 1.068e-16
08233.00 1.033e-16
08234.50 1.034e-16
08236.00 9.956e-17
08237.50 9.611e-17
08239.00 9.720e-17
08240.50 9.984e-17
08242.00 1.000e-16
08243.50 9.855e-17
08245.00 9.987e-17
08246.50 9.803e-17
08248.00 9.553e-17
08249.50 9.443e-17
08251.00 9.871e-17
08252.50 9.935e-17
08254.00 9.962e-17
08255.50 1.002e-16
08257.00 1.002e-16
08258.50 1.005e-16
08260.00 1.014e-16
08261.50 9.970e-17
08263.00 9.800e-17
08264.50 9.695e-17
08266.00 9.521e-17
08267.50 9.457e-17
08269.00 9.645e-17
08270.50 9.892e-17
08272.00 9.755e-17
08273.50 9.392e-17
08275.00 9.224e-17
08276.50 9.004e-17
08278.00 9.077e-17
08279.50 9.227e-17
08281.00 9.175e-17
08282.50 9.242e-17
08284.00 9.366e-17
08285.50 9.924e-17
08287.00 1.073e-16
08288.50 1.106e-16
08290.00 1.121e-16
08291.50 1.117e-16
08293.00 1.031e-16
08294.50 9.875e-17
08296.00 1.019e-16
08297.50 1.050e-16
08299.00 1.069e-16
08300.50 1.083e-16
08302.00 1.079e-16
08303.50 1.072e-16
08305.00 1.046e-16
08306.50 1.046e-16
08308.00 1.052e-16
08309.50 1.020e-16
08311.00 9.919e-17
08312.50 9.455e-17
08314.00 9.001e-17
08315.50 8.975e-17
08317.00 9.211e-17
08318.50 9.438e-17
08320.00 9.803e-17
08321.50 1.011e-16
08323.00 9.908e-17
08324.50 9.479e-17
08326.00 9.292e-17
08327.50 9.154e-17
08329.00 9.017e-17
08330.50 9.129e-17
08332.00 9.214e-17
08333.50 9.146e-17
08335.00 9.232e-17
08336.50 9.264e-17
08338.00 9.229e-17
08339.50 9.435e-17
08341.00 9.529e-17
08342.50 9.361e-17
08344.00 9.812e-17
08345.50 1.028e-16
08347.00 9.884e-17
08348.50 9.733e-17
08350.00 9.707e-17
08351.50 9.375e-17
08353.00 9.039e-17
08354.50 9.161e-17
08356.00 9.087e-17
08357.50 9.019e-17
08359.00 8.823e-17
08360.50 8.575e-17
08362.00 8.150e-17
08363.50 7.691e-17
08365.00 7.621e-17
08366.50 7.460e-17
08368.00 7.571e-17
08369.50 8.130e-17
08371.00 8.502e-17
08372.50 8.535e-17
08374.00 8.581e-17
08375.50 8.417e-17
08377.00 8.159e-17
08378.50 8.073e-17
08380.00 7.812e-17
08381.50 7.639e-17
08383.00 7.289e-17
08384.50 6.840e-17
08386.00 6.579e-17
08387.50 6.384e-17
08389.00 6.322e-17
08390.50 6.762e-17
08392.00 7.187e-17
08393.50 6.555e-17
08395.00 5.524e-17
08396.50 5.114e-17
08398.00 4.704e-17
08399.50 4.290e-17
08401.00 5.030e-17
08402.50 6.223e-17
08404.00 6.411e-17
08405.50 6.099e-17
08407.00 5.897e-17
08408.50 5.827e-17
08410.00 5.832e-17
08411.50 5.931e-17
08413.00 6.440e-17
08414.50 6.860e-17
08416.00 6.813e-17
08417.50 6.649e-17
08419.00 6.807e-17
08420.50 6.733e-17
08422.00 6.803e-17
08423.50 7.197e-17
08425.00 6.995e-17
08426.50 6.495e-17
08428.00 7.023e-17
08429.50 7.509e-17
08431.00 7.728e-17
08432.50 8.613e-17
08434.00 9.520e-17
08435.50 9.497e-17
08437.00 9.426e-17
08438.50 9.776e-17
08440.00 1.011e-16
08441.50 1.046e-16
08443.00 1.100e-16
08444.50 1.180e-16
08446.00 1.238e-16
08447.50 1.278e-16
08449.00 1.308e-16
08450.50 1.330e-16
08452.00 1.364e-16
08453.50 1.406e-16
08455.00 1.452e-16
08456.50 1.512e-16
08458.00 1.573e-16
08459.50 1.623e-16
08461.00 1.682e-16
08462.50 1.765e-16
08464.00 1.838e-16
08465.50 1.884e-16
08467.00 1.922e-16
08468.50 1.955e-16
08470.00 2.016e-16
08471.50 2.092e-16
08473.00 2.162e-16
08474.50 2.225e-16
08476.00 2.261e-16
08477.50 2.272e-16
08479.00 2.316e-16
08480.50 2.368e-16
08482.00 2.432e-16
08483.50 2.516e-16
08485.00 2.587e-16
08486.50 2.611e-16
08488.00 2.695e-16
08489.50 2.793e-16
08491.00 2.865e-16
08492.50 2.962e-16
08494.00 3.066e-16
08495.50 3.131e-16
08497.00 3.149e-16
08498.50 3.214e-16
08500.00 3.233e-16
08501.50 3.273e-16
08503.00 3.306e-16
08504.50 3.306e-16
08506.00 3.251e-16
08507.50 3.246e-16
08509.00 3.202e-16
08510.50 3.122e-16
08512.00 3.107e-16
08513.50 3.128e-16
08515.00 3.110e-16
08516.50 3.084e-16
08518.00 3.086e-16
08519.50 3.072e-16
08521.00 3.024e-16
08522.50 2.960e-16
08524.00 2.924e-16
08525.50 2.897e-16
08527.00 2.849e-16
08528.50 2.814e-16
08530.00 2.800e-16
08531.50 2.772e-16
08533.00 2.739e-16
08534.50 2.721e-16
08536.00 2.711e-16
08537.50 2.698e-16
08539.00 2.665e-16
08540.50 2.645e-16
08542.00 2.662e-16
08543.50 2.649e-16
08545.00 2.641e-16
08546.50 2.691e-16
08548.00 2.720e-16
08549.50 2.694e-16
08551.00 2.724e-16
08552.50 2.744e-16
08554.00 2.726e-16
08555.50 2.764e-16
08557.00 2.802e-16
08558.50 2.837e-16
08560.00 2.873e-16
08561.50 2.885e-16
08563.00 2.892e-16
08564.50 2.942e-16
08566.00 2.960e-16
08567.50 2.982e-16
08569.00 3.053e-16
08570.50 3.092e-16
08572.00 3.122e-16
08573.50 3.173e-16
08575.00 3.219e-16
08576.50 3.265e-16
08578.00 3.310e-16
08579.50 3.323e-16
08581.00 3.338e-16
08582.50 3.386e-16
08584.00 3.427e-16
08585.50 3.474e-16
08587.00 3.531e-16
08588.50 3.580e-16
08590.00 3.629e-16
08591.50 3.666e-16
08593.00 3.692e-16
08594.50 3.740e-16
08596.00 3.793e-16
08597.50 3.846e-16
08599.00 3.917e-16
08600.50 3.979e-16
08602.00 4.015e-16
08603.50 4.081e-16
08605.00 4.130e-16
08606.50 4.151e-16
08608.00 4.205e-16
08609.50 4.282e-16
08611.00 4.310e-16
08612.50 4.349e-16
08614.00 4.444e-16
08615.50 4.501e-16
08617.00 4.532e-16
08618.50 4.621e-16
08620.00 4.686e-16
08621.50 4.689e-16
08623.00 4.703e-16
08624.50 4.747e-16
08626.00 4.740e-16
08627.50 4.795e-16
08629.00 4.840e-16
08630.50 4.873e-16
08632.00 4.898e-16
08633.50 4.947e-16
08635.00 4.943e-16
08636.50 4.963e-16
08638.00 5.043e-16
08639.50 5.096e-16
08641.00 5.097e-16
08642.50 5.136e-16
08644.00 5.209e-16
08645.50 5.195e-16
08647.00 5.186e-16
08648.50 5.212e-16
08650.00 5.206e-16
08651.50 5.192e-16
08653.00 5.228e-16
08654.50 5.292e-16
08656.00 5.355e-16
08657.50 5.405e-16
08659.00 5.444e-16
08660.50 5.479e-16
08662.00 5.501e-16
08663.50 5.527e-16
08665.00 5.556e-16
08666.50 5.566e-16
08668.00 5.595e-16
08669.50 5.660e-16
08671.00 5.722e-16
08672.50 5.779e-16
08674.00 5.856e-16
08675.50 5.901e-16
08677.00 5.897e-16
08678.50 5.909e-16
08680.00 5.926e-16
08681.50 5.944e-16
08683.00 5.993e-16
08684.50 6.033e-16
08686.00 6.051e-16
08687.50 6.069e-16
08689.00 6.079e-16
08690.50 6.068e-16
08692.00 6.089e-16
08693.50 6.119e-16
08695.00 6.191e-16
08696.50 6.285e-16
08698.00 6.351e-16
08699.50 6.389e-16
08701.00 6.425e-16
08702.50 6.463e-16
08704.00 6.492e-16
08705.50 6.542e-16
08707.00 6.597e-16
08708.50 6.620e-16
08710.00 6.601e-16
08711.50 6.561e-16
08713.00 6.526e-16
08714.50 6.484e-16
08716.00 6.418e-16
08717.50 6.380e-16
08719.00 6.405e-16
08720.50 6.439e-16
08722.00 6.465e-16
08723.50 6.486e-16
08725.00 6.468e-16
08726.50 6.402e-16
08728.00 6.306e-16
08729.50 6.228e-16
08731.00 6.226e-16
08732.50 6.244e-16
08734.00 6.210e-16
08735.50 6.166e-16
08737.00 6.118e-16
08738.50 6.052e-16
08740.00 5.963e-16
08741.50 5.901e-16
08743.00 5.860e-16
08744.50 5.829e-16
08746.00 5.745e-16
08747.50 5.689e-16
08749.00 5.669e-16
08750.50 5.652e-16
08752.00 5.630e-16
08753.50 5.613e-16
08755.00 5.586e-16
08756.50 5.449e-16
08758.00 5.385e-16
08759.50 5.372e-16
08761.00 5.363e-16
08762.50 5.379e-16
08764.00 5.441e-16
08765.50 5.427e-16
08767.00 5.413e-16
08768.50 5.402e-16
08770.00 5.332e-16
08771.50 5.264e-16
08773.00 5.152e-16
08774.50 4.964e-16
08776.00 4.814e-16
08777.50 4.709e-16
08779.00 4.630e-16
08780.50 4.581e-16
08782.00 4.554e-16
08783.50 4.529e-16
08785.00 4.502e-16
08786.50 4.476e-16
08788.00 4.458e-16
08789.50 4.421e-16
08791.00 4.338e-16
08792.50 4.254e-16
08794.00 4.191e-16
08795.50 4.140e-16
08797.00 4.123e-16
08798.50 4.102e-16
08800.00 4.052e-16
08801.50 4.014e-16
08803.00 3.983e-16
08804.50 3.927e-16
08806.00 3.903e-16
08807.50 3.910e-16
08809.00 3.862e-16
08810.50 3.791e-16
08812.00 3.759e-16
08813.50 3.718e-16
08815.00 3.648e-16
08816.50 3.628e-16
08818.00 3.620e-16
08819.50 3.559e-16
08821.00 3.483e-16
08822.50 3.413e-16
08824.00 3.335e-16
08825.50 3.268e-16
08827.00 3.245e-16
08828.50 3.260e-16
08830.00 3.274e-16
08831.50 3.239e-16
08833.00 3.178e-16
08834.50 3.133e-16
08836.00 3.094e-16
08837.50 3.056e-16
08839.00 3.060e-16
08840.50 3.093e-16
08842.00 3.094e-16
08843.50 3.068e-16
08845.00 3.046e-16
08846.50 3.029e-16
08848.00 3.009e-16
08849.50 2.974e-16
08851.00 2.924e-16
08852.50 2.895e-16
08854.00 2.848e-16
08855.50 2.756e-16
08857.00 2.710e-16
08858.50 2.712e-16
08860.00 2.693e-16
08861.50 2.672e-16
08863.00 2.709e-16
08864.50 2.722e-16
08866.00 2.685e-16
08867.50 2.639e-16
08869.00 2.575e-16
08870.50 2.517e-16
08872.00 2.463e-16
08873.50 2.423e-16
08875.00 2.386e-16
08876.50 2.359e-16
08878.00 2.306e-16
08879.50 2.266e-16
08881.00 2.239e-16
08882.50 2.244e-16
08884.00 2.255e-16
08885.50 2.260e-16
08887.00 2.271e-16
08888.50 2.270e-16
08890.00 2.215e-16
08891.50 2.193e-16
08893.00 2.162e-16
08894.50 2.089e-16
08896.00 2.041e-16
08897.50 2.026e-16
08899.00 1.951e-16
08900.50 1.922e-16
08902.00 1.895e-16
08903.50 1.870e-16
08905.00 1.854e-16
08906.50 1.876e-16
08908.00 1.869e-16
08909.50 1.880e-16
08911.00 1.894e-16
08912.50 1.887e-16
08914.00 1.846e-16
08915.50 1.827e-16
08917.00 1.854e-16
08918.50 1.841e-16
08920.00 1.817e-16
08921.50 1.846e-16
08923.00 1.851e-16
08924.50 1.809e-16
08926.00 1.783e-16
08927.50 1.784e-16
08929.00 1.753e-16
08930.50 1.730e-16
08932.00 1.703e-16
08933.50 1.657e-16
08935.00 1.617e-16
08936.50 1.640e-16
08938.00 1.643e-16
08939.50 1.607e-16
08941.00 1.575e-16
08942.50 1.553e-16
08944.00 1.524e-16
08945.50 1.479e-16
08947.00 1.470e-16
08948.50 1.511e-16
08950.00 1.560e-16
08951.50 1.527e-16
08953.00 1.516e-16
08954.50 1.496e-16
08956.00 1.460e-16
08957.50 1.437e-16
08959.00 1.461e-16
08960.50 1.456e-16
08962.00 1.485e-16
08963.50 1.515e-16
08965.00 1.460e-16
08966.50 1.413e-16
08968.00 1.432e-16
08969.50 1.413e-16
08971.00 1.371e-16
08972.50 1.364e-16
08974.00 1.348e-16
08975.50 1.331e-16
08977.00 1.338e-16
08978.50 1.319e-16
08980.00 1.306e-16
08981.50 1.320e-16
08983.00 1.303e-16
08984.50 1.284e-16
08986.00 1.351e-16
08987.50 1.426e-16
08989.00 1.411e-16
08990.50 1.406e-16
08992.00 1.426e-16
08993.50 1.394e-16
08995.00 1.353e-16
08996.50 1.397e-16
08998.00 1.459e-16
08999.50 1.450e-16
09001.00 1.448e-16
09002.50 1.449e-16
09004.00 1.436e-16
09005.50 1.433e-16
09007.00 1.529e-16
09008.50 1.647e-16
09010.00 1.733e-16
09011.50 1.827e-16
09013.00 1.863e-16
09014.50 1.765e-16
09016.00 1.600e-16
09017.50 1.505e-16
09019.00 1.433e-16
09020.50 1.376e-16
09022.00 1.376e-16
09023.50 1.392e-16
09025.00 1.385e-16
09026.50 1.318e-16
09028.00 1.247e-16
09029.50 1.231e-16
09031.00 1.250e-16
09032.50 1.255e-16
09034.00 1.277e-16
09035.50 1.318e-16
09037.00 1.336e-16
09038.50 1.324e-16
09040.00 1.292e-16
09041.50 1.259e-16
09043.00 1.230e-16
09044.50 1.216e-16
09046.00 1.235e-16
09047.50 1.275e-16
09049.00 1.299e-16
09050.50 1.283e-16
09052.00 1.244e-16
09053.50 1.209e-16
09055.00 1.182e-16
09056.50 1.175e-16
09058.00 1.232e-16
09059.50 1.300e-16
09061.00 1.299e-16
09062.50 1.290e-16
09064.00 1.311e-16
09065.50 1.289e-16
09067.00 1.241e-16
09068.50 1.254e-16
09070.00 1.269e-16
09071.50 1.213e-16
09073.00 1.170e-16
09074.50 1.178e-16
09076.00 1.197e-16
09077.50 1.216e-16
09079.00 1.233e-16
09080.50 1.239e-16
09082.00 1.252e-16
09083.50 1.239e-16
09085.00 1.219e-16
09086.50 1.221e-16
09088.00 1.240e-16
09089.50 1.235e-16
09091.00 1.215e-16
09092.50 1.173e-16
09094.00 1.196e-16
09095.50 1.238e-16
09097.00 1.241e-16
09098.50 1.250e-16
09100.00 1.258e-16
09101.50 1.246e-16
09103.00 1.216e-16
09104.50 1.189e-16
09106.00 1.170e-16
09107.50 1.187e-16
09109.00 1.168e-16
09110.50 1.112e-16
09112.00 1.101e-16
09113.50 1.122e-16
09115.00 1.125e-16
09116.50 1.137e-16
09118.00 1.175e-16
09119.50 1.196e-16
09121.00 1.187e-16
09122.50 1.200e-16
09124.00 1.205e-16
09125.50 1.197e-16
09127.00 1.195e-16
09128.50 1.159e-16
09130.00 1.141e-16
09131.50 1.162e-16
09133.00 1.185e-16
09134.50 1.128e-16
09136.00 1.129e-16
09137.50 1.106e-16
09139.00 1.050e-16
09140.50 1.015e-16
09142.00 1.032e-16
09143.50 1.028e-16
09145.00 1.043e-16
09146.50 1.055e-16
09148.00 1.064e-16
09149.50 1.094e-16
09151.00 1.137e-16
09152.50 1.155e-16
09154.00 1.129e-16
09155.50 1.104e-16
09157.00 1.060e-16
09158.50 1.019e-16
09160.00 9.839e-17
09161.50 1.009e-16
09163.00 1.010e-16
09164.50 1.026e-16
09166.00 1.021e-16
09167.50 9.960e-17
09169.00 9.865e-17
09170.50 1.023e-16
09172.00 1.037e-16
09173.50 1.028e-16
09175.00 1.042e-16
09176.50 1.048e-16
09178.00 1.024e-16
09179.50 1.010e-16
09181.00 1.009e-16
09182.50 9.982e-17
09184.00 9.806e-17
09185.50 9.548e-17
09187.00 9.443e-17
09188.50 9.629e-17
09190.00 9.819e-17
09191.50 9.922e-17
09193.00 1.010e-16
09194.50 1.014e-16
09196.00 9.937e-17
09197.50 9.890e-17
09199.00 1.002e-16
09200.50 1.005e-16
09202.00 1.026e-16
09203.50 1.071e-16
09205.00 1.126e-16
09206.50 1.145e-16
09208.00 1.151e-16
09209.50 1.158e-16
09211.00 1.160e-16
09212.50 1.164e-16
09214.00 1.200e-16
09215.50 1.226e-16
09217.00 1.237e-16
09218.50 1.258e-16
09220.00 1.269e-16
09221.50 1.301e-16
09223.00 1.416e-16
09224.50 1.526e-16
09226.00 1.596e-16
09227.50 1.632e-16
09229.00 1.594e-16
09230.50 1.479e-16
09232.00 1.380e-16
09233.50 1.316e-16
09235.00 1.278e-16
09236.50 1.266e-16
09238.00 1.257e-16
09239.50 1.251e-16
09241.00 1.243e-16
09242.50 1.220e-16
09244.00 1.211e-16
09245.50 1.217e-16
09247.00 1.209e-16
09248.50 1.188e-16
09250.00 1.179e-16
09251.50 1.180e-16
09253.00 1.184e-16
09254.50 1.204e-16
09256.00 1.258e-16
09257.50 1.307e-16
09259.00 1.334e-16
09260.50 1.362e-16
09262.00 1.364e-16
09263.50 1.355e-16
09265.00 1.344e-16
09266.50 1.318e-16
09268.00 1.303e-16
09269.50 1.328e-16
09271.00 1.329e-16
09272.50 1.314e-16
09274.00 1.342e-16
09275.50 1.388e-16
09277.00 1.381e-16
09278.50 1.367e-16
09280.00 1.408e-16
09281.50 1.454e-16
09283.00 1.402e-16
09284.50 1.362e-16
09286.00 1.388e-16
09287.50 1.398e-16
09289.00 1.373e-16
09290.50 1.438e-16
09292.00 1.520e-16
09293.50 1.558e-16
09295.00 1.587e-16
09296.50 1.623e-16
09298.00 1.637e-16
09299.50 1.635e-16
09301.00 1.634e-16
09302.50 1.660e-16
09304.00 1.710e-16
09305.50 1.665e-16
09307.00 1.453e-16
09308.50 1.338e-16
09310.00 1.368e-16
09311.50 1.306e-16
09313.00 1.385e-16
09314.50 1.632e-16
09316.00 1.676e-16
09317.50 1.599e-16
09319.00 1.609e-16
09320.50 1.723e-16
09322.00 1.774e-16
09323.50 1.739e-16
09325.00 1.716e-16
09326.50 1.718e-16
09328.00 1.533e-16
09329.50 1.445e-16
09331.00 1.619e-16
09332.50 1.665e-16
09334.00 1.599e-16
09335.50 1.521e-16
09337.00 1.384e-16
09338.50 1.310e-16
09340.00 1.455e-16
09341.50 1.883e-16
09343.00 2.046e-16
09344.50 2.115e-16
09346.00 2.043e-16
09347.50 1.818e-16
09349.00 1.461e-16
09350.50 1.371e-16
09352.00 1.396e-16
09353.50 1.385e-16
09355.00 1.430e-16
09356.50 1.408e-16
09358.00 1.377e-16
09359.50 1.392e-16
09361.00 1.494e-16
09362.50 1.458e-16
09364.00 1.341e-16
09365.50 1.369e-16
09367.00 1.365e-16
09368.50 9.664e-17
09370.00 7.091e-17
09371.50 8.039e-17
09373.00 7.591e-17
09374.50 9.106e-17
09376.00 1.552e-16
09377.50 1.994e-16
09379.00 2.076e-16
09380.50 2.074e-16
09382.00 1.902e-16
09383.50 1.646e-16
09385.00 1.465e-16
09386.50 1.353e-16
09388.00 1.405e-16
09389.50 1.404e-16
09391.00 1.365e-16
09392.50 1.350e-16
09394.00 1.355e-16
09395.50 1.352e-16
09397.00 1.380e-16
09398.50 1.305e-16
09400.00 1.272e-16
09401.50 1.224e-16
09403.00 1.201e-16
09404.50 1.178e-16
09406.00 1.273e-16
09407.50 1.348e-16
09409.00 1.373e-16
09410.50 1.353e-16
09412.00 1.319e-16
09413.50 1.260e-16
09415.00 1.242e-16
09416.50 1.287e-16
09418.00 1.325e-16
09419.50 1.350e-16
09421.00 1.323e-16
09422.50 1.337e-16
09424.00 1.476e-16
09425.50 1.543e-16
09427.00 1.551e-16
09428.50 1.592e-16
09430.00 1.527e-16
09431.50 1.338e-16
09433.00 1.261e-16
09434.50 1.411e-16
09436.00 1.662e-16
09437.50 1.769e-16
09439.00 1.769e-16
09440.50 1.770e-16
09442.00 1.623e-16
09443.50 1.403e-16
09445.00 1.357e-16
09446.50 1.422e-16
09448.00 1.403e-16
09449.50 1.398e-16
09451.00 1.436e-16
09452.50 1.399e-16
09454.00 1.241e-16
09455.50 1.250e-16
09457.00 1.176e-16
09458.50 9.968e-17
09460.00 9.808e-17
09461.50 1.049e-16
09463.00 1.009e-16
09464.50 1.121e-16
09466.00 1.223e-16
09467.50 1.203e-16
09469.00 1.212e-16
09470.50 1.224e-16
09472.00 1.158e-16
09473.50 1.116e-16
09475.00 1.135e-16
09476.50 1.235e-16
09478.00 1.280e-16
09479.50 1.268e-16
09481.00 1.278e-16
09482.50 1.283e-16
09484.00 1.207e-16
09485.50 1.143e-16
09487.00 1.135e-16
09488.50 1.151e-16
09490.00 1.176e-16
09491.50 1.165e-16
09493.00 1.185e-16
09494.50 1.245e-16
09496.00 1.258e-16
09497.50 1.164e-16
09499.00 1.140e-16
09500.50 1.160e-16
09502.00 1.111e-16
09503.50 1.080e-16
09505.00 1.124e-16
09506.50 1.148e-16
09508.00 1.146e-16
09509.50 1.171e-16
09511.00 1.216e-16
09512.50 1.262e-16
09514.00 1.230e-16
09515.50 1.097e-16
09517.00 1.045e-16
09518.50 1.045e-16
09520.00 9.801e-17
09521.50 9.859e-17
09523.00 1.120e-16
09524.50 1.209e-16
09526.00 1.174e-16
09527.50 1.151e-16
09529.00 1.163e-16
09530.50 1.114e-16
09532.00 1.050e-16
09533.50 1.078e-16
09535.00 1.167e-16
09536.50 1.204e-16
09538.00 1.237e-16
09539.50 1.367e-16
09541.00 1.467e-16
09542.50 1.469e-16
09544.00 1.388e-16
09545.50 1.350e-16
09547.00 1.281e-16
09548.50 1.161e-16
09550.00 1.128e-16
09551.50 1.159e-16
09553.00 1.142e-16
09554.50 1.058e-16
09556.00 1.001e-16
09557.50 9.602e-17
09559.00 9.965e-17
09560.50 1.104e-16
09562.00 1.176e-16
09563.50 1.264e-16
09565.00 1.269e-16
09566.50 1.168e-16
09568.00 1.043e-16
09569.50 9.310e-17
09571.00 8.343e-17
09572.50 8.004e-17
09574.00 8.114e-17
09575.50 7.843e-17
09577.00 7.805e-17
09578.50 8.056e-17
09580.00 7.852e-17
09581.50 7.984e-17
09583.00 8.319e-17
09584.50 8.434e-17
09586.00 8.116e-17
09587.50 8.713e-17
09589.00 9.055e-17
09590.50 8.659e-17
09592.00 8.532e-17
09593.50 8.244e-17
09595.00 7.598e-17
09596.50 7.381e-17
09598.00 7.497e-17
09599.50 7.575e-17
09601.00 7.896e-17
09602.50 7.982e-17
09604.00 8.054e-17
09605.50 7.895e-17
09607.00 7.392e-17
09608.50 7.122e-17
09610.00 7.448e-17
09611.50 7.349e-17
09613.00 7.518e-17
09614.50 8.469e-17
09616.00 9.173e-17
09617.50 9.148e-17
09619.00 9.448e-17
09620.50 9.444e-17
09622.00 8.578e-17
09623.50 7.834e-17
09625.00 7.598e-17
09626.50 6.981e-17
09628.00 6.814e-17
09629.50 6.968e-17
09631.00 7.199e-17
09632.50 7.649e-17
09634.00 8.181e-17
09635.50 8.862e-17
09637.00 9.540e-17
09638.50 9.661e-17
09640.00 9.560e-17
09641.50 9.394e-17
09643.00 8.925e-17
09644.50 8.501e-17
09646.00 8.423e-17
09647.50 8.084e-17
09649.00 8.093e-17
09650.50 8.057e-17
09652.00 7.813e-17
09653.50 7.991e-17
09655.00 7.951e-17
09656.50 7.696e-17
09658.00 8.132e-17
09659.50 8.094e-17
09661.00 7.827e-17
09662.50 7.551e-17
09664.00 7.529e-17
09665.50 7.294e-17
09667.00 7.544e-17
09668.50 7.453e-17
09670.00 8.011e-17
09671.50 8.066e-17
09673.00 7.810e-17
09674.50 7.775e-17
09676.00 7.605e-17
09677.50 7.977e-17
09679.00 7.946e-17
09680.50 7.920e-17
09682.00 7.747e-17
09683.50 8.393e-17
09685.00 8.022e-17
09686.50 7.920e-17
09688.00 7.988e-17
09689.50 8.231e-17
09691.00 7.851e-17
09692.50 7.437e-17
09694.00 7.397e-17
09695.50 7.620e-17
09697.00 8.276e-17
09698.50 9.039e-17
09700.00 9.418e-17
09701.50 9.705e-17
09703.00 9.772e-17
09704.50 8.991e-17
09706.00 7.948e-17
09707.50 7.772e-17
09709.00 8.230e-17
09710.50 8.313e-17
09712.00 8.305e-17
09713.50 8.543e-17
09715.00 8.567e-17
09716.50 7.916e-17
09718.00 7.395e-17
09719.50 7.141e-17
09721.00 6.917e-17
09722.50 6.823e-17
09724.00 6.969e-17
09725.50 7.213e-17
09727.00 7.509e-17
09728.50 7.806e-17
09730.00 7.693e-17
09731.50 7.205e-17
09733.00 6.915e-17
09734.50 6.404e-17
09736.00 5.948e-17
09737.50 6.147e-17
09739.00 6.722e-17
09740.50 7.289e-17
09742.00 7.844e-17
09743.50 8.088e-17
09745.00 7.936e-17
09746.50 7.776e-17
09748.00 7.453e-17
09749.50 7.544e-17
09751.00 8.195e-17
09752.50 8.486e-17
09754.00 8.486e-17
09755.50 8.452e-17
09757.00 8.255e-17
09758.50 8.075e-17
09760.00 8.162e-17
09761.50 8.114e-17
09763.00 7.998e-17
09764.50 7.816e-17
09766.00 7.271e-17
09767.50 6.964e-17
09769.00 7.365e-17
09770.50 7.984e-17
09772.00 8.523e-17
09773.50 8.815e-17
09775.00 8.607e-17
09776.50 8.205e-17
09778.00 7.669e-17
09779.50 7.079e-17
09781.00 7.049e-17
09782.50 7.318e-17
09784.00 6.729e-17
09785.50 6.418e-17
09787.00 6.577e-17
09788.50 6.387e-17
09790.00 6.318e-17
09791.50 7.638e-17
09793.00 8.056e-17
09794.50 7.863e-17
09796.00 8.134e-17
09797.50 7.899e-17
09799.00 7.578e-17
09800.50 7.505e-17
09802.00 7.714e-17
09803.50 7.885e-17
09805.00 8.636e-17
09806.50 8.166e-17
09808.00 8.361e-17
09809.50 8.813e-17
09811.00 8.469e-17
09812.50 7.655e-17
09814.00 7.661e-17
09815.50 7.442e-17
09817.00 7.343e-17
09818.50 7.528e-17
09820.00 7.828e-17
09821.50 8.290e-17
09823.00 8.746e-17
09824.50 8.652e-17
09826.00 8.780e-17
09827.50 9.123e-17
09829.00 8.948e-17
09830.50 8.878e-17
09832.00 9.124e-17
09833.50 9.039e-17
09835.00 8.906e-17
09836.50 8.751e-17
09838.00 8.149e-17
09839.50 7.809e-17
09841.00 8.104e-17
09842.50 7.966e-17
09844.00 8.145e-17
09845.50 8.688e-17
09847.00 8.487e-17
09848.50 8.330e-17
09850.00 8.540e-17
09851.50 8.291e-17
09853.00 8.087e-17
09854.50 8.047e-17
09856.00 7.577e-17
09857.50 7.369e-17
09859.00 7.502e-17
09860.50 7.474e-17
09862.00 7.573e-17
09863.50 7.732e-17
09865.00 6.956e-17
09866.50 6.685e-17
09868.00 6.355e-17
09869.50 5.508e-17
09871.00 5.488e-17
09872.50 6.771e-17
09874.00 7.269e-17
09875.50 7.530e-17
09877.00 8.300e-17
09878.50 8.133e-17
09880.00 7.649e-17
09881.50 7.135e-17
09883.00 6.907e-17
09884.50 7.136e-17
09886.00 7.326e-17
09887.50 6.853e-17
09889.00 7.017e-17
09890.50 7.454e-17
09892.00 7.340e-17
09893.50 7.012e-17
09895.00 7.007e-17
09896.50 6.977e-17
09898.00 6.674e-17
09899.50 6.532e-17
09901.00 6.840e-17
09902.50 7.320e-17
09904.00 7.208e-17
09905.50 7.314e-17
09907.00 7.313e-17
09908.50 7.164e-17
09910.00 7.317e-17
09911.50 7.423e-17
09913.00 7.321e-17
09914.50 7.490e-17
09916.00 7.727e-17
09917.50 7.085e-17
09919.00 6.977e-17
09920.50 6.862e-17
09922.00 6.799e-17
09923.50 6.958e-17
09925.00 7.277e-17
09926.50 7.401e-17
09928.00 7.225e-17
09929.50 6.944e-17
09931.00 6.596e-17
09932.50 6.784e-17
09934.00 6.613e-17
09935.50 6.875e-17
09937.00 7.196e-17
09938.50 7.599e-17
09940.00 7.557e-17
09941.50 7.480e-17
09943.00 7.563e-17
09944.50 7.719e-17
09946.00 7.629e-17
09947.50 7.211e-17
09949.00 7.069e-17
09950.50 7.258e-17
09952.00 7.086e-17
09953.50 6.821e-17
09955.00 7.394e-17
09956.50 8.022e-17
09958.00 7.828e-17
09959.50 7.810e-17
09961.00 8.318e-17
09962.50 8.605e-17
09964.00 8.592e-17
09965.50 8.608e-17
09967.00 8.502e-17
09968.50 8.118e-17
09970.00 7.781e-17
09971.50 7.739e-17
09973.00 7.503e-17
09974.50 6.926e-17
09976.00 6.631e-17
09977.50 6.331e-17
09979.00 5.610e-17
09980.50 5.484e-17
09982.00 6.025e-17
09983.50 5.968e-17
09985.00 5.857e-17
09986.50 6.479e-17
09988.00 6.660e-17
09989.50 6.891e-17
09991.00 7.413e-17
09992.50 7.356e-17
09994.00 7.025e-17
09995.50 7.045e-17
09997.00 6.913e-17
09998.50 6.862e-17
10000.00 6.887e-17
10002.00 6.818e-17
10003.00 6.726e-17
10004.00 6.538e-17
10006.00 5.472e-17
10008.00 4.269e-17
10009.00 4.225e-17
10010.00 5.469e-17
10012.00 6.924e-17
10014.00 8.086e-17
10015.00 9.078e-17
10016.00 9.358e-17
10018.00 8.591e-17
10020.00 7.636e-17
10021.00 7.296e-17
10022.00 7.043e-17
10024.00 6.714e-17
10026.00 6.644e-17
10027.00 6.513e-17
10028.00 6.945e-17
10030.00 8.117e-17
10032.00 8.491e-17
10033.00 8.130e-17
10034.00 8.118e-17
10036.00 7.556e-17
10038.00 6.711e-17
10039.00 6.778e-17
10040.00 7.436e-17
10042.00 7.631e-17
10044.00 7.896e-17
10045.00 8.734e-17
10046.00 9.086e-17
10048.00 8.725e-17
10050.00 8.076e-17
10051.00 7.647e-17
10052.00 6.804e-17
10054.00 5.929e-17
10056.00 5.156e-17
10057.00 5.392e-17
10058.00 5.829e-17
10060.00 5.973e-17
10062.00 6.252e-17
10063.00 6.525e-17
10064.00 5.969e-17
10066.00 5.087e-17
10068.00 5.253e-17
10069.00 5.228e-17
10070.00 5.217e-17
10072.00 5.438e-17
10074.00 6.155e-17
10075.00 6.662e-17
10076.00 8.084e-17
10078.00 9.684e-17
10080.00 9.418e-17
10081.00 8.800e-17
10082.00 8.093e-17
10084.00 6.220e-17
10086.00 4.682e-17
10087.00 5.375e-17
10088.00 5.878e-17
10090.00 5.791e-17
10092.00 6.260e-17
10093.00 6.427e-17
10094.00 6.120e-17
10096.00 6.341e-17
10098.00 6.593e-17
10099.00 5.854e-17
10100.00 5.753e-17
10102.00 6.051e-17
10104.00 5.406e-17
10105.00 5.958e-17
10106.00 7.045e-17
10108.00 7.135e-17
10110.00 7.435e-17
10111.00 7.861e-17
10112.00 7.092e-17
10114.00 6.745e-17
10116.00 6.716e-17
10117.00 7.214e-17
10118.00 8.650e-17
10120.00 7.962e-17
10122.00 6.275e-17
10123.00 5.707e-17
10124.00 4.815e-17
10126.00 3.070e-17
10128.00 3.809e-17
10129.00 5.260e-17
10130.00 5.896e-17
10132.00 6.055e-17
10134.00 6.879e-17
10135.00 6.786e-17
10136.00 7.113e-17
10138.00 6.610e-17
10140.00 6.005e-17
10141.00 5.345e-17
10142.00 5.437e-17
10144.00 5.607e-17
10146.00 6.259e-17
10147.00 6.440e-17
10148.00 6.454e-17
10150.00 6.279e-17
10152.00 5.723e-17
10153.00 6.037e-17
10154.00 6.917e-17
10156.00 7.159e-17
10158.00 7.373e-17
10159.00 7.757e-17
10160.00 7.134e-17
10162.00 5.762e-17
10164.00 5.054e-17
10165.00 5.111e-17
10166.00 5.761e-17
10168.00 5.076e-17
10170.00 4.115e-17
10171.00 4.120e-17
10172.00 4.296e-17
10174.00 3.432e-17
10176.00 4.330e-17
10177.00 6.448e-17
10178.00 6.664e-17
10180.00 6.923e-17
10182.00 7.903e-17
10183.00 8.614e-17
10184.00 8.754e-17
10186.00 9.244e-17
10188.00 8.707e-17
10189.00 9.280e-17
10190.00 1.031e-16
10192.00 1.034e-16
10194.00 9.988e-17
10195.00 1.003e-16
10196.00 8.540e-17
10198.00 7.419e-17
10200.00 6.466e-17
10201.00 6.790e-17
10202.00 7.295e-17
10204.00 8.264e-17
10206.00 7.179e-17
10207.00 7.461e-17
10208.00 9.013e-17
10210.00 9.516e-17
10212.00 9.061e-17
10213.00 9.835e-17
10214.00 1.017e-16
10216.00 9.435e-17
10218.00 8.521e-17
10219.00 7.743e-17
10220.00 7.697e-17
10222.00 6.284e-17
10224.00 3.889e-17
10225.00 4.365e-17
10226.00 4.981e-17
10228.00 3.472e-17
10230.00 4.462e-17
10231.00 6.584e-17
10232.00 6.309e-17
10234.00 5.628e-17
10236.00 4.901e-17
10237.00 2.568e-17
10238.00 3.382e-18
10240.00 -1.910e-17
10242.00 -3.141e-17
10243.00 -1.125e-17
10244.00 1.922e-17
10246.00 2.188e-17
10248.00 3.464e-17
10249.00 5.055e-17
10250.00 3.796e-17
10252.00 2.500e-17
10254.00 3.418e-17
10255.00 4.861e-17
10256.00 5.187e-17
10258.00 5.115e-17
10260.00 5.489e-17
10261.00 5.691e-17
10262.00 4.129e-17
10264.00 2.966e-17
10266.00 3.733e-17
10267.00 3.119e-17
10268.00 4.922e-17
10270.00 6.089e-17
10272.00 6.080e-17
10273.00 6.527e-17
10274.00 7.118e-17
10276.00 5.462e-17
10278.00 5.221e-17
10279.00 4.958e-17
10280.00 3.835e-17
10282.00 2.372e-17
10284.00 1.988e-17
10285.00 3.794e-17
10286.00 4.220e-17
10288.00 2.587e-17
10290.00 2.052e-17
10291.00 8.468e-18
10292.00 2.420e-18
10294.00 4.277e-17
10296.00 8.697e-17
10297.00 1.036e-16
10298.00 1.093e-16
10300.00 8.489e-17
10302.00 3.336e-17
10303.00 -3.345e-18
10304.00 1.588e-19
10306.00 8.189e-18
10308.00 1.622e-17
10309.00 2.949e-17
10310.00 2.099e-17
10312.00 1.124e-17
10314.00 1.508e-17
10315.00 9.012e-18
10316.00 1.619e-17
10318.00 4.664e-17
10320.00 5.108e-17
10321.00 4.745e-17
10322.00 3.980e-17
10324.00 1.611e-17
10326.00 8.990e-18
10327.00 1.147e-17
10328.00 3.099e-19
10330.00 7.807e-18
10332.00 1.385e-17
10333.00 4.411e-18
10334.00 1.983e-17
10336.00 3.317e-17
10338.00 3.101e-17
10339.00 5.023e-17
10340.00 6.459e-17
10342.00 4.914e-17
10344.00 6.677e-17
10345.00 9.641e-17
10346.00 8.320e-17
10348.00 7.915e-17
10350.00 9.100e-17
10351.00 6.271e-17
10352.00 3.314e-17
10354.00 3.697e-17
10356.00 3.477e-17
10357.00 2.604e-17
10358.00 2.176e-17
10360.00 2.054e-17
10362.00 2.818e-17
10363.00 3.058e-17
10364.00 3.231e-17
10366.00 5.614e-17
10368.00 7.538e-17
10369.00 8.251e-17
10370.00 1.004e-16
10372.00 9.055e-17
10374.00 4.626e-17
10375.00 2.037e-17
10376.00 1.414e-18
10378.00 -2.261e-17
10380.00 -5.546e-18
10381.00 3.386e-17
10382.00 5.573e-17
10384.00 6.083e-17
10386.00 5.106e-17
10387.00 4.344e-17
10388.00 4.475e-17
10390.00 3.127e-17
10392.00 3.380e-17
10393.00 4.690e-17
10394.00 3.009e-17
10396.00 1.248e-17
10398.00 7.990e-18
10399.00 -1.674e-18
10400.00 1.604e-17
10402.00 4.038e-17
10404.00 5.202e-17
10405.00 6.973e-17
10406.00 6.656e-17
10408.00 3.201e-17
10410.00 1.721e-17
10411.00 1.713e-17
10412.00 1.771e-17
10414.00 2.859e-17
10416.00 2.590e-17
10417.00 2.546e-17
10418.00 4.373e-17
10420.00 3.273e-17
10422.00 1.566e-17
10423.00 3.589e-17
10424.00 4.209e-17
10426.00 2.134e-17
10428.00 1.965e-17
10429.00 3.009e-17
10430.00 3.602e-17
10432.00 4.746e-17
10434.00 4.678e-17
10435.00 3.125e-17
10436.00 3.268e-17
10438.00 2.913e-17
10440.00 5.729e-18
10441.00 1.255e-17
10442.00 2.927e-17
10444.00 1.292e-17
10446.00 1.239e-17
10447.00 2.604e-17
10448.00 2.152e-17
10450.00 2.904e-17
10452.00 3.016e-17
10453.00 1.660e-17
10454.00 1.658e-17
10456.00 1.413e-17
10458.00 8.501e-18
10459.00 2.660e-17
10460.00 3.077e-17
10462.00 1.537e-17
10464.00 1.109e-17
10465.00 1.051e-17
10466.00 -4.256e-18
10468.00 -9.900e-18
10470.00 4.275e-18
10471.00 2.459e-17
10472.00 2.957e-17
10474.00 3.884e-17
10476.00 5.386e-17
10477.00 4.103e-17
10478.00 6.249e-18
10480.00 8.221e-19
10482.00 1.498e-17
10483.00 1.321e-17
10484.00 2.388e-17
10486.00 5.856e-17
10488.00 7.023e-17
10489.00 6.900e-17
10490.00 8.197e-17
10492.00 7.356e-17
10494.00 5.296e-17
10495.00 3.746e-17
10496.00 1.725e-17
10498.00 1.744e-17
10500.00 2.378e-17
10501.00 9.958e-17
