03179.04 9.025e-17
03180.73 1.089e-16
03182.43 1.275e-16
03184.13 1.462e-16
03185.82 1.648e-16
03187.52 1.835e-16
03189.22 2.021e-16
03190.92 2.207e-16
03192.61 2.394e-16
03194.31 2.580e-16
03196.01 2.766e-16
03197.70 2.953e-16
03199.40 3.139e-16
03201.10 3.326e-16
03202.79 3.512e-16
03204.49 3.698e-16
03206.19 3.885e-16
03207.88 4.071e-16
03209.58 4.258e-16
03211.28 4.444e-16
03212.97 4.630e-16
03214.67 4.817e-16
03216.37 5.003e-16
03218.06 5.190e-16
03219.76 5.376e-16
03221.46 5.562e-16
03223.15 5.749e-16
03224.85 5.935e-16
03226.55 8.023e-16
03228.24 6.088e-16
03229.94 9.344e-16
03231.64 1.036e-15
03233.34 7.491e-16
03235.03 1.017e-15
03236.73 1.857e-15
03238.43 1.442e-15
03240.12 7.903e-16
03241.82 3.742e-16
03243.52 1.067e-17
03245.21 2.907e-17
03246.91 3.438e-16
03248.61 1.134e-16
03250.30 3.051e-16
03252.00 6.142e-16
03253.70 3.438e-16
03255.39 7.416e-17
03257.09 4.051e-16
03258.79 2.869e-16
03260.48 1.870e-17
03262.18 -1.439e-16
03263.88 1.154e-16
03265.57 2.281e-16
03267.27 4.258e-16
03268.97 4.826e-16
03270.67 6.014e-16
03272.36 1.112e-15
03274.06 1.605e-15
03275.76 1.182e-15
03277.45 9.064e-16
03279.15 6.723e-16
03280.85 1.588e-16
03282.54 6.903e-18
03284.24 4.828e-16
03285.94 4.550e-16
03287.63 7.401e-16
03289.33 4.279e-16
03291.03 -3.424e-16
03292.72 -3.771e-16
03294.42 -4.751e-17
03296.12 -2.468e-16
03297.81 -1.835e-16
03299.51 1.454e-16
03301.21 1.468e-16
03302.90 -7.913e-18
03304.60 2.099e-16
03306.30 6.603e-16
03307.99 6.724e-16
03309.69 4.036e-16
03311.39 1.267e-16
03313.09 -4.491e-16
03314.78 -6.221e-16
03316.48 -6.887e-16
03318.18 -7.907e-16
03319.87 -1.129e-15
03321.57 -1.340e-15
03323.27 -1.684e-15
03324.96 -1.846e-15
03326.66 -1.732e-15
03328.36 -1.138e-15
03330.05 -5.342e-16
03331.75 -2.580e-16
03333.45 1.833e-17
03335.14 1.748e-16
03336.84 4.550e-17
03338.54 -2.339e-16
03340.23 -4.329e-16
03341.93 -4.383e-16
03343.63 -1.441e-16
03345.32 2.063e-16
03347.02 3.849e-16
03348.72 5.042e-16
03350.42 5.016e-16
03352.11 3.577e-16
03353.81 3.099e-16
03355.51 2.802e-16
03357.20 5.635e-17
03358.90 -1.474e-16
03360.60 -2.289e-16
03362.29 -3.493e-16
03363.99 -2.100e-16
03365.69 6.315e-18
03367.38 2.084e-16
03369.08 3.284e-16
03370.78 5.193e-16
03372.47 4.892e-16
03374.17 3.161e-16
03375.87 1.423e-16
03377.56 1.139e-16
03379.26 1.683e-17
03380.96 -9.235e-17
03382.65 1.506e-16
03384.35 3.204e-16
03386.05 3.619e-16
03387.75 5.884e-16
03389.44 6.993e-16
03391.14 6.757e-16
03392.84 6.661e-16
03394.53 4.361e-16
03396.23 1.822e-16
03397.93 2.614e-16
03399.62 3.302e-16
03401.32 3.235e-16
03403.02 2.666e-16
03404.71 1.339e-16
03406.41 1.038e-16
03408.11 2.403e-16
03409.80 3.119e-16
03411.50 4.763e-16
03413.20 6.887e-16
03414.89 7.577e-16
03416.59 8.725e-16
03418.29 1.081e-15
03419.98 1.185e-15
03421.68 1.348e-15
03423.38 1.510e-15
03425.07 1.171e-15
03426.77 7.959e-16
03428.47 7.233e-16
03430.17 5.862e-16
03431.86 3.597e-16
03433.56 3.967e-16
03435.26 7.458e-16
03436.95 9.334e-16
03438.65 9.774e-16
03440.35 1.051e-15
03442.04 1.146e-15
03443.74 1.042e-15
03445.44 8.907e-16
03447.13 7.159e-16
03448.83 7.162e-16
03450.53 7.756e-16
03452.22 5.340e-16
03453.92 4.309e-16
03455.62 5.416e-16
03457.31 3.793e-16
03459.01 3.619e-16
03460.71 6.275e-16
03462.40 5.216e-16
03464.10 3.304e-16
03465.80 3.125e-16
03467.50 3.024e-16
03469.19 2.588e-16
03470.89 4.396e-16
03472.59 7.935e-16
03474.28 1.101e-15
03475.98 1.133e-15
03477.68 1.145e-15
03479.37 1.209e-15
03481.07 1.056e-15
03482.77 9.054e-16
03484.46 8.750e-16
03486.16 8.542e-16
03487.86 7.858e-16
03489.55 5.362e-16
03491.25 -7.044e-17
03492.95 -4.554e-16
03494.64 -4.144e-16
03496.34 -4.066e-16
03498.04 -2.139e-16
03499.73 2.973e-16
03501.43 6.357e-16
03503.13 6.236e-16
03504.82 7.947e-16
03506.52 1.014e-15
03508.22 1.076e-15
03509.92 1.198e-15
03511.61 1.352e-15
03513.31 1.317e-15
03515.01 1.155e-15
03516.70 1.066e-15
03518.40 9.067e-16
03520.10 7.101e-16
03521.79 5.786e-16
03523.49 5.475e-16
03525.19 6.470e-16
03526.88 7.120e-16
03528.58 7.921e-16
03530.28 9.100e-16
03531.97 9.608e-16
03533.67 9.086e-16
03535.37 9.316e-16
03537.06 1.024e-15
03538.76 9.265e-16
03540.46 8.552e-16
03542.15 9.091e-16
03543.85 9.191e-16
03545.55 9.183e-16
03547.25 1.080e-15
03548.94 1.191e-15
03550.64 1.229e-15
03552.34 1.201e-15
03554.03 1.033e-15
03555.73 8.081e-16
03557.43 6.971e-16
03559.12 6.777e-16
03560.82 6.114e-16
03562.52 6.447e-16
03564.21 7.266e-16
03565.91 6.830e-16
03567.61 6.883e-16
03569.30 8.253e-16
03571.00 8.919e-16
03572.70 9.475e-16
03574.39 1.062e-15
03576.09 1.021e-15
03577.79 8.799e-16
03579.48 8.193e-16
03581.18 8.417e-16
03582.88 8.801e-16
03584.58 1.006e-15
03586.27 1.120e-15
03587.97 1.216e-15
03589.67 1.251e-15
03591.36 1.174e-15
03593.06 1.044e-15
03594.76 9.672e-16
03596.45 9.120e-16
03598.15 8.767e-16
03599.85 9.102e-16
03601.54 1.014e-15
03603.24 1.127e-15
03604.94 1.182e-15
03606.63 1.089e-15
03608.33 1.042e-15
03610.03 1.076e-15
03611.72 1.036e-15
03613.42 8.082e-16
03615.12 7.789e-16
03616.81 8.561e-16
03618.51 8.188e-16
03620.21 7.768e-16
03621.90 9.207e-16
03623.60 1.053e-15
03625.30 9.636e-16
03627.00 8.326e-16
03628.69 8.118e-16
03630.39 7.933e-16
03632.09 7.212e-16
03633.78 7.188e-16
03635.48 7.387e-16
03637.18 7.473e-16
03638.87 7.205e-16
03640.57 6.207e-16
03642.27 5.420e-16
03643.96 5.192e-16
03645.66 5.121e-16
03647.36 4.757e-16
03649.05 4.382e-16
03650.75 4.639e-16
03652.45 5.316e-16
03654.14 5.527e-16
03655.84 5.563e-16
03657.54 5.965e-16
03659.23 6.600e-16
03660.93 6.930e-16
03662.63 7.071e-16
03664.33 7.093e-16
03666.02 7.385e-16
03667.72 7.260e-16
03669.42 6.256e-16
03671.11 5.452e-16
03672.81 6.034e-16
03674.51 6.362e-16
03676.20 6.263e-16
03677.90 6.530e-16
03679.60 6.391e-16
03681.29 5.485e-16
03682.99 4.901e-16
03684.69 4.674e-16
03686.38 4.271e-16
03688.08 4.913e-16
03689.78 5.351e-16
03691.47 6.394e-16
03693.17 7.338e-16
03694.87 8.165e-16
03696.56 8.338e-16
03698.26 8.654e-16
03699.96 8.674e-16
03701.65 8.275e-16
03703.35 7.942e-16
03705.05 7.817e-16
03706.75 8.237e-16
03708.44 8.636e-16
03710.14 9.044e-16
03711.84 8.689e-16
03713.53 7.869e-16
03715.23 6.901e-16
03716.93 6.216e-16
03718.62 5.873e-16
03720.32 5.819e-16
03722.02 6.036e-16
03723.71 5.961e-16
03725.41 5.006e-16
03727.11 4.585e-16
03728.80 5.013e-16
03730.50 4.668e-16
03732.20 4.147e-16
03733.89 4.298e-16
03735.59 4.527e-16
03737.29 5.052e-16
03738.98 6.208e-16
03740.68 6.571e-16
03742.38 6.088e-16
03744.08 5.314e-16
03745.77 3.923e-16
03747.47 2.581e-16
03749.17 2.270e-16
03750.86 2.491e-16
03752.56 2.333e-16
03754.26 2.008e-16
03755.95 2.509e-16
03757.65 2.656e-16
03759.35 2.472e-16
03761.04 2.981e-16
03762.74 4.007e-16
03764.44 3.963e-16
03766.13 4.152e-16
03767.83 4.458e-16
03769.53 4.045e-16
03771.22 2.961e-16
03772.92 2.013e-16
03774.62 1.551e-16
03776.31 1.717e-16
03778.01 2.749e-16
03779.71 3.345e-16
03781.41 3.456e-16
03783.10 3.203e-16
03784.80 2.968e-16
03786.50 2.787e-16
03788.19 3.171e-16
03789.89 3.899e-16
03791.59 4.700e-16
03793.28 4.611e-16
03794.98 3.118e-16
03796.68 2.170e-16
03798.37 8.957e-17
03800.07 -9.359e-18
03801.77 3.387e-17
03803.46 8.402e-17
03805.16 7.957e-17
03806.86 2.016e-16
03808.55 3.156e-16
03810.25 2.468e-16
03811.95 2.096e-16
03813.64 2.236e-16
03815.34 1.580e-16
03817.04 1.493e-16
03818.73 1.999e-16
03820.43 3.012e-16
03822.13 3.651e-16
03823.83 4.371e-16
03825.52 4.263e-16
03827.22 4.572e-16
03828.92 4.711e-16
03830.61 4.325e-16
03832.31 3.979e-16
03834.01 4.486e-16
03835.70 4.865e-16
03837.40 4.656e-16
03839.10 4.904e-16
03840.79 5.556e-16
03842.49 5.462e-16
03844.19 4.717e-16
03845.88 4.757e-16
03847.58 5.173e-16
03849.28 5.908e-16
03850.97 6.354e-16
03852.67 6.691e-16
03854.37 6.572e-16
03856.06 5.826e-16
03857.76 4.864e-16
03859.46 4.820e-16
03861.16 5.397e-16
03862.85 6.217e-16
03864.55 7.775e-16
03866.25 8.407e-16
03867.94 7.533e-16
03869.64 6.548e-16
03871.34 6.139e-16
03873.03 6.099e-16
03874.73 6.382e-16
03876.43 7.224e-16
03878.12 8.739e-16
03879.82 9.867e-16
03881.52 1.013e-15
03883.21 9.874e-16
03884.91 9.860e-16
03886.61 1.006e-15
03888.30 1.050e-15
03890.00 1.086e-15
03891.70 1.149e-15
03893.39 1.230e-15
03895.09 1.275e-15
03896.79 1.227e-15
03898.49 1.156e-15
03900.18 1.174e-15
03901.88 1.261e-15
03903.58 1.284e-15
03905.27 1.345e-15
03906.97 1.464e-15
03908.67 1.572e-15
03910.36 1.568e-15
03912.06 1.607e-15
03913.76 1.663e-15
03915.45 1.665e-15
03917.15 1.694e-15
03918.85 1.802e-15
03920.54 1.877e-15
03922.24 1.921e-15
03923.94 2.035e-15
03925.63 2.019e-15
03927.33 1.937e-15
03929.03 1.914e-15
03930.72 1.918e-15
03932.42 1.915e-15
03934.12 1.986e-15
03935.81 2.059e-15
03937.51 2.058e-15
03939.21 2.031e-15
03940.91 1.968e-15
03942.60 1.910e-15
03944.30 1.940e-15
03946.00 2.009e-15
03947.69 2.085e-15
03949.39 2.177e-15
03951.09 2.268e-15
03952.78 2.310e-15
03954.48 2.365e-15
03956.18 2.366e-15
03957.87 2.310e-15
03959.57 2.261e-15
03961.27 2.191e-15
03962.96 2.099e-15
03964.66 2.079e-15
03966.36 2.125e-15
03968.05 2.169e-15
03969.75 2.236e-15
03971.45 2.282e-15
03973.14 2.376e-15
03974.84 2.406e-15
03976.54 2.373e-15
03978.24 2.344e-15
03979.93 2.361e-15
03981.63 2.288e-15
03983.33 2.265e-15
03985.02 2.323e-15
03986.72 2.364e-15
03988.42 2.355e-15
03990.11 2.411e-15
03991.81 2.492e-15
03993.51 2.486e-15
03995.20 2.457e-15
03996.90 2.441e-15
03998.60 2.442e-15
04000.29 2.403e-15
04001.99 2.440e-15
04003.69 2.501e-15
04005.38 2.576e-15
04007.08 2.620e-15
04008.78 2.738e-15
04010.47 2.836e-15
04012.17 2.867e-15
04013.87 2.858e-15
04015.56 2.816e-15
04017.26 2.729e-15
04018.96 2.681e-15
04020.66 2.657e-15
04022.35 2.624e-15
04024.05 2.657e-15
04025.75 2.667e-15
04027.44 2.657e-15
04029.14 2.672e-15
04030.84 2.715e-15
04032.53 2.708e-15
04034.23 2.673e-15
04035.93 2.605e-15
04037.62 2.555e-15
04039.32 2.522e-15
04041.02 2.439e-15
04042.71 2.425e-15
04044.41 2.452e-15
04046.11 2.459e-15
04047.80 2.453e-15
04049.50 2.504e-15
04051.20 2.484e-15
04052.89 2.388e-15
04054.59 2.271e-15
04056.29 2.220e-15
04057.99 2.177e-15
04059.68 2.140e-15
04061.38 2.127e-15
04063.08 2.125e-15
04064.77 2.060e-15
04066.47 1.993e-15
04068.17 1.951e-15
04069.86 1.959e-15
04071.56 1.825e-15
04073.26 1.711e-15
04074.95 1.718e-15
04076.65 1.787e-15
04078.35 1.773e-15
04080.04 1.833e-15
04081.74 1.925e-15
04083.44 1.904e-15
04085.13 1.782e-15
04086.83 1.734e-15
04088.53 1.767e-15
04090.22 1.738e-15
04091.92 1.737e-15
04093.62 1.804e-15
04095.32 1.796e-15
04097.01 1.780e-15
04098.71 1.769e-15
04100.41 1.710e-15
04102.10 1.673e-15
04103.80 1.643e-15
04105.50 1.560e-15
04107.19 1.565e-15
04108.89 1.611e-15
04110.59 1.624e-15
04112.28 1.658e-15
04113.98 1.717e-15
04115.68 1.688e-15
04117.37 1.641e-15
04119.07 1.595e-15
04120.77 1.551e-15
04122.46 1.527e-15
04124.16 1.531e-15
04125.86 1.530e-15
04127.55 1.522e-15
04129.25 1.613e-15
04130.95 1.725e-15
04132.64 1.747e-15
04134.34 1.700e-15
04136.04 1.706e-15
04137.74 1.660e-15
04139.43 1.549e-15
04141.13 1.475e-15
04142.83 1.460e-15
04144.52 1.372e-15
04146.22 1.258e-15
04147.92 1.187e-15
04149.61 1.171e-15
04151.31 1.217e-15
04153.01 1.272e-15
04154.70 1.345e-15
04156.40 1.480e-15
04158.10 1.555e-15
04159.79 1.546e-15
04161.49 1.565e-15
04163.19 1.563e-15
04164.88 1.496e-15
04166.58 1.498e-15
04168.28 1.502e-15
04169.97 1.502e-15
04171.67 1.521e-15
04173.37 1.528e-15
04175.07 1.514e-15
04176.76 1.480e-15
04178.46 1.385e-15
04180.16 1.354e-15
04181.85 1.385e-15
04183.55 1.394e-15
04185.25 1.435e-15
04186.94 1.543e-15
04188.64 1.558e-15
04190.34 1.524e-15
04192.03 1.530e-15
04193.73 1.523e-15
04195.43 1.472e-15
04197.12 1.447e-15
04198.82 1.444e-15
04200.52 1.443e-15
04202.21 1.465e-15
04203.91 1.462e-15
04205.61 1.435e-15
04207.30 1.404e-15
04209.00 1.356e-15
04210.70 1.330e-15
04212.39 1.340e-15
04214.09 1.354e-15
04215.79 1.352e-15
04217.49 1.346e-15
04219.18 1.350e-15
04220.88 1.385e-15
04222.58 1.426e-15
04224.27 1.492e-15
04225.97 1.485e-15
04227.67 1.461e-15
04229.36 1.481e-15
04231.06 1.468e-15
04232.76 1.400e-15
04234.45 1.423e-15
04236.15 1.485e-15
04237.85 1.454e-15
04239.54 1.390e-15
04241.24 1.396e-15
04242.94 1.420e-15
04244.63 1.382e-15
04246.33 1.360e-15
04248.03 1.357e-15
04249.72 1.380e-15
04251.42 1.395e-15
04253.12 1.400e-15
04254.82 1.434e-15
04256.51 1.507e-15
04258.21 1.489e-15
04259.91 1.436e-15
04261.60 1.417e-15
04263.30 1.409e-15
04265.00 1.402e-15
04266.69 1.477e-15
04268.39 1.535e-15
04270.09 1.541e-15
04271.78 1.543e-15
04273.48 1.534e-15
04275.18 1.481e-15
04276.87 1.452e-15
04278.57 1.438e-15
04280.27 1.417e-15
04281.96 1.371e-15
04283.66 1.354e-15
04285.36 1.345e-15
04287.05 1.390e-15
04288.75 1.463e-15
04290.45 1.554e-15
04292.15 1.613e-15
04293.84 1.619e-15
04295.54 1.579e-15
04297.24 1.502e-15
04298.93 1.402e-15
04300.63 1.286e-15
04302.33 1.256e-15
04304.02 1.283e-15
04305.72 1.282e-15
04307.42 1.283e-15
04309.11 1.322e-15
04310.81 1.361e-15
04312.51 1.351e-15
04314.20 1.366e-15
04315.90 1.413e-15
04317.60 1.441e-15
04319.29 1.432e-15
04320.99 1.398e-15
04322.69 1.343e-15
04324.38 1.351e-15
04326.08 1.395e-15
04327.78 1.419e-15
04329.47 1.431e-15
04331.17 1.459e-15
04332.87 1.456e-15
04334.57 1.412e-15
04336.26 1.365e-15
04337.96 1.352e-15
04339.66 1.321e-15
04341.35 1.277e-15
04343.05 1.260e-15
04344.75 1.291e-15
04346.44 1.316e-15
04348.14 1.345e-15
04349.84 1.399e-15
04351.53 1.441e-15
04353.23 1.437e-15
04354.93 1.430e-15
04356.62 1.421e-15
04358.32 1.416e-15
04360.02 1.404e-15
04361.71 1.438e-15
04363.41 1.466e-15
04365.11 1.524e-15
04366.80 1.596e-15
04368.50 1.640e-15
04370.20 1.658e-15
04371.90 1.684e-15
04373.59 1.660e-15
04375.29 1.596e-15
04376.99 1.582e-15
04378.68 1.553e-15
04380.38 1.496e-15
04382.08 1.496e-15
04383.77 1.531e-15
04385.47 1.527e-15
04387.17 1.470e-15
04388.86 1.494e-15
04390.56 1.506e-15
04392.26 1.405e-15
04393.95 1.340e-15
04395.65 1.357e-15
04397.35 1.295e-15
04399.04 1.251e-15
04400.74 1.260e-15
04402.44 1.223e-15
04404.13 1.171e-15
04405.83 1.164e-15
04407.53 1.148e-15
04409.22 1.173e-15
04410.92 1.212e-15
04412.62 1.218e-15
04414.32 1.174e-15
04416.01 1.116e-15
04417.71 1.007e-15
04419.41 9.413e-16
04421.10 9.419e-16
04422.80 1.001e-15
04424.50 1.038e-15
04426.19 1.067e-15
04427.89 1.080e-15
04429.59 1.136e-15
04431.28 1.180e-15
04432.98 1.186e-15
04434.68 1.204e-15
04436.37 1.233e-15
04438.07 1.228e-15
04439.77 1.201e-15
04441.46 1.210e-15
04443.16 1.210e-15
04444.86 1.166e-15
04446.55 1.126e-15
04448.25 1.115e-15
04449.95 1.161e-15
04451.65 1.205e-15
04453.34 1.253e-15
04455.04 1.244e-15
04456.74 1.232e-15
04458.43 1.186e-15
04460.13 1.165e-15
04461.83 1.172e-15
04463.52 1.186e-15
04465.22 1.196e-15
04466.92 1.209e-15
04468.61 1.210e-15
04470.31 1.221e-15
04472.01 1.207e-15
04473.70 1.203e-15
04475.40 1.228e-15
04477.10 1.245e-15
04478.79 1.212e-15
04480.49 1.218e-15
04482.19 1.221e-15
04483.88 1.210e-15
04485.58 1.227e-15
04487.28 1.291e-15
04488.98 1.334e-15
04490.67 1.377e-15
04492.37 1.427e-15
04494.07 1.433e-15
04495.76 1.455e-15
04497.46 1.536e-15
04499.16 1.390e-15
04500.85 1.038e-15
04502.55 9.414e-16
04504.25 9.165e-16
04505.94 8.386e-16
04507.64 1.022e-15
04509.34 1.394e-15
04511.03 1.496e-15
04512.73 1.510e-15
04514.43 1.572e-15
04516.12 1.577e-15
04517.82 1.570e-15
04519.52 1.576e-15
04521.21 1.554e-15
04522.91 1.550e-15
04524.61 1.544e-15
04526.30 1.579e-15
04528.00 1.633e-15
04529.70 1.729e-15
04531.40 1.769e-15
04533.09 1.808e-15
04534.79 1.792e-15
04536.49 1.793e-15
04538.18 1.773e-15
04539.88 1.823e-15
04541.58 1.889e-15
04543.27 1.936e-15
04544.97 1.964e-15
04546.67 1.997e-15
04548.36 1.994e-15
04550.06 1.967e-15
04551.76 1.974e-15
04553.45 2.048e-15
04555.15 2.108e-15
04556.85 2.110e-15
04558.54 2.124e-15
04560.24 2.177e-15
04561.94 2.203e-15
04563.63 2.197e-15
04565.33 2.224e-15
04567.03 2.269e-15
04568.73 2.320e-15
04570.42 2.361e-15
04572.12 2.437e-15
04573.82 2.511e-15
04575.51 2.547e-15
04577.21 2.546e-15
04578.91 2.525e-15
04580.60 2.514e-15
04582.30 2.523e-15
04584.00 2.558e-15
04585.69 2.607e-15
04587.39 2.671e-15
04589.09 2.712e-15
04590.78 2.739e-15
04592.48 2.755e-15
04594.18 2.771e-15
04595.87 2.810e-15
04597.57 2.858e-15
04599.27 2.910e-15
04600.96 2.955e-15
04602.66 2.998e-15
04604.36 2.998e-15
04606.05 2.966e-15
04607.75 2.967e-15
04609.45 2.978e-15
04611.15 2.939e-15
04612.84 2.930e-15
04614.54 2.973e-15
04616.24 3.011e-15
04617.93 3.080e-15
04619.63 3.171e-15
04621.33 3.273e-15
04623.02 3.336e-15
04624.72 3.260e-15
04626.42 3.165e-15
04628.11 3.207e-15
04629.81 3.211e-15
04631.51 3.188e-15
04633.20 3.276e-15
04634.90 3.337e-15
04636.60 3.259e-15
04638.29 3.197e-15
04639.99 3.182e-15
04641.69 3.150e-15
04643.38 3.177e-15
04645.08 3.227e-15
04646.78 3.218e-15
04648.48 3.205e-15
04650.17 3.249e-15
04651.87 3.196e-15
04653.57 3.166e-15
04655.26 3.185e-15
04656.96 3.134e-15
04658.66 3.060e-15
04660.35 3.068e-15
04662.05 3.046e-15
04663.75 3.036e-15
04665.44 3.090e-15
04667.14 3.090e-15
04668.84 3.064e-15
04670.53 3.102e-15
04672.23 3.126e-15
04673.93 3.112e-15
04675.62 3.133e-15
04677.32 3.178e-15
04679.02 3.133e-15
04680.71 3.066e-15
04682.41 3.042e-15
04684.11 2.992e-15
04685.81 2.947e-15
04687.50 2.980e-15
04689.20 3.052e-15
04690.90 3.076e-15
04692.59 3.084e-15
04694.29 3.121e-15
04695.99 3.159e-15
04697.68 3.150e-15
04699.38 3.145e-15
04701.08 3.167e-15
04702.77 3.170e-15
04704.47 3.148e-15
04706.17 3.162e-15
04707.86 3.099e-15
04709.56 3.069e-15
04711.26 3.016e-15
04712.95 2.930e-15
04714.65 2.852e-15
04716.35 2.875e-15
04718.04 2.875e-15
04719.74 2.832e-15
04721.44 2.789e-15
04723.13 2.736e-15
04724.83 2.686e-15
04726.53 2.659e-15
04728.23 2.681e-15
04729.92 2.651e-15
04731.62 2.584e-15
04733.32 2.595e-15
04735.01 2.587e-15
04736.71 2.494e-15
04738.41 2.460e-15
04740.10 2.458e-15
04741.80 2.405e-15
04743.50 2.330e-15
04745.19 2.319e-15
04746.89 2.333e-15
04748.59 2.340e-15
04750.28 2.334e-15
04751.98 2.322e-15
04753.68 2.313e-15
04755.37 2.278e-15
04757.07 2.225e-15
04758.77 2.151e-15
04760.46 2.129e-15
04762.16 2.164e-15
04763.86 2.147e-15
04765.56 2.102e-15
04767.25 2.084e-15
04768.95 2.064e-15
04770.65 2.003e-15
04772.34 1.984e-15
04774.04 1.969e-15
04775.74 1.917e-15
04777.43 1.852e-15
04779.13 1.804e-15
04780.83 1.748e-15
04782.52 1.715e-15
04784.22 1.753e-15
04785.92 1.768e-15
04787.61 1.739e-15
04789.31 1.723e-15
04791.01 1.709e-15
04792.70 1.704e-15
04794.40 1.690e-15
04796.10 1.677e-15
04797.79 1.657e-15
04799.49 1.607e-15
04801.19 1.519e-15
04802.89 1.513e-15
04804.58 1.514e-15
04806.28 1.476e-15
04807.98 1.477e-15
04809.67 1.492e-15
04811.37 1.440e-15
04813.07 1.387e-15
04814.76 1.413e-15
04816.46 1.430e-15
04818.16 1.394e-15
04819.85 1.348e-15
04821.55 1.313e-15
04823.25 1.271e-15
04824.94 1.280e-15
04826.64 1.288e-15
04828.34 1.275e-15
04830.03 1.324e-15
04831.73 1.373e-15
04833.43 1.405e-15
04835.12 1.491e-15
04836.82 1.592e-15
04838.52 1.568e-15
04840.21 1.507e-15
04841.91 1.499e-15
04843.61 1.475e-15
04845.31 1.479e-15
04847.00 1.554e-15
04848.70 1.654e-15
04850.40 1.687e-15
04852.09 1.678e-15
04853.79 1.684e-15
04855.49 1.693e-15
04857.18 1.653e-15
04858.88 1.602e-15
04860.58 1.621e-15
04862.27 1.653e-15
04863.97 1.674e-15
04865.67 1.754e-15
04867.36 1.849e-15
04869.06 1.890e-15
04870.76 1.872e-15
04872.45 1.824e-15
04874.15 1.765e-15
04875.85 1.706e-15
04877.54 1.659e-15
04879.24 1.606e-15
04880.94 1.567e-15
04882.64 1.590e-15
04884.33 1.606e-15
04886.03 1.611e-15
04887.73 1.614e-15
04889.42 1.616e-15
04891.12 1.571e-15
04892.82 1.508e-15
04894.51 1.450e-15
04896.21 1.419e-15
04897.91 1.437e-15
04899.60 1.458e-15
04901.30 1.462e-15
04903.00 1.456e-15
04904.69 1.467e-15
04906.39 1.478e-15
04908.09 1.444e-15
04909.78 1.422e-15
04911.48 1.476e-15
04913.18 1.528e-15
04914.87 1.501e-15
04916.57 1.510e-15
04918.27 1.549e-15
04919.96 1.553e-15
04921.66 1.556e-15
04923.36 1.584e-15
04925.06 1.596e-15
04926.75 1.619e-15
04928.45 1.661e-15
04930.15 1.685e-15
04931.84 1.739e-15
04933.54 1.817e-15
04935.24 1.855e-15
04936.93 1.881e-15
04938.63 1.935e-15
04940.33 1.971e-15
04942.02 1.974e-15
04943.72 1.989e-15
04945.42 2.011e-15
04947.11 2.048e-15
04948.81 2.129e-15
04950.51 2.208e-15
04952.20 2.224e-15
04953.90 2.203e-15
04955.60 2.192e-15
04957.29 2.204e-15
04958.99 2.260e-15
04960.69 2.350e-15
04962.39 2.440e-15
04964.08 2.535e-15
04965.78 2.624e-15
04967.48 2.670e-15
04969.17 2.659e-15
04970.87 2.612e-15
04972.57 2.572e-15
04974.26 2.605e-15
04975.96 2.691e-15
04977.66 2.734e-15
04979.35 2.775e-15
04981.05 2.874e-15
04982.75 2.968e-15
04984.44 2.980e-15
04986.14 2.977e-15
04987.84 2.979e-15
04989.53 2.937e-15
04991.23 2.871e-15
04992.93 2.799e-15
04994.62 2.754e-15
04996.32 2.771e-15
04998.02 2.809e-15
04999.72 2.842e-15
05001.41 2.874e-15
05003.11 2.869e-15
05004.81 2.838e-15
05006.50 2.861e-15
05008.20 2.876e-15
05009.90 2.846e-15
05011.59 2.790e-15
05013.29 2.717e-15
05014.99 2.615e-15
05016.68 2.538e-15
05018.38 2.496e-15
05020.08 2.475e-15
05021.77 2.449e-15
05023.47 2.419e-15
05025.17 2.381e-15
05026.86 2.336e-15
05028.56 2.290e-15
05030.26 2.248e-15
05031.95 2.194e-15
05033.65 2.126e-15
05035.35 2.059e-15
05037.04 2.006e-15
05038.74 1.961e-15
05040.44 1.910e-15
05042.14 1.859e-15
05043.83 1.823e-15
05045.53 1.792e-15
05047.23 1.767e-15
05048.92 1.743e-15
05050.62 1.709e-15
05052.32 1.671e-15
05054.01 1.652e-15
05055.71 1.667e-15
05057.41 1.678e-15
05059.10 1.658e-15
05060.80 1.656e-15
05062.50 1.681e-15
05064.19 1.658e-15
05065.89 1.614e-15
05067.59 1.611e-15
05069.28 1.621e-15
05070.98 1.629e-15
05072.68 1.643e-15
05074.37 1.634e-15
05076.07 1.604e-15
05077.77 1.590e-15
05079.47 1.604e-15
05081.16 1.623e-15
05082.86 1.666e-15
05084.56 1.709e-15
05086.25 1.713e-15
05087.95 1.703e-15
05089.65 1.725e-15
05091.34 1.745e-15
05093.04 1.728e-15
05094.74 1.705e-15
05096.43 1.677e-15
05098.13 1.673e-15
05099.83 1.709e-15
05101.52 1.725e-15
05103.22 1.701e-15
05104.92 1.695e-15
05106.61 1.694e-15
05108.31 1.676e-15
05110.01 1.692e-15
05111.70 1.748e-15
05113.40 1.797e-15
05115.10 1.675e-15
05116.79 1.475e-15
05118.49 1.364e-15
05120.19 1.315e-15
05121.89 1.315e-15
05123.58 1.486e-15
05125.28 1.702e-15
05126.98 1.807e-15
05128.67 1.848e-15
05130.37 1.861e-15
05132.07 1.862e-15
05133.76 1.852e-15
05135.46 1.837e-15
05137.16 1.829e-15
05138.85 1.774e-15
05140.55 1.737e-15
05142.25 1.797e-15
05143.94 1.845e-15
05145.64 1.839e-15
05147.34 1.857e-15
05149.03 1.854e-15
05150.73 1.834e-15
05152.43 1.885e-15
05154.12 1.947e-15
05155.82 1.935e-15
05157.52 1.891e-15
05159.22 1.873e-15
05160.91 1.874e-15
05162.61 1.886e-15
05164.31 1.912e-15
05166.00 1.929e-15
05167.70 1.914e-15
05169.40 1.930e-15
05171.09 1.953e-15
05172.79 1.932e-15
05174.49 1.896e-15
05176.18 1.856e-15
05177.88 1.788e-15
05179.58 1.707e-15
05181.27 1.673e-15
05182.97 1.704e-15
05184.67 1.753e-15
05186.36 1.767e-15
05188.06 1.778e-15
05189.76 1.772e-15
05191.45 1.742e-15
05193.15 1.737e-15
05194.85 1.741e-15
05196.55 1.711e-15
05198.24 1.701e-15
05199.94 1.727e-15
05201.64 1.734e-15
05203.33 1.735e-15
05205.03 1.749e-15
05206.73 1.742e-15
05208.42 1.746e-15
05210.12 1.809e-15
05211.82 1.884e-15
05213.51 1.870e-15
05215.21 1.643e-15
05216.91 1.289e-15
05218.60 9.807e-16
05220.30 7.991e-16
05222.00 7.977e-16
05223.69 8.968e-16
05225.39 8.394e-16
05227.09 7.710e-16
05228.78 1.154e-15
05230.48 1.775e-15
05232.18 2.028e-15
05233.87 1.906e-15
05235.57 1.808e-15
05237.27 1.867e-15
05238.97 1.966e-15
05240.66 2.025e-15
05242.36 2.048e-15
05244.06 2.082e-15
05245.75 2.115e-15
05247.45 2.119e-15
05249.15 2.134e-15
05250.84 2.167e-15
05252.54 2.174e-15
05254.24 2.161e-15
05255.93 2.146e-15
05257.63 2.130e-15
05259.33 2.167e-15
05261.02 2.227e-15
05262.72 2.262e-15
05264.42 2.314e-15
05266.11 2.363e-15
05267.81 2.366e-15
05269.51 2.354e-15
05271.20 2.357e-15
05272.90 2.363e-15
05274.60 2.364e-15
05276.30 2.370e-15
05277.99 2.433e-15
05279.69 2.525e-15
05281.39 2.573e-15
05283.08 2.606e-15
05284.78 2.628e-15
05286.48 2.609e-15
05288.17 2.592e-15
05289.87 2.594e-15
05291.57 2.613e-15
05293.26 2.659e-15
05294.96 2.693e-15
05296.66 2.667e-15
05298.35 2.640e-15
05300.05 2.671e-15
05301.75 2.726e-15
05303.44 2.759e-15
05305.14 2.786e-15
05306.84 2.798e-15
05308.53 2.756e-15
05310.23 2.719e-15
05311.93 2.753e-15
05313.62 2.773e-15
05315.32 2.762e-15
05317.02 2.793e-15
05318.72 2.820e-15
05320.41 2.822e-15
05322.11 2.825e-15
05323.81 2.820e-15
05325.50 2.779e-15
05327.20 2.758e-15
05328.90 2.770e-15
05330.59 2.821e-15
05332.29 2.891e-15
05333.99 2.910e-15
05335.68 2.894e-15
05337.38 2.902e-15
05339.08 2.938e-15
05340.77 2.958e-15
05342.47 2.965e-15
05344.17 2.971e-15
05345.86 2.957e-15
05347.56 2.903e-15
05349.26 2.864e-15
05350.95 2.876e-15
05352.65 2.888e-15
05354.35 2.877e-15
05356.05 2.856e-15
05357.74 2.846e-15
05359.44 2.878e-15
05361.14 2.923e-15
05362.83 2.960e-15
05364.53 3.020e-15
05366.23 3.086e-15
05367.92 3.092e-15
05369.62 3.083e-15
05371.32 3.100e-15
05373.01 3.091e-15
05374.71 3.064e-15
05376.41 3.077e-15
05378.10 3.070e-15
05379.80 3.042e-15
05381.50 3.088e-15
05383.19 3.147e-15
05384.89 3.140e-15
05386.59 3.132e-15
05388.28 3.166e-15
05389.98 3.141e-15
05391.68 3.056e-15
05393.38 3.034e-15
05395.07 3.068e-15
05396.77 3.073e-15
05398.47 3.068e-15
05400.16 3.079e-15
05401.86 3.039e-15
05403.56 3.006e-15
05405.25 3.017e-15
05406.95 2.994e-15
05408.65 2.970e-15
05410.34 2.999e-15
05412.04 3.018e-15
05413.74 3.009e-15
05415.43 3.001e-15
05417.13 2.951e-15
05418.83 2.869e-15
05420.52 2.822e-15
05422.22 2.820e-15
05423.92 2.860e-15
05425.61 2.874e-15
05427.31 2.827e-15
05429.01 2.793e-15
05430.70 2.763e-15
05432.40 2.721e-15
05434.10 2.739e-15
05435.80 2.771e-15
05437.49 2.762e-15
05439.19 2.783e-15
05440.89 2.843e-15
05442.58 2.841e-15
05444.28 2.827e-15
05445.98 2.844e-15
05447.67 2.846e-15
05449.37 2.819e-15
05451.07 2.784e-15
05452.76 2.722e-15
05454.46 2.638e-15
05456.16 2.597e-15
05457.85 2.608e-15
05459.55 2.686e-15
05461.25 2.781e-15
05462.94 2.845e-15
05464.64 2.907e-15
05466.34 2.959e-15
05468.03 2.962e-15
05469.73 2.941e-15
05471.43 2.920e-15
05473.13 2.875e-15
05474.82 2.850e-15
05476.52 2.843e-15
05478.22 2.841e-15
05479.91 2.855e-15
05481.61 2.883e-15
05483.31 2.923e-15
05485.00 2.970e-15
05486.70 3.007e-15
05488.40 3.050e-15
05490.09 3.126e-15
05491.79 3.165e-15
05493.49 3.161e-15
05495.18 3.162e-15
05496.88 3.161e-15
05498.58 3.163e-15
05500.27 3.144e-15
05501.97 3.147e-15
05503.67 3.162e-15
05505.36 3.156e-15
05507.06 3.123e-15
05508.76 3.106e-15
05510.45 3.080e-15
05512.15 3.080e-15
05513.85 3.124e-15
05515.55 3.148e-15
05517.24 3.190e-15
05518.94 3.236e-15
05520.64 3.253e-15
05522.33 3.296e-15
05524.03 3.343e-15
05525.73 3.344e-15
05527.42 3.321e-15
05529.12 3.307e-15
05530.82 3.298e-15
05532.51 3.291e-15
05534.21 3.282e-15
05535.91 3.282e-15
05537.60 3.283e-15
05539.30 3.266e-15
05541.00 3.258e-15
05542.69 3.249e-15
05544.39 3.239e-15
05546.09 3.232e-15
05547.78 3.208e-15
05549.48 3.200e-15
05551.18 3.222e-15
05552.88 3.225e-15
05554.57 3.223e-15
05556.27 3.217e-15
05557.97 3.187e-15
05559.66 3.179e-15
05561.36 3.168e-15
05563.06 3.091e-15
05564.75 3.056e-15
05566.45 3.110e-15
05568.15 3.081e-15
05569.84 2.989e-15
05571.54 2.952e-15
05573.24 2.868e-15
05574.93 2.739e-15
05576.63 2.704e-15
05578.33 2.792e-15
05580.02 2.868e-15
05581.72 2.928e-15
05583.42 2.942e-15
05585.11 2.924e-15
05586.81 2.856e-15
05588.51 2.746e-15
05590.21 2.714e-15
05591.90 2.771e-15
05593.60 2.814e-15
05595.30 2.861e-15
05596.99 2.936e-15
05598.69 2.912e-15
05600.39 2.800e-15
05602.08 2.738e-15
05603.78 2.710e-15
05605.48 2.744e-15
05607.17 2.816e-15
05608.87 2.881e-15
05610.57 2.913e-15
05612.26 2.871e-15
05613.96 2.764e-15
05615.66 2.688e-15
05617.35 2.638e-15
05619.05 2.578e-15
05620.75 2.572e-15
05622.44 2.579e-15
05624.14 2.558e-15
05625.84 2.501e-15
05627.53 2.438e-15
05629.23 2.373e-15
05630.93 2.363e-15
05632.63 2.364e-15
05634.32 2.367e-15
05636.02 2.381e-15
05637.72 2.389e-15
05639.41 2.352e-15
05641.11 2.340e-15
05642.81 2.352e-15
05644.50 2.336e-15
05646.20 2.316e-15
05647.90 2.310e-15
05649.59 2.285e-15
05651.29 2.228e-15
05652.99 2.177e-15
05654.68 2.168e-15
05656.38 2.156e-15
05658.08 2.172e-15
05659.77 2.250e-15
05661.47 2.290e-15
05663.17 2.245e-15
05664.86 2.198e-15
05666.56 2.142e-15
05668.26 2.077e-15
05669.96 1.981e-15
05671.65 1.896e-15
05673.35 1.885e-15
05675.05 1.897e-15
05676.74 1.865e-15
05678.44 1.883e-15
05680.14 1.887e-15
05681.83 1.818e-15
05683.53 1.748e-15
05685.23 1.717e-15
05686.92 1.731e-15
05688.62 1.728e-15
05690.32 1.761e-15
05692.01 1.768e-15
05693.71 1.745e-15
05695.41 1.710e-15
05697.10 1.683e-15
05698.80 1.600e-15
05700.50 1.570e-15
05702.19 1.612e-15
05703.89 1.615e-15
05705.59 1.555e-15
05707.29 1.439e-15
05708.98 1.333e-15
05710.68 1.285e-15
05712.38 1.283e-15
05714.07 1.357e-15
05715.77 1.538e-15
05717.47 1.649e-15
05719.16 1.660e-15
05720.86 1.641e-15
05722.56 1.615e-15
05724.25 1.585e-15
05725.95 1.596e-15
05727.65 1.593e-15
05729.34 1.623e-15
05731.04 1.674e-15
05732.74 1.669e-15
05734.43 1.664e-15
05736.13 1.692e-15
05737.83 1.693e-15
05739.52 1.685e-15
05741.22 1.729e-15
05742.92 1.749e-15
05744.61 1.740e-15
05746.31 1.741e-15
05748.01 1.738e-15
05749.71 1.765e-15
05751.40 1.820e-15
05753.10 1.870e-15
05754.80 1.874e-15
05756.49 1.841e-15
05758.19 1.805e-15
05759.89 1.786e-15
05761.58 1.813e-15
05763.28 1.788e-15
05764.98 1.768e-15
05766.67 1.805e-15
05768.37 1.845e-15
05770.07 1.848e-15
05771.76 1.859e-15
05773.46 1.857e-15
05775.16 1.811e-15
05776.85 1.827e-15
05778.55 1.874e-15
05780.25 1.937e-15
05781.94 2.022e-15
05783.64 2.055e-15
05785.34 2.049e-15
05787.04 2.036e-15
05788.73 2.018e-15
05790.43 2.022e-15
05792.13 2.111e-15
05793.82 2.184e-15
05795.52 2.173e-15
05797.22 2.146e-15
05798.91 2.176e-15
05800.61 2.202e-15
05802.31 2.191e-15
05804.00 2.222e-15
05805.70 2.301e-15
05807.40 2.331e-15
05809.09 2.334e-15
05810.79 2.385e-15
05812.49 2.514e-15
05814.18 2.626e-15
05815.88 2.630e-15
05817.58 2.620e-15
05819.27 2.684e-15
05820.97 2.747e-15
05822.67 2.775e-15
05824.36 2.845e-15
05826.06 2.917e-15
05827.76 2.968e-15
05829.46 2.986e-15
05831.15 3.025e-15
05832.85 3.090e-15
05834.55 3.119e-15
05836.24 3.093e-15
05837.94 3.014e-15
05839.64 2.990e-15
05841.33 2.928e-15
05843.03 2.918e-15
05844.73 2.977e-15
05846.42 3.107e-15
05848.12 3.194e-15
05849.82 3.249e-15
05851.51 3.288e-15
05853.21 3.404e-15
05854.91 3.497e-15
05856.60 3.514e-15
05858.30 3.534e-15
05860.00 3.543e-15
05861.69 3.512e-15
05863.39 3.488e-15
05865.09 3.467e-15
05866.79 3.421e-15
05868.48 3.376e-15
05870.18 3.352e-15
05871.88 3.315e-15
05873.57 3.289e-15
05875.27 3.287e-15
05876.97 3.309e-15
05878.66 3.370e-15
05880.36 3.433e-15
05882.06 3.458e-15
05883.75 3.367e-15
05885.45 3.300e-15
05887.15 3.303e-15
05888.84 3.323e-15
05890.54 3.325e-15
05892.24 3.362e-15
05893.93 3.431e-15
05895.63 3.422e-15
05897.33 3.405e-15
05899.02 3.419e-15
05900.72 3.489e-15
05902.42 3.535e-15
05904.12 3.537e-15
05905.81 3.510e-15
05907.51 3.485e-15
05909.21 3.471e-15
05910.90 3.469e-15
05912.60 3.480e-15
05914.30 3.503e-15
05915.99 3.510e-15
05917.69 3.455e-15
05919.39 3.356e-15
05921.08 3.283e-15
05922.78 3.268e-15
05924.48 3.314e-15
05926.17 3.392e-15
05927.87 3.433e-15
05929.57 3.417e-15
05931.26 3.396e-15
05932.96 3.396e-15
05934.66 3.404e-15
05936.35 3.412e-15
05938.05 3.420e-15
05939.75 3.428e-15
05941.44 3.423e-15
05943.14 3.402e-15
05944.84 3.362e-15
05946.54 3.311e-15
05948.23 3.296e-15
05949.93 3.351e-15
05951.63 3.410e-15
05953.32 3.408e-15
05955.02 3.355e-15
05956.72 3.273e-15
05958.41 3.232e-15
05960.11 3.306e-15
05961.81 3.407e-15
05963.50 3.407e-15
05965.20 3.335e-15
05966.90 3.277e-15
05968.59 3.260e-15
05970.29 3.293e-15
05971.99 3.348e-15
05973.68 3.377e-15
05975.38 3.374e-15
05977.08 3.372e-15
05978.77 3.367e-15
05980.47 3.321e-15
05982.17 3.245e-15
05983.87 3.201e-15
05985.56 3.203e-15
05987.26 3.213e-15
05988.96 3.202e-15
05990.65 3.156e-15
05992.35 3.089e-15
05994.05 3.080e-15
05995.74 3.162e-15
05997.44 3.240e-15
05999.14 3.247e-15
06000.83 3.217e-15
06002.53 3.181e-15
06004.23 3.132e-15
06005.92 3.067e-15
06007.62 3.019e-15
06009.32 3.016e-15
06011.01 3.024e-15
06012.71 3.005e-15
06014.41 2.975e-15
06016.10 2.953e-15
06017.80 2.941e-15
06019.50 2.932e-15
06021.19 2.920e-15
06022.89 2.891e-15
06024.59 2.872e-15
06026.29 2.906e-15
06027.98 2.962e-15
06029.68 2.971e-15
06031.38 2.920e-15
06033.07 2.826e-15
06034.77 2.717e-15
06036.47 2.632e-15
06038.16 2.590e-15
06039.86 2.592e-15
06041.56 2.625e-15
06043.25 2.666e-15
06044.95 2.689e-15
06046.65 2.669e-15
06048.34 2.610e-15
06050.04 2.572e-15
06051.74 2.588e-15
06053.43 2.621e-15
06055.13 2.637e-15
06056.83 2.605e-15
06058.52 2.517e-15
06060.22 2.463e-15
06061.92 2.513e-15
06063.62 2.590e-15
06065.31 2.619e-15
06067.01 2.612e-15
06068.71 2.591e-15
06070.40 2.555e-15
06072.10 2.502e-15
06073.80 2.456e-15
06075.49 2.443e-15
06077.19 2.457e-15
06078.89 2.476e-15
06080.58 2.494e-15
06082.28 2.503e-15
06083.98 2.500e-15
06085.67 2.482e-15
06087.37 2.464e-15
06089.07 2.467e-15
06090.76 2.487e-15
06092.46 2.498e-15
06094.16 2.495e-15
06095.85 2.493e-15
06097.55 2.486e-15
06099.25 2.439e-15
06100.95 2.362e-15
06102.64 2.332e-15
06104.34 2.380e-15
06106.04 2.457e-15
06107.73 2.524e-15
06109.43 2.550e-15
06111.13 2.522e-15
06112.82 2.467e-15
06114.52 2.415e-15
06116.22 2.382e-15
06117.91 2.379e-15
06119.61 2.385e-15
06121.31 2.380e-15
06123.00 2.369e-15
06124.70 2.358e-15
06126.40 2.360e-15
06128.09 2.384e-15
06129.79 2.400e-15
06131.49 2.376e-15
06133.18 2.325e-15
06134.88 2.271e-15
06136.58 2.240e-15
06138.27 2.259e-15
06139.97 2.278e-15
06141.67 2.212e-15
06143.37 2.092e-15
06145.06 2.013e-15
06146.76 2.007e-15
06148.46 2.071e-15
06150.15 2.168e-15
06151.85 2.227e-15
06153.55 2.226e-15
06155.24 2.191e-15
06156.94 2.150e-15
06158.64 2.131e-15
06160.33 2.143e-15
06162.03 2.161e-15
06163.73 2.166e-15
06165.42 2.164e-15
06167.12 2.161e-15
06168.82 2.173e-15
06170.51 2.203e-15
06172.21 2.216e-15
06173.91 2.190e-15
06175.60 2.181e-15
06177.30 2.232e-15
06179.00 2.294e-15
06180.70 2.318e-15
06182.39 2.317e-15
06184.09 2.312e-15
06185.79 2.316e-15
06187.48 2.339e-15
06189.18 2.361e-15
06190.88 2.357e-15
06192.57 2.334e-15
06194.27 2.313e-15
06195.97 2.303e-15
06197.66 2.313e-15
06199.36 2.325e-15
06201.06 2.308e-15
06202.75 2.278e-15
06204.45 2.287e-15
06206.15 2.326e-15
06207.84 2.335e-15
06209.54 2.311e-15
06211.24 2.302e-15
06212.93 2.322e-15
06214.63 2.344e-15
06216.33 2.356e-15
06218.02 2.371e-15
06219.72 2.388e-15
06221.42 2.398e-15
06223.12 2.389e-15
06224.81 2.351e-15
06226.51 2.284e-15
06228.21 2.240e-15
06229.90 2.251e-15
06231.60 2.270e-15
06233.30 2.258e-15
06234.99 2.227e-15
06236.69 2.194e-15
06238.39 2.198e-15
06240.08 2.267e-15
06241.78 2.311e-15
06243.48 2.229e-15
06245.17 2.107e-15
06246.87 2.068e-15
06248.57 2.082e-15
06250.26 2.076e-15
06251.96 2.057e-15
06253.66 2.059e-15
06255.35 2.066e-15
06257.05 2.035e-15
06258.75 1.982e-15
06260.45 1.955e-15
06262.14 1.959e-15
06263.84 1.966e-15
06265.54 1.967e-15
06267.23 1.970e-15
06268.93 1.968e-15
06270.63 1.935e-15
06272.32 1.875e-15
06274.02 1.833e-15
06275.72 1.830e-15
06277.41 1.848e-15
06279.11 1.872e-15
06280.81 1.888e-15
06282.50 1.886e-15
06284.20 1.881e-15
06285.90 1.880e-15
06287.59 1.869e-15
06289.29 1.842e-15
06290.99 1.822e-15
06292.68 1.824e-15
06294.38 1.819e-15
06296.08 1.777e-15
06297.78 1.734e-15
06299.47 1.729e-15
06301.17 1.755e-15
06302.87 1.792e-15
06304.56 1.830e-15
06306.26 1.863e-15
06307.96 1.869e-15
06309.65 1.824e-15
06311.35 1.775e-15
06313.05 1.803e-15
06314.74 1.885e-15
06316.44 1.943e-15
06318.14 1.944e-15
06319.83 1.876e-15
06321.53 1.782e-15
06323.23 1.754e-15
06324.92 1.804e-15
06326.62 1.852e-15
06328.32 1.861e-15
06330.01 1.844e-15
06331.71 1.814e-15
06333.41 1.794e-15
06335.10 1.796e-15
06336.80 1.810e-15
06338.50 1.826e-15
06340.20 1.841e-15
06341.89 1.851e-15
06343.59 1.852e-15
06345.29 1.841e-15
06346.98 1.824e-15
06348.68 1.807e-15
06350.38 1.801e-15
06352.07 1.815e-15
06353.77 1.838e-15
06355.47 1.857e-15
06357.16 1.873e-15
06358.86 1.888e-15
06360.56 1.903e-15
06362.25 1.919e-15
06363.95 1.926e-15
06365.65 1.912e-15
06367.34 1.884e-15
06369.04 1.854e-15
06370.74 1.835e-15
06372.43 1.839e-15
06374.13 1.867e-15
06375.83 1.910e-15
06377.53 1.956e-15
06379.22 1.984e-15
06380.92 1.992e-15
06382.62 1.991e-15
06384.31 1.986e-15
06386.01 1.981e-15
06387.71 1.974e-15
06389.40 1.953e-15
06391.10 1.922e-15
06392.80 1.919e-15
06394.49 1.961e-15
06396.19 2.031e-15
06397.89 2.107e-15
06399.58 2.145e-15
06401.28 2.124e-15
06402.98 2.083e-15
06404.67 2.063e-15
06406.37 2.046e-15
06408.07 2.018e-15
06409.76 1.993e-15
06411.46 1.988e-15
06413.16 2.002e-15
06414.85 2.033e-15
06416.55 2.069e-15
06418.25 2.098e-15
06419.95 2.123e-15
06421.64 2.156e-15
06423.34 2.188e-15
06425.04 2.205e-15
06426.73 2.202e-15
06428.43 2.184e-15
06430.13 2.156e-15
06431.82 2.124e-15
06433.52 2.108e-15
06435.22 2.135e-15
06436.91 2.188e-15
06438.61 2.199e-15
06440.31 2.166e-15
06442.00 2.153e-15
06443.70 2.180e-15
06445.40 2.207e-15
06447.09 2.218e-15
06448.79 2.226e-15
06450.49 2.240e-15
06452.18 2.256e-15
06453.88 2.270e-15
06455.58 2.265e-15
06457.28 2.233e-15
06458.97 2.195e-15
06460.67 2.167e-15
06462.37 2.152e-15
06464.06 2.152e-15
06465.76 2.168e-15
06467.46 2.197e-15
06469.15 2.231e-15
06470.85 2.264e-15
06472.55 2.274e-15
06474.24 2.244e-15
06475.94 2.207e-15
06477.64 2.211e-15
06479.33 2.240e-15
06481.03 2.256e-15
06482.73 2.256e-15
06484.42 2.250e-15
06486.12 2.240e-15
06487.82 2.226e-15
06489.51 2.218e-15
06491.21 2.240e-15
06492.91 2.276e-15
06494.61 2.279e-15
06496.30 2.246e-15
06498.00 2.223e-15
06499.70 2.224e-15
06501.39 2.219e-15
06503.09 2.201e-15
06504.79 2.195e-15
06506.48 2.210e-15
06508.18 2.224e-15
06509.88 2.224e-15
06511.57 2.210e-15
06513.27 2.187e-15
06514.97 2.161e-15
06516.66 2.140e-15
06518.36 2.129e-15
06520.06 2.128e-15
06521.75 2.138e-15
06523.45 2.154e-15
06525.15 2.174e-15
06526.84 2.193e-15
06528.54 2.199e-15
06530.24 2.184e-15
06531.93 2.162e-15
06533.63 2.156e-15
06535.33 2.155e-15
06537.03 2.139e-15
06538.72 2.121e-15
06540.42 2.130e-15
06542.12 2.152e-15
06543.81 2.157e-15
06545.51 2.136e-15
06547.21 2.094e-15
06548.90 2.051e-15
06550.60 2.043e-15
06552.30 2.068e-15
06553.99 2.095e-15
06555.69 2.102e-15
06557.39 2.080e-15
06559.08 2.041e-15
06560.78 2.021e-15
06562.48 2.037e-15
06564.17 2.056e-15
06565.87 2.060e-15
06567.57 2.057e-15
06569.26 2.053e-15
06570.96 2.054e-15
06572.66 2.064e-15
06574.36 2.075e-15
06576.05 2.080e-15
06577.75 2.079e-15
06579.45 2.078e-15
06581.14 2.081e-15
06582.84 2.092e-15
06584.54 2.093e-15
06586.23 2.068e-15
06587.93 2.040e-15
06589.63 2.040e-15
06591.32 2.069e-15
06593.02 2.118e-15
06594.72 2.169e-15
06596.41 2.204e-15
06598.11 2.210e-15
06599.81 2.181e-15
06601.50 2.145e-15
06603.20 2.152e-15
06604.90 2.197e-15
06606.59 2.223e-15
06608.29 2.231e-15
06609.99 2.273e-15
06611.69 2.343e-15
06613.38 2.373e-15
06615.08 2.349e-15
06616.78 2.328e-15
06618.47 2.339e-15
06620.17 2.367e-15
06621.87 2.398e-15
06623.56 2.412e-15
06625.26 2.402e-15
06626.96 2.403e-15
06628.65 2.437e-15
06630.35 2.467e-15
06632.05 2.470e-15
06633.74 2.462e-15
06635.44 2.462e-15
06637.14 2.483e-15
06638.83 2.531e-15
06640.53 2.574e-15
06642.23 2.580e-15
06643.92 2.568e-15
06645.62 2.563e-15
06647.32 2.569e-15
06649.01 2.581e-15
06650.71 2.595e-15
06652.41 2.609e-15
06654.11 2.624e-15
06655.80 2.646e-15
06657.50 2.666e-15
06659.20 2.670e-15
06660.89 2.664e-15
06662.59 2.673e-15
06664.29 2.688e-15
06665.98 2.667e-15
06667.68 2.620e-15
06669.38 2.617e-15
06671.07 2.657e-15
06672.77 2.654e-15
06674.47 2.591e-15
06676.16 2.560e-15
06677.86 2.611e-15
06679.56 2.723e-15
06681.25 2.854e-15
06682.95 2.902e-15
06684.65 2.817e-15
06686.34 2.718e-15
06688.04 2.699e-15
06689.74 2.709e-15
06691.44 2.702e-15
06693.13 2.691e-15
06694.83 2.690e-15
06696.53 2.691e-15
06698.22 2.685e-15
06699.92 2.674e-15
06701.62 2.660e-15
06703.31 2.655e-15
06705.01 2.669e-15
06706.71 2.697e-15
06708.40 2.724e-15
06710.10 2.738e-15
06711.80 2.731e-15
06713.49 2.706e-15
06715.19 2.670e-15
06716.89 2.645e-15
06718.58 2.659e-15
06720.28 2.700e-15
06721.98 2.724e-15
06723.67 2.716e-15
06725.37 2.690e-15
06727.07 2.657e-15
06728.76 2.628e-15
06730.46 2.609e-15
06732.16 2.591e-15
06733.86 2.573e-15
06735.55 2.565e-15
06737.25 2.572e-15
06738.95 2.580e-15
06740.64 2.581e-15
06742.34 2.576e-15
06744.04 2.567e-15
06745.73 2.555e-15
06747.43 2.541e-15
06749.13 2.525e-15
06750.82 2.508e-15
06752.52 2.506e-15
06754.22 2.531e-15
06755.91 2.565e-15
06757.61 2.588e-15
06759.31 2.579e-15
06761.00 2.519e-15
06762.70 2.452e-15
06764.40 2.436e-15
06766.09 2.469e-15
06767.79 2.522e-15
06769.49 2.552e-15
06771.19 2.505e-15
06772.88 2.406e-15
06774.58 2.328e-15
06776.28 2.293e-15
06777.97 2.283e-15
06779.67 2.290e-15
06781.37 2.308e-15
06783.06 2.328e-15
06784.76 2.342e-15
06786.46 2.347e-15
06788.15 2.349e-15
06789.85 2.353e-15
06791.55 2.352e-15
06793.24 2.349e-15
06794.94 2.365e-15
06796.64 2.400e-15
06798.33 2.396e-15
06800.03 2.327e-15
06801.73 2.266e-15
06803.42 2.271e-15
06805.12 2.297e-15
06806.82 2.301e-15
06808.52 2.298e-15
06810.21 2.303e-15
06811.91 2.313e-15
06813.61 2.321e-15
06815.30 2.317e-15
06817.00 2.295e-15
06818.70 2.268e-15
06820.39 2.255e-15
06822.09 2.256e-15
06823.79 2.261e-15
06825.48 2.251e-15
06827.18 2.195e-15
06828.88 2.122e-15
06830.57 2.092e-15
06832.27 2.108e-15
06833.97 2.134e-15
06835.66 2.155e-15
06837.36 2.168e-15
06839.06 2.174e-15
06840.75 2.185e-15
06842.45 2.199e-15
06844.15 2.194e-15
06845.84 2.165e-15
06847.54 2.130e-15
06849.24 2.106e-15
06850.94 2.106e-15
06852.63 2.134e-15
06854.33 2.165e-15
06856.03 2.179e-15
06857.72 2.171e-15
06859.42 2.141e-15
06861.12 2.093e-15
06862.81 2.035e-15
06864.51 1.972e-15
06866.21 1.913e-15
06867.90 1.866e-15
06869.60 1.840e-15
06871.30 1.838e-15
06872.99 1.860e-15
06874.69 1.910e-15
06876.39 1.990e-15
06878.08 2.072e-15
06879.78 2.124e-15
06881.48 2.141e-15
06883.17 2.135e-15
06884.87 2.111e-15
06886.57 2.075e-15
06888.27 2.030e-15
06889.96 1.974e-15
06891.66 1.922e-15
06893.36 1.895e-15
06895.05 1.892e-15
06896.75 1.882e-15
06898.45 1.868e-15
06900.14 1.893e-15
06901.84 1.956e-15
06903.54 1.987e-15
06905.23 1.964e-15
06906.93 1.935e-15
06908.63 1.935e-15
06910.32 1.969e-15
06912.02 2.029e-15
06913.72 2.081e-15
06915.41 2.096e-15
06917.11 2.086e-15
06918.81 2.062e-15
06920.50 2.029e-15
06922.20 1.992e-15
06923.90 1.976e-15
06925.59 2.000e-15
06927.29 2.021e-15
06928.99 1.988e-15
06930.69 1.934e-15
06932.38 1.907e-15
06934.08 1.899e-15
06935.78 1.887e-15
06937.47 1.871e-15
06939.17 1.858e-15
06940.87 1.847e-15
06942.56 1.833e-15
06944.26 1.824e-15
06945.96 1.831e-15
06947.65 1.852e-15
06949.35 1.873e-15
06951.05 1.887e-15
06952.74 1.897e-15
06954.44 1.903e-15
06956.14 1.909e-15
06957.83 1.912e-15
06959.53 1.901e-15
06961.23 1.879e-15
06962.92 1.876e-15
06964.62 1.901e-15
06966.32 1.924e-15
06968.02 1.929e-15
06969.71 1.938e-15
06971.41 1.964e-15
06973.11 1.998e-15
06974.80 2.028e-15
06976.50 2.042e-15
06978.20 2.035e-15
06979.89 2.021e-15
06981.59 2.017e-15
06983.29 2.012e-15
06984.98 1.992e-15
06986.68 1.971e-15
06988.38 1.970e-15
06990.07 1.980e-15
06991.77 1.986e-15
06993.47 1.997e-15
06995.16 2.026e-15
06996.86 2.058e-15
06998.56 2.063e-15
07000.25 2.053e-15
07001.95 2.061e-15
07003.65 2.087e-15
07005.35 2.112e-15
07007.04 2.136e-15
07008.74 2.181e-15
07010.44 2.238e-15
07012.13 2.267e-15
07013.83 2.253e-15
07015.53 2.216e-15
07017.22 2.174e-15
07018.92 2.153e-15
07020.62 2.167e-15
07022.31 2.211e-15
07024.01 2.269e-15
07025.71 2.298e-15
07027.40 2.276e-15
07029.10 2.248e-15
07030.80 2.251e-15
07032.49 2.270e-15
07034.19 2.287e-15
07035.89 2.292e-15
07037.58 2.277e-15
07039.28 2.274e-15
07040.98 2.311e-15
07042.67 2.359e-15
07044.37 2.376e-15
07046.07 2.364e-15
07047.77 2.333e-15
07049.46 2.306e-15
07051.16 2.310e-15
07052.86 2.337e-15
07054.55 2.366e-15
07056.25 2.374e-15
07057.95 2.342e-15
07059.64 2.296e-15
07061.34 2.299e-15
07063.04 2.344e-15
07064.73 2.375e-15
07066.43 2.374e-15
07068.13 2.366e-15
07069.82 2.361e-15
07071.52 2.359e-15
07073.22 2.366e-15
07074.91 2.399e-15
07076.61 2.447e-15
07078.31 2.449e-15
07080.00 2.383e-15
07081.70 2.308e-15
07083.40 2.272e-15
07085.10 2.278e-15
07086.79 2.320e-15
07088.49 2.371e-15
07090.19 2.405e-15
07091.88 2.409e-15
07093.58 2.381e-15
07095.28 2.354e-15
07096.97 2.360e-15
07098.67 2.367e-15
07100.37 2.334e-15
07102.06 2.297e-15
07103.76 2.305e-15
07105.46 2.319e-15
07107.15 2.281e-15
07108.85 2.223e-15
07110.55 2.213e-15
07112.24 2.243e-15
07113.94 2.274e-15
07115.64 2.290e-15
07117.33 2.285e-15
07119.03 2.265e-15
07120.73 2.250e-15
07122.42 2.242e-15
07124.12 2.227e-15
07125.82 2.213e-15
07127.52 2.230e-15
07129.21 2.274e-15
07130.91 2.294e-15
07132.61 2.269e-15
07134.30 2.232e-15
07136.00 2.204e-15
07137.70 2.187e-15
07139.39 2.181e-15
07141.09 2.175e-15
07142.79 2.163e-15
07144.48 2.151e-15
07146.18 2.144e-15
07147.88 2.143e-15
07149.57 2.147e-15
07151.27 2.154e-15
07152.97 2.161e-15
07154.66 2.138e-15
07156.36 2.058e-15
07158.06 1.997e-15
07159.75 2.043e-15
07161.45 2.131e-15
07163.15 2.158e-15
07164.85 2.134e-15
07166.54 2.108e-15
07168.24 2.089e-15
07169.94 2.075e-15
07171.63 2.059e-15
07173.33 2.029e-15
07175.03 2.002e-15
07176.72 2.014e-15
07178.42 2.062e-15
07180.12 2.110e-15
07181.81 2.135e-15
07183.51 2.113e-15
07185.21 2.058e-15
07186.90 2.027e-15
07188.60 2.039e-15
07190.30 2.052e-15
07191.99 2.044e-15
07193.69 2.024e-15
07195.39 2.000e-15
07197.08 1.973e-15
07198.78 1.948e-15
07200.48 1.923e-15
07202.18 1.899e-15
07203.87 1.875e-15
07205.57 1.853e-15
07207.27 1.871e-15
07208.96 1.958e-15
07210.66 2.039e-15
07212.36 2.041e-15
07214.05 2.005e-15
07215.75 1.990e-15
07217.45 1.999e-15
07219.14 2.024e-15
07220.84 2.049e-15
07222.54 2.050e-15
07224.23 2.043e-15
07225.93 2.060e-15
07227.63 2.084e-15
07229.32 2.071e-15
07231.02 2.030e-15
07232.72 2.000e-15
07234.41 1.996e-15
07236.11 2.021e-15
07237.81 2.055e-15
07239.50 2.050e-15
07241.20 2.008e-15
07242.90 1.981e-15
07244.60 2.006e-15
07246.29 2.099e-15
07247.99 2.228e-15
07249.69 2.275e-15
07251.38 2.189e-15
07253.08 2.081e-15
07254.78 2.030e-15
07256.47 2.033e-15
07258.17 2.076e-15
07259.87 2.133e-15
07261.56 2.174e-15
07263.26 2.188e-15
07264.96 2.171e-15
07266.65 2.121e-15
07268.35 2.048e-15
07270.05 1.969e-15
07271.74 1.905e-15
07273.44 1.882e-15
07275.14 1.923e-15
07276.83 2.007e-15
07278.53 2.101e-15
07280.23 2.164e-15
07281.93 2.155e-15
07283.62 2.103e-15
07285.32 2.075e-15
07287.02 2.079e-15
07288.71 2.092e-15
07290.41 2.106e-15
07292.11 2.120e-15
07293.80 2.139e-15
07295.50 2.172e-15
07297.20 2.212e-15
07298.89 2.234e-15
07300.59 2.221e-15
07302.29 2.165e-15
07303.98 2.082e-15
07305.68 2.035e-15
07307.38 2.048e-15
07309.07 2.060e-15
07310.77 2.037e-15
07312.47 2.034e-15
07314.16 2.079e-15
07315.86 2.105e-15
07317.56 2.066e-15
07319.25 2.026e-15
07320.95 2.036e-15
07322.65 2.043e-15
07324.35 1.997e-15
07326.04 1.956e-15
07327.74 1.978e-15
07329.44 2.009e-15
07331.13 1.976e-15
07332.83 1.919e-15
07334.53 1.907e-15
07336.22 1.930e-15
07337.92 1.955e-15
07339.62 1.970e-15
07341.31 1.969e-15
07343.01 1.955e-15
07344.71 1.939e-15
07346.40 1.926e-15
07348.10 1.917e-15
07349.80 1.916e-15
07351.49 1.926e-15
07353.19 1.943e-15
07354.89 1.962e-15
07356.58 1.971e-15
07358.28 1.954e-15
07359.98 1.913e-15
07361.68 1.887e-15
07363.37 1.890e-15
07365.07 1.882e-15
07366.77 1.843e-15
07368.46 1.813e-15
07370.16 1.815e-15
07371.86 1.829e-15
07373.55 1.838e-15
07375.25 1.834e-15
07376.95 1.816e-15
07378.64 1.817e-15
07380.34 1.864e-15
07382.04 1.908e-15
07383.73 1.896e-15
07385.43 1.872e-15
07387.13 1.889e-15
07388.82 1.925e-15
07390.52 1.943e-15
07392.22 1.939e-15
07393.91 1.919e-15
07395.61 1.905e-15
07397.31 1.930e-15
07399.01 1.974e-15
07400.70 1.993e-15
07402.40 1.979e-15
07404.10 1.945e-15
07405.79 1.901e-15
07407.49 1.860e-15
07409.19 1.826e-15
07410.88 1.795e-15
07412.58 1.774e-15
07414.28 1.788e-15
07415.97 1.835e-15
07417.67 1.884e-15
07419.37 1.913e-15
07421.06 1.918e-15
07422.76 1.899e-15
07424.46 1.876e-15
07426.15 1.867e-15
07427.85 1.885e-15
07429.55 1.932e-15
07431.24 1.970e-15
07432.94 1.967e-15
07434.64 1.939e-15
07436.33 1.906e-15
07438.03 1.890e-15
07439.73 1.907e-15
07441.43 1.932e-15
07443.12 1.931e-15
07444.82 1.927e-15
07446.52 1.948e-15
07448.21 1.980e-15
07449.91 1.993e-15
07451.61 1.983e-15
07453.30 1.951e-15
07455.00 1.914e-15
07456.70 1.894e-15
07458.39 1.896e-15
07460.09 1.911e-15
07461.79 1.925e-15
07463.48 1.925e-15
07465.18 1.912e-15
07466.88 1.904e-15
07468.57 1.911e-15
07470.27 1.933e-15
07471.97 1.960e-15
07473.66 1.959e-15
07475.36 1.925e-15
07477.06 1.908e-15
07478.76 1.932e-15
07480.45 1.962e-15
07482.15 1.975e-15
07483.85 1.967e-15
07485.54 1.942e-15
07487.24 1.926e-15
07488.94 1.939e-15
07490.63 1.968e-15
07492.33 1.996e-15
07494.03 2.009e-15
07495.72 1.998e-15
07497.42 1.976e-15
07499.12 1.960e-15
07500.81 1.962e-15
07502.51 1.988e-15
07504.21 2.013e-15
07505.90 1.999e-15
07507.60 1.961e-15
07509.30 1.925e-15
07510.99 1.911e-15
07512.69 1.934e-15
07514.39 1.964e-15
07516.09 1.949e-15
07517.78 1.894e-15
07519.48 1.849e-15
07521.18 1.836e-15
07522.87 1.860e-15
07524.57 1.902e-15
07526.27 1.905e-15
07527.96 1.863e-15
07529.66 1.829e-15
07531.36 1.827e-15
07533.05 1.838e-15
07534.75 1.851e-15
07536.45 1.874e-15
07538.14 1.902e-15
07539.84 1.904e-15
07541.54 1.867e-15
07543.23 1.830e-15
07544.93 1.820e-15
07546.63 1.824e-15
07548.32 1.829e-15
07550.02 1.838e-15
07551.72 1.849e-15
07553.41 1.851e-15
07555.11 1.833e-15
07556.81 1.798e-15
07558.51 1.751e-15
07560.20 1.705e-15
07561.90 1.673e-15
07563.60 1.662e-15
07565.29 1.675e-15
07566.99 1.696e-15
07568.69 1.703e-15
07570.38 1.702e-15
07572.08 1.710e-15
07573.78 1.721e-15
07575.47 1.713e-15
07577.17 1.689e-15
07578.87 1.672e-15
07580.56 1.667e-15
07582.26 1.668e-15
07583.96 1.672e-15
07585.65 1.681e-15
07587.35 1.693e-15
07589.05 1.702e-15
07590.74 1.703e-15
07592.44 1.695e-15
07594.14 1.668e-15
07595.84 1.592e-15
07597.53 1.462e-15
07599.23 1.357e-15
07600.93 1.330e-15
07602.62 1.328e-15
07604.32 1.309e-15
07606.02 1.293e-15
07607.71 1.304e-15
07609.41 1.378e-15
07611.11 1.540e-15
07612.80 1.689e-15
07614.50 1.719e-15
07616.20 1.671e-15
07617.89 1.619e-15
07619.59 1.581e-15
07621.29 1.560e-15
07622.98 1.555e-15
07624.68 1.562e-15
07626.38 1.562e-15
07628.07 1.529e-15
07629.77 1.490e-15
07631.47 1.505e-15
07633.16 1.562e-15
07634.86 1.598e-15
07636.56 1.600e-15
07638.26 1.597e-15
07639.95 1.592e-15
07641.65 1.557e-15
07643.35 1.508e-15
07645.04 1.517e-15
07646.74 1.595e-15
07648.44 1.655e-15
07650.13 1.652e-15
07651.83 1.628e-15
07653.53 1.610e-15
07655.22 1.596e-15
07656.92 1.586e-15
07658.62 1.586e-15
07660.31 1.597e-15
07662.01 1.614e-15
07663.71 1.627e-15
07665.40 1.628e-15
07667.10 1.613e-15
07668.80 1.591e-15
07670.49 1.574e-15
07672.19 1.574e-15
07673.89 1.597e-15
07675.59 1.624e-15
07677.28 1.627e-15
07678.98 1.616e-15
07680.68 1.612e-15
07682.37 1.610e-15
07684.07 1.598e-15
07685.77 1.584e-15
07687.46 1.587e-15
07689.16 1.616e-15
07690.86 1.677e-15
07692.55 1.748e-15
07694.25 1.786e-15
07695.95 1.777e-15
07697.64 1.744e-15
07699.34 1.703e-15
07701.04 1.670e-15
07702.73 1.655e-15
07704.43 1.664e-15
07706.13 1.690e-15
07707.82 1.712e-15
07709.52 1.710e-15
07711.22 1.682e-15
07712.92 1.633e-15
07714.61 1.607e-15
07716.31 1.632e-15
07718.01 1.658e-15
07719.70 1.646e-15
07721.40 1.629e-15
07723.10 1.638e-15
07724.79 1.655e-15
07726.49 1.657e-15
07728.19 1.652e-15
07729.88 1.652e-15
07731.58 1.663e-15
07733.28 1.693e-15
07734.97 1.733e-15
07736.67 1.766e-15
07738.37 1.789e-15
07740.06 1.804e-15
07741.76 1.807e-15
07743.46 1.792e-15
07745.15 1.769e-15
07746.85 1.757e-15
07748.55 1.770e-15
07750.24 1.813e-15
07751.94 1.871e-15
07753.64 1.903e-15
07755.34 1.898e-15
07757.03 1.879e-15
07758.73 1.861e-15
07760.43 1.842e-15
07762.12 1.824e-15
07763.82 1.817e-15
07765.52 1.817e-15
07767.21 1.798e-15
07768.91 1.754e-15
07770.61 1.728e-15
07772.30 1.749e-15
07774.00 1.794e-15
07775.70 1.836e-15
07777.39 1.845e-15
07779.09 1.802e-15
07780.79 1.750e-15
07782.48 1.735e-15
07784.18 1.744e-15
07785.88 1.758e-15
07787.57 1.775e-15
07789.27 1.799e-15
07790.97 1.832e-15
07792.67 1.880e-15
07794.36 1.914e-15
07796.06 1.889e-15
07797.76 1.828e-15
07799.45 1.781e-15
07801.15 1.759e-15
07802.85 1.752e-15
07804.54 1.753e-15
07806.24 1.757e-15
07807.94 1.758e-15
07809.63 1.751e-15
07811.33 1.735e-15
07813.03 1.717e-15
07814.72 1.701e-15
07816.42 1.694e-15
07818.12 1.698e-15
07819.81 1.700e-15
07821.51 1.697e-15
07823.21 1.715e-15
07824.90 1.760e-15
07826.60 1.788e-15
07828.30 1.776e-15
07829.99 1.751e-15
07831.69 1.739e-15
07833.39 1.725e-15
07835.09 1.701e-15
07836.78 1.693e-15
07838.48 1.725e-15
07840.18 1.768e-15
07841.87 1.790e-15
07843.57 1.792e-15
07845.27 1.779e-15
07846.96 1.778e-15
07848.66 1.817e-15
07850.36 1.863e-15
07852.05 1.860e-15
07853.75 1.819e-15
07855.45 1.774e-15
07857.14 1.755e-15
07858.84 1.795e-15
07860.54 1.861e-15
07862.23 1.873e-15
07863.93 1.839e-15
07865.63 1.838e-15
07867.32 1.872e-15
07869.02 1.865e-15
07870.72 1.805e-15
07872.42 1.755e-15
07874.11 1.745e-15
07875.81 1.755e-15
07877.51 1.772e-15
07879.20 1.781e-15
07880.90 1.778e-15
07882.60 1.784e-15
07884.29 1.806e-15
07885.99 1.816e-15
07887.69 1.796e-15
07889.38 1.775e-15
07891.08 1.779e-15
07892.78 1.811e-15
07894.47 1.868e-15
07896.17 1.911e-15
07897.87 1.907e-15
07899.56 1.882e-15
07901.26 1.873e-15
07902.96 1.873e-15
07904.65 1.867e-15
07906.35 1.854e-15
07908.05 1.834e-15
07909.75 1.826e-15
07911.44 1.854e-15
07913.14 1.895e-15
07914.84 1.901e-15
07916.53 1.865e-15
07918.23 1.799e-15
07919.93 1.738e-15
07921.62 1.732e-15
07923.32 1.776e-15
07925.02 1.809e-15
07926.71 1.806e-15
07928.41 1.783e-15
07930.11 1.759e-15
07931.80 1.763e-15
07933.50 1.799e-15
07935.20 1.818e-15
07936.89 1.797e-15
07938.59 1.771e-15
07940.29 1.763e-15
07941.98 1.764e-15
07943.68 1.765e-15
07945.38 1.758e-15
07947.07 1.737e-15
07948.77 1.708e-15
07950.47 1.678e-15
07952.17 1.657e-15
07953.86 1.650e-15
07955.56 1.653e-15
07957.26 1.659e-15
07958.95 1.665e-15
07960.65 1.666e-15
07962.35 1.681e-15
07964.04 1.734e-15
07965.74 1.802e-15
07967.44 1.850e-15
07969.13 1.858e-15
07970.83 1.814e-15
07972.53 1.752e-15
07974.22 1.736e-15
07975.92 1.764e-15
07977.62 1.795e-15
07979.31 1.808e-15
07981.01 1.796e-15
07982.71 1.768e-15
07984.40 1.747e-15
07986.10 1.742e-15
07987.80 1.743e-15
07989.50 1.742e-15
07991.19 1.740e-15
07992.89 1.730e-15
07994.59 1.700e-15
07996.28 1.646e-15
07997.98 1.598e-15
07999.68 1.577e-15
08001.37 1.583e-15
08003.07 1.611e-15
08004.77 1.631e-15
08006.46 1.619e-15
08008.16 1.600e-15
08009.86 1.601e-15
08011.55 1.617e-15
08013.25 1.639e-15
08014.95 1.660e-15
08016.64 1.672e-15
08018.34 1.680e-15
08020.04 1.690e-15
08021.73 1.692e-15
08023.43 1.670e-15
08025.13 1.633e-15
08026.82 1.600e-15
08028.52 1.581e-15
08030.22 1.589e-15
08031.92 1.614e-15
08033.61 1.634e-15
08035.31 1.634e-15
08037.01 1.603e-15
08038.70 1.556e-15
08040.40 1.536e-15
08042.10 1.552e-15
08043.79 1.560e-15
08045.49 1.548e-15
08047.19 1.539e-15
08048.88 1.542e-15
08050.58 1.540e-15
08052.28 1.523e-15
08053.97 1.495e-15
08055.67 1.463e-15
08057.37 1.453e-15
08059.06 1.479e-15
08060.76 1.510e-15
08062.46 1.519e-15
08064.15 1.498e-15
08065.85 1.447e-15
08067.55 1.412e-15
08069.25 1.434e-15
08070.94 1.485e-15
08072.64 1.520e-15
08074.34 1.539e-15
08076.03 1.548e-15
08077.73 1.538e-15
08079.43 1.498e-15
08081.12 1.451e-15
08082.82 1.435e-15
08084.52 1.446e-15
08086.21 1.463e-15
08087.91 1.477e-15
08089.61 1.482e-15
08091.30 1.479e-15
08093.00 1.470e-15
08094.70 1.460e-15
08096.39 1.447e-15
08098.09 1.433e-15
08099.79 1.417e-15
08101.48 1.401e-15
08103.18 1.385e-15
08104.88 1.369e-15
08106.58 1.355e-15
08108.27 1.343e-15
08109.97 1.346e-15
08111.67 1.365e-15
08113.36 1.383e-15
08115.06 1.385e-15
08116.76 1.365e-15
08118.45 1.322e-15
08120.15 1.283e-15
08121.85 1.274e-15
08123.54 1.296e-15
08125.24 1.341e-15
08126.94 1.383e-15
08128.63 1.394e-15
08130.33 1.376e-15
08132.03 1.341e-15
08133.72 1.307e-15
08135.42 1.298e-15
08137.12 1.303e-15
08138.81 1.299e-15
08140.51 1.288e-15
08142.21 1.280e-15
08143.90 1.281e-15
08145.60 1.299e-15
08147.30 1.324e-15
08149.00 1.337e-15
08150.69 1.336e-15
08152.39 1.333e-15
08154.09 1.334e-15
08155.78 1.344e-15
08157.48 1.353e-15
08159.18 1.339e-15
08160.87 1.302e-15
08162.57 1.280e-15
08164.27 1.292e-15
08165.96 1.318e-15
08167.66 1.337e-15
08169.36 1.324e-15
08171.05 1.272e-15
08172.75 1.239e-15
08174.45 1.263e-15
08176.14 1.294e-15
08177.84 1.287e-15
08179.54 1.249e-15
08181.23 1.195e-15
08182.93 1.163e-15
08184.63 1.183e-15
08186.33 1.204e-15
08188.02 1.163e-15
08189.72 1.086e-15
08191.42 1.014e-15
08193.11 9.698e-16
08194.81 9.656e-16
08196.51 9.877e-16
08198.20 1.009e-15
08199.90 1.019e-15
08201.60 1.018e-15
08203.29 1.010e-15
08204.99 9.991e-16
08206.69 9.888e-16
08208.38 9.785e-16
08210.08 9.648e-16
08211.78 9.406e-16
08213.47 9.068e-16
08215.17 8.730e-16
08216.87 8.480e-16
08218.56 8.417e-16
08220.26 8.484e-16
08221.96 8.320e-16
08223.65 7.740e-16
08225.35 6.948e-16
08227.05 6.158e-16
08228.75 5.586e-16
08230.44 5.376e-16
08232.14 5.378e-16
08233.84 5.427e-16
08235.53 5.446e-16
08237.23 5.374e-16
08238.93 5.251e-16
08240.62 5.132e-16
08242.32 5.043e-16
08244.02 5.004e-16
08245.71 4.904e-16
08247.41 4.611e-16
08249.11 4.306e-16
08250.80 4.252e-16
08252.50 4.360e-16
08254.20 4.416e-16
08255.89 4.334e-16
08257.59 4.081e-16
08259.29 3.783e-16
08260.98 3.674e-16
08262.68 3.760e-16
08264.38 3.878e-16
08266.08 3.940e-16
08267.77 3.914e-16
08269.47 3.823e-16
08271.17 3.774e-16
08272.86 3.792e-16
08274.56 3.787e-16
08276.26 3.701e-16
08277.95 3.509e-16
08279.65 3.249e-16
08281.35 3.104e-16
08283.04 3.165e-16
08284.74 3.270e-16
08286.44 3.292e-16
08288.13 3.264e-16
08289.83 3.226e-16
08291.53 3.252e-16
08293.22 3.397e-16
08294.92 3.557e-16
08296.62 3.629e-16
08298.31 3.682e-16
08300.01 3.800e-16
08301.71 3.928e-16
08303.41 3.984e-16
08305.10 3.985e-16
08306.80 3.976e-16
08308.50 3.916e-16
08310.19 3.742e-16
08311.89 3.563e-16
08313.59 3.549e-16
08315.28 3.734e-16
08316.98 4.092e-16
08318.68 4.408e-16
08320.37 4.331e-16
08322.07 3.920e-16
08323.77 3.583e-16
08325.46 3.495e-16
08327.16 3.586e-16
08328.86 3.788e-16
08330.55 4.019e-16
08332.25 4.201e-16
08333.95 4.273e-16
08335.64 4.232e-16
08337.34 4.195e-16
08339.04 4.214e-16
08340.73 4.170e-16
08342.43 3.994e-16
08344.13 3.753e-16
08345.83 3.533e-16
08347.52 3.483e-16
08349.22 3.698e-16
08350.92 3.980e-16
08352.61 4.122e-16
08354.31 4.178e-16
08356.01 4.228e-16
08357.70 4.203e-16
08359.40 4.024e-16
08361.10 3.828e-16
08362.79 3.793e-16
08364.49 3.903e-16
08366.19 4.081e-16
08367.88 4.239e-16
08369.58 4.280e-16
08371.28 4.208e-16
08372.97 4.101e-16
08374.67 3.936e-16
08376.37 3.622e-16
08378.06 3.297e-16
08379.76 3.283e-16
08381.46 3.586e-16
08383.16 3.908e-16
08384.85 4.090e-16
08386.55 4.119e-16
08388.25 4.061e-16
08389.94 4.144e-16
08391.64 4.423e-16
08393.34 4.631e-16
08395.03 4.592e-16
08396.73 4.328e-16
08398.43 3.909e-16
08400.12 3.510e-16
08401.82 3.297e-16
08403.52 3.371e-16
08405.21 3.756e-16
08406.91 4.211e-16
08408.61 4.496e-16
08410.30 4.623e-16
08412.00 4.645e-16
08413.70 4.610e-16
08415.39 4.575e-16
08417.09 4.547e-16
08418.79 4.518e-16
08420.48 4.542e-16
08422.18 4.682e-16
08423.88 4.886e-16
08425.58 5.057e-16
08427.27 5.178e-16
08428.97 5.268e-16
08430.67 5.337e-16
08432.36 5.387e-16
08434.06 5.442e-16
08435.76 5.562e-16
08437.45 5.651e-16
08439.15 5.466e-16
08440.85 5.029e-16
08442.54 4.626e-16
08444.24 4.489e-16
08445.94 4.813e-16
08447.63 5.502e-16
08449.33 5.949e-16
08451.03 5.819e-16
08452.72 5.339e-16
08454.42 4.779e-16
08456.12 4.506e-16
08457.81 4.746e-16
08459.51 5.212e-16
08461.21 5.617e-16
08462.91 5.865e-16
08464.60 5.905e-16
08466.30 5.891e-16
08468.00 5.988e-16
08469.69 6.157e-16
08471.39 6.331e-16
08473.09 6.459e-16
08474.78 6.493e-16
08476.48 6.544e-16
08478.18 6.763e-16
08479.87 7.011e-16
08481.57 7.055e-16
08483.27 6.957e-16
08484.96 6.906e-16
08486.66 6.962e-16
08488.36 7.069e-16
08490.05 7.320e-16
08491.75 7.996e-16
08493.45 8.387e-16
08495.14 6.967e-16
08496.84 3.810e-16
08498.54 5.513e-17
08500.24 -1.391e-16
08501.93 -7.711e-17
08503.63 2.307e-16
08505.33 5.521e-16
08507.02 7.381e-16
08508.72 8.155e-16
08510.42 8.222e-16
08512.11 8.227e-16
08513.81 8.649e-16
08515.51 9.151e-16
08517.20 9.418e-16
08518.90 9.373e-16
08520.60 9.013e-16
08522.29 8.747e-16
08523.99 8.941e-16
08525.69 9.368e-16
08527.38 9.727e-16
08529.08 9.961e-16
08530.78 1.006e-15
08532.47 1.015e-15
08534.17 1.041e-15
08535.87 1.075e-15
08537.56 1.102e-15
08539.26 1.123e-15
08540.96 1.146e-15
08542.66 1.164e-15
08544.35 1.164e-15
08546.05 1.154e-15
08547.75 1.153e-15
08549.44 1.169e-15
08551.14 1.201e-15
08552.84 1.236e-15
08554.53 1.253e-15
08556.23 1.247e-15
08557.93 1.233e-15
08559.62 1.227e-15
08561.32 1.247e-15
08563.02 1.294e-15
08564.71 1.334e-15
08566.41 1.347e-15
08568.11 1.337e-15
08569.80 1.312e-15
08571.50 1.302e-15
08573.20 1.327e-15
08574.89 1.356e-15
08576.59 1.366e-15
08578.29 1.370e-15
08579.99 1.383e-15
08581.68 1.408e-15
08583.38 1.448e-15
08585.08 1.482e-15
08586.77 1.490e-15
08588.47 1.491e-15
08590.17 1.514e-15
08591.86 1.552e-15
08593.56 1.591e-15
08595.26 1.619e-15
08596.95 1.627e-15
08598.65 1.616e-15
08600.35 1.596e-15
08602.04 1.587e-15
08603.74 1.618e-15
08605.44 1.683e-15
08607.13 1.749e-15
08608.83 1.800e-15
08610.53 1.835e-15
08612.22 1.855e-15
08613.92 1.872e-15
08615.62 1.889e-15
08617.32 1.887e-15
08619.01 1.870e-15
08620.71 1.871e-15
08622.41 1.901e-15
08624.10 1.928e-15
08625.80 1.931e-15
08627.50 1.908e-15
08629.19 1.867e-15
08630.89 1.852e-15
08632.59 1.889e-15
08634.28 1.936e-15
08635.98 1.952e-15
08637.68 1.941e-15
08639.37 1.917e-15
08641.07 1.887e-15
08642.77 1.863e-15
08644.46 1.865e-15
08646.16 1.910e-15
08647.86 1.977e-15
08649.55 2.036e-15
08651.25 2.061e-15
08652.95 2.032e-15
08654.64 1.975e-15
08656.34 1.943e-15
08658.04 1.957e-15
08659.74 2.023e-15
08661.43 2.106e-15
08663.13 2.136e-15
08664.83 2.109e-15
08666.52 2.076e-15
08668.22 2.058e-15
08669.92 2.043e-15
08671.61 2.035e-15
08673.31 2.060e-15
08675.01 2.117e-15
08676.70 2.170e-15
08678.40 2.198e-15
08680.10 2.214e-15
08681.79 2.219e-15
08683.49 2.183e-15
08685.19 2.104e-15
08686.88 2.068e-15
08688.58 2.131e-15
08690.28 2.227e-15
08691.97 2.293e-15
08693.67 2.307e-15
08695.37 2.260e-15
08697.07 2.193e-15
08698.76 2.152e-15
08700.46 2.128e-15
08702.16 2.104e-15
08703.85 2.091e-15
08705.55 2.102e-15
08707.25 2.120e-15
08708.94 2.116e-15
08710.64 2.099e-15
08712.34 2.088e-15
08714.03 2.089e-15
08715.73 2.105e-15
08717.43 2.123e-15
08719.12 2.123e-15
08720.82 2.108e-15
08722.52 2.104e-15
08724.21 2.117e-15
08725.91 2.136e-15
08727.61 2.151e-15
08729.30 2.141e-15
08731.00 2.110e-15
08732.70 2.103e-15
08734.39 2.132e-15
08736.09 2.156e-15
08737.79 2.154e-15
08739.49 2.147e-15
08741.18 2.150e-15
08742.88 2.169e-15
08744.58 2.200e-15
08746.27 2.211e-15
08747.97 2.177e-15
08749.67 2.111e-15
08751.36 2.035e-15
08753.06 2.008e-15
08754.76 2.079e-15
08756.45 2.177e-15
08758.15 2.214e-15
08759.85 2.192e-15
08761.54 2.134e-15
08763.24 2.067e-15
08764.94 2.023e-15
08766.63 1.993e-15
08768.33 1.957e-15
08770.03 1.918e-15
08771.72 1.885e-15
08773.42 1.877e-15
08775.12 1.912e-15
08776.82 1.969e-15
08778.51 1.991e-15
08780.21 1.975e-15
08781.91 1.962e-15
08783.60 1.965e-15
08785.30 1.959e-15
08787.00 1.942e-15
08788.69 1.937e-15
08790.39 1.951e-15
08792.09 1.976e-15
08793.78 1.998e-15
08795.48 1.985e-15
08797.18 1.926e-15
08798.87 1.854e-15
08800.57 1.797e-15
08802.27 1.771e-15
08803.96 1.779e-15
08805.66 1.782e-15
08807.36 1.745e-15
08809.05 1.673e-15
08810.75 1.581e-15
08812.45 1.495e-15
08814.15 1.442e-15
08815.84 1.419e-15
08817.54 1.410e-15
08819.24 1.404e-15
08820.93 1.390e-15
08822.63 1.369e-15
08824.33 1.347e-15
08826.02 1.333e-15
08827.72 1.339e-15
08829.42 1.359e-15
08831.11 1.380e-15
08832.81 1.397e-15
08834.51 1.405e-15
08836.20 1.417e-15
08837.90 1.452e-15
08839.60 1.511e-15
08841.29 1.570e-15
08842.99 1.607e-15
08844.69 1.601e-15
08846.38 1.563e-15
08848.08 1.565e-15
08849.78 1.630e-15
08851.47 1.677e-15
08853.17 1.664e-15
08854.87 1.630e-15
08856.57 1.612e-15
08858.26 1.624e-15
08859.96 1.671e-15
08861.66 1.708e-15
08863.35 1.702e-15
08865.05 1.684e-15
08866.75 1.690e-15
08868.44 1.720e-15
08870.14 1.770e-15
08871.84 1.802e-15
08873.53 1.776e-15
08875.23 1.722e-15
08876.93 1.685e-15
08878.62 1.675e-15
08880.32 1.692e-15
08882.02 1.712e-15
08883.71 1.703e-15
08885.41 1.669e-15
08887.11 1.635e-15
08888.80 1.619e-15
08890.50 1.644e-15
08892.20 1.683e-15
08893.90 1.662e-15
08895.59 1.584e-15
08897.29 1.524e-15
08898.99 1.515e-15
08900.68 1.546e-15
08902.38 1.603e-15
08904.08 1.663e-15
08905.77 1.707e-15
08907.47 1.721e-15
08909.17 1.709e-15
08910.86 1.707e-15
08912.56 1.730e-15
08914.26 1.730e-15
08915.95 1.674e-15
08917.65 1.585e-15
08919.35 1.495e-15
08921.04 1.435e-15
08922.74 1.431e-15
08924.44 1.475e-15
08926.13 1.550e-15
08927.83 1.600e-15
08929.53 1.571e-15
08931.22 1.507e-15
08932.92 1.474e-15
08934.62 1.474e-15
08936.32 1.492e-15
08938.01 1.506e-15
08939.71 1.487e-15
08941.41 1.453e-15
08943.10 1.447e-15
08944.80 1.457e-15
08946.50 1.445e-15
08948.19 1.407e-15
08949.89 1.363e-15
08951.59 1.332e-15
08953.28 1.331e-15
08954.98 1.362e-15
08956.68 1.412e-15
08958.37 1.455e-15
08960.07 1.440e-15
08961.77 1.367e-15
08963.46 1.315e-15
08965.16 1.329e-15
08966.86 1.376e-15
08968.55 1.426e-15
08970.25 1.456e-15
08971.95 1.453e-15
08973.65 1.442e-15
08975.34 1.443e-15
08977.04 1.449e-15
08978.74 1.447e-15
08980.43 1.436e-15
08982.13 1.415e-15
08983.83 1.372e-15
08985.52 1.300e-15
08987.22 1.246e-15
08988.92 1.266e-15
08990.61 1.315e-15
08992.31 1.325e-15
08994.01 1.311e-15
08995.70 1.314e-15
08997.40 1.335e-15
08999.10 1.353e-15
09000.79 1.365e-15
09002.49 1.375e-15
09004.19 1.371e-15
09005.88 1.329e-15
09007.58 1.267e-15
09009.28 1.233e-15
09010.98 1.240e-15
09012.67 1.266e-15
09014.37 1.292e-15
09016.07 1.298e-15
09017.76 1.283e-15
09019.46 1.279e-15
09021.16 1.295e-15
09022.85 1.288e-15
09024.55 1.242e-15
09026.25 1.196e-15
09027.94 1.178e-15
09029.64 1.179e-15
09031.34 1.186e-15
09033.03 1.189e-15
09034.73 1.176e-15
09036.43 1.158e-15
09038.12 1.147e-15
09039.82 1.150e-15
09041.52 1.173e-15
09043.21 1.195e-15
09044.91 1.190e-15
09046.61 1.168e-15
09048.30 1.144e-15
09050.00 1.130e-15
09051.70 1.139e-15
09053.40 1.153e-15
09055.09 1.141e-15
09056.79 1.123e-15
09058.49 1.149e-15
09060.18 1.194e-15
09061.88 1.183e-15
09063.58 1.122e-15
09065.27 1.071e-15
09066.97 1.063e-15
09068.67 1.104e-15
09070.36 1.170e-15
09072.06 1.192e-15
09073.76 1.144e-15
09075.45 1.064e-15
09077.15 9.864e-16
09078.85 9.388e-16
09080.54 9.385e-16
09082.24 9.778e-16
09083.94 1.040e-15
09085.63 1.091e-15
09087.33 1.106e-15
09089.03 1.090e-15
09090.73 1.055e-15
09092.42 1.011e-15
09094.12 9.732e-16
09095.82 9.435e-16
09097.51 9.239e-16
09099.21 9.374e-16
09100.91 1.004e-15
09102.60 1.060e-15
09104.30 1.033e-15
09106.00 9.559e-16
09107.69 8.948e-16
09109.39 8.830e-16
09111.09 9.431e-16
09112.78 1.035e-15
09114.48 1.087e-15
09116.18 1.090e-15
09117.87 1.072e-15
09119.57 1.050e-15
09121.27 1.037e-15
09122.96 1.038e-15
09124.66 1.047e-15
09126.36 1.054e-15
09128.05 1.046e-15
09129.75 1.017e-15
09131.45 9.809e-16
09133.15 9.502e-16
09134.84 9.421e-16
09136.54 9.641e-16
09138.24 1.006e-15
09139.93 1.052e-15
09141.63 1.075e-15
09143.33 1.059e-15
09145.02 1.053e-15
09146.72 1.085e-15
09148.42 1.098e-15
09150.11 1.044e-15
09151.81 9.601e-16
09153.51 8.922e-16
09155.20 8.482e-16
09156.90 8.303e-16
09158.60 8.511e-16
09160.29 9.192e-16
09161.99 9.936e-16
09163.69 1.022e-15
09165.38 1.016e-15
09167.08 1.011e-15
09168.78 1.007e-15
09170.48 9.883e-16
09172.17 9.728e-16
09173.87 9.936e-16
09175.57 1.038e-15
09177.26 1.060e-15
09178.96 1.059e-15
09180.66 1.063e-15
09182.35 1.083e-15
09184.05 1.109e-15
09185.75 1.139e-15
09187.44 1.186e-15
09189.14 1.241e-15
09190.84 1.266e-15
09192.53 1.245e-15
09194.23 1.209e-15
09195.93 1.178e-15
09197.62 1.155e-15
09199.32 1.140e-15
09201.02 1.155e-15
09202.71 1.204e-15
09204.41 1.241e-15
09206.11 1.230e-15
09207.81 1.197e-15
09209.50 1.167e-15
09211.20 1.170e-15
09212.90 1.226e-15
09214.59 1.285e-15
09216.29 1.291e-15
09217.99 1.268e-15
09219.68 1.258e-15
09221.38 1.271e-15
09223.08 1.307e-15
09224.77 1.337e-15
09226.47 1.317e-15
09228.17 1.263e-15
09229.86 1.222e-15
09231.56 1.206e-15
09233.26 1.209e-15
09234.95 1.229e-15
09236.65 1.262e-15
09238.35 1.296e-15
09240.04 1.315e-15
09241.74 1.312e-15
09243.44 1.297e-15
09245.13 1.269e-15
09246.83 1.209e-15
09248.53 1.128e-15
09250.23 1.091e-15
09251.92 1.128e-15
09253.62 1.195e-15
09255.32 1.252e-15
09257.01 1.274e-15
09258.71 1.252e-15
09260.41 1.234e-15
09262.10 1.258e-15
09263.80 1.298e-15
09265.50 1.325e-15
09267.19 1.345e-15
09268.89 1.366e-15
09270.59 1.374e-15
09272.28 1.355e-15
09273.98 1.322e-15
09275.68 1.297e-15
09277.37 1.282e-15
09279.07 1.272e-15
09280.77 1.282e-15
09282.46 1.332e-15
09284.16 1.392e-15
09285.86 1.405e-15
09287.56 1.385e-15
09289.25 1.385e-15
09290.95 1.402e-15
09292.65 1.394e-15
09294.34 1.361e-15
09296.04 1.340e-15
09297.74 1.337e-15
09299.43 1.338e-15
09301.13 1.312e-15
09302.83 1.202e-15
09304.52 1.036e-15
09306.22 1.003e-15
09307.92 1.176e-15
09309.61 1.386e-15
09311.31 1.513e-15
09313.01 1.574e-15
09314.70 1.581e-15
09316.40 1.527e-15
09318.10 1.420e-15
09319.79 1.288e-15
09321.49 1.159e-15
09323.19 1.061e-15
09324.88 1.015e-15
09326.58 1.017e-15
09328.28 1.054e-15
09329.98 1.094e-15
09331.67 1.108e-15
09333.37 1.104e-15
09335.07 1.102e-15
09336.76 1.108e-15
09338.46 1.123e-15
09340.16 1.154e-15
09341.85 1.210e-15
09343.55 1.278e-15
09345.25 1.334e-15
09346.94 1.356e-15
09348.64 1.319e-15
09350.34 1.246e-15
09352.03 1.203e-15
09353.73 1.201e-15
09355.43 1.192e-15
09357.12 1.169e-15
09358.82 1.174e-15
09360.52 1.212e-15
09362.21 1.232e-15
09363.91 1.212e-15
09365.61 1.189e-15
09367.31 1.180e-15
09369.00 1.162e-15
09370.70 1.121e-15
09372.40 1.079e-15
09374.09 1.050e-15
09375.79 1.037e-15
09377.49 1.036e-15
09379.18 1.029e-15
09380.88 9.997e-16
09382.58 1.006e-15
09384.27 1.102e-15
09385.97 1.195e-15
09387.67 1.180e-15
09389.36 1.121e-15
09391.06 1.120e-15
09392.76 1.168e-15
09394.45 1.226e-15
09396.15 1.253e-15
09397.85 1.199e-15
09399.54 1.113e-15
09401.24 1.092e-15
09402.94 1.118e-15
09404.64 1.101e-15
09406.33 1.053e-15
09408.03 1.071e-15
09409.73 1.153e-15
09411.42 1.208e-15
09413.12 1.206e-15
09414.82 1.175e-15
09416.51 1.144e-15
09418.21 1.147e-15
09419.91 1.189e-15
09421.60 1.215e-15
09423.30 1.199e-15
09425.00 1.187e-15
09426.69 1.208e-15
09428.39 1.251e-15
09430.09 1.301e-15
09431.78 1.322e-15
09433.48 1.292e-15
09435.18 1.241e-15
09436.87 1.200e-15
09438.57 1.174e-15
09440.27 1.163e-15
09441.96 1.154e-15
09443.66 1.133e-15
09445.36 1.120e-15
09447.06 1.140e-15
09448.75 1.172e-15
09450.45 1.177e-15
09452.15 1.174e-15
09453.84 1.202e-15
09455.54 1.221e-15
09457.24 1.159e-15
09458.93 1.063e-15
09460.63 1.050e-15
09462.33 1.120e-15
09464.02 1.192e-15
09465.72 1.228e-15
09467.42 1.221e-15
09469.11 1.187e-15
09470.81 1.175e-15
09472.51 1.196e-15
09474.20 1.207e-15
09475.90 1.185e-15
09477.60 1.132e-15
09479.29 1.062e-15
09480.99 1.022e-15
09482.69 1.037e-15
09484.39 1.069e-15
09486.08 1.088e-15
09487.78 1.082e-15
09489.48 1.049e-15
09491.17 1.029e-15
09492.87 1.051e-15
09494.57 1.103e-15
09496.26 1.159e-15
09497.96 1.143e-15
09499.66 9.899e-16
09501.35 8.228e-16
09503.05 7.942e-16
09504.75 8.656e-16
09506.44 9.477e-16
09508.14 1.017e-15
09509.84 1.067e-15
09511.53 1.102e-15
09513.23 1.136e-15
09514.93 1.162e-15
09516.62 1.165e-15
09518.32 1.151e-15
09520.02 1.136e-15
09521.72 1.130e-15
09523.41 1.142e-15
09525.11 1.160e-15
09526.81 1.156e-15
09528.50 1.134e-15
09530.20 1.139e-15
09531.90 1.175e-15
09533.59 1.177e-15
09535.29 1.123e-15
09536.99 1.079e-15
09538.68 1.084e-15
09540.38 1.109e-15
09542.08 1.132e-15
09543.77 1.138e-15
09545.47 1.120e-15
09547.17 1.104e-15
09548.86 1.112e-15
09550.56 1.131e-15
09552.26 1.145e-15
09553.95 1.142e-15
09555.65 1.113e-15
09557.35 1.081e-15
09559.04 1.075e-15
09560.74 1.087e-15
09562.44 1.100e-15
09564.14 1.113e-15
09565.83 1.127e-15
09567.53 1.142e-15
09569.23 1.159e-15
09570.92 1.157e-15
09572.62 1.102e-15
09574.32 1.023e-15
09576.01 9.856e-16
09577.71 9.974e-16
09579.41 1.020e-15
09581.10 1.038e-15
09582.80 1.050e-15
09584.50 1.065e-15
09586.19 1.103e-15
09587.89 1.155e-15
09589.59 1.161e-15
09591.28 1.115e-15
09592.98 1.107e-15
09594.68 1.177e-15
09596.37 1.257e-15
09598.07 1.295e-15
09599.77 1.286e-15
09601.47 1.233e-15
09603.16 1.184e-15
09604.86 1.179e-15
09606.56 1.180e-15
09608.25 1.156e-15
09609.95 1.152e-15
09611.65 1.209e-15
09613.34 1.255e-15
09615.04 1.213e-15
09616.74 1.136e-15
09618.43 1.101e-15
09620.13 1.105e-15
09621.83 1.124e-15
09623.52 1.125e-15
09625.22 1.066e-15
09626.92 9.987e-16
09628.61 1.018e-15
09630.31 1.105e-15
09632.01 1.178e-15
09633.70 1.201e-15
09635.40 1.169e-15
09637.10 1.109e-15
09638.79 1.086e-15
09640.49 1.117e-15
09642.19 1.161e-15
09643.89 1.192e-15
09645.58 1.190e-15
09647.28 1.158e-15
09648.98 1.138e-15
09650.67 1.146e-15
09652.37 1.125e-15
09654.07 1.054e-15
09655.76 1.015e-15
09657.46 1.049e-15
09659.16 1.069e-15
09660.85 1.017e-15
09662.55 9.754e-16
09664.25 1.013e-15
09665.94 1.098e-15
09667.64 1.186e-15
09669.34 1.219e-15
09671.03 1.145e-15
09672.73 1.038e-15
09674.43 9.903e-16
09676.12 1.033e-15
09677.82 1.178e-15
09679.52 1.327e-15
09681.22 1.346e-15
09682.91 1.274e-15
09684.61 1.232e-15
09686.31 1.229e-15
09688.00 1.227e-15
09689.70 1.201e-15
09691.40 1.128e-15
09693.09 1.031e-15
09694.79 9.741e-16
09696.49 9.741e-16
09698.18 1.003e-15
09699.88 1.038e-15
09701.58 1.058e-15
09703.27 1.055e-15
09704.97 1.035e-15
09706.67 1.006e-15
09708.36 9.733e-16
09710.06 9.439e-16
09711.76 9.323e-16
09713.45 9.431e-16
09715.15 9.458e-16
09716.85 9.261e-16
09718.55 9.464e-16
09720.24 1.049e-15
09721.94 1.162e-15
09723.64 1.216e-15
09725.33 1.200e-15
09727.03 1.124e-15
09728.73 1.038e-15
09730.42 1.001e-15
09732.12 9.969e-16
09733.82 9.908e-16
09735.51 9.739e-16
09737.21 9.427e-16
09738.91 9.169e-16
09740.60 9.260e-16
09742.30 9.583e-16
09744.00 9.816e-16
09745.69 9.898e-16
09747.39 9.926e-16
09749.09 9.923e-16
09750.78 9.868e-16
09752.48 9.812e-16
09754.18 9.868e-16
09755.87 1.004e-15
09757.57 1.017e-15
09759.27 1.022e-15
09760.97 1.030e-15
09762.66 1.038e-15
09764.36 1.013e-15
09766.06 9.508e-16
09767.75 8.985e-16
09769.45 8.890e-16
09771.15 9.085e-16
09772.84 9.441e-16
09774.54 1.000e-15
09776.24 1.071e-15
09777.93 1.095e-15
09779.63 1.027e-15
09781.33 9.177e-16
09783.02 8.230e-16
09784.72 7.663e-16
09786.42 7.611e-16
09788.11 7.763e-16
09789.81 7.700e-16
09791.51 7.550e-16
09793.20 7.584e-16
09794.90 7.711e-16
09796.60 7.734e-16
09798.30 7.611e-16
09799.99 7.356e-16
09801.69 7.163e-16
09803.39 7.317e-16
09805.08 7.867e-16
09806.78 8.715e-16
09808.48 9.550e-16
09810.17 9.866e-16
09811.87 9.632e-16
09813.57 9.346e-16
09815.26 9.260e-16
09816.96 9.294e-16
09818.66 9.392e-16
09820.35 9.521e-16
09822.05 9.609e-16
09823.75 9.532e-16
09825.44 9.268e-16
09827.14 9.042e-16
09828.84 9.015e-16
09830.53 9.152e-16
09832.23 9.367e-16
09833.93 9.353e-16
09835.62 8.909e-16
09837.32 8.513e-16
09839.02 8.621e-16
09840.72 9.058e-16
09842.41 9.549e-16
09844.11 9.822e-16
09845.81 9.631e-16
09847.50 9.191e-16
09849.20 8.848e-16
09850.90 8.706e-16
09852.59 8.774e-16
09854.29 9.082e-16
09855.99 9.632e-16
09857.68 1.030e-15
09859.38 1.092e-15
09861.08 1.126e-15
09862.77 1.110e-15
09864.47 1.045e-15
09866.17 9.575e-16
09867.86 8.735e-16
09869.56 8.225e-16
09871.26 8.064e-16
09872.95 7.913e-16
09874.65 7.643e-16
09876.35 7.446e-16
09878.05 7.506e-16
09879.74 8.089e-16
09881.44 9.178e-16
09883.14 1.004e-15
09884.83 1.027e-15
09886.53 1.050e-15
09888.23 1.118e-15
09889.92 1.179e-15
09891.62 1.188e-15
09893.32 1.129e-15
09895.01 1.003e-15
09896.71 8.936e-16
09898.41 8.805e-16
09900.10 9.219e-16
09901.80 9.553e-16
09903.50 9.727e-16
09905.19 9.764e-16
09906.89 9.938e-16
09908.59 1.061e-15
09910.28 1.138e-15
09911.98 1.160e-15
09913.68 1.129e-15
09915.38 1.086e-15
09917.07 1.043e-15
09918.77 1.005e-15
09920.47 9.706e-16
09922.16 9.399e-16
09923.86 9.072e-16
09925.56 8.640e-16
09927.25 8.157e-16
09928.95 7.819e-16
09930.65 7.837e-16
09932.34 8.463e-16
09934.04 9.659e-16
09935.74 1.093e-15
09937.43 1.181e-15
09939.13 1.185e-15
09940.83 1.096e-15
09942.52 9.968e-16
09944.22 9.524e-16
09945.92 9.436e-16
09947.61 9.502e-16
09949.31 9.764e-16
09951.01 1.021e-15
09952.70 1.073e-15
09954.40 1.118e-15
09956.10 1.121e-15
09957.80 1.052e-15
09959.49 9.712e-16
09961.19 9.549e-16
09962.89 9.705e-16
09964.58 9.591e-16
09966.28 9.147e-16
09967.98 8.436e-16
09969.67 8.125e-16
09971.37 9.190e-16
09973.07 1.089e-15
09974.76 1.151e-15
09976.46 1.087e-15
09978.16 9.833e-16
09979.85 8.956e-16
09981.55 8.614e-16
09983.25 8.852e-16
09984.94 9.274e-16
09986.64 9.683e-16
09988.34 1.021e-15
09990.03 1.073e-15
09991.73 1.076e-15
09993.43 1.011e-15
09995.13 9.112e-16
09996.82 8.148e-16
09998.52 7.809e-16
10000.22 8.379e-16
10001.91 9.244e-16
10003.61 9.786e-16
10005.31 9.585e-16
10007.00 8.442e-16
10008.70 7.066e-16
10010.40 6.227e-16
10012.09 6.116e-16
10013.79 6.758e-16
10015.49 8.065e-16
10017.18 9.830e-16
10018.88 1.131e-15
10020.58 1.170e-15
10022.27 1.104e-15
10023.97 9.687e-16
10025.67 8.333e-16
10027.36 7.840e-16
10029.06 8.014e-16
10030.76 8.046e-16
10032.45 7.946e-16
10034.15 8.234e-16
10035.85 8.827e-16
10037.55 9.220e-16
10039.24 9.175e-16
10040.94 8.660e-16
10042.64 7.938e-16
10044.33 7.691e-16
10046.03 8.050e-16
10047.73 8.296e-16
10049.42 7.991e-16
10051.12 7.226e-16
10052.82 6.122e-16
10054.51 4.849e-16
10056.21 3.666e-16
10057.91 2.997e-16
10059.60 3.112e-16
10061.30 3.807e-16
10063.00 4.788e-16
10064.69 5.796e-16
10066.39 6.549e-16
10068.09 6.504e-16
10069.78 5.284e-16
10071.48 3.526e-16
10073.18 2.044e-16
10074.88 1.485e-16
10076.57 2.360e-16
10078.27 3.902e-16
10079.97 4.948e-16
10081.66 5.305e-16
10083.36 5.160e-16
10085.06 4.983e-16
10086.75 5.396e-16
10088.45 6.412e-16
10090.15 7.714e-16
10091.84 8.581e-16
10093.54 7.945e-16
10095.24 6.086e-16
10096.93 4.518e-16
10098.63 4.004e-16
10100.33 4.485e-16
10102.02 5.544e-16
10103.72 6.184e-16
10105.42 5.884e-16
10107.11 5.035e-16
10108.81 4.013e-16
10110.51 3.084e-16
10112.21 2.522e-16
10113.90 2.629e-16
10115.60 3.389e-16
10117.30 3.736e-16
10118.99 2.902e-16
10120.69 1.611e-16
10122.39 6.548e-17
10124.08 4.606e-17
10125.78 1.286e-16
10127.48 2.375e-16
10129.17 2.855e-16
10130.87 2.945e-16
10132.57 3.085e-16
10134.26 3.267e-16
10135.96 3.405e-16
10137.66 3.314e-16
10139.35 2.751e-16
10141.05 2.160e-16
10142.75 2.278e-16
10144.44 2.981e-16
10146.14 3.690e-16
10147.84 3.989e-16
10149.53 3.530e-16
10151.23 2.595e-16
10152.93 2.044e-16
10154.63 2.113e-16
10156.32 2.352e-16
10158.02 2.542e-16
10159.72 2.770e-16
10161.41 2.937e-16
10163.11 2.700e-16
10164.81 1.946e-16
10166.50 8.778e-17
10168.20 -9.334e-18
10169.90 1.225e-17
10171.59 1.880e-16
10173.29 3.082e-16
10174.99 2.236e-16
10176.68 8.075e-17
10178.38 1.693e-17
10180.08 8.945e-18
10181.77 2.184e-17
10183.47 -2.861e-17
10185.17 -2.145e-16
10186.86 -3.124e-16
10188.56 -7.640e-17
10190.26 3.190e-16
10191.96 6.037e-16
10193.65 6.439e-16
10195.35 3.520e-16
10197.05 -4.003e-17
10198.74 -1.538e-16
10200.44 -4.562e-17
10202.14 -4.255e-18
10203.83 -5.533e-17
10205.53 -6.897e-17
10207.23 -1.523e-17
10208.92 7.386e-17
10210.62 1.614e-16
10212.32 1.944e-16
10214.01 1.645e-16
10215.71 1.292e-16
10217.41 9.818e-17
10219.10 -1.042e-17
10220.80 -1.708e-16
10222.50 -1.385e-16
10224.19 1.584e-16
10225.89 3.893e-16
10227.59 3.433e-16
10229.28 1.653e-16
10230.98 -1.140e-18
10232.68 -4.781e-17
10234.38 8.900e-17
10236.07 2.380e-16
10237.77 2.343e-16
10239.47 1.441e-16
10241.16 5.773e-17
10242.86 -1.442e-17
10244.56 -7.060e-17
10246.25 -9.995e-17
10247.95 -9.552e-17
10249.65 -5.959e-17
10251.34 1.845e-18
10253.04 6.764e-17
10254.74 1.092e-16
10256.43 1.403e-16
10258.13 1.982e-16
10259.83 2.556e-16
10261.52 2.457e-16
10263.22 1.777e-16
10264.92 1.203e-16
10266.61 7.818e-17
10268.31 -6.714e-18
10270.01 -1.114e-16
10271.71 -1.212e-16
10273.40 -1.990e-17
10275.10 8.410e-17
10276.80 1.055e-16
10278.49 -3.268e-17
10280.19 -2.785e-16
10281.89 -2.769e-16
10283.58 1.366e-16
10285.28 6.193e-16
10286.98 8.782e-16
10288.67 8.324e-16
10290.37 4.765e-16
10292.07 6.295e-17
10293.76 -1.636e-16
10295.46 -2.140e-16
10297.16 -1.411e-16
10298.85 -1.360e-17
10300.55 9.215e-17
10302.25 1.657e-16
10303.94 2.121e-16
10305.64 2.788e-16
10307.34 4.296e-16
10309.04 5.372e-16
10310.73 4.092e-16
10312.43 1.689e-16
10314.13 7.406e-17
10315.82 1.457e-16
10317.52 2.875e-16
10319.22 3.697e-16
10320.91 2.210e-16
10322.61 -8.157e-17
10324.31 -2.406e-16
10326.00 -1.735e-16
10327.70 -2.396e-17
10329.40 1.201e-16
10331.09 2.321e-16
10332.79 2.909e-16
10334.49 3.027e-16
10336.18 2.769e-16
10337.88 2.234e-16
10339.58 1.457e-16
10341.27 2.565e-18
10342.97 -1.945e-16
10344.67 -2.508e-16
10346.36 -4.651e-17
10348.06 2.335e-16
10349.76 4.086e-16
10351.46 4.513e-16
10353.15 3.629e-16
10354.85 2.175e-16
10356.55 1.040e-16
10358.24 3.615e-18
10359.94 -1.206e-16
10361.64 -1.683e-16
10363.33 -2.328e-17
10365.03 2.242e-16
10366.73 4.214e-16
10368.42 4.808e-16
10370.12 3.417e-16
10371.82 9.858e-17
10373.51 -6.016e-17
10375.21 -1.321e-16
10376.91 -2.460e-16
10378.60 -3.652e-16
10380.30 -3.148e-16
10382.00 -1.498e-16
10383.69 -1.582e-16
10385.39 -3.434e-16
10387.09 -3.637e-16
10388.79 -1.072e-16
10390.48 2.184e-16
10392.18 4.425e-16
10393.88 4.301e-16
10395.57 1.652e-16
10397.27 -7.521e-17
10398.97 -1.012e-16
10400.66 -1.522e-17
10402.36 8.600e-17
10404.06 1.703e-16
10405.75 2.140e-16
10407.45 2.500e-16
10409.15 3.142e-16
10410.84 4.361e-16
10412.54 6.278e-16
10414.24 7.488e-16
10415.93 6.612e-16
10417.63 3.955e-16
10419.33 1.975e-17
10421.02 -1.236e-16
10422.72 3.773e-16
10424.42 1.055e-15
10426.12 1.100e-15
10427.81 6.907e-16
10429.51 4.807e-16
10431.21 5.088e-16
10432.90 4.699e-16
10434.60 3.592e-16
10436.30 3.516e-16
10437.99 5.076e-16
10439.69 8.147e-16
10441.39 1.143e-15
10443.08 1.231e-15
10444.78 9.751e-16
10446.48 4.516e-16
10448.17 -9.777e-17
10449.87 -8.465e-17
10451.57 6.010e-16
10453.26 1.005e-15
10454.96 5.759e-16
10456.66 -1.621e-16
10458.35 -7.075e-16
10460.05 -6.637e-16
10461.75 1.508e-16
10463.44 9.640e-16
10465.14 1.071e-15
10466.84 6.804e-16
10468.54 1.225e-16
10470.23 -3.210e-16
10471.93 -3.928e-16
10473.63 -1.216e-16
10475.32 3.675e-16
10477.02 8.098e-16
10478.72 9.134e-16
10480.41 7.477e-16
10482.11 5.186e-16
10483.81 3.723e-16
10485.50 4.420e-16
10487.20 6.250e-16
10488.90 6.605e-16
10490.59 6.076e-16
10492.29 7.611e-16
10493.99 1.044e-15
10495.68 1.056e-15
10497.38 7.936e-16
10499.08 6.713e-16
10500.77 7.695e-16
10502.47 7.535e-16
10504.17 4.835e-16
10505.87 8.131e-17
10507.56 -2.905e-16
10509.26 -3.318e-16
10510.96 3.972e-17
10512.65 3.427e-16
10514.35 2.522e-16
10516.05 -3.832e-17
10517.74 -3.148e-16
10519.44 -3.373e-16
10521.14 4.296e-17
10522.83 4.668e-16
10524.53 5.750e-16
10526.23 4.020e-16
10527.92 5.828e-17
10529.62 5.923e-17
10531.32 6.017e-17
10533.01 6.112e-17
10534.71 6.206e-17
10536.41 6.301e-17
10538.10 6.395e-17
10539.80 6.490e-17
10541.50 6.584e-17
10543.19 6.679e-17
10544.89 6.773e-17
10546.59 6.868e-17
10548.29 6.962e-17
10549.98 7.057e-17
10551.68 7.151e-17
10553.38 7.246e-17
10555.07 7.340e-17
10556.77 7.435e-17
10558.47 7.529e-17
10560.16 7.624e-17
10561.86 7.718e-17
10563.56 7.813e-17
10565.25 7.907e-17
10566.95 8.002e-17
10568.65 8.096e-17
10570.34 8.191e-17
10572.04 8.285e-17
10573.74 8.380e-17
10575.43 -2.419e-17
10577.13 1.450e-17
10578.83 5.375e-17
10580.52 -3.422e-17
10582.22 -8.820e-17
10583.92 5.581e-17
10585.62 3.173e-16
10587.31 5.736e-16
10589.01 7.511e-16
10590.71 7.908e-16
10592.40 6.805e-16
10594.10 4.348e-16
10595.80 1.123e-16
10597.49 -1.988e-16
10599.19 -4.974e-16
10600.89 -8.433e-16
10602.58 -1.059e-15
10604.28 -8.267e-16
10605.98 -2.797e-16
10607.67 1.235e-16
10609.37 2.184e-16
10611.07 8.633e-17
10612.76 -1.188e-16
10614.46 -1.231e-16
10616.16 9.639e-17
10617.85 1.720e-16
10619.55 -6.044e-18
10621.25 -9.906e-17
10622.95 6.453e-17
10624.64 3.340e-16
10626.34 5.689e-16
10628.04 6.368e-16
10629.73 4.707e-16
10631.43 2.368e-16
10633.13 8.701e-17
10634.82 3.451e-17
10636.52 6.761e-17
10638.22 5.070e-17
10639.91 -1.342e-16
10641.61 -2.315e-16
10643.31 2.771e-17
10645.00 3.431e-16
10646.70 3.278e-16
10648.40 1.474e-16
10650.09 1.072e-16
10651.79 2.340e-16
10653.49 4.576e-16
10655.18 7.525e-16
10656.88 1.102e-15
10658.58 1.382e-15
10660.27 1.423e-15
10661.97 1.218e-15
10663.67 8.848e-16
10665.37 4.859e-16
10667.06 2.772e-17
10668.76 -3.724e-16
10670.46 -4.931e-16
10672.15 2.609e-16
10673.85 2.241e-16
10675.55 3.404e-16
10677.24 2.156e-16
10678.94 2.383e-16
10680.64 -3.525e-16
10682.33 1.846e-16
10684.03 -2.469e-16
10685.73 1.704e-16
10687.42 1.704e-16
10689.12 3.329e-16
10690.82 1.868e-16
10692.51 1.760e-16
10694.21 3.535e-16
10695.91 2.383e-16
10697.60 4.858e-16
10699.30 2.024e-16
10701.00 1.704e-16
10702.70 1.987e-16
10704.39 -3.418e-16
10706.09 2.156e-16
10707.79 3.296e-17
10709.48 6.156e-16
10711.18 1.846e-16
10712.88 1.987e-16
10714.57 1.925e-16
10716.27 1.945e-16
10717.97 1.964e-16
10719.66 1.984e-16
10721.36 2.003e-16
10723.06 2.023e-16
10724.75 9.576e-16
10726.45 8.375e-16
10728.15 6.457e-16
10729.84 5.005e-16
10731.54 4.737e-16
10733.24 5.306e-16
10734.93 6.171e-16
10736.63 6.619e-16
10738.33 6.246e-16
10740.02 5.551e-16
10741.72 4.884e-16
10743.42 3.964e-16
10745.12 2.706e-16
10746.81 1.678e-16
10748.51 1.330e-16
10750.21 1.521e-16
10751.90 2.014e-16
10753.60 2.422e-16
10755.30 2.390e-16
10756.99 2.161e-16
10758.69 2.072e-16
10760.39 1.915e-16
10762.08 1.420e-16
10763.78 6.320e-17
10765.48 -3.239e-17
10767.17 -8.284e-17
10768.87 -1.133e-17
10770.57 1.448e-16
10772.26 2.942e-16
10773.96 3.843e-16
10775.66 3.827e-16
10777.35 3.157e-16
10779.05 2.594e-16
10780.75 2.258e-16
10782.45 1.689e-16
10784.14 7.735e-17
10785.84 -2.829e-17
10787.54 -1.150e-16
10789.23 -1.253e-16
10790.93 -4.794e-17
10792.63 4.756e-17
10794.32 1.173e-16
10796.02 1.803e-16
10797.72 2.380e-16
10799.41 2.448e-16
10801.11 1.760e-16
10802.81 5.889e-17
10804.50 -7.141e-17
10806.20 -1.663e-16
10807.90 -1.873e-16
10809.59 -1.557e-16
10811.29 -1.017e-16
10812.99 -2.451e-17
10814.68 7.715e-17
10816.38 1.668e-16
10818.08 2.062e-16
10819.78 2.204e-16
10821.47 2.494e-16
10823.17 3.035e-16
10824.87 3.838e-16
10826.56 4.422e-16
10828.26 4.095e-16
10829.96 3.014e-16
10831.65 1.814e-16
10833.35 8.562e-17
10835.05 3.272e-17
10836.74 2.666e-17
10838.44 5.566e-17
10840.14 9.870e-17
10841.83 1.299e-16
10843.53 1.260e-16
10845.23 6.371e-17
10846.92 -3.654e-17
10848.62 -8.374e-17
10850.32 -3.951e-17
10852.01 3.319e-17
10853.71 8.005e-17
10855.41 6.643e-17
10857.10 -1.749e-17
10858.80 -1.048e-16
10860.50 -1.380e-16
10862.20 -1.153e-16
10863.89 -4.734e-17
10865.59 1.954e-17
10867.29 4.168e-17
10868.98 3.638e-17
10870.68 2.957e-17
10872.38 2.735e-17
10874.07 3.273e-17
10875.77 4.094e-17
10877.47 4.457e-17
10879.16 3.941e-17
10880.86 2.283e-17
10882.56 2.041e-18
10884.25 -1.200e-17
10885.95 -1.451e-17
10887.65 -3.558e-18
10889.34 1.092e-17
10891.04 1.123e-17
10892.74 -3.052e-18
10894.43 -1.956e-17
10896.13 -2.742e-17
10897.83 -1.601e-17
10899.53 1.057e-17
10901.22 2.984e-17
10902.92 3.105e-17
10904.62 2.045e-17
10906.31 5.750e-18
10908.01 -1.099e-18
10909.71 4.420e-18
10911.40 7.815e-18
10913.10 -1.696e-19
10914.80 -1.282e-17
10916.49 -2.351e-17
10918.19 -2.699e-17
10919.89 -1.990e-17
10921.58 -7.525e-18
10923.28 4.015e-18
10924.98 1.199e-17
10926.67 1.456e-17
10928.37 1.018e-17
10930.07 -1.431e-18
10931.76 -1.265e-17
10933.46 -1.461e-17
10935.16 -9.829e-18
10936.85 -4.438e-18
10938.55 8.339e-20
10940.25 3.803e-18
10941.95 5.775e-18
10943.64 4.942e-18
10945.34 2.167e-18
10947.04 -5.908e-19
10948.73 -2.420e-18
10950.43 -3.163e-18
10952.13 -3.077e-18
10953.82 -2.898e-18
10955.52 -2.876e-18
10957.22 -2.635e-18
10958.91 -2.106e-18
10960.61 -1.591e-18
10962.31 -1.248e-18
10964.00 -1.103e-18
10965.70 -1.017e-18
10967.40 -3.712e-19
10969.09 9.187e-19
10970.79 1.384e-18
10972.49 1.993e-19
10974.18 -1.186e-18
10975.88 -1.585e-18
10977.58 -1.470e-18
10979.28 -1.351e-18
10980.97 -1.273e-18
10982.67 -1.273e-18
10984.37 -1.097e-18
10986.06 -4.871e-19
10987.76 -2.862e-19
10989.46 -1.440e-18
10991.15 -2.821e-18
10992.85 -2.808e-18
10994.55 -1.790e-18
10996.24 -8.659e-19
10997.94 -1.364e-19
10999.64 7.027e-19
11001.33 1.328e-18
11003.03 1.130e-18
11004.73 2.994e-19
11006.42 -4.732e-19
11008.12 -8.414e-19
11009.82 -7.005e-19
11011.51 -3.049e-19
11013.21 -3.549e-19
11014.91 -8.981e-19
11016.61 -1.075e-18
11018.30 -6.604e-19
11020.00 -4.478e-19
11021.70 -7.323e-19
11023.39 -8.481e-19
11025.09 -4.690e-19
11026.79 -6.664e-20
11028.48 4.229e-20
11030.18 1.910e-20
11031.88 5.478e-22
11033.57 -1.268e-20
11035.27 -1.727e-20
11036.97 -1.553e-20
