03280.00 3.053e-17
03282.00 4.526e-17
03284.00 1.033e-16
03286.00 5.663e-17
03288.00 1.239e-17
03290.00 -3.803e-17
03292.00 9.512e-17
03294.00 3.138e-17
03296.00 1.702e-16
03298.00 1.611e-16
03300.00 2.109e-16
03302.00 3.256e-17
03304.00 6.320e-17
03306.00 1.618e-16
03308.00 3.890e-17
03310.00 -9.920e-18
03312.00 7.480e-17
03314.00 9.788e-17
03316.00 4.205e-17
03318.00 2.533e-17
03320.00 1.193e-16
03322.00 3.538e-17
03324.00 3.789e-18
03326.00 1.582e-16
03328.00 5.994e-17
03330.00 6.120e-17
03332.00 1.108e-17
03334.00 7.038e-17
03336.00 1.154e-16
03338.00 8.133e-17
03340.00 4.810e-17
03342.00 1.093e-16
03344.00 5.892e-17
03346.00 -1.136e-17
03348.00 1.350e-17
03350.00 1.188e-16
03352.00 1.189e-16
03354.00 1.169e-16
03356.00 6.815e-17
03358.00 8.657e-17
03360.00 1.027e-16
03362.00 9.646e-17
03364.00 9.006e-17
03366.00 2.897e-17
03368.00 8.702e-17
03370.00 8.970e-17
03372.00 1.117e-16
03374.00 8.167e-17
03376.00 5.844e-17
03378.00 5.032e-17
03380.00 6.432e-17
03382.00 -1.383e-17
03384.00 8.595e-17
03386.00 8.659e-17
03388.00 6.960e-17
03390.00 1.215e-17
03392.00 2.402e-17
03394.00 9.218e-17
03396.00 2.839e-17
03398.00 8.343e-17
03400.00 5.121e-17
03402.00 6.920e-17
03404.00 1.283e-16
03406.00 5.386e-17
03408.00 2.024e-17
03410.00 8.415e-17
03412.00 5.663e-17
03414.00 -4.977e-18
03416.00 4.292e-17
03418.00 7.923e-17
03420.00 1.117e-16
03422.00 8.150e-17
03424.00 8.762e-17
03426.00 1.101e-16
03428.00 9.623e-17
03430.00 9.133e-17
03432.00 5.375e-17
03434.00 6.626e-17
03436.00 9.708e-17
03438.00 2.343e-17
03440.00 7.982e-17
03442.00 5.726e-17
03444.00 9.639e-17
03446.00 5.935e-17
03448.00 3.234e-17
03450.00 6.996e-17
03452.00 8.909e-17
03454.00 9.082e-17
03456.00 1.230e-16
03458.00 1.244e-16
03460.00 1.066e-16
03462.00 8.489e-17
03464.00 9.732e-17
03466.00 7.240e-17
03468.00 7.187e-17
03470.00 8.215e-17
03472.00 1.235e-16
03474.00 1.226e-16
03476.00 9.565e-17
03478.00 1.541e-16
03480.00 1.303e-16
03482.00 1.371e-16
03484.00 1.069e-16
03486.00 8.915e-17
03488.00 1.338e-16
03490.00 1.442e-16
03492.00 1.266e-16
03494.00 1.194e-16
03496.00 1.727e-16
03498.00 1.486e-16
03500.00 1.157e-16
03502.00 1.062e-16
03504.00 8.991e-17
03506.00 1.157e-16
03508.00 1.274e-16
03510.00 8.936e-17
03512.00 1.049e-16
03514.00 1.325e-16
03516.00 1.071e-16
03518.00 1.057e-16
03520.00 1.214e-16
03522.00 1.353e-16
03524.00 1.147e-16
03526.00 1.446e-16
03528.00 8.705e-17
03530.00 9.130e-17
03532.00 1.100e-16
03534.00 1.392e-16
03536.00 1.165e-16
03538.00 4.965e-17
03540.00 7.919e-17
03542.00 6.840e-17
03544.00 6.994e-17
03546.00 6.319e-17
03548.00 6.002e-17
03550.00 7.180e-17
03552.00 7.292e-17
03554.00 1.075e-16
03556.00 5.463e-17
03558.00 8.177e-17
03560.00 1.203e-16
03562.00 9.236e-17
03564.00 1.161e-16
03566.00 9.593e-17
03568.00 6.590e-17
03570.00 7.061e-17
03572.00 9.816e-17
03574.00 1.028e-16
03576.00 1.050e-16
03578.00 8.835e-17
03580.00 9.315e-17
03582.00 7.638e-17
03584.00 8.025e-17
03586.00 8.475e-17
03588.00 1.006e-16
03590.00 1.401e-16
03592.00 7.398e-17
03594.00 8.933e-17
03596.00 1.396e-16
03598.00 9.404e-17
03600.00 1.047e-16
03602.00 1.158e-16
03604.00 1.039e-16
03606.00 9.948e-17
03608.00 9.945e-17
03610.00 1.114e-16
03612.00 1.025e-16
03614.00 1.114e-16
03616.00 1.096e-16
03618.00 1.180e-16
03620.00 1.022e-16
03622.00 9.165e-17
03624.00 8.503e-17
03626.00 8.694e-17
03628.00 7.319e-17
03630.00 8.698e-17
03632.00 1.158e-16
03634.00 7.938e-17
03636.00 1.076e-16
03638.00 7.913e-17
03640.00 8.471e-17
03642.00 7.703e-17
03644.00 9.583e-17
03646.00 8.133e-17
03648.00 1.368e-16
03650.00 7.081e-17
03652.00 1.418e-16
03654.00 1.262e-16
03656.00 1.513e-16
03658.00 1.469e-16
03660.00 1.367e-16
03662.00 1.574e-16
03664.00 8.161e-17
03666.00 9.730e-17
03668.00 1.237e-16
03670.00 1.390e-16
03672.00 1.348e-16
03674.00 1.202e-16
03676.00 1.137e-16
03678.00 1.132e-16
03680.00 1.109e-16
03682.00 1.296e-16
03684.00 1.238e-16
03686.00 1.141e-16
03688.00 1.032e-16
03690.00 1.278e-16
03692.00 9.808e-17
03694.00 9.464e-17
03696.00 8.144e-17
03698.00 1.015e-16
03700.00 1.191e-16
03702.00 9.051e-17
03704.00 6.932e-17
03706.00 6.603e-17
03708.00 9.792e-17
03710.00 8.183e-17
03712.00 8.596e-17
03714.00 8.290e-17
03716.00 7.994e-17
03718.00 8.660e-17
03720.00 8.644e-17
03722.00 8.979e-17
03724.00 6.938e-17
03726.00 8.984e-17
03728.00 8.892e-17
03730.00 7.493e-17
03732.00 6.341e-17
03734.00 7.114e-17
03736.00 9.912e-17
03738.00 7.198e-17
03740.00 7.369e-17
03742.00 6.766e-17
03744.00 5.372e-17
03746.00 6.352e-17
03748.00 8.173e-17
03750.00 6.730e-17
03752.00 6.458e-17
03754.00 5.077e-17
03756.00 5.254e-17
03758.00 4.518e-17
03760.00 2.643e-17
03762.00 2.220e-17
03764.00 3.746e-17
03766.00 2.945e-17
03768.00 5.732e-17
03770.00 5.066e-17
03772.00 2.700e-17
03774.00 5.471e-17
03776.00 3.291e-17
03778.00 4.626e-17
03780.00 3.351e-17
03782.00 4.539e-17
03784.00 4.002e-17
03786.00 3.428e-17
03788.00 4.335e-17
03790.00 5.291e-17
03792.00 5.686e-17
03794.00 6.491e-17
03796.00 4.497e-17
03798.00 4.659e-17
03800.00 6.295e-17
03802.00 5.291e-17
03804.00 4.830e-17
03806.00 5.927e-17
03808.00 2.549e-17
03810.00 4.111e-17
03812.00 3.388e-17
03814.00 4.479e-17
03816.00 4.926e-17
03818.00 3.803e-17
03820.00 3.782e-17
03822.00 2.754e-17
03824.00 4.606e-17
03826.00 5.651e-17
03828.00 4.796e-17
03830.00 4.073e-17
03832.00 5.927e-17
03834.00 4.792e-17
03836.00 4.257e-17
03838.00 3.225e-17
03840.00 6.368e-17
03842.00 3.834e-17
03844.00 4.438e-17
03846.00 5.462e-17
03848.00 5.775e-17
03850.00 7.035e-17
03852.00 4.628e-17
03854.00 4.540e-17
03856.00 3.395e-17
03858.00 5.534e-17
03860.00 5.797e-17
03862.00 6.448e-17
03864.00 5.829e-17
03866.00 6.614e-17
03868.00 5.619e-17
03870.00 5.362e-17
03872.00 5.528e-17
03874.00 6.329e-17
03876.00 7.046e-17
03878.00 5.203e-17
03880.00 6.712e-17
03882.00 6.490e-17
03884.00 7.077e-17
03886.00 6.954e-17
03888.00 8.879e-17
03890.00 9.786e-17
03892.00 7.602e-17
03894.00 9.017e-17
03896.00 8.966e-17
03898.00 8.844e-17
03900.00 1.071e-16
03902.00 6.992e-17
03904.00 9.374e-17
03906.00 8.926e-17
03908.00 1.250e-16
03910.00 1.245e-16
03912.00 1.449e-16
03914.00 1.227e-16
03916.00 1.556e-16
03918.00 1.664e-16
03920.00 1.546e-16
03922.00 1.649e-16
03924.00 1.717e-16
03926.00 1.876e-16
03928.00 2.103e-16
03930.00 2.164e-16
03932.00 2.072e-16
03934.00 2.287e-16
03936.00 2.300e-16
03938.00 2.526e-16
03940.00 2.475e-16
03942.00 2.403e-16
03944.00 2.397e-16
03946.00 2.453e-16
03948.00 2.591e-16
03950.00 2.621e-16
03952.00 2.169e-16
03954.00 2.216e-16
03956.00 2.371e-16
03958.00 2.312e-16
03960.00 2.404e-16
03962.00 2.044e-16
03964.00 2.250e-16
03966.00 1.889e-16
03968.00 2.222e-16
03970.00 2.216e-16
03972.00 2.127e-16
03974.00 2.072e-16
03976.00 2.318e-16
03978.00 2.130e-16
03980.00 2.058e-16
03982.00 2.225e-16
03984.00 2.192e-16
03986.00 2.296e-16
03988.00 1.933e-16
03990.00 2.284e-16
03992.00 2.191e-16
03994.00 2.055e-16
03996.00 1.975e-16
03998.00 2.245e-16
04000.00 2.407e-16
04002.00 2.376e-16
04004.00 2.549e-16
04006.00 2.276e-16
04008.00 2.275e-16
04010.00 2.442e-16
04012.00 2.262e-16
04014.00 2.412e-16
04016.00 2.371e-16
04018.00 2.446e-16
04020.00 2.255e-16
04022.00 2.409e-16
04024.00 2.666e-16
04026.00 2.735e-16
04028.00 2.371e-16
04030.00 2.490e-16
04032.00 2.450e-16
04034.00 2.639e-16
04036.00 2.646e-16
04038.00 2.643e-16
04040.00 2.713e-16
04042.00 2.855e-16
04044.00 2.814e-16
04046.00 2.582e-16
04048.00 2.728e-16
04050.00 2.813e-16
04052.00 2.855e-16
04054.00 2.888e-16
04056.00 3.096e-16
04058.00 2.901e-16
04060.00 2.797e-16
04062.00 2.733e-16
04064.00 2.778e-16
04066.00 2.901e-16
04068.00 2.946e-16
04070.00 2.848e-16
04072.00 2.658e-16
04074.00 2.628e-16
04076.00 2.713e-16
04078.00 2.816e-16
04080.00 2.734e-16
04082.00 2.752e-16
04084.00 2.743e-16
04086.00 2.879e-16
04088.00 2.473e-16
04090.00 2.669e-16
04092.00 2.504e-16
04094.00 2.599e-16
04096.00 2.637e-16
04098.00 2.626e-16
04100.00 2.469e-16
04102.00 2.775e-16
04104.00 2.547e-16
04106.00 2.672e-16
04108.00 2.813e-16
04110.00 2.832e-16
04112.00 2.590e-16
04114.00 2.550e-16
04116.00 2.413e-16
04118.00 2.304e-16
04120.00 2.380e-16
04122.00 2.472e-16
04124.00 2.440e-16
04126.00 2.491e-16
04128.00 2.443e-16
04130.00 2.586e-16
04132.00 2.454e-16
04134.00 2.674e-16
04136.00 2.258e-16
04138.00 2.435e-16
04140.00 2.375e-16
04142.00 2.491e-16
04144.00 2.272e-16
04146.00 2.332e-16
04148.00 2.297e-16
04150.00 2.412e-16
04152.00 2.511e-16
04154.00 2.520e-16
04156.00 2.557e-16
04158.00 2.550e-16
04160.00 2.537e-16
04162.00 2.406e-16
04164.00 2.134e-16
04166.00 2.310e-16
04168.00 2.367e-16
04170.00 2.477e-16
04172.00 2.349e-16
04174.00 2.310e-16
04176.00 2.622e-16
04178.00 2.436e-16
04180.00 2.474e-16
04182.00 2.355e-16
04184.00 2.308e-16
04186.00 2.354e-16
04188.00 2.185e-16
04190.00 2.314e-16
04192.00 2.352e-16
04194.00 2.205e-16
04196.00 2.360e-16
04198.00 2.434e-16
04200.00 2.335e-16
04202.00 2.341e-16
04204.00 2.362e-16
04206.00 2.305e-16
04208.00 2.343e-16
04210.00 2.227e-16
04212.00 2.379e-16
04214.00 2.339e-16
04216.00 2.272e-16
04218.00 2.220e-16
04220.00 2.422e-16
04222.00 2.515e-16
04224.00 2.332e-16
04226.00 2.179e-16
04228.00 2.240e-16
04230.00 2.262e-16
04232.00 2.338e-16
04234.00 2.191e-16
04236.00 2.496e-16
04238.00 2.421e-16
04240.00 2.292e-16
04242.00 2.120e-16
04244.00 2.031e-16
04246.00 2.199e-16
04248.00 2.414e-16
04250.00 2.230e-16
04252.00 2.319e-16
04254.00 2.149e-16
04256.00 2.079e-16
04258.00 2.373e-16
04260.00 2.408e-16
04262.00 2.220e-16
04264.00 2.302e-16
04266.00 2.243e-16
04268.00 2.427e-16
04270.00 2.239e-16
04272.00 2.238e-16
04274.00 2.315e-16
04276.00 2.231e-16
04278.00 2.432e-16
04280.00 2.207e-16
04282.00 2.294e-16
04284.00 2.532e-16
04286.00 2.399e-16
04288.00 2.155e-16
04290.00 2.264e-16
04292.00 2.144e-16
04294.00 2.263e-16
04296.00 2.381e-16
04298.00 2.359e-16
04300.00 2.255e-16
04302.00 2.213e-16
04304.00 2.165e-16
04306.00 2.123e-16
04308.00 2.288e-16
04310.00 2.157e-16
04312.00 2.183e-16
04314.00 2.214e-16
04316.00 2.326e-16
04318.00 2.358e-16
04320.00 2.295e-16
04322.00 2.360e-16
04324.00 2.204e-16
04326.00 2.061e-16
04328.00 2.137e-16
04330.00 2.033e-16
04332.00 2.250e-16
04334.00 2.330e-16
04336.00 2.323e-16
04338.00 2.094e-16
04340.00 2.062e-16
04342.00 2.017e-16
04344.00 2.225e-16
04346.00 2.127e-16
04348.00 2.008e-16
04350.00 2.282e-16
04352.00 2.240e-16
04354.00 2.110e-16
04356.00 1.484e-16
04358.00 1.840e-16
04360.00 2.154e-16
04362.00 2.110e-16
04364.00 2.144e-16
04366.00 2.304e-16
04368.00 2.235e-16
04370.00 2.177e-16
04372.00 2.120e-16
04374.00 2.085e-16
04376.00 2.242e-16
04378.00 2.196e-16
04380.00 2.150e-16
04382.00 1.956e-16
04384.00 1.989e-16
04386.00 2.070e-16
04388.00 2.055e-16
04390.00 1.737e-16
04392.00 1.931e-16
04394.00 1.758e-16
04396.00 1.858e-16
04398.00 1.733e-16
04400.00 1.777e-16
04402.00 1.817e-16
04404.00 1.552e-16
04406.00 1.601e-16
04408.00 1.579e-16
04410.00 1.670e-16
04412.00 1.734e-16
04414.00 1.917e-16
04416.00 1.813e-16
04418.00 1.812e-16
04420.00 1.833e-16
04422.00 1.677e-16
04424.00 1.961e-16
04426.00 1.692e-16
04428.00 2.042e-16
04430.00 1.946e-16
04432.00 1.959e-16
04434.00 2.278e-16
04436.00 2.047e-16
04438.00 1.984e-16
04440.00 2.132e-16
04442.00 2.046e-16
04444.00 2.013e-16
04446.00 2.188e-16
04448.00 2.143e-16
04450.00 2.240e-16
04452.00 1.952e-16
04454.00 2.128e-16
04456.00 1.963e-16
04458.00 2.038e-16
04460.00 2.254e-16
04462.00 2.249e-16
04464.00 2.064e-16
04466.00 1.872e-16
04468.00 2.160e-16
04470.00 2.079e-16
04472.00 2.125e-16
04474.00 2.146e-16
04476.00 2.282e-16
04478.00 2.152e-16
04480.00 2.111e-16
04482.00 2.140e-16
04484.00 2.035e-16
04486.00 2.152e-16
04488.00 2.007e-16
04490.00 2.119e-16
04492.00 2.353e-16
04494.00 2.158e-16
04496.00 2.018e-16
04498.00 2.023e-16
04500.00 2.040e-16
04502.00 2.034e-16
04504.00 2.058e-16
04506.00 1.987e-16
04508.00 2.147e-16
04510.00 2.072e-16
04512.00 2.283e-16
04514.00 2.171e-16
04516.00 2.302e-16
04518.00 2.352e-16
04520.00 2.325e-16
04522.00 2.149e-16
04524.00 2.375e-16
04526.00 2.210e-16
04528.00 2.166e-16
04530.00 2.307e-16
04532.00 2.394e-16
04534.00 2.443e-16
04536.00 2.366e-16
04538.00 2.494e-16
04540.00 2.777e-16
04542.00 2.657e-16
04544.00 2.580e-16
04546.00 2.639e-16
04548.00 2.830e-16
04550.00 2.916e-16
04552.00 2.747e-16
04554.00 2.942e-16
04556.00 3.013e-16
04558.00 3.033e-16
04560.00 3.035e-16
04562.00 3.044e-16
04564.00 2.830e-16
04566.00 3.019e-16
04568.00 3.140e-16
04570.00 3.057e-16
04572.00 3.106e-16
04574.00 3.261e-16
04576.00 3.521e-16
04578.00 3.208e-16
04580.00 3.294e-16
04582.00 3.217e-16
04584.00 3.331e-16
04586.00 3.389e-16
04588.00 3.513e-16
04590.00 3.711e-16
04592.00 3.615e-16
04594.00 3.658e-16
04596.00 3.532e-16
04598.00 3.634e-16
04600.00 3.696e-16
04602.00 3.628e-16
04604.00 3.653e-16
04606.00 3.743e-16
04608.00 3.851e-16
04610.00 3.745e-16
04612.00 3.679e-16
04614.00 3.898e-16
04616.00 3.824e-16
04618.00 3.762e-16
04620.00 3.939e-16
04622.00 3.658e-16
04624.00 3.682e-16
04626.00 3.696e-16
04628.00 3.561e-16
04630.00 3.624e-16
04632.00 3.584e-16
04634.00 3.652e-16
04636.00 3.468e-16
04638.00 3.388e-16
04640.00 3.410e-16
04642.00 3.644e-16
04644.00 3.252e-16
04646.00 3.249e-16
04648.00 3.391e-16
04650.00 3.243e-16
04652.00 3.311e-16
04654.00 3.246e-16
04656.00 3.219e-16
04658.00 3.292e-16
04660.00 3.283e-16
04662.00 3.254e-16
04664.00 3.290e-16
04666.00 3.375e-16
04668.00 3.209e-16
04670.00 3.444e-16
04672.00 3.206e-16
04674.00 3.491e-16
04676.00 3.534e-16
04678.00 3.652e-16
04680.00 3.407e-16
04682.00 3.671e-16
04684.00 3.751e-16
04686.00 3.584e-16
04688.00 3.642e-16
04690.00 3.608e-16
04692.00 3.879e-16
04694.00 3.861e-16
04696.00 3.571e-16
04698.00 3.971e-16
04700.00 3.984e-16
04702.00 3.904e-16
04704.00 3.908e-16
04706.00 3.969e-16
04708.00 3.924e-16
04710.00 3.752e-16
04712.00 3.829e-16
04714.00 3.732e-16
04716.00 4.015e-16
04718.00 3.838e-16
04720.00 3.727e-16
04722.00 4.018e-16
04724.00 3.968e-16
04726.00 3.875e-16
04728.00 3.843e-16
04730.00 3.959e-16
04732.00 3.805e-16
04734.00 3.780e-16
04736.00 4.009e-16
04738.00 3.642e-16
04740.00 3.537e-16
04742.00 3.721e-16
04744.00 3.539e-16
04746.00 3.600e-16
04748.00 3.779e-16
04750.00 3.731e-16
04752.00 3.605e-16
04754.00 3.637e-16
04756.00 3.583e-16
04758.00 3.456e-16
04760.00 3.493e-16
04762.00 3.415e-16
04764.00 3.414e-16
04766.00 3.485e-16
04768.00 3.376e-16
04770.00 3.524e-16
04772.00 3.391e-16
04774.00 3.387e-16
04776.00 3.322e-16
04778.00 3.217e-16
04780.00 3.306e-16
04782.00 3.363e-16
04784.00 3.250e-16
04786.00 3.407e-16
04788.00 3.620e-16
04790.00 3.446e-16
04792.00 3.442e-16
04794.00 3.407e-16
04796.00 3.291e-16
04798.00 3.277e-16
04800.00 3.205e-16
04802.00 3.286e-16
04804.00 3.231e-16
04806.00 3.506e-16
04808.00 3.167e-16
04810.00 3.179e-16
04812.00 3.271e-16
04814.00 3.316e-16
04816.00 3.224e-16
04818.00 3.248e-16
04820.00 3.164e-16
04822.00 2.872e-16
04824.00 2.855e-16
04826.00 2.933e-16
04828.00 2.903e-16
04830.00 2.902e-16
04832.00 2.624e-16
04834.00 2.552e-16
04836.00 2.566e-16
04838.00 2.577e-16
04840.00 2.488e-16
04842.00 2.691e-16
04844.00 2.688e-16
04846.00 2.674e-16
04848.00 2.258e-16
04850.00 2.355e-16
04852.00 2.214e-16
04854.00 2.318e-16
04856.00 2.252e-16
04858.00 2.181e-16
04860.00 2.042e-16
04862.00 2.120e-16
04864.00 2.236e-16
04866.00 2.091e-16
04868.00 2.102e-16
04870.00 1.836e-16
04872.00 1.892e-16
04874.00 2.151e-16
04876.00 2.109e-16
04878.00 1.995e-16
04880.00 1.858e-16
04882.00 1.668e-16
04884.00 1.988e-16
04886.00 2.157e-16
04888.00 1.948e-16
04890.00 1.695e-16
04892.00 1.831e-16
04894.00 1.557e-16
04896.00 1.728e-16
04898.00 1.668e-16
04900.00 1.522e-16
04902.00 1.599e-16
04904.00 1.655e-16
04906.00 1.692e-16
04908.00 1.484e-16
04910.00 1.718e-16
04912.00 1.618e-16
04914.00 1.601e-16
04916.00 1.785e-16
04918.00 1.610e-16
04920.00 1.592e-16
04922.00 1.619e-16
04924.00 1.851e-16
04926.00 1.681e-16
04928.00 1.750e-16
04930.00 1.858e-16
04932.00 1.797e-16
04934.00 1.779e-16
04936.00 1.628e-16
04938.00 1.768e-16
04940.00 1.777e-16
04942.00 1.869e-16
04944.00 2.091e-16
04946.00 2.076e-16
04948.00 1.972e-16
04950.00 2.284e-16
04952.00 2.358e-16
04954.00 2.025e-16
04956.00 2.320e-16
04958.00 2.314e-16
04960.00 2.428e-16
04962.00 2.571e-16
04964.00 2.691e-16
04966.00 2.917e-16
04968.00 2.897e-16
04970.00 2.947e-16
04972.00 3.106e-16
04974.00 3.176e-16
04976.00 3.066e-16
04978.00 3.507e-16
04980.00 3.468e-16
04982.00 3.478e-16
04984.00 3.720e-16
04986.00 3.532e-16
04988.00 3.668e-16
04990.00 3.511e-16
04992.00 3.946e-16
04994.00 3.769e-16
04996.00 3.882e-16
04998.00 3.944e-16
05000.00 3.985e-16
05002.00 4.202e-16
05004.00 4.065e-16
05006.00 4.228e-16
05008.00 4.445e-16
05010.00 4.442e-16
05012.00 4.420e-16
05014.00 4.528e-16
05016.00 4.309e-16
05018.00 4.512e-16
05020.00 4.387e-16
05022.00 4.663e-16
05024.00 4.709e-16
05026.00 4.665e-16
05028.00 4.692e-16
05030.00 4.845e-16
05032.00 4.400e-16
05034.00 4.658e-16
05036.00 4.456e-16
05038.00 4.465e-16
05040.00 4.377e-16
05042.00 4.528e-16
05044.00 4.436e-16
05046.00 4.524e-16
05048.00 4.571e-16
05050.00 4.549e-16
05052.00 4.443e-16
05054.00 4.644e-16
05056.00 4.554e-16
05058.00 4.254e-16
05060.00 3.937e-16
05062.00 4.215e-16
05064.00 4.208e-16
05066.00 4.050e-16
05068.00 3.961e-16
05070.00 3.976e-16
05072.00 3.638e-16
05074.00 3.676e-16
05076.00 3.396e-16
05078.00 3.497e-16
05080.00 3.288e-16
05082.00 3.323e-16
05084.00 3.169e-16
05086.00 2.928e-16
05088.00 2.854e-16
05090.00 2.898e-16
05092.00 2.969e-16
05094.00 2.773e-16
05096.00 2.788e-16
05098.00 2.793e-16
05100.00 2.820e-16
05102.00 2.684e-16
05104.00 2.743e-16
05106.00 2.588e-16
05108.00 2.756e-16
05110.00 2.423e-16
05112.00 2.483e-16
05114.00 2.698e-16
05116.00 2.566e-16
05118.00 2.707e-16
05120.00 2.794e-16
05122.00 2.809e-16
05124.00 2.810e-16
05126.00 2.839e-16
05128.00 2.733e-16
05130.00 2.709e-16
05132.00 2.909e-16
05134.00 2.960e-16
05136.00 2.932e-16
05138.00 3.018e-16
05140.00 3.234e-16
05142.00 2.869e-16
05144.00 2.829e-16
05146.00 2.841e-16
05148.00 3.175e-16
05150.00 3.164e-16
05152.00 3.508e-16
05154.00 3.198e-16
05156.00 3.423e-16
05158.00 3.261e-16
05160.00 3.382e-16
05162.00 3.398e-16
05164.00 3.628e-16
05166.00 3.296e-16
05168.00 3.402e-16
05170.00 3.354e-16
05172.00 3.377e-16
05174.00 3.537e-16
05176.00 3.400e-16
05178.00 3.573e-16
05180.00 3.492e-16
05182.00 3.479e-16
05184.00 3.616e-16
05186.00 3.525e-16
05188.00 3.423e-16
05190.00 3.575e-16
05192.00 3.496e-16
05194.00 3.592e-16
05196.00 3.697e-16
05198.00 3.367e-16
05200.00 3.463e-16
05202.00 3.505e-16
05204.00 3.695e-16
05206.00 3.423e-16
05208.00 3.477e-16
05210.00 3.386e-16
05212.00 3.349e-16
05214.00 3.451e-16
05216.00 3.609e-16
05218.00 3.405e-16
05220.00 3.474e-16
05222.00 3.388e-16
05224.00 3.385e-16
05226.00 3.320e-16
05228.00 3.322e-16
05230.00 3.188e-16
05232.00 3.176e-16
05234.00 3.595e-16
05236.00 3.516e-16
05238.00 3.434e-16
05240.00 3.453e-16
05242.00 3.438e-16
05244.00 3.347e-16
05246.00 3.401e-16
05248.00 3.590e-16
05250.00 3.239e-16
05252.00 3.420e-16
05254.00 3.570e-16
05256.00 3.373e-16
05258.00 3.432e-16
05260.00 3.278e-16
05262.00 3.504e-16
05264.00 3.390e-16
05266.00 3.336e-16
05268.00 3.567e-16
05270.00 3.625e-16
05272.00 3.568e-16
05274.00 3.705e-16
05276.00 3.310e-16
05278.00 3.406e-16
05280.00 3.373e-16
05282.00 3.691e-16
05284.00 3.485e-16
05286.00 3.565e-16
05288.00 3.698e-16
05290.00 3.617e-16
05292.00 3.783e-16
05294.00 3.643e-16
05296.00 3.521e-16
05298.00 3.855e-16
05300.00 4.068e-16
05302.00 4.051e-16
05304.00 3.916e-16
05306.00 4.183e-16
05308.00 3.612e-16
05310.00 3.925e-16
05312.00 3.879e-16
05314.00 3.927e-16
05316.00 4.112e-16
05318.00 4.145e-16
05320.00 3.955e-16
05322.00 4.025e-16
05324.00 4.024e-16
05326.00 4.256e-16
05328.00 4.187e-16
05330.00 3.980e-16
05332.00 4.287e-16
05334.00 4.089e-16
05336.00 4.013e-16
05338.00 4.493e-16
05340.00 4.321e-16
05342.00 3.994e-16
05344.00 4.475e-16
05346.00 4.165e-16
05348.00 4.570e-16
05350.00 4.435e-16
05352.00 4.591e-16
05354.00 4.624e-16
05356.00 4.132e-16
05358.00 4.110e-16
05360.00 4.335e-16
05362.00 4.311e-16
05364.00 4.219e-16
05366.00 4.200e-16
05368.00 4.449e-16
05370.00 4.571e-16
05372.00 4.486e-16
05374.00 4.416e-16
05376.00 4.176e-16
05378.00 4.486e-16
05380.00 4.518e-16
05382.00 4.607e-16
05384.00 4.576e-16
05386.00 4.551e-16
05388.00 4.384e-16
05390.00 4.482e-16
05392.00 4.563e-16
05394.00 4.514e-16
05396.00 4.585e-16
05398.00 4.687e-16
05400.00 4.644e-16
05402.00 4.589e-16
05404.00 4.584e-16
05406.00 4.669e-16
05408.00 4.682e-16
05410.00 4.611e-16
05412.00 4.734e-16
05414.00 4.797e-16
05416.00 4.661e-16
05418.00 4.596e-16
05420.00 4.704e-16
05422.00 4.500e-16
05424.00 4.621e-16
05426.00 4.558e-16
05428.00 4.662e-16
05430.00 4.835e-16
05432.00 4.753e-16
05434.00 4.524e-16
05436.00 4.607e-16
05438.00 4.463e-16
05440.00 4.689e-16
05442.00 4.517e-16
05444.00 4.810e-16
05446.00 4.634e-16
05448.00 4.680e-16
05450.00 4.553e-16
05452.00 4.708e-16
05454.00 4.608e-16
05456.00 4.505e-16
05458.00 4.505e-16
05460.00 4.145e-16
05462.00 4.490e-16
05464.00 4.737e-16
05466.00 4.606e-16
05468.00 4.460e-16
05470.00 4.380e-16
05472.00 4.603e-16
05474.00 4.499e-16
05476.00 4.121e-16
05478.00 4.389e-16
05480.00 4.339e-16
05482.00 4.317e-16
05484.00 4.445e-16
05486.00 4.098e-16
05488.00 4.313e-16
05490.00 4.457e-16
05492.00 4.651e-16
05494.00 4.509e-16
05496.00 4.487e-16
05498.00 4.604e-16
05500.00 4.475e-16
05502.00 4.663e-16
05504.00 4.815e-16
05506.00 4.787e-16
05508.00 4.621e-16
05510.00 4.677e-16
05512.00 5.001e-16
05514.00 5.027e-16
05516.00 4.929e-16
05518.00 4.854e-16
05520.00 4.876e-16
05522.00 4.872e-16
05524.00 4.931e-16
05526.00 5.078e-16
05528.00 5.112e-16
05530.00 5.188e-16
05532.00 4.989e-16
05534.00 5.187e-16
05536.00 5.212e-16
05538.00 5.258e-16
05540.00 5.315e-16
05542.00 5.258e-16
05544.00 5.240e-16
05546.00 5.353e-16
05548.00 5.632e-16
05550.00 5.350e-16
05552.00 5.388e-16
05554.00 5.402e-16
05556.00 5.525e-16
05558.00 5.410e-16
05560.00 5.364e-16
05562.00 5.420e-16
05564.00 5.522e-16
05566.00 5.466e-16
05568.00 5.428e-16
05570.00 5.401e-16
05572.00 5.565e-16
05574.00 5.549e-16
05576.00 5.134e-16
05578.00 5.431e-16
05580.00 5.223e-16
05582.00 5.146e-16
05584.00 5.156e-16
05586.00 5.039e-16
05588.00 5.178e-16
05590.00 5.085e-16
05592.00 5.098e-16
05594.00 4.777e-16
05596.00 4.951e-16
05598.00 4.816e-16
05600.00 4.523e-16
05602.00 4.373e-16
05604.00 4.410e-16
05606.00 4.377e-16
05608.00 4.381e-16
05610.00 4.190e-16
05612.00 4.230e-16
05614.00 4.077e-16
05616.00 3.897e-16
05618.00 3.945e-16
05620.00 4.004e-16
05622.00 4.009e-16
05624.00 3.752e-16
05626.00 3.840e-16
05628.00 3.849e-16
05630.00 3.547e-16
05632.00 3.647e-16
05634.00 3.684e-16
05636.00 3.434e-16
05638.00 3.475e-16
05640.00 3.487e-16
05642.00 3.564e-16
05644.00 3.536e-16
05646.00 3.473e-16
05648.00 3.284e-16
05650.00 3.204e-16
05652.00 3.319e-16
05654.00 3.291e-16
05656.00 3.087e-16
05658.00 3.132e-16
05660.00 3.080e-16
05662.00 3.102e-16
05664.00 3.110e-16
05666.00 2.912e-16
05668.00 2.945e-16
05670.00 2.939e-16
05672.00 2.633e-16
05674.00 2.574e-16
05676.00 2.472e-16
05678.00 2.405e-16
05680.00 2.618e-16
05682.00 2.554e-16
05684.00 2.395e-16
05686.00 2.470e-16
05688.00 2.403e-16
05690.00 2.222e-16
05692.00 2.274e-16
05694.00 2.030e-16
05696.00 1.987e-16
05698.00 2.044e-16
05700.00 1.845e-16
05702.00 1.802e-16
05704.00 1.655e-16
05706.00 1.589e-16
05708.00 1.627e-16
05710.00 1.516e-16
05712.00 1.547e-16
05714.00 1.401e-16
05716.00 1.498e-16
05718.00 1.443e-16
05720.00 1.360e-16
05722.00 1.461e-16
05724.00 1.368e-16
05726.00 1.275e-16
05728.00 1.210e-16
05730.00 1.260e-16
05732.00 1.312e-16
05734.00 1.314e-16
05736.00 1.203e-16
05738.00 1.091e-16
05740.00 1.247e-16
05742.00 1.351e-16
05744.00 1.312e-16
05746.00 1.242e-16
05748.00 1.283e-16
05750.00 1.233e-16
05752.00 1.199e-16
05754.00 1.218e-16
05756.00 1.338e-16
05758.00 1.342e-16
05760.00 1.431e-16
05762.00 1.388e-16
05764.00 1.306e-16
05766.00 1.344e-16
05768.00 1.359e-16
05770.00 1.632e-16
05772.00 1.598e-16
05774.00 1.477e-16
05776.00 1.569e-16
05778.00 1.629e-16
05780.00 1.698e-16
05782.00 1.692e-16
05784.00 1.724e-16
05786.00 1.866e-16
05788.00 1.876e-16
05790.00 2.063e-16
05792.00 2.210e-16
05794.00 2.080e-16
05796.00 2.162e-16
05798.00 2.306e-16
05800.00 2.539e-16
05802.00 2.590e-16
05804.00 2.802e-16
05806.00 2.726e-16
05808.00 2.777e-16
05810.00 3.126e-16
05812.00 3.207e-16
05814.00 3.234e-16
05816.00 3.318e-16
05818.00 3.475e-16
05820.00 3.758e-16
05822.00 3.828e-16
05824.00 3.958e-16
05826.00 4.128e-16
05828.00 4.512e-16
05830.00 4.550e-16
05832.00 4.732e-16
05834.00 4.736e-16
05836.00 4.869e-16
05838.00 5.131e-16
05840.00 5.065e-16
05842.00 5.370e-16
05844.00 5.711e-16
05846.00 5.598e-16
05848.00 5.602e-16
05850.00 5.638e-16
05852.00 5.740e-16
05854.00 5.979e-16
05856.00 5.942e-16
05858.00 6.018e-16
05860.00 6.139e-16
05862.00 6.238e-16
05864.00 6.241e-16
05866.00 6.258e-16
05868.00 6.275e-16
05870.00 6.459e-16
05872.00 6.325e-16
05874.00 6.342e-16
05876.00 6.372e-16
05878.00 6.488e-16
05880.00 6.375e-16
05882.00 6.403e-16
05884.00 6.422e-16
05886.00 6.450e-16
05888.00 6.478e-16
05890.00 6.506e-16
05892.00 6.544e-16
05894.00 6.563e-16
05896.00 6.591e-16
05898.00 6.610e-16
05900.00 6.977e-16
05902.00 6.895e-16
05904.00 6.669e-16
05906.00 6.969e-16
05908.00 7.130e-16
05910.00 6.885e-16
05912.00 7.000e-16
05914.00 6.893e-16
05916.00 6.609e-16
05918.00 6.619e-16
05920.00 6.584e-16
05922.00 6.659e-16
05924.00 6.729e-16
05926.00 6.740e-16
05928.00 6.935e-16
05930.00 7.025e-16
05932.00 6.830e-16
05934.00 6.695e-16
05936.00 6.858e-16
05938.00 6.740e-16
05940.00 6.555e-16
05942.00 6.439e-16
05944.00 6.668e-16
05946.00 6.774e-16
05948.00 6.772e-16
05950.00 6.748e-16
05952.00 6.841e-16
05954.00 6.869e-16
05956.00 6.753e-16
05958.00 6.754e-16
05960.00 6.658e-16
05962.00 6.521e-16
05964.00 6.563e-16
05966.00 6.448e-16
05968.00 6.309e-16
05970.00 6.374e-16
05972.00 6.468e-16
05974.00 6.523e-16
05976.00 6.353e-16
05978.00 6.326e-16
05980.00 6.152e-16
05982.00 6.313e-16
05984.00 6.205e-16
05986.00 6.032e-16
05988.00 6.107e-16
05990.00 5.882e-16
05992.00 5.981e-16
05994.00 5.915e-16
05996.00 6.031e-16
05998.00 5.880e-16
06000.00 5.870e-16
06002.00 5.854e-16
06004.00 5.881e-16
06006.00 5.807e-16
06008.00 5.738e-16
06010.00 5.726e-16
06012.00 5.587e-16
06014.00 5.529e-16
06016.00 5.453e-16
06018.00 5.553e-16
06020.00 5.323e-16
06022.00 5.502e-16
06024.00 5.445e-16
06026.00 5.280e-16
06028.00 5.140e-16
06030.00 5.209e-16
06032.00 5.161e-16
06034.00 5.154e-16
06036.00 5.165e-16
06038.00 5.157e-16
06040.00 4.924e-16
06042.00 5.064e-16
06044.00 5.041e-16
06046.00 4.960e-16
06048.00 5.125e-16
06050.00 5.178e-16
06052.00 5.056e-16
06054.00 4.909e-16
06056.00 4.957e-16
06058.00 5.028e-16
06060.00 4.921e-16
06062.00 4.812e-16
06064.00 4.723e-16
06066.00 4.843e-16
06068.00 4.877e-16
06070.00 4.767e-16
06072.00 4.690e-16
06074.00 4.823e-16
06076.00 4.751e-16
06078.00 4.629e-16
06080.00 4.812e-16
06082.00 4.624e-16
06084.00 4.545e-16
06086.00 4.678e-16
06088.00 4.536e-16
06090.00 4.572e-16
06092.00 4.418e-16
06094.00 4.461e-16
06096.00 4.481e-16
06098.00 4.490e-16
06100.00 4.476e-16
06102.00 4.539e-16
06104.00 4.517e-16
06106.00 4.568e-16
06108.00 4.539e-16
06110.00 4.383e-16
06112.00 4.413e-16
06114.00 4.300e-16
06116.00 4.427e-16
06118.00 4.227e-16
06120.00 4.222e-16
06122.00 4.395e-16
06124.00 4.467e-16
06126.00 4.443e-16
06128.00 4.402e-16
06130.00 4.241e-16
06132.00 4.279e-16
06134.00 4.379e-16
06136.00 4.386e-16
06138.00 4.438e-16
06140.00 4.329e-16
06142.00 4.418e-16
06144.00 4.253e-16
06146.00 4.302e-16
06148.00 4.217e-16
06150.00 4.387e-16
06152.00 4.461e-16
06154.00 4.380e-16
06156.00 4.418e-16
06158.00 4.413e-16
06160.00 4.217e-16
06162.00 4.173e-16
06164.00 4.198e-16
06166.00 4.247e-16
06168.00 4.382e-16
06170.00 4.260e-16
06172.00 4.277e-16
06174.00 4.195e-16
06176.00 4.247e-16
06178.00 4.272e-16
06180.00 4.061e-16
06182.00 4.159e-16
06184.00 4.201e-16
06186.00 4.113e-16
06188.00 4.230e-16
06190.00 4.253e-16
06192.00 4.153e-16
06194.00 4.117e-16
06196.00 4.062e-16
06198.00 4.110e-16
06200.00 4.183e-16
06202.00 4.160e-16
06204.00 4.183e-16
06206.00 4.251e-16
06208.00 4.159e-16
06210.00 4.311e-16
06212.00 4.142e-16
06214.00 4.156e-16
06216.00 4.334e-16
06218.00 4.346e-16
06220.00 4.235e-16
06222.00 4.054e-16
06224.00 4.165e-16
06226.00 4.173e-16
06228.00 4.241e-16
06230.00 4.240e-16
06232.00 4.126e-16
06234.00 4.238e-16
06236.00 4.292e-16
06238.00 4.116e-16
06240.00 4.096e-16
06242.00 4.275e-16
06244.00 4.362e-16
06246.00 4.156e-16
06248.00 4.306e-16
06250.00 4.385e-16
06252.00 4.378e-16
06254.00 4.341e-16
06256.00 4.364e-16
06258.00 4.476e-16
06260.00 4.385e-16
06262.00 4.502e-16
06264.00 4.560e-16
06266.00 4.534e-16
06268.00 4.486e-16
06270.00 4.579e-16
06272.00 4.532e-16
06274.00 4.366e-16
06276.00 4.452e-16
06278.00 4.661e-16
06280.00 4.758e-16
06282.00 4.619e-16
06284.00 4.639e-16
06286.00 4.526e-16
06288.00 4.574e-16
06290.00 4.771e-16
06292.00 4.760e-16
06294.00 4.625e-16
06296.00 4.600e-16
06298.00 4.675e-16
06300.00 4.580e-16
06302.00 4.704e-16
06304.00 4.812e-16
06306.00 4.731e-16
06308.00 4.668e-16
06310.00 4.684e-16
06312.00 4.515e-16
06314.00 4.614e-16
06316.00 4.715e-16
06318.00 4.673e-16
06320.00 4.679e-16
06322.00 4.745e-16
06324.00 4.709e-16
06326.00 4.723e-16
06328.00 4.755e-16
06330.00 4.725e-16
06332.00 4.658e-16
06334.00 4.606e-16
06336.00 4.508e-16
06338.00 4.533e-16
06340.00 4.552e-16
06342.00 4.601e-16
06344.00 4.524e-16
06346.00 4.556e-16
06348.00 4.475e-16
06350.00 4.365e-16
06352.00 4.512e-16
06354.00 4.435e-16
06356.00 4.494e-16
06358.00 4.477e-16
06360.00 4.458e-16
06362.00 4.361e-16
06364.00 4.262e-16
06366.00 4.244e-16
06368.00 4.360e-16
06370.00 4.325e-16
06372.00 4.194e-16
06374.00 4.294e-16
06376.00 4.366e-16
06378.00 4.361e-16
06380.00 4.413e-16
06382.00 4.327e-16
06384.00 4.288e-16
06386.00 4.409e-16
06388.00 4.282e-16
06390.00 4.250e-16
06392.00 4.217e-16
06394.00 4.293e-16
06396.00 4.246e-16
06398.00 4.155e-16
06400.00 4.183e-16
06402.00 4.275e-16
06404.00 4.294e-16
06406.00 4.251e-16
06408.00 4.354e-16
06410.00 4.386e-16
06412.00 4.335e-16
06414.00 4.259e-16
06416.00 4.368e-16
06418.00 4.363e-16
06420.00 4.293e-16
06422.00 4.175e-16
06424.00 4.201e-16
06426.00 4.297e-16
06428.00 4.382e-16
06430.00 4.370e-16
06432.00 4.273e-16
06434.00 4.301e-16
06436.00 4.255e-16
06438.00 4.196e-16
06440.00 4.222e-16
06442.00 4.296e-16
06444.00 4.196e-16
06446.00 4.205e-16
06448.00 4.236e-16
06450.00 4.140e-16
06452.00 4.238e-16
06454.00 4.289e-16
06456.00 4.306e-16
06458.00 4.298e-16
06460.00 4.313e-16
06462.00 4.287e-16
06464.00 4.235e-16
06466.00 4.286e-16
06468.00 4.243e-16
06470.00 4.328e-16
06472.00 4.324e-16
06474.00 4.241e-16
06476.00 4.396e-16
06478.00 4.557e-16
06480.00 4.562e-16
06482.00 4.510e-16
06484.00 4.544e-16
06486.00 4.473e-16
06488.00 4.461e-16
06490.00 4.276e-16
06492.00 4.226e-16
06494.00 4.371e-16
06496.00 4.420e-16
06498.00 4.379e-16
06500.00 4.302e-16
06502.00 4.334e-16
06504.00 4.288e-16
06506.00 4.252e-16
06508.00 4.206e-16
06510.00 4.305e-16
06512.00 4.056e-16
06514.00 3.924e-16
06516.00 3.967e-16
06518.00 3.859e-16
06520.00 4.018e-16
06522.00 4.011e-16
06524.00 4.079e-16
06526.00 4.051e-16
06528.00 3.901e-16
06530.00 3.870e-16
06532.00 3.899e-16
06534.00 3.794e-16
06536.00 3.663e-16
06538.00 3.509e-16
06540.00 3.436e-16
06542.00 3.372e-16
06544.00 3.277e-16
06546.00 3.210e-16
06548.00 3.109e-16
06550.00 3.024e-16
06552.00 2.887e-16
06554.00 2.837e-16
06556.00 2.922e-16
06558.00 2.673e-16
06560.00 2.590e-16
06562.00 2.583e-16
06564.00 2.576e-16
06566.00 2.591e-16
06568.00 2.506e-16
06570.00 2.518e-16
06572.00 2.595e-16
06574.00 2.572e-16
06576.00 2.588e-16
06578.00 2.588e-16
06580.00 2.578e-16
06582.00 2.585e-16
06584.00 2.690e-16
06586.00 2.742e-16
06588.00 2.854e-16
06590.00 2.901e-16
06592.00 3.065e-16
06594.00 3.258e-16
06596.00 3.150e-16
06598.00 3.155e-16
06600.00 3.286e-16
06602.00 3.393e-16
06604.00 3.492e-16
06606.00 3.659e-16
06608.00 3.589e-16
06610.00 3.578e-16
06612.00 3.677e-16
06614.00 3.854e-16
06616.00 3.851e-16
06618.00 3.847e-16
06620.00 4.035e-16
06622.00 4.121e-16
06624.00 4.169e-16
06626.00 4.300e-16
06628.00 4.332e-16
06630.00 4.456e-16
06632.00 4.564e-16
06634.00 4.431e-16
06636.00 4.506e-16
06638.00 4.632e-16
06640.00 4.602e-16
06642.00 4.659e-16
06644.00 4.837e-16
06646.00 4.831e-16
06648.00 4.860e-16
06650.00 4.904e-16
06652.00 4.928e-16
06654.00 4.907e-16
06656.00 4.929e-16
06658.00 4.817e-16
06660.00 4.911e-16
06662.00 4.983e-16
06664.00 5.051e-16
06666.00 5.121e-16
06668.00 5.083e-16
06670.00 5.078e-16
06672.00 5.049e-16
06674.00 5.067e-16
06676.00 5.052e-16
06678.00 5.052e-16
06680.00 5.045e-16
06682.00 5.090e-16
06684.00 5.124e-16
06686.00 5.052e-16
06688.00 5.051e-16
06690.00 5.000e-16
06692.00 5.034e-16
06694.00 4.940e-16
06696.00 4.932e-16
06698.00 5.020e-16
06700.00 5.036e-16
06702.00 5.006e-16
06704.00 4.849e-16
06706.00 4.828e-16
06708.00 4.791e-16
06710.00 4.720e-16
06712.00 4.764e-16
06714.00 4.768e-16
06716.00 4.739e-16
06718.00 4.846e-16
06720.00 4.783e-16
06722.00 4.850e-16
06724.00 4.815e-16
06726.00 4.744e-16
06728.00 4.611e-16
06730.00 4.668e-16
06732.00 4.646e-16
06734.00 4.637e-16
06736.00 4.669e-16
06738.00 4.661e-16
06740.00 4.724e-16
06742.00 4.598e-16
06744.00 4.468e-16
06746.00 4.579e-16
06748.00 4.775e-16
06750.00 4.679e-16
06752.00 4.676e-16
06754.00 4.624e-16
06756.00 4.621e-16
06758.00 4.696e-16
06760.00 4.585e-16
06762.00 4.576e-16
06764.00 4.560e-16
06766.00 4.488e-16
06768.00 4.545e-16
06770.00 4.468e-16
06772.00 4.348e-16
06774.00 4.373e-16
06776.00 4.469e-16
06778.00 4.427e-16
06780.00 4.370e-16
06782.00 4.345e-16
06784.00 4.277e-16
06786.00 4.391e-16
06788.00 4.358e-16
06790.00 4.291e-16
06792.00 4.238e-16
06794.00 4.245e-16
06796.00 4.314e-16
06798.00 4.302e-16
06800.00 4.227e-16
06802.00 4.244e-16
06804.00 4.287e-16
06806.00 4.335e-16
06808.00 4.240e-16
06810.00 4.190e-16
06812.00 4.159e-16
06814.00 4.062e-16
06816.00 4.060e-16
06818.00 4.059e-16
06820.00 4.115e-16
06822.00 4.073e-16
06824.00 3.931e-16
06826.00 3.927e-16
06828.00 3.880e-16
06830.00 3.791e-16
06832.00 3.940e-16
06834.00 3.871e-16
06836.00 3.772e-16
06838.00 3.732e-16
06840.00 3.958e-16
06842.00 3.918e-16
06844.00 3.876e-16
06846.00 3.863e-16
06848.00 3.833e-16
06850.00 3.993e-16
06852.00 3.972e-16
06854.00 3.790e-16
06856.00 3.776e-16
06858.00 3.852e-16
06860.00 3.966e-16
06862.00 3.964e-16
06864.00 3.845e-16
06866.00 3.733e-16
06868.00 3.749e-16
06870.00 3.819e-16
06872.00 3.719e-16
06874.00 3.776e-16
06876.00 3.734e-16
06878.00 3.800e-16
06880.00 3.724e-16
06882.00 3.592e-16
06884.00 3.605e-16
06886.00 3.585e-16
06888.00 3.659e-16
06890.00 3.629e-16
06892.00 3.521e-16
06894.00 3.533e-16
06896.00 3.542e-16
06898.00 3.581e-16
06900.00 3.419e-16
06902.00 3.432e-16
06904.00 3.486e-16
06906.00 3.377e-16
06908.00 3.447e-16
06910.00 3.361e-16
06912.00 3.245e-16
06914.00 3.169e-16
06916.00 3.075e-16
06918.00 2.960e-16
06920.00 3.009e-16
06922.00 3.003e-16
06924.00 2.899e-16
06926.00 2.862e-16
06928.00 2.683e-16
06930.00 2.696e-16
06932.00 2.624e-16
06934.00 2.545e-16
06936.00 2.483e-16
06938.00 2.539e-16
06940.00 2.529e-16
06942.00 2.537e-16
06944.00 2.488e-16
06946.00 2.470e-16
06948.00 2.570e-16
06950.00 2.502e-16
06952.00 2.504e-16
06954.00 2.712e-16
06956.00 2.730e-16
06958.00 2.835e-16
06960.00 2.863e-16
06962.00 3.165e-16
06964.00 3.073e-16
06966.00 3.131e-16
06968.00 3.306e-16
06970.00 3.522e-16
06972.00 3.542e-16
06974.00 3.757e-16
06976.00 3.911e-16
06978.00 4.185e-16
06980.00 4.355e-16
06982.00 4.404e-16
06984.00 4.481e-16
06986.00 4.757e-16
06988.00 4.910e-16
06990.00 5.020e-16
06992.00 5.117e-16
06994.00 5.284e-16
06996.00 5.279e-16
06998.00 5.399e-16
07000.00 5.489e-16
07002.00 5.626e-16
07004.00 5.654e-16
07006.00 5.841e-16
07008.00 5.861e-16
07010.00 5.900e-16
07012.00 6.080e-16
07014.00 6.088e-16
07016.00 6.106e-16
07018.00 6.240e-16
07020.00 6.239e-16
07022.00 6.253e-16
07024.00 6.307e-16
07026.00 6.307e-16
07028.00 6.562e-16
07030.00 6.520e-16
07032.00 6.503e-16
07034.00 6.322e-16
07036.00 6.342e-16
07038.00 6.457e-16
07040.00 6.497e-16
07042.00 6.569e-16
07044.00 6.464e-16
07046.00 6.570e-16
07048.00 6.607e-16
07050.00 6.620e-16
07052.00 6.610e-16
07054.00 6.703e-16
07056.00 6.688e-16
07058.00 6.688e-16
07060.00 6.695e-16
07062.00 6.695e-16
07064.00 6.695e-16
07066.00 6.695e-16
07068.00 6.625e-16
07070.00 6.702e-16
07072.00 6.513e-16
07074.00 6.657e-16
07076.00 6.780e-16
07078.00 6.568e-16
07080.00 6.693e-16
07082.00 6.706e-16
07084.00 6.557e-16
07086.00 6.426e-16
07088.00 6.547e-16
07090.00 6.416e-16
07092.00 6.394e-16
07094.00 6.341e-16
07096.00 6.344e-16
07098.00 6.232e-16
07100.00 6.176e-16
07102.00 6.127e-16
07104.00 6.252e-16
07106.00 6.082e-16
07108.00 6.086e-16
07110.00 6.051e-16
07112.00 5.900e-16
07114.00 5.808e-16
07116.00 5.803e-16
07118.00 5.962e-16
07120.00 6.097e-16
07122.00 5.901e-16
07124.00 5.901e-16
07126.00 5.794e-16
07128.00 5.879e-16
07130.00 5.801e-16
07132.00 5.715e-16
07134.00 5.626e-16
07136.00 5.548e-16
07138.00 5.560e-16
07140.00 5.616e-16
07142.00 5.586e-16
07144.00 5.510e-16
07146.00 5.290e-16
07148.00 5.346e-16
07150.00 5.254e-16
07152.00 5.228e-16
07154.00 5.169e-16
07156.00 5.165e-16
07158.00 5.128e-16
07160.00 5.123e-16
07162.00 5.019e-16
07164.00 4.837e-16
07166.00 4.753e-16
07168.00 4.779e-16
07170.00 4.754e-16
07172.00 4.880e-16
07174.00 4.900e-16
07176.00 4.851e-16
07178.00 4.825e-16
07180.00 4.713e-16
07182.00 4.714e-16
07184.00 4.853e-16
07186.00 4.972e-16
07188.00 4.855e-16
07190.00 4.825e-16
07192.00 5.000e-16
07194.00 4.799e-16
07196.00 4.882e-16
07198.00 4.888e-16
07200.00 5.007e-16
07202.00 5.044e-16
07204.00 5.305e-16
07206.00 5.143e-16
07208.00 5.255e-16
07210.00 5.256e-16
07212.00 5.370e-16
07214.00 5.384e-16
07216.00 5.391e-16
07218.00 5.426e-16
07220.00 5.276e-16
07222.00 5.407e-16
07224.00 5.407e-16
07226.00 5.498e-16
07228.00 5.544e-16
07230.00 5.587e-16
07232.00 5.636e-16
07234.00 5.723e-16
07236.00 5.619e-16
07238.00 5.652e-16
07240.00 5.613e-16
07242.00 5.843e-16
07244.00 5.850e-16
07246.00 5.957e-16
07248.00 5.841e-16
07250.00 5.761e-16
07252.00 6.068e-16
07254.00 5.854e-16
07256.00 5.819e-16
07258.00 6.015e-16
07260.00 5.977e-16
07262.00 5.979e-16
07264.00 6.156e-16
07266.00 6.196e-16
07268.00 6.284e-16
07270.00 6.217e-16
07272.00 6.331e-16
07274.00 6.311e-16
07276.00 6.334e-16
07278.00 6.350e-16
07280.00 6.373e-16
07282.00 6.373e-16
07284.00 6.234e-16
07286.00 6.477e-16
07288.00 6.448e-16
07290.00 6.393e-16
07292.00 6.410e-16
07294.00 6.413e-16
07296.00 6.363e-16
07298.00 6.356e-16
07300.00 6.404e-16
07302.00 6.569e-16
07304.00 6.543e-16
07306.00 6.417e-16
07308.00 6.407e-16
07310.00 6.412e-16
07312.00 6.396e-16
07314.00 6.367e-16
07316.00 6.533e-16
07318.00 6.467e-16
07320.00 6.510e-16
07322.00 6.536e-16
07324.00 6.486e-16
07326.00 6.537e-16
07328.00 6.538e-16
07330.00 6.683e-16
07332.00 6.684e-16
07334.00 6.680e-16
07336.00 6.609e-16
07338.00 6.541e-16
07340.00 6.577e-16
07342.00 6.720e-16
07344.00 6.647e-16
07346.00 6.519e-16
07348.00 6.433e-16
07350.00 6.477e-16
07352.00 6.440e-16
07354.00 6.416e-16
07356.00 6.447e-16
07358.00 6.372e-16
07360.00 6.391e-16
07362.00 6.348e-16
07364.00 6.296e-16
07366.00 6.296e-16
07368.00 6.219e-16
07370.00 6.161e-16
07372.00 6.212e-16
07374.00 6.181e-16
07376.00 6.040e-16
07378.00 5.985e-16
07380.00 5.953e-16
07382.00 5.877e-16
07384.00 5.804e-16
07386.00 5.733e-16
07388.00 5.634e-16
07390.00 5.704e-16
07392.00 5.643e-16
07394.00 5.522e-16
07396.00 5.567e-16
07398.00 5.494e-16
07400.00 5.407e-16
07402.00 5.313e-16
07404.00 5.547e-16
07406.00 5.357e-16
07408.00 5.204e-16
07410.00 5.089e-16
07412.00 5.042e-16
07414.00 5.071e-16
07416.00 5.084e-16
07418.00 5.029e-16
07420.00 4.937e-16
07422.00 4.846e-16
07424.00 4.871e-16
07426.00 4.974e-16
07428.00 4.628e-16
07430.00 4.938e-16
07432.00 4.992e-16
07434.00 4.828e-16
07436.00 4.868e-16
07438.00 4.992e-16
07440.00 4.739e-16
07442.00 4.770e-16
07444.00 4.726e-16
07446.00 4.773e-16
07448.00 4.653e-16
07450.00 4.642e-16
07452.00 4.513e-16
07454.00 4.460e-16
07456.00 4.567e-16
07458.00 4.404e-16
07460.00 4.498e-16
07462.00 4.554e-16
07464.00 4.336e-16
07466.00 4.508e-16
07468.00 4.404e-16
07470.00 4.400e-16
07472.00 4.353e-16
07474.00 4.359e-16
07476.00 4.419e-16
07478.00 4.327e-16
07480.00 4.347e-16
07482.00 4.339e-16
07484.00 4.393e-16
07486.00 4.408e-16
07488.00 4.294e-16
07490.00 4.324e-16
07492.00 4.333e-16
07494.00 4.411e-16
07496.00 4.334e-16
07498.00 4.256e-16
07500.00 4.218e-16
07502.00 4.219e-16
07504.00 4.168e-16
07506.00 4.249e-16
07508.00 4.235e-16
07510.00 4.196e-16
07512.00 4.176e-16
07514.00 4.233e-16
07516.00 4.102e-16
07518.00 4.144e-16
07520.00 4.186e-16
07522.00 4.173e-16
07524.00 3.939e-16
07526.00 4.055e-16
07528.00 3.995e-16
07530.00 4.035e-16
07532.00 4.045e-16
07534.00 3.952e-16
07536.00 4.009e-16
07538.00 3.944e-16
07540.00 3.919e-16
07542.00 3.869e-16
07544.00 3.863e-16
07546.00 3.879e-16
07548.00 3.951e-16
07550.00 3.872e-16
07552.00 3.754e-16
07554.00 3.866e-16
07556.00 3.831e-16
07558.00 3.752e-16
07560.00 3.801e-16
07562.00 3.866e-16
07564.00 3.723e-16
07566.00 3.666e-16
07568.00 3.748e-16
07570.00 3.692e-16
07572.00 3.798e-16
07574.00 3.865e-16
07576.00 3.642e-16
07578.00 3.651e-16
07580.00 3.560e-16
07582.00 3.523e-16
07584.00 3.566e-16
07586.00 3.541e-16
07588.00 3.500e-16
07590.00 3.490e-16
07592.00 3.476e-16
07594.00 3.451e-16
07596.00 3.432e-16
07598.00 3.422e-16
07600.00 3.388e-16
07602.00 3.374e-16
07604.00 3.349e-16
07606.00 3.330e-16
07608.00 3.320e-16
07610.00 3.310e-16
07612.00 3.301e-16
07614.00 3.291e-16
07616.00 3.517e-16
07618.00 3.394e-16
07620.00 3.438e-16
07622.00 3.310e-16
07624.00 3.185e-16
07626.00 3.196e-16
07628.00 3.189e-16
07630.00 3.452e-16
07632.00 3.450e-16
07634.00 3.402e-16
07636.00 3.328e-16
07638.00 3.408e-16
07640.00 3.300e-16
07642.00 3.365e-16
07644.00 3.476e-16
07646.00 3.398e-16
07648.00 3.496e-16
07650.00 3.510e-16
07652.00 3.523e-16
07654.00 3.551e-16
07656.00 3.440e-16
07658.00 3.494e-16
07660.00 3.491e-16
07662.00 3.557e-16
07664.00 3.633e-16
07666.00 3.602e-16
07668.00 3.525e-16
07670.00 3.567e-16
07672.00 3.631e-16
07674.00 3.570e-16
07676.00 3.634e-16
07678.00 3.590e-16
07680.00 3.509e-16
07682.00 3.524e-16
07684.00 3.504e-16
07686.00 3.445e-16
07688.00 3.356e-16
07690.00 3.302e-16
07692.00 3.346e-16
07694.00 3.532e-16
07696.00 3.463e-16
07698.00 3.331e-16
07700.00 3.380e-16
07702.00 3.410e-16
07704.00 3.445e-16
07706.00 3.311e-16
07708.00 3.381e-16
07710.00 3.431e-16
07712.00 3.474e-16
07714.00 3.574e-16
07716.00 3.573e-16
07718.00 3.658e-16
07720.00 3.628e-16
07722.00 3.549e-16
07724.00 3.721e-16
07726.00 3.804e-16
07728.00 3.733e-16
07730.00 3.781e-16
07732.00 3.757e-16
07734.00 3.939e-16
07736.00 4.004e-16
07738.00 3.821e-16
07740.00 3.926e-16
07742.00 4.056e-16
07744.00 4.034e-16
07746.00 4.144e-16
07748.00 4.116e-16
07750.00 4.113e-16
07752.00 4.217e-16
07754.00 4.255e-16
07756.00 4.339e-16
07758.00 4.359e-16
07760.00 4.348e-16
07762.00 4.304e-16
07764.00 4.257e-16
07766.00 4.499e-16
07768.00 4.593e-16
07770.00 4.552e-16
07772.00 4.686e-16
07774.00 4.746e-16
07776.00 4.652e-16
07778.00 4.575e-16
07780.00 4.668e-16
07782.00 4.567e-16
07784.00 4.731e-16
07786.00 4.705e-16
07788.00 4.650e-16
07790.00 4.604e-16
07792.00 4.703e-16
07794.00 4.887e-16
07796.00 4.939e-16
07798.00 4.876e-16
07800.00 4.850e-16
07802.00 4.694e-16
07804.00 4.693e-16
07806.00 4.750e-16
07808.00 4.858e-16
07810.00 4.906e-16
07812.00 4.826e-16
07814.00 4.832e-16
07816.00 4.689e-16
07818.00 4.721e-16
07820.00 4.669e-16
07822.00 4.913e-16
07824.00 4.864e-16
07826.00 4.853e-16
07828.00 4.647e-16
07830.00 4.657e-16
07832.00 4.597e-16
07834.00 4.770e-16
07836.00 4.722e-16
07838.00 4.627e-16
07840.00 4.557e-16
07842.00 4.406e-16
07844.00 4.416e-16
07846.00 4.367e-16
07848.00 4.534e-16
07850.00 4.588e-16
07852.00 4.638e-16
07854.00 4.477e-16
07856.00 4.548e-16
07858.00 4.601e-16
07860.00 4.369e-16
07862.00 4.404e-16
07864.00 4.334e-16
07866.00 4.449e-16
07868.00 4.233e-16
07870.00 4.266e-16
07872.00 4.301e-16
07874.00 4.135e-16
07876.00 4.177e-16
07878.00 4.160e-16
07880.00 4.152e-16
07882.00 4.080e-16
07884.00 3.988e-16
07886.00 3.956e-16
07888.00 4.071e-16
07890.00 3.963e-16
07892.00 4.068e-16
07894.00 3.941e-16
07896.00 3.822e-16
07898.00 3.775e-16
07900.00 3.865e-16
07902.00 3.916e-16
07904.00 3.949e-16
07906.00 3.928e-16
07908.00 3.659e-16
07910.00 3.634e-16
07912.00 3.672e-16
07914.00 3.799e-16
07916.00 3.726e-16
07918.00 3.764e-16
07920.00 3.676e-16
07922.00 3.653e-16
07924.00 3.637e-16
07926.00 3.554e-16
07928.00 3.669e-16
07930.00 3.836e-16
07932.00 3.693e-16
07934.00 3.638e-16
07936.00 3.781e-16
07938.00 3.829e-16
07940.00 3.590e-16
07942.00 3.629e-16
07944.00 3.630e-16
07946.00 3.643e-16
07948.00 3.775e-16
07950.00 3.696e-16
07952.00 3.617e-16
07954.00 3.595e-16
07956.00 3.666e-16
07958.00 3.615e-16
07960.00 3.478e-16
07962.00 3.373e-16
07964.00 3.493e-16
07966.00 3.783e-16
07968.00 3.655e-16
07970.00 3.606e-16
07972.00 3.533e-16
07974.00 3.590e-16
07976.00 3.584e-16
07978.00 3.602e-16
07980.00 3.651e-16
07982.00 3.489e-16
07984.00 3.513e-16
07986.00 3.549e-16
07988.00 3.402e-16
07990.00 3.620e-16
07992.00 3.728e-16
07994.00 3.603e-16
07996.00 3.492e-16
07998.00 3.528e-16
08000.00 3.412e-16
08002.00 3.492e-16
08004.00 3.487e-16
08006.00 3.316e-16
08008.00 3.394e-16
08010.00 3.458e-16
08012.00 3.466e-16
08014.00 3.326e-16
08016.00 3.326e-16
08018.00 3.373e-16
08020.00 3.323e-16
08022.00 3.244e-16
08024.00 3.273e-16
08026.00 3.403e-16
08028.00 3.449e-16
08030.00 3.404e-16
08032.00 3.253e-16
08034.00 3.329e-16
08036.00 3.435e-16
08038.00 3.377e-16
08040.00 3.293e-16
08042.00 3.246e-16
08044.00 3.303e-16
08046.00 3.142e-16
08048.00 3.218e-16
08050.00 3.160e-16
08052.00 3.200e-16
08054.00 3.090e-16
08056.00 3.062e-16
08058.00 3.050e-16
08060.00 2.954e-16
08062.00 3.065e-16
08064.00 3.037e-16
08066.00 3.066e-16
08068.00 2.994e-16
08070.00 3.024e-16
08072.00 2.943e-16
08074.00 2.908e-16
08076.00 2.973e-16
08078.00 3.020e-16
08080.00 2.880e-16
08082.00 2.961e-16
08084.00 2.871e-16
08086.00 2.830e-16
08088.00 2.908e-16
08090.00 2.928e-16
08092.00 2.838e-16
08094.00 2.844e-16
08096.00 2.881e-16
08098.00 2.888e-16
08100.00 2.907e-16
08102.00 2.755e-16
08104.00 2.819e-16
08106.00 2.783e-16
08108.00 2.831e-16
08110.00 2.785e-16
08112.00 2.757e-16
08114.00 2.803e-16
08116.00 2.861e-16
08118.00 2.777e-16
08120.00 2.757e-16
08122.00 2.777e-16
08124.00 2.737e-16
08126.00 2.727e-16
08128.00 2.764e-16
08130.00 2.692e-16
08132.00 2.666e-16
08134.00 2.759e-16
08136.00 2.837e-16
08138.00 2.713e-16
08140.00 2.799e-16
08142.00 2.678e-16
08144.00 2.739e-16
08146.00 2.737e-16
08148.00 2.695e-16
08150.00 2.711e-16
08152.00 2.809e-16
08154.00 2.720e-16
08156.00 2.638e-16
08158.00 2.777e-16
08160.00 2.821e-16
08162.00 2.819e-16
08164.00 2.976e-16
08166.00 2.869e-16
08168.00 2.782e-16
08170.00 2.898e-16
08172.00 2.871e-16
08174.00 2.814e-16
08176.00 2.857e-16
08178.00 2.929e-16
08180.00 2.776e-16
08182.00 2.815e-16
08184.00 2.874e-16
08186.00 2.765e-16
08188.00 2.853e-16
08190.00 2.875e-16
08192.00 2.828e-16
08194.00 2.991e-16
08196.00 2.958e-16
08198.00 2.868e-16
08200.00 2.914e-16
08202.00 2.958e-16
08204.00 2.848e-16
08206.00 2.996e-16
08208.00 2.897e-16
08210.00 2.788e-16
08212.00 2.978e-16
08214.00 2.941e-16
08216.00 2.931e-16
08218.00 2.952e-16
08220.00 2.918e-16
08222.00 2.910e-16
08224.00 2.870e-16
08226.00 2.862e-16
08228.00 2.886e-16
08230.00 3.092e-16
08232.00 3.117e-16
08234.00 3.025e-16
08236.00 2.843e-16
08238.00 2.880e-16
08240.00 2.997e-16
08242.00 2.921e-16
08244.00 2.984e-16
08246.00 2.931e-16
08248.00 2.860e-16
08250.00 2.916e-16
08252.00 3.009e-16
08254.00 3.045e-16
08256.00 2.842e-16
08258.00 2.825e-16
08260.00 2.999e-16
08262.00 2.874e-16
08264.00 2.823e-16
08266.00 2.914e-16
08268.00 2.911e-16
08270.00 2.888e-16
08272.00 2.760e-16
08274.00 2.934e-16
08276.00 2.861e-16
08278.00 2.663e-16
08280.00 2.667e-16
08282.00 2.949e-16
08284.00 2.918e-16
08286.00 2.806e-16
08288.00 2.815e-16
08290.00 2.662e-16
08292.00 2.799e-16
08294.00 2.706e-16
08296.00 2.547e-16
08298.00 2.448e-16
08300.00 2.495e-16
08302.00 2.490e-16
08304.00 2.450e-16
08306.00 2.471e-16
08308.00 2.482e-16
08310.00 2.463e-16
08312.00 2.411e-16
08314.00 2.203e-16
08316.00 2.197e-16
08318.00 2.188e-16
08320.00 2.210e-16
08322.00 2.191e-16
08324.00 2.114e-16
08326.00 2.049e-16
08328.00 1.956e-16
08330.00 1.922e-16
08332.00 1.871e-16
08334.00 1.833e-16
08336.00 1.727e-16
08338.00 1.805e-16
08340.00 1.875e-16
08342.00 1.763e-16
08344.00 1.568e-16
08346.00 1.485e-16
08348.00 1.327e-16
08350.00 1.335e-16
08352.00 1.304e-16
08354.00 1.500e-16
08356.00 1.428e-16
08358.00 1.367e-16
08360.00 1.311e-16
08362.00 1.238e-16
08364.00 1.253e-16
08366.00 1.119e-16
08368.00 1.143e-16
08370.00 1.190e-16
08372.00 1.144e-16
08374.00 1.145e-16
08376.00 1.157e-16
08378.00 1.055e-16
08380.00 1.006e-16
08382.00 1.203e-16
08384.00 1.081e-16
08386.00 1.086e-16
08388.00 1.089e-16
08390.00 1.118e-16
08392.00 1.058e-16
08394.00 1.107e-16
08396.00 1.134e-16
08398.00 9.854e-17
08400.00 1.122e-16
08402.00 1.122e-16
08404.00 1.130e-16
08406.00 1.239e-16
08408.00 1.379e-16
08410.00 1.312e-16
08412.00 1.341e-16
08414.00 1.351e-16
08416.00 1.293e-16
08418.00 1.290e-16
08420.00 1.464e-16
08422.00 1.455e-16
08424.00 1.564e-16
08426.00 1.513e-16
08428.00 1.616e-16
08430.00 1.839e-16
08432.00 1.695e-16
08434.00 1.676e-16
08436.00 1.923e-16
08438.00 1.890e-16
08440.00 1.905e-16
08442.00 2.010e-16
08444.00 2.169e-16
08446.00 2.199e-16
08448.00 2.224e-16
08450.00 2.173e-16
08452.00 2.293e-16
08454.00 2.491e-16
08456.00 2.488e-16
08458.00 2.516e-16
08460.00 2.656e-16
08462.00 2.653e-16
08464.00 2.685e-16
08466.00 2.730e-16
08468.00 2.773e-16
08470.00 2.842e-16
08472.00 2.928e-16
08474.00 2.854e-16
08476.00 2.937e-16
08478.00 3.018e-16
08480.00 3.025e-16
08482.00 3.113e-16
08484.00 3.085e-16
08486.00 3.080e-16
08488.00 3.268e-16
08490.00 3.146e-16
08492.00 3.164e-16
08494.00 3.228e-16
08496.00 3.085e-16
08498.00 3.088e-16
08500.00 3.115e-16
08502.00 3.129e-16
08504.00 3.202e-16
08506.00 3.078e-16
08508.00 2.943e-16
08510.00 2.909e-16
08512.00 3.046e-16
08514.00 3.081e-16
08516.00 3.209e-16
08518.00 3.248e-16
08520.00 3.124e-16
08522.00 3.074e-16
08524.00 3.146e-16
08526.00 3.150e-16
08528.00 3.183e-16
08530.00 3.326e-16
08532.00 3.263e-16
08534.00 3.357e-16
08536.00 3.362e-16
08538.00 3.389e-16
08540.00 3.451e-16
08542.00 3.413e-16
08544.00 3.541e-16
08546.00 3.516e-16
08548.00 3.527e-16
08550.00 3.613e-16
08552.00 3.682e-16
08554.00 3.765e-16
08556.00 3.746e-16
08558.00 3.825e-16
08560.00 3.874e-16
08562.00 4.158e-16
08564.00 4.160e-16
08566.00 4.081e-16
08568.00 4.244e-16
08570.00 4.336e-16
08572.00 4.339e-16
08574.00 4.416e-16
08576.00 4.517e-16
08578.00 4.649e-16
08580.00 4.660e-16
08582.00 4.718e-16
08584.00 4.806e-16
08586.00 4.851e-16
08588.00 4.921e-16
08590.00 4.960e-16
08592.00 5.101e-16
08594.00 5.170e-16
08596.00 5.214e-16
08598.00 5.360e-16
08600.00 5.474e-16
08602.00 5.632e-16
08604.00 5.695e-16
08606.00 5.850e-16
08608.00 6.017e-16
08610.00 6.030e-16
08612.00 6.102e-16
08614.00 6.217e-16
08616.00 6.399e-16
08618.00 6.339e-16
08620.00 6.509e-16
08622.00 6.641e-16
08624.00 6.782e-16
08626.00 6.836e-16
08628.00 6.682e-16
08630.00 6.863e-16
08632.00 6.979e-16
08634.00 6.980e-16
08636.00 7.091e-16
08638.00 7.222e-16
08640.00 7.179e-16
08642.00 7.122e-16
08644.00 7.100e-16
08646.00 7.117e-16
08648.00 7.311e-16
08650.00 7.392e-16
08652.00 7.545e-16
08654.00 7.468e-16
08656.00 7.563e-16
08658.00 7.652e-16
08660.00 7.655e-16
08662.00 7.587e-16
08664.00 7.563e-16
08666.00 7.664e-16
08668.00 7.739e-16
08670.00 8.026e-16
08672.00 8.103e-16
08674.00 7.965e-16
08676.00 8.017e-16
08678.00 8.027e-16
08680.00 8.093e-16
08682.00 8.096e-16
08684.00 8.015e-16
08686.00 8.037e-16
08688.00 8.197e-16
08690.00 8.372e-16
08692.00 8.299e-16
08694.00 8.431e-16
08696.00 8.509e-16
08698.00 8.427e-16
08700.00 8.442e-16
08702.00 8.499e-16
08704.00 8.439e-16
08706.00 8.516e-16
08708.00 8.426e-16
08710.00 8.484e-16
08712.00 8.567e-16
08714.00 8.483e-16
08716.00 8.534e-16
08718.00 8.439e-16
08720.00 8.445e-16
08722.00 8.458e-16
08724.00 8.312e-16
08726.00 8.183e-16
08728.00 8.434e-16
08730.00 8.241e-16
08732.00 8.191e-16
08734.00 8.283e-16
08736.00 8.059e-16
08738.00 7.949e-16
08740.00 7.910e-16
08742.00 7.876e-16
08744.00 7.692e-16
08746.00 7.782e-16
08748.00 7.735e-16
08750.00 7.722e-16
08752.00 7.744e-16
08754.00 7.456e-16
08756.00 7.416e-16
08758.00 7.242e-16
08760.00 7.371e-16
08762.00 7.401e-16
08764.00 7.290e-16
08766.00 7.263e-16
08768.00 7.308e-16
08770.00 7.091e-16
08772.00 7.108e-16
08774.00 6.809e-16
08776.00 6.784e-16
08778.00 6.764e-16
08780.00 6.700e-16
08782.00 6.866e-16
08784.00 6.662e-16
08786.00 6.565e-16
08788.00 6.389e-16
08790.00 6.415e-16
08792.00 6.376e-16
08794.00 6.262e-16
08796.00 6.151e-16
08798.00 6.000e-16
08800.00 5.951e-16
08802.00 5.901e-16
08804.00 5.890e-16
08806.00 5.836e-16
08808.00 5.734e-16
08810.00 5.726e-16
08812.00 5.776e-16
08814.00 5.579e-16
08816.00 5.470e-16
08818.00 5.401e-16
08820.00 5.288e-16
08822.00 5.106e-16
08824.00 5.345e-16
08826.00 5.443e-16
08828.00 5.281e-16
08830.00 5.208e-16
08832.00 5.052e-16
08834.00 4.888e-16
08836.00 4.869e-16
08838.00 5.003e-16
08840.00 4.958e-16
08842.00 4.905e-16
08844.00 4.911e-16
08846.00 4.773e-16
08848.00 4.692e-16
08850.00 4.686e-16
08852.00 4.608e-16
08854.00 4.521e-16
08856.00 4.377e-16
08858.00 4.397e-16
08860.00 4.386e-16
08862.00 4.474e-16
08864.00 4.358e-16
08866.00 4.257e-16
08868.00 4.254e-16
08870.00 4.249e-16
08872.00 4.162e-16
08874.00 4.062e-16
08876.00 3.958e-16
08878.00 3.983e-16
08880.00 3.806e-16
08882.00 3.683e-16
08884.00 3.798e-16
08886.00 3.643e-16
08888.00 3.663e-16
08890.00 3.903e-16
08892.00 3.876e-16
08894.00 3.784e-16
08896.00 3.639e-16
08898.00 3.580e-16
08900.00 3.581e-16
08902.00 3.635e-16
08904.00 3.537e-16
08906.00 3.535e-16
08908.00 3.494e-16
08910.00 3.455e-16
08912.00 3.544e-16
08914.00 3.445e-16
08916.00 3.122e-16
08918.00 3.040e-16
08920.00 3.100e-16
08922.00 3.342e-16
08924.00 3.686e-16
08926.00 3.697e-16
08928.00 3.682e-16
08930.00 3.647e-16
08932.00 3.699e-16
08934.00 3.675e-16
08936.00 3.688e-16
08938.00 3.656e-16
08940.00 3.600e-16
08942.00 3.435e-16
08944.00 3.524e-16
08946.00 3.605e-16
08948.00 3.480e-16
08950.00 3.459e-16
08952.00 3.655e-16
08954.00 3.443e-16
08956.00 3.380e-16
08958.00 3.475e-16
08960.00 3.394e-16
08962.00 3.466e-16
08964.00 3.526e-16
08966.00 3.681e-16
08968.00 3.332e-16
08970.00 3.190e-16
08972.00 3.494e-16
08974.00 3.487e-16
08976.00 3.396e-16
08978.00 3.474e-16
08980.00 3.510e-16
08982.00 3.429e-16
08984.00 3.252e-16
08986.00 3.271e-16
08988.00 3.330e-16
08990.00 3.635e-16
08992.00 3.861e-16
08994.00 3.662e-16
08996.00 3.456e-16
08998.00 3.547e-16
09000.00 3.605e-16
09002.00 3.488e-16
09004.00 3.661e-16
09006.00 3.739e-16
09008.00 4.263e-16
09010.00 4.703e-16
09012.00 4.743e-16
09014.00 4.408e-16
09016.00 3.892e-16
09018.00 3.646e-16
09020.00 3.268e-16
09022.00 3.073e-16
09024.00 3.260e-16
09026.00 3.262e-16
09028.00 3.042e-16
09030.00 3.086e-16
09032.00 3.106e-16
09034.00 2.982e-16
09036.00 3.126e-16
09038.00 3.047e-16
09040.00 2.974e-16
09042.00 3.090e-16
09044.00 3.128e-16
09046.00 3.162e-16
09048.00 3.196e-16
09050.00 3.097e-16
09052.00 3.091e-16
09054.00 3.152e-16
09056.00 3.123e-16
09058.00 3.138e-16
09060.00 3.305e-16
09062.00 3.485e-16
09064.00 3.311e-16
09066.00 3.022e-16
09068.00 2.988e-16
09070.00 3.239e-16
09072.00 3.165e-16
09074.00 3.116e-16
09076.00 2.957e-16
09078.00 3.020e-16
09080.00 3.170e-16
09082.00 3.269e-16
09084.00 3.077e-16
09086.00 3.113e-16
09088.00 3.192e-16
09090.00 3.045e-16
09092.00 2.954e-16
09094.00 3.051e-16
09096.00 2.859e-16
09098.00 3.045e-16
09100.00 3.385e-16
09102.00 3.052e-16
09104.00 2.838e-16
09106.00 3.068e-16
09108.00 3.158e-16
09110.00 3.050e-16
09112.00 2.948e-16
09114.00 2.832e-16
09116.00 2.804e-16
09118.00 3.160e-16
09120.00 3.290e-16
09122.00 2.999e-16
09124.00 2.988e-16
09126.00 2.854e-16
09128.00 2.776e-16
09130.00 3.017e-16
09132.00 2.878e-16
09134.00 2.820e-16
09136.00 3.028e-16
09138.00 3.029e-16
09140.00 2.938e-16
09142.00 2.909e-16
09144.00 2.887e-16
09146.00 2.730e-16
09148.00 2.824e-16
09150.00 2.699e-16
09152.00 2.692e-16
09154.00 2.766e-16
09156.00 2.985e-16
09158.00 2.843e-16
09160.00 2.681e-16
09162.00 2.832e-16
09164.00 2.535e-16
09166.00 2.452e-16
09168.00 2.665e-16
09170.00 2.682e-16
09172.00 2.505e-16
09174.00 2.641e-16
09176.00 2.650e-16
09178.00 2.825e-16
09180.00 2.702e-16
09182.00 2.488e-16
09184.00 2.600e-16
09186.00 2.728e-16
09188.00 2.511e-16
09190.00 2.606e-16
09192.00 2.604e-16
09194.00 2.789e-16
09196.00 2.782e-16
09198.00 2.819e-16
09200.00 2.708e-16
09202.00 2.747e-16
09204.00 2.856e-16
09206.00 3.062e-16
09208.00 3.316e-16
09210.00 3.123e-16
09212.00 2.990e-16
09214.00 2.819e-16
09216.00 3.243e-16
09218.00 3.304e-16
09220.00 3.561e-16
09222.00 3.906e-16
09224.00 4.580e-16
09226.00 4.389e-16
09228.00 3.954e-16
09230.00 3.593e-16
09232.00 3.286e-16
09234.00 3.059e-16
09236.00 2.843e-16
09238.00 2.944e-16
09240.00 2.948e-16
09242.00 2.852e-16
09244.00 2.999e-16
09246.00 3.050e-16
09248.00 2.898e-16
09250.00 2.869e-16
09252.00 2.970e-16
09254.00 2.964e-16
09256.00 2.950e-16
09258.00 2.948e-16
09260.00 3.195e-16
09262.00 3.342e-16
09264.00 3.198e-16
09266.00 3.073e-16
09268.00 3.062e-16
09270.00 3.061e-16
09272.00 3.121e-16
09274.00 3.274e-16
09276.00 3.122e-16
09278.00 3.205e-16
09280.00 3.334e-16
09282.00 3.232e-16
09284.00 3.230e-16
09286.00 3.409e-16
09288.00 3.376e-16
09290.00 3.295e-16
09292.00 3.124e-16
09294.00 3.370e-16
09296.00 3.544e-16
09298.00 3.584e-16
09300.00 3.730e-16
09302.00 3.446e-16
09304.00 3.157e-16
09306.00 3.197e-16
09308.00 3.523e-16
09310.00 3.602e-16
09312.00 3.135e-16
09314.00 2.810e-16
09316.00 3.792e-16
09318.00 3.507e-16
09320.00 3.129e-16
09322.00 2.609e-16
09324.00 3.496e-16
09326.00 3.775e-16
09328.00 3.040e-16
09330.00 2.909e-16
09332.00 2.657e-16
09334.00 2.968e-16
09336.00 3.271e-16
09338.00 2.959e-16
09340.00 2.672e-16
09342.00 3.006e-16
09344.00 4.071e-16
09346.00 4.009e-16
09348.00 3.208e-16
09350.00 2.772e-16
09352.00 2.796e-16
09354.00 2.874e-16
09356.00 3.100e-16
09358.00 3.384e-16
09360.00 3.270e-16
09362.00 2.717e-16
09364.00 2.608e-16
09366.00 2.757e-16
09368.00 2.725e-16
09370.00 3.184e-16
09372.00 2.695e-16
09374.00 2.644e-16
09376.00 5.314e-16
09378.00 9.017e-16
09380.00 5.794e-16
09382.00 3.398e-16
09384.00 2.758e-16
09386.00 3.107e-16
09388.00 3.234e-16
09390.00 2.923e-16
09392.00 2.831e-16
09394.00 2.972e-16
09396.00 2.708e-16
09398.00 2.861e-16
09400.00 2.788e-16
09402.00 2.884e-16
09404.00 2.913e-16
09406.00 2.769e-16
09408.00 2.623e-16
09410.00 2.884e-16
09412.00 2.937e-16
09414.00 2.793e-16
09416.00 2.761e-16
09418.00 3.061e-16
09420.00 3.034e-16
09422.00 2.810e-16
09424.00 2.441e-16
09426.00 2.554e-16
09428.00 3.436e-16
09430.00 3.404e-16
09432.00 2.916e-16
09434.00 2.503e-16
09436.00 2.183e-16
09438.00 2.349e-16
09440.00 3.146e-16
09442.00 3.106e-16
09444.00 3.440e-16
09446.00 3.030e-16
09448.00 2.851e-16
09450.00 2.747e-16
09452.00 2.447e-16
09454.00 2.511e-16
09456.00 2.677e-16
09458.00 2.708e-16
09460.00 3.097e-16
09462.00 2.857e-16
09464.00 2.670e-16
09466.00 2.643e-16
09468.00 3.064e-16
09470.00 3.000e-16
09472.00 2.615e-16
09474.00 2.694e-16
09476.00 2.925e-16
09478.00 2.604e-16
09480.00 3.059e-16
09482.00 3.349e-16
09484.00 2.935e-16
09486.00 2.909e-16
09488.00 2.776e-16
09490.00 2.365e-16
09492.00 2.380e-16
09494.00 2.775e-16
09496.00 3.024e-16
09498.00 3.011e-16
09500.00 3.446e-16
09502.00 3.071e-16
09504.00 2.765e-16
09506.00 2.683e-16
09508.00 2.736e-16
09510.00 2.712e-16
09512.00 2.691e-16
09514.00 2.752e-16
09516.00 2.736e-16
09518.00 2.862e-16
09520.00 2.918e-16
09522.00 3.104e-16
09524.00 3.136e-16
09526.00 3.077e-16
09528.00 3.082e-16
09530.00 2.925e-16
09532.00 2.651e-16
09534.00 2.761e-16
09536.00 3.044e-16
09538.00 3.209e-16
09540.00 3.427e-16
09542.00 3.445e-16
09544.00 3.933e-16
09546.00 3.303e-16
09548.00 2.678e-16
09550.00 3.655e-16
09552.00 3.913e-16
09554.00 2.439e-16
09556.00 2.760e-16
09558.00 2.709e-16
09560.00 2.188e-16
09562.00 1.932e-16
09564.00 2.344e-16
09566.00 2.375e-16
09568.00 2.326e-16
09570.00 2.407e-16
09572.00 2.303e-16
09574.00 2.203e-16
09576.00 2.080e-16
09578.00 2.037e-16
09580.00 2.287e-16
09582.00 2.350e-16
09584.00 2.129e-16
09586.00 1.852e-16
09588.00 2.029e-16
09590.00 2.488e-16
09592.00 2.411e-16
09594.00 2.161e-16
09596.00 2.176e-16
09598.00 2.309e-16
09600.00 2.198e-16
09602.00 2.085e-16
09604.00 2.200e-16
09606.00 2.354e-16
09608.00 2.264e-16
09610.00 2.166e-16
09612.00 2.060e-16
09614.00 2.214e-16
09616.00 2.106e-16
09618.00 1.998e-16
09620.00 2.169e-16
09622.00 2.245e-16
09624.00 2.100e-16
09626.00 2.347e-16
09628.00 2.342e-16
09630.00 2.206e-16
09632.00 2.039e-16
09634.00 1.976e-16
09636.00 2.213e-16
09638.00 2.332e-16
09640.00 2.374e-16
09642.00 2.126e-16
09644.00 2.131e-16
09646.00 2.223e-16
09648.00 2.107e-16
09650.00 2.145e-16
09652.00 2.147e-16
09654.00 2.173e-16
09656.00 2.046e-16
09658.00 2.002e-16
09660.00 2.068e-16
09662.00 2.004e-16
09664.00 2.258e-16
09666.00 2.286e-16
09668.00 2.107e-16
09670.00 2.146e-16
09672.00 2.191e-16
09674.00 2.264e-16
09676.00 2.153e-16
09678.00 2.055e-16
09680.00 2.147e-16
09682.00 2.200e-16
09684.00 2.201e-16
09686.00 2.017e-16
09688.00 2.197e-16
09690.00 2.251e-16
09692.00 2.160e-16
09694.00 2.080e-16
09696.00 2.246e-16
09698.00 2.187e-16
09700.00 2.204e-16
09702.00 2.183e-16
09704.00 2.085e-16
09706.00 2.156e-16
09708.00 2.175e-16
09710.00 2.160e-16
09712.00 2.278e-16
09714.00 2.384e-16
09716.00 2.388e-16
09718.00 2.217e-16
09720.00 2.123e-16
09722.00 2.110e-16
09724.00 2.231e-16
09726.00 2.242e-16
09728.00 2.088e-16
09730.00 2.156e-16
09732.00 2.139e-16
09734.00 1.986e-16
09736.00 2.214e-16
09738.00 2.355e-16
09740.00 2.052e-16
09742.00 2.200e-16
09744.00 2.144e-16
09746.00 2.161e-16
09748.00 2.064e-16
09750.00 2.183e-16
09752.00 2.156e-16
09754.00 2.115e-16
09756.00 2.276e-16
09758.00 2.158e-16
09760.00 1.945e-16
09762.00 1.915e-16
09764.00 2.211e-16
09766.00 2.222e-16
09768.00 2.197e-16
09770.00 2.087e-16
09772.00 2.054e-16
09774.00 2.043e-16
09776.00 2.057e-16
09778.00 2.006e-16
09780.00 1.963e-16
09782.00 1.990e-16
09784.00 2.051e-16
09786.00 1.965e-16
09788.00 2.216e-16
09790.00 1.882e-16
09792.00 1.895e-16
09794.00 2.156e-16
09796.00 1.947e-16
09798.00 1.947e-16
09800.00 2.184e-16
09802.00 2.164e-16
09804.00 2.077e-16
09806.00 2.099e-16
09808.00 2.038e-16
09810.00 2.120e-16
09812.00 2.101e-16
09814.00 2.121e-16
09816.00 1.983e-16
09818.00 2.052e-16
09820.00 2.162e-16
09822.00 1.979e-16
09824.00 1.908e-16
09826.00 1.918e-16
09828.00 1.980e-16
09830.00 1.863e-16
09832.00 1.969e-16
09834.00 2.068e-16
09836.00 1.929e-16
09838.00 1.922e-16
09840.00 1.827e-16
09842.00 1.932e-16
09844.00 1.986e-16
09846.00 1.942e-16
09848.00 1.940e-16
09850.00 1.902e-16
09852.00 1.954e-16
09854.00 1.972e-16
09856.00 1.868e-16
09858.00 1.901e-16
09860.00 1.926e-16
09862.00 1.912e-16
09864.00 1.886e-16
09866.00 1.927e-16
09868.00 1.652e-16
09870.00 1.624e-16
09872.00 2.145e-16
09874.00 2.084e-16
09876.00 1.937e-16
09878.00 1.956e-16
09880.00 1.934e-16
09882.00 1.957e-16
09884.00 1.967e-16
09886.00 1.962e-16
09888.00 1.915e-16
09890.00 1.957e-16
09892.00 1.767e-16
09894.00 1.777e-16
09896.00 1.815e-16
09898.00 1.860e-16
09900.00 1.827e-16
09902.00 1.779e-16
09904.00 1.938e-16
09906.00 1.819e-16
09908.00 1.962e-16
09910.00 1.936e-16
09912.00 1.686e-16
09914.00 1.978e-16
09916.00 1.950e-16
09918.00 1.960e-16
09920.00 1.910e-16
09922.00 1.882e-16
09924.00 1.842e-16
09926.00 1.825e-16
09928.00 1.891e-16
09930.00 2.064e-16
09932.00 1.952e-16
09934.00 1.960e-16
09936.00 1.923e-16
09938.00 1.872e-16
09940.00 1.677e-16
09942.00 1.652e-16
09944.00 1.716e-16
09946.00 1.989e-16
09948.00 2.143e-16
09950.00 2.153e-16
09952.00 2.033e-16
09954.00 1.862e-16
09956.00 1.792e-16
09958.00 2.042e-16
09960.00 2.295e-16
09962.00 1.841e-16
09964.00 1.951e-16
09966.00 1.953e-16
09968.00 2.132e-16
09970.00 2.118e-16
09972.00 1.813e-16
09974.00 1.956e-16
09976.00 2.048e-16
09978.00 1.965e-16
09980.00 2.080e-16
09982.00 1.918e-16
09984.00 1.953e-16
09986.00 2.105e-16
09988.00 2.073e-16
09990.00 1.931e-16
09992.00 1.973e-16
09994.00 2.055e-16
09996.00 2.074e-16
09998.00 1.948e-16
10000.00 1.998e-16
10002.00 2.056e-16
10004.00 1.788e-16
10006.00 1.873e-16
10008.00 1.717e-16
10010.00 1.587e-16
10012.00 1.789e-16
10014.00 2.170e-16
10016.00 2.209e-16
10018.00 1.774e-16
10020.00 1.722e-16
10022.00 1.963e-16
10024.00 1.779e-16
10026.00 1.812e-16
10028.00 1.733e-16
10030.00 1.640e-16
10032.00 1.749e-16
10034.00 1.671e-16
10036.00 1.558e-16
10038.00 1.624e-16
10040.00 1.598e-16
10042.00 1.403e-16
10044.00 1.411e-16
10046.00 1.495e-16
10048.00 1.540e-16
10050.00 1.388e-16
10052.00 1.507e-16
10054.00 1.458e-16
10056.00 1.466e-16
10058.00 1.543e-16
10060.00 1.406e-16
10062.00 1.338e-16
10064.00 1.324e-16
10066.00 1.343e-16
10068.00 1.586e-16
10070.00 1.180e-16
10072.00 1.225e-16
10074.00 1.312e-16
10076.00 1.182e-16
10078.00 9.431e-17
10080.00 1.019e-16
10082.00 8.925e-17
10084.00 8.092e-17
10086.00 1.290e-16
10088.00 1.096e-16
10090.00 1.122e-16
10092.00 1.041e-16
10094.00 1.102e-16
10096.00 1.117e-16
10098.00 1.173e-16
10100.00 1.091e-16
10102.00 1.047e-16
10104.00 9.531e-17
10106.00 8.070e-17
10108.00 9.301e-17
10110.00 9.837e-17
10112.00 9.624e-17
10114.00 8.685e-17
10116.00 8.950e-17
10118.00 8.416e-17
10120.00 1.069e-16
10122.00 1.296e-16
10124.00 1.038e-16
10126.00 8.235e-17
10128.00 6.784e-17
10130.00 8.437e-17
10132.00 1.020e-16
10134.00 1.064e-16
10136.00 1.092e-16
10138.00 1.021e-16
10140.00 1.181e-16
10142.00 1.012e-16
10144.00 1.062e-16
10146.00 1.016e-16
10148.00 9.166e-17
10150.00 7.790e-17
10152.00 1.072e-16
10154.00 1.302e-16
10156.00 9.631e-17
10158.00 9.351e-17
10160.00 7.722e-17
10162.00 5.715e-17
10164.00 1.001e-16
10166.00 9.219e-17
10168.00 7.931e-17
10170.00 6.676e-17
10172.00 9.835e-17
10174.00 5.748e-17
10176.00 4.923e-17
10178.00 5.621e-17
10180.00 7.151e-17
10182.00 8.997e-17
10184.00 4.757e-17
10186.00 5.815e-17
10188.00 5.482e-17
10190.00 5.489e-17
10192.00 6.266e-17
10194.00 5.777e-17
10196.00 6.096e-17
10198.00 7.042e-17
10200.00 7.456e-17
10202.00 6.444e-17
10204.00 5.104e-17
10206.00 9.900e-17
10208.00 7.650e-17
10210.00 4.433e-17
10212.00 3.255e-17
10214.00 3.956e-17
10216.00 3.209e-17
10218.00 5.148e-17
10220.00 8.180e-17
10222.00 5.726e-17
10224.00 2.774e-17
10226.00 2.410e-17
10228.00 7.066e-17
10230.00 9.274e-17
10232.00 4.129e-17
10234.00 7.432e-17
10236.00 2.814e-17
10238.00 3.372e-17
10240.00 5.968e-17
10242.00 4.632e-17
10244.00 3.820e-17
10246.00 2.388e-17
10248.00 2.887e-17
10250.00 6.218e-17
10252.00 5.274e-17
10254.00 4.010e-17
10256.00 -9.284e-18
10258.00 -2.593e-17
10260.00 3.587e-17
10262.00 5.740e-17
10264.00 3.734e-17
10266.00 2.225e-17
10268.00 1.607e-17
10270.00 2.250e-17
10272.00 -9.413e-18
10274.00 1.546e-17
10276.00 3.881e-17
10278.00 2.199e-17
10280.00 1.724e-17
10282.00 4.677e-17
10284.00 9.027e-17
10286.00 1.002e-16
10288.00 2.568e-17
10290.00 3.878e-17
10292.00 5.586e-17
10294.00 -1.661e-17
10296.00 5.359e-17
10298.00 5.741e-17
10300.00 2.691e-17
10302.00 2.523e-17
10304.00 4.488e-17
10306.00 5.007e-17
10308.00 3.016e-17
10310.00 7.651e-18
10312.00 3.310e-19
10314.00 1.455e-17
10316.00 4.270e-17
10318.00 4.137e-17
10320.00 5.449e-17
10322.00 6.452e-17
10324.00 4.615e-18
10326.00 8.183e-18
10328.00 3.020e-17
10330.00 -9.099e-18
10332.00 -2.735e-18
10334.00 2.863e-17
10336.00 -4.188e-18
10338.00 1.800e-17
10340.00 1.506e-17
10342.00 1.141e-17
10344.00 4.665e-17
10346.00 5.707e-17
10348.00 8.297e-17
10350.00 5.463e-17
10352.00 9.424e-17
10354.00 8.485e-17
10356.00 4.504e-17
10358.00 2.261e-17
10360.00 3.192e-17
10362.00 5.071e-17
10364.00 4.801e-17
10366.00 4.903e-17
10368.00 1.175e-17
10370.00 7.548e-17
10372.00 9.075e-17
10374.00 1.143e-16
10376.00 7.755e-17
10378.00 1.523e-17
10380.00 1.483e-17
10382.00 4.407e-17
10384.00 6.133e-17
10386.00 7.238e-17
10388.00 9.323e-17
10390.00 3.400e-17
10392.00 2.384e-17
10394.00 2.572e-17
10396.00 1.899e-17
10398.00 4.313e-17
10400.00 2.091e-17
10402.00 2.920e-17
10404.00 2.264e-17
10406.00 -2.830e-18
10408.00 5.196e-18
10410.00 1.737e-17
10412.00 4.040e-17
10414.00 2.273e-17
10416.00 -5.344e-18
10418.00 1.734e-17
10420.00 3.724e-17
10422.00 3.181e-17
10424.00 -1.006e-17
10426.00 4.351e-17
10428.00 6.849e-17
10430.00 2.887e-17
10432.00 5.777e-18
10434.00 5.881e-17
10436.00 4.193e-17
10438.00 4.444e-17
10440.00 5.743e-17
10442.00 5.966e-17
10444.00 4.692e-17
10446.00 3.172e-17
10448.00 3.991e-17
10450.00 5.763e-17
10452.00 4.948e-17
10454.00 2.048e-17
10456.00 3.635e-17
10458.00 1.684e-17
10460.00 3.064e-17
10462.00 7.886e-17
10464.00 6.122e-17
10466.00 4.762e-17
10468.00 7.655e-17
10470.00 5.909e-17
10472.00 3.538e-17
10474.00 4.720e-17
10476.00 4.984e-17
10478.00 3.929e-17
10480.00 4.705e-17
10482.00 9.486e-18
10484.00 9.157e-18
10486.00 5.856e-17
10488.00 4.363e-17
10490.00 5.875e-17
10492.00 3.662e-17
10494.00 9.958e-18
10496.00 3.598e-17
10498.00 6.046e-17
10500.00 4.266e-17
10502.00 9.954e-18
10504.00 3.235e-17
10506.00 4.319e-17
10508.00 5.476e-17
10510.00 2.758e-17
10512.00 1.361e-17
10514.00 5.296e-17
10516.00 3.305e-17
10518.00 1.431e-17
10520.00 6.454e-17
10522.00 5.351e-17
10524.00 4.175e-17
10526.00 -1.180e-17
10528.00 1.815e-17
10530.00 2.758e-17
10532.00 4.064e-18
10534.00 7.560e-18
10536.00 1.238e-18
10538.00 2.616e-17
10540.00 3.267e-17
10542.00 4.132e-17
10544.00 4.168e-17
10546.00 3.758e-17
10548.00 4.994e-17
10550.00 9.858e-17
10552.00 2.715e-17
10554.00 6.509e-17
10556.00 6.641e-17
10558.00 8.267e-17
10560.00 4.031e-17
10562.00 4.571e-17
10564.00 2.095e-17
10566.00 3.427e-17
10568.00 3.232e-17
10570.00 1.257e-17
10572.00 1.678e-17
10574.00 1.480e-17
10576.00 1.375e-17
10578.00 4.738e-17
10580.00 5.477e-17
10582.00 -2.508e-18
10584.00 2.538e-17
10586.00 2.607e-17
10588.00 9.278e-18
10590.00 5.433e-17
10592.00 5.268e-17
10594.00 4.127e-17
10596.00 3.773e-17
10598.00 -2.258e-18
10600.00 9.266e-18
10602.00 4.638e-17
10604.00 7.625e-17
10606.00 3.534e-17
10608.00 2.134e-17
10610.00 3.594e-17
10612.00 5.086e-17
10614.00 1.403e-17
10616.00 2.858e-17
10618.00 5.792e-17
10620.00 7.341e-17
10622.00 4.454e-17
10624.00 6.467e-18
10626.00 1.130e-17
10628.00 6.582e-17
10630.00 7.300e-17
10632.00 3.529e-17
10634.00 2.109e-17
10636.00 1.105e-17
10638.00 6.941e-17
10640.00 4.621e-17
10642.00 1.424e-17
10644.00 2.149e-17
10646.00 1.321e-17
10648.00 1.545e-17
10650.00 4.805e-17
10652.00 4.094e-17
10654.00 3.380e-17
10656.00 4.529e-17
10658.00 2.048e-17
10660.00 2.319e-17
10662.00 3.133e-17
10664.00 4.131e-17
10666.00 2.701e-17
10668.00 7.276e-17
10670.00 5.880e-17
10672.00 5.657e-17
10674.00 3.610e-17
10676.00 4.971e-17
10678.00 4.289e-17
10680.00 1.841e-17
10682.00 4.724e-17
10684.00 7.497e-17
10686.00 6.835e-17
10688.00 4.259e-17
10690.00 8.599e-17
10692.00 7.284e-17
10694.00 7.023e-17
10696.00 5.313e-17
10698.00 2.455e-17
10700.00 4.483e-17
10702.00 7.130e-17
10704.00 5.655e-17
10706.00 5.745e-17
10708.00 5.235e-17
10710.00 5.351e-17
10712.00 3.340e-17
10714.00 6.580e-17
10716.00 6.441e-17
10718.00 5.603e-17
10720.00 2.943e-17
10722.00 4.115e-17
10724.00 2.679e-17
10726.00 3.562e-17
10728.00 7.140e-17
10730.00 5.092e-17
10732.00 2.846e-17
10734.00 4.561e-17
10736.00 7.029e-17
10738.00 4.674e-17
10740.00 1.489e-17
10742.00 2.292e-17
10744.00 5.424e-17
10746.00 4.929e-17
10748.00 2.252e-17
10750.00 4.846e-17
10752.00 5.992e-17
10754.00 8.385e-17
10756.00 5.998e-17
10758.00 5.708e-17
10760.00 7.235e-17
10762.00 6.149e-17
10764.00 5.700e-17
10766.00 4.748e-17
10768.00 4.658e-17
10770.00 6.985e-17
10772.00 7.838e-17
10774.00 4.518e-17
10776.00 5.115e-17
10778.00 4.567e-17
10780.00 4.479e-17
