03301.97 -7.070e-16
03304.30 1.281e-15
03306.62 -2.560e-16
03308.95 -3.048e-17
03311.27 1.914e-16
03313.60 2.485e-16
03315.93 -6.549e-16
03318.26 -8.344e-16
03320.60 8.781e-16
03322.93 -2.665e-16
03325.27 -6.892e-17
03327.61 2.377e-16
03329.95 -2.259e-16
03332.29 -7.164e-16
03334.63 2.358e-16
03336.97 9.359e-17
03339.32 1.063e-16
03341.67 -4.609e-16
03344.02 -4.788e-16
03346.37 -7.484e-18
03348.72 9.912e-17
03351.08 3.395e-16
03353.43 4.620e-16
03355.79 -2.655e-16
03358.15 3.717e-16
03360.51 -1.080e-16
03362.87 -3.227e-16
03365.23 2.056e-16
03367.60 -3.286e-17
03369.97 -1.630e-16
03372.34 2.964e-16
03374.70 -1.636e-17
03377.08 -4.102e-17
03379.45 2.416e-16
03381.82 -1.978e-16
03384.20 2.322e-16
03386.58 -3.866e-16
03388.96 2.601e-16
03391.34 -1.283e-16
03393.72 7.543e-17
03396.11 -8.014e-17
03398.49 1.651e-16
03400.88 7.957e-17
03403.27 5.131e-17
03405.66 -3.827e-17
03408.05 2.527e-17
03410.44 -9.048e-17
03412.84 1.714e-16
03415.23 3.649e-17
03417.63 -1.747e-16
03420.03 -7.960e-17
03422.43 -1.094e-16
03424.83 -5.250e-17
03427.24 -6.645e-17
03429.64 -1.261e-16
03432.05 -2.817e-17
03434.46 -1.466e-17
03436.87 2.340e-18
03439.28 2.842e-17
03441.69 -6.045e-17
03444.11 1.608e-17
03446.53 5.241e-17
03448.94 -9.745e-17
03451.36 7.326e-17
03453.78 8.465e-17
03456.20 1.199e-16
03458.63 -2.305e-16
03461.05 1.676e-17
03463.48 4.582e-17
03465.91 1.796e-16
03468.34 2.388e-17
03470.77 -3.710e-18
03473.20 8.729e-17
03475.64 -5.014e-17
03478.07 2.134e-16
03480.51 1.249e-16
03482.95 1.347e-16
03485.39 -4.385e-17
03487.83 -5.560e-17
03490.27 4.671e-17
03492.72 1.314e-16
03495.16 1.216e-16
03497.61 3.796e-17
03500.06 1.853e-16
03502.51 -7.886e-17
03504.96 -5.485e-17
03507.41 8.778e-17
03509.87 8.800e-18
03512.32 9.888e-17
03514.78 2.169e-16
03517.24 1.449e-16
03519.70 -6.636e-17
03522.16 6.979e-17
03524.63 4.116e-17
03527.09 9.249e-17
03529.56 1.798e-17
03532.03 1.680e-17
03534.50 5.652e-18
03536.97 -3.468e-18
03539.44 1.165e-16
03541.91 1.870e-17
03544.39 -1.297e-16
03546.86 7.956e-17
03549.34 -6.472e-18
03551.82 -3.717e-17
03554.30 -9.608e-17
03556.78 -1.879e-17
03559.27 -1.574e-16
03561.75 -9.486e-17
03564.24 8.055e-17
03566.72 -4.784e-18
03569.21 1.226e-16
03571.70 9.578e-17
03574.20 -1.156e-16
03576.69 1.810e-17
03579.18 -3.286e-17
03581.68 6.992e-17
03584.18 -7.168e-17
03586.68 -4.574e-17
03589.18 -6.360e-18
03591.68 4.034e-17
03594.18 -8.183e-17
03596.69 -1.210e-17
03599.19 -1.707e-17
03601.70 1.492e-16
03604.21 2.517e-18
03606.72 1.434e-16
03609.23 5.392e-17
03611.74 1.667e-16
03614.26 1.832e-18
03616.77 -3.623e-18
03619.29 -8.743e-17
03621.81 -1.802e-17
03624.33 -2.302e-17
03626.85 -4.025e-17
03629.37 9.747e-17
03631.89 8.234e-17
03634.42 1.308e-17
03636.95 7.163e-17
03639.47 -7.663e-17
03642.00 1.159e-16
03644.53 1.290e-16
03647.07 3.391e-17
03649.60 -4.270e-18
03652.13 1.692e-17
03654.67 1.035e-16
03657.21 9.719e-17
03659.74 -3.054e-17
03662.28 2.255e-16
03664.83 1.398e-16
03667.37 6.090e-17
03669.91 5.715e-17
03672.46 -4.798e-17
03675.01 6.837e-17
03677.55 6.210e-18
03680.10 6.368e-17
03682.65 7.852e-18
03685.20 8.630e-19
03687.76 1.061e-16
03690.31 9.663e-17
03692.87 4.861e-17
03695.43 -3.594e-17
03697.98 1.991e-17
03700.54 7.784e-18
03703.11 3.859e-17
03705.67 9.661e-17
03708.23 8.487e-17
03710.80 -1.870e-17
03713.36 -5.259e-17
03715.93 -2.149e-18
03718.50 3.768e-17
03721.07 -1.635e-17
03723.64 6.207e-17
03726.21 1.657e-17
03728.79 7.500e-17
03731.36 3.558e-17
03733.94 6.979e-17
03736.52 -4.071e-17
03739.10 -9.861e-17
03741.68 1.115e-17
03744.26 2.629e-17
03746.84 2.060e-17
03749.43 2.994e-17
03752.01 8.679e-17
03754.60 -1.018e-17
03757.19 5.578e-18
03759.78 -2.212e-17
03762.37 8.432e-17
03764.96 1.221e-16
03767.55 -2.050e-17
03770.15 8.025e-17
03772.74 -2.412e-17
03775.34 1.215e-16
03777.94 -3.804e-18
03780.54 1.356e-17
03783.14 -6.533e-18
03785.74 2.861e-17
03788.34 6.188e-17
03790.95 -4.756e-18
03793.55 -1.119e-17
03796.16 5.268e-17
03798.77 2.688e-17
03801.38 2.322e-17
03803.99 2.171e-17
03806.60 8.022e-18
03809.22 4.252e-17
03811.83 3.435e-17
03814.45 -5.347e-17
03817.06 -4.598e-17
03819.68 4.411e-17
03822.30 1.302e-17
03824.92 -1.773e-17
03827.54 6.771e-17
03830.16 1.306e-17
03832.79 -1.790e-17
03835.41 3.249e-18
03838.04 6.197e-17
03840.67 4.771e-17
03843.30 -5.635e-17
03845.93 7.377e-17
03848.56 1.322e-17
03851.19 -3.256e-17
03853.83 2.616e-17
03856.46 6.038e-18
03859.10 -2.661e-17
03861.74 1.534e-17
03864.38 5.243e-18
03867.01 -2.020e-17
03869.66 3.633e-17
03872.30 -6.587e-17
03874.94 -2.968e-17
03877.59 3.100e-17
03880.23 7.298e-17
03882.88 4.596e-17
03885.53 -9.459e-18
03888.18 4.513e-17
03890.83 3.592e-18
03893.48 -5.730e-17
03896.13 2.880e-17
03898.79 4.097e-17
03901.44 6.765e-17
03904.10 8.598e-18
03906.76 5.247e-17
03909.41 8.984e-18
03912.07 -9.917e-18
03914.74 3.637e-17
03917.40 2.523e-17
03920.06 -2.453e-17
03922.73 2.461e-17
03925.39 -4.634e-18
03928.06 -1.321e-17
03930.73 6.198e-17
03933.40 3.748e-17
03936.07 2.411e-17
03938.74 5.986e-17
03941.41 9.508e-17
03944.09 -6.146e-18
03946.76 2.310e-18
03949.44 1.073e-17
03952.11 5.964e-17
03954.79 -1.078e-18
03957.47 4.950e-17
03960.15 -2.191e-18
03962.83 2.660e-17
03965.52 5.212e-17
03968.20 6.319e-17
03970.89 1.045e-17
03973.57 3.428e-17
03976.26 2.006e-17
03978.95 8.169e-17
03981.64 -1.169e-17
03984.33 3.079e-17
03987.02 -1.119e-17
03989.71 2.350e-17
03992.41 2.440e-17
03995.10 1.559e-17
03997.80 6.618e-17
04000.50 -5.873e-19
04003.20 6.169e-17
04005.89 4.559e-17
04008.60 5.559e-17
04011.30 2.212e-18
04014.00 1.150e-17
04016.70 5.931e-17
04019.41 9.484e-18
04022.12 5.268e-17
04024.82 8.003e-17
04027.53 8.863e-18
04030.24 4.148e-17
04032.95 1.271e-17
04035.66 4.305e-17
04038.38 4.880e-17
04041.09 3.117e-17
04043.81 2.802e-17
04046.52 3.037e-17
04049.24 1.371e-18
04051.96 7.194e-17
04054.68 5.539e-17
04057.40 4.945e-17
04060.12 4.350e-17
04062.84 3.755e-17
04065.57 3.159e-17
04068.29 2.564e-17
04071.01 1.968e-17
04073.74 1.372e-17
04076.47 7.754e-18
04079.20 1.789e-18
04081.93 -3.904e-18
04084.66 2.014e-17
04087.39 2.924e-17
04090.12 2.579e-17
04092.86 3.773e-17
04095.59 1.025e-16
04098.33 3.627e-17
04101.07 4.842e-17
04103.81 7.231e-17
04106.55 5.084e-17
04109.29 8.971e-17
04112.03 6.359e-17
04114.77 5.622e-17
04117.52 6.536e-17
04120.26 4.644e-17
04123.01 3.977e-17
04125.75 6.947e-17
04128.50 5.637e-17
04131.25 3.155e-17
04134.00 5.927e-17
04136.75 3.000e-17
04139.50 1.423e-17
04142.25 2.408e-17
04145.01 8.947e-17
04147.76 5.810e-17
04150.52 3.575e-17
04153.27 2.673e-17
04156.03 1.714e-17
04158.79 -8.226e-18
04161.55 2.457e-17
04164.31 2.656e-17
04167.07 6.044e-17
04169.84 5.335e-17
04172.60 3.440e-17
04175.37 8.454e-18
04178.13 2.792e-17
04180.90 6.270e-17
04183.67 7.450e-17
04186.44 2.954e-17
04189.21 1.046e-17
04191.98 5.838e-17
04194.75 7.556e-17
04197.52 6.798e-17
04200.30 4.077e-17
04203.07 -3.480e-17
04205.85 5.734e-17
04208.63 2.822e-17
04211.40 6.003e-17
04214.18 2.248e-17
04216.96 4.015e-17
04219.74 4.734e-17
04222.52 1.837e-17
04225.31 5.249e-17
04228.09 1.473e-17
04230.88 4.145e-17
04233.66 3.204e-17
04236.45 2.864e-17
04239.24 6.046e-17
04242.03 1.789e-17
04244.81 2.658e-17
04247.61 2.069e-17
04250.40 3.207e-17
04253.19 8.901e-17
04255.98 6.703e-17
04258.78 2.571e-17
04261.57 2.554e-17
04264.37 2.532e-17
04267.17 6.452e-17
04269.97 5.004e-17
04272.77 6.039e-17
04275.56 2.309e-17
04278.37 5.182e-17
04281.17 -2.798e-17
04283.97 2.511e-17
04286.77 4.156e-17
04289.58 2.064e-17
04292.39 5.480e-17
04295.19 5.694e-17
04298.00 4.995e-17
04300.81 5.373e-17
04303.62 3.574e-17
04306.43 4.381e-18
04309.24 9.260e-17
04312.05 3.177e-17
04314.87 2.589e-17
04317.68 7.259e-17
04320.49 3.412e-17
04323.31 4.204e-17
04326.13 4.034e-17
04328.95 7.299e-17
04331.77 7.582e-17
04334.59 4.596e-17
04337.40 3.301e-17
04340.23 4.524e-17
04343.05 8.069e-17
04345.87 6.001e-17
04348.70 4.884e-17
04351.52 5.772e-17
04354.35 7.639e-18
04357.18 3.219e-17
04360.00 7.854e-17
04362.83 3.094e-17
04365.66 6.009e-17
04368.49 6.232e-17
04371.32 8.383e-17
04374.16 4.114e-17
04376.99 4.270e-17
04379.82 5.064e-17
04382.66 2.829e-17
04385.49 4.993e-17
04388.33 2.057e-17
04391.17 3.737e-17
04394.01 6.239e-17
04396.85 5.134e-17
04399.69 7.556e-17
04402.53 3.764e-17
04405.37 7.165e-17
04408.22 5.657e-17
04411.06 8.192e-17
04413.90 3.116e-17
04416.75 4.716e-17
04419.60 7.400e-17
04422.44 3.033e-17
04425.29 6.090e-17
04428.14 6.818e-17
04430.99 4.751e-17
04433.84 6.860e-17
04436.69 5.108e-17
04439.55 4.568e-17
04442.40 6.611e-17
04445.25 6.437e-17
04448.11 6.744e-17
04450.97 3.789e-17
04453.82 5.677e-17
04456.68 5.684e-17
04459.54 5.590e-17
04462.40 5.361e-17
04465.26 2.098e-17
04468.12 7.593e-17
04470.98 6.755e-17
04473.84 6.222e-17
04476.71 6.541e-17
04479.57 5.229e-17
04482.44 4.261e-17
04485.30 6.005e-17
04488.17 3.886e-17
04491.04 5.487e-17
04493.91 6.052e-17
04496.78 3.256e-17
04499.65 2.626e-17
04502.52 2.792e-17
04505.39 3.256e-17
04508.26 5.818e-17
04511.14 5.070e-17
04514.01 3.730e-17
04516.89 6.852e-17
04519.76 3.578e-17
04522.64 6.103e-17
04525.52 6.579e-17
04528.40 4.355e-17
04531.28 2.717e-17
04534.16 2.436e-17
04537.04 5.261e-17
04539.92 8.873e-17
04542.80 5.035e-17
04545.69 5.708e-17
04548.57 4.711e-17
04551.46 4.984e-17
04554.34 6.931e-17
04557.23 7.297e-17
04560.12 1.100e-16
04563.01 5.746e-17
04565.89 1.043e-16
04568.78 9.017e-17
04571.68 1.017e-16
04574.57 1.202e-16
04577.46 1.118e-16
04580.35 1.208e-16
04583.25 1.325e-16
04586.14 1.534e-16
04589.04 1.506e-16
04591.93 9.202e-17
04594.83 6.636e-17
04597.73 1.363e-16
04600.63 1.020e-16
04603.53 9.304e-17
04606.43 7.879e-17
04609.33 8.662e-17
04612.23 7.298e-17
04615.13 5.162e-17
04618.03 8.727e-17
04620.94 8.398e-17
04623.84 6.809e-17
04626.75 6.424e-17
04629.66 8.999e-17
04632.56 1.262e-16
04635.47 5.865e-17
04638.38 7.365e-17
04641.29 7.110e-17
04644.20 3.165e-17
04647.11 6.639e-17
04650.02 7.308e-17
04652.94 6.686e-17
04655.85 6.255e-17
04658.76 6.119e-17
04661.68 5.954e-17
04664.59 1.955e-17
04667.51 4.011e-17
04670.43 5.144e-17
04673.34 1.767e-17
04676.26 3.851e-17
04679.18 9.901e-17
04682.10 8.158e-17
04685.02 4.601e-17
04687.94 2.591e-17
04690.87 3.572e-17
04693.79 3.834e-17
04696.71 1.007e-16
04699.64 4.968e-17
04702.56 4.712e-17
04705.49 4.984e-17
04708.42 3.536e-17
04711.34 7.883e-17
04714.27 7.625e-17
04717.20 4.808e-17
04720.13 7.334e-17
04723.06 1.186e-17
04725.99 5.781e-17
04728.93 6.041e-17
04731.86 3.558e-17
04734.79 5.179e-17
04737.73 7.119e-17
04740.66 3.305e-17
04743.60 5.720e-17
04746.53 1.493e-17
04749.47 4.450e-17
04752.41 4.622e-17
04755.34 6.731e-17
04758.28 6.417e-17
04761.22 2.425e-17
04764.16 2.825e-17
04767.10 4.558e-17
04770.05 4.079e-17
04772.99 5.765e-17
04775.93 3.173e-17
04778.88 3.518e-17
04781.82 4.267e-17
04784.77 2.886e-18
04787.71 2.827e-18
04790.66 4.199e-17
04793.61 3.813e-17
04796.56 3.980e-17
04799.51 4.816e-17
04802.45 4.008e-17
04805.40 8.687e-17
04808.36 4.810e-17
04811.31 6.783e-17
04814.26 4.444e-17
04817.21 5.295e-17
04820.17 3.226e-17
04823.12 2.292e-17
04826.08 4.545e-17
04829.03 6.827e-17
04831.99 2.651e-17
04834.95 2.493e-17
04837.90 -1.267e-17
04840.86 2.076e-17
04843.82 6.993e-17
04846.78 3.307e-17
04849.74 4.762e-17
04852.70 1.654e-17
04855.67 7.305e-17
04858.63 1.761e-17
04861.59 8.071e-17
04864.56 6.713e-17
04867.52 5.355e-17
04870.49 3.997e-17
04873.45 2.638e-17
04876.42 1.279e-17
04879.39 -8.036e-19
04882.35 3.538e-17
04885.32 2.838e-17
04888.29 5.135e-17
04891.26 4.779e-17
04894.23 4.294e-17
04897.20 1.500e-17
04900.18 2.152e-17
04903.15 5.847e-17
04906.12 4.405e-17
04909.10 6.760e-17
04912.07 2.546e-17
04915.05 5.257e-17
04918.02 4.144e-17
04921.00 3.112e-17
04923.97 4.122e-17
04926.95 4.032e-17
04929.93 4.286e-17
04932.91 2.766e-17
04935.89 4.316e-17
04938.87 1.220e-17
04941.85 4.354e-17
04944.83 2.955e-17
04947.81 7.909e-18
04950.80 1.995e-17
04953.78 5.053e-17
04956.76 2.576e-17
04959.75 4.349e-17
04962.73 3.135e-17
04965.72 5.058e-17
04968.71 1.771e-17
04971.69 4.290e-17
04974.68 5.232e-17
04977.67 4.580e-17
04980.66 5.999e-17
04983.65 2.864e-17
04986.64 2.111e-17
04989.63 5.548e-17
04992.62 3.011e-17
04995.61 3.046e-17
04998.61 3.337e-17
05001.60 6.266e-17
05004.60 2.049e-17
05007.59 4.989e-17
05010.59 6.032e-17
05013.58 5.619e-17
05016.58 3.297e-17
05019.57 5.113e-17
05022.57 5.490e-17
05025.57 2.541e-17
05028.57 6.701e-17
05031.57 5.596e-17
05034.57 3.626e-17
05037.57 7.213e-17
05040.57 4.355e-17
05043.57 6.538e-17
05046.58 2.341e-17
05049.58 9.150e-17
05052.58 4.505e-17
05055.59 4.516e-17
05058.59 3.351e-17
05061.60 4.031e-17
05064.60 3.538e-17
05067.61 6.772e-17
05070.62 4.123e-17
05073.63 3.142e-17
05076.64 5.347e-17
05079.65 5.623e-17
05082.65 2.908e-17
05085.66 5.383e-17
05088.68 3.498e-17
05091.69 4.081e-17
05094.70 2.215e-17
05097.71 5.447e-17
05100.73 5.278e-17
05103.74 6.859e-17
05106.75 4.843e-17
05109.77 4.945e-17
05112.78 4.528e-17
05115.80 5.858e-17
05118.82 4.950e-17
05121.83 4.672e-17
05124.85 3.298e-17
05127.87 1.940e-17
05130.89 5.730e-17
05133.91 8.658e-17
05136.93 4.696e-17
05139.95 4.467e-17
05142.97 6.535e-19
05145.99 1.658e-17
05149.01 7.639e-17
05152.04 2.799e-17
05155.06 4.737e-17
05158.08 2.156e-17
05161.11 5.856e-17
05164.13 2.374e-17
05167.16 4.653e-17
05170.19 6.090e-17
05173.21 7.091e-17
05176.24 6.029e-17
05179.27 7.948e-17
05182.30 4.676e-17
05185.32 6.998e-17
05188.35 5.578e-17
05191.38 6.505e-17
05194.41 4.183e-17
05197.44 5.622e-17
05200.48 7.199e-17
05203.51 6.561e-17
05206.54 7.124e-17
05209.57 6.127e-17
05212.61 7.273e-17
05215.64 9.558e-17
05218.68 6.639e-17
05221.71 6.776e-17
05224.75 6.302e-17
05227.79 5.885e-17
05230.82 8.563e-17
05233.86 5.908e-17
05236.90 5.356e-17
05239.94 4.934e-17
05242.98 5.274e-17
05246.02 8.240e-17
05249.06 5.423e-17
05252.10 8.870e-17
05255.14 7.001e-17
05258.18 4.042e-17
05261.22 7.950e-17
05264.27 6.818e-17
05267.31 6.248e-17
05270.35 3.467e-17
05273.40 4.731e-17
05276.44 9.178e-17
05279.49 7.081e-17
05282.53 7.925e-17
05285.58 6.595e-17
05288.63 4.846e-17
05291.68 5.499e-17
05294.72 1.911e-17
05297.77 4.033e-17
05300.82 2.623e-17
05303.87 5.027e-17
05306.92 5.772e-17
05309.97 2.851e-17
05313.02 4.912e-17
05316.07 3.134e-17
05319.13 7.242e-17
05322.18 4.853e-17
05325.23 2.583e-17
05328.29 4.529e-17
05331.34 4.870e-17
05334.39 5.129e-17
05337.45 4.368e-17
05340.51 4.914e-17
05343.56 3.574e-17
05346.62 4.813e-17
05349.68 4.760e-17
05352.73 7.609e-17
05355.79 6.756e-17
05358.85 3.586e-17
05361.91 4.919e-17
05364.97 7.328e-17
05368.03 4.705e-17
05371.09 6.019e-17
05374.15 6.808e-17
05377.21 2.786e-17
05380.27 3.703e-17
05383.34 5.423e-17
05386.40 2.196e-17
05389.46 4.153e-17
05392.53 4.547e-17
05395.59 2.908e-17
05398.65 5.281e-17
05401.72 6.817e-17
05404.79 7.463e-17
05407.85 2.882e-17
05410.92 4.338e-17
05413.99 3.971e-17
05417.06 2.680e-17
05420.12 3.713e-17
05423.19 2.651e-17
05426.26 2.793e-17
05429.33 2.486e-17
05432.40 2.342e-17
05435.47 3.595e-18
05438.54 6.394e-17
05441.61 3.764e-17
05444.69 3.842e-17
05447.76 3.920e-17
05450.83 3.999e-17
05453.90 4.077e-17
05456.98 4.155e-17
05460.05 4.234e-17
05463.13 2.663e-17
05466.20 4.372e-17
05469.28 4.034e-17
05472.35 1.406e-17
05475.43 5.064e-17
05478.51 3.485e-17
05481.59 4.739e-17
05484.66 4.416e-17
05487.74 2.989e-17
05490.82 4.762e-17
05493.90 4.658e-17
05496.98 2.768e-17
05500.06 3.505e-17
05503.14 2.929e-17
05506.22 4.676e-17
05509.30 5.006e-17
05512.39 4.027e-17
05515.47 5.250e-17
05518.55 5.787e-17
05521.63 4.179e-17
05524.72 3.995e-17
05527.80 4.882e-17
05530.89 3.504e-17
05533.97 3.083e-17
05537.06 4.397e-17
05540.14 6.627e-17
05543.23 4.836e-17
05546.32 4.826e-17
05549.40 2.050e-17
05552.49 2.451e-17
05555.58 2.539e-17
05558.67 2.627e-17
05561.76 5.139e-17
05564.85 2.530e-17
05567.94 3.544e-17
05571.03 6.090e-17
05574.12 7.503e-17
05577.21 3.147e-17
05580.30 8.659e-18
05583.39 8.692e-19
05586.49 7.375e-17
05589.58 2.190e-17
05592.67 1.452e-17
05595.77 3.567e-17
05598.86 5.005e-17
05601.95 3.440e-17
05605.05 1.894e-17
05608.15 2.789e-17
05611.24 2.307e-18
05614.34 1.445e-17
05617.43 3.791e-17
05620.53 1.046e-17
05623.63 1.958e-17
05626.73 2.070e-17
05629.82 3.772e-17
05632.92 4.914e-17
05636.02 3.073e-17
05639.12 2.687e-17
05642.22 1.383e-17
05645.32 1.303e-17
05648.42 6.155e-17
05651.53 4.942e-17
05654.63 1.715e-17
05657.73 3.679e-17
05660.83 3.782e-17
05663.94 6.113e-17
05667.04 4.461e-17
05670.14 3.219e-17
05673.25 3.455e-17
05676.35 1.824e-18
05679.45 4.959e-17
05682.56 1.867e-17
05685.67 3.026e-17
05688.77 3.777e-17
05691.88 4.512e-17
05694.99 7.653e-18
05698.09 2.733e-17
05701.20 2.868e-17
05704.31 1.512e-17
05707.42 5.942e-17
05710.53 7.705e-18
05713.64 2.807e-17
05716.74 3.609e-17
05719.85 2.990e-17
05722.97 3.029e-17
05726.08 4.130e-17
05729.19 1.298e-17
05732.30 2.777e-17
05735.41 3.119e-17
05738.52 1.836e-17
05741.64 1.109e-17
05744.75 3.572e-17
05747.86 3.581e-17
05750.98 2.646e-17
05754.09 6.945e-18
05757.21 1.713e-17
05760.32 2.545e-17
05763.44 1.073e-17
05766.55 4.362e-17
05769.67 1.823e-17
05772.78 2.140e-17
05775.90 3.063e-17
05779.02 5.301e-18
05782.14 5.300e-17
05785.26 4.465e-17
05788.37 -1.399e-17
05791.49 2.768e-17
05794.61 2.084e-17
05797.73 2.506e-17
05800.85 1.758e-17
05803.97 8.257e-18
05807.09 1.301e-17
05810.21 2.135e-18
05813.34 4.779e-17
05816.46 8.804e-18
05819.58 2.956e-17
05822.70 2.326e-17
05825.82 3.292e-17
05828.95 4.775e-17
05832.07 2.798e-17
05835.20 9.844e-18
05838.32 3.914e-17
05841.44 1.529e-17
05844.57 2.230e-17
05847.69 4.839e-17
05850.82 3.498e-17
05853.95 1.099e-17
05857.07 2.459e-17
05860.20 4.552e-17
05863.33 2.821e-17
05866.46 6.329e-17
05869.58 7.133e-17
05872.71 6.062e-17
05875.84 2.739e-17
05878.97 3.117e-17
05882.10 3.495e-17
05885.23 3.873e-17
05888.36 4.252e-17
05891.49 4.630e-17
05894.62 5.008e-17
05897.75 5.386e-17
05900.88 5.764e-17
05904.02 5.572e-17
05907.15 7.012e-17
05910.28 4.716e-17
05913.41 5.690e-17
05916.55 7.698e-17
05919.68 7.734e-17
05922.81 7.030e-17
05925.95 4.840e-17
05929.08 4.836e-17
05932.22 8.410e-17
05935.35 5.197e-17
05938.49 7.597e-17
05941.62 7.822e-17
05944.76 6.356e-17
05947.90 1.063e-16
05951.03 6.236e-17
05954.17 7.711e-17
05957.31 3.589e-17
05960.45 5.630e-17
05963.59 7.635e-17
05966.73 5.786e-17
05969.86 2.722e-17
05973.00 6.316e-17
05976.14 4.951e-17
05979.28 3.797e-17
05982.42 5.507e-17
05985.56 7.001e-17
05988.70 3.187e-17
05991.85 4.026e-17
05994.99 1.319e-17
05998.13 2.842e-17
06001.27 4.365e-17
06004.41 2.948e-17
06007.56 4.267e-17
06010.70 3.563e-17
06013.85 3.913e-17
06016.99 5.014e-17
06020.13 3.826e-17
06023.28 5.323e-17
06026.42 3.319e-17
06029.57 3.508e-17
06032.71 -7.471e-19
06035.86 8.905e-18
06039.01 1.401e-17
06042.15 2.297e-18
06045.30 6.155e-17
06048.45 8.669e-18
06051.60 3.641e-17
06054.74 4.558e-17
06057.89 5.124e-17
06061.04 3.811e-17
06064.19 1.791e-17
06067.34 5.638e-18
06070.49 1.770e-17
06073.64 3.192e-17
06076.79 5.753e-18
06079.94 3.275e-17
06083.09 4.092e-17
06086.24 4.858e-17
06089.39 2.343e-17
06092.54 4.827e-17
06095.69 4.485e-17
06098.85 2.713e-17
06102.00 4.314e-17
06105.15 1.575e-17
06108.31 3.626e-19
06111.46 4.052e-17
06114.61 4.472e-17
06117.77 2.289e-17
06120.92 4.991e-17
06124.07 2.472e-17
06127.23 2.312e-17
06130.39 8.457e-18
06133.54 1.756e-17
06136.70 3.125e-17
06139.85 3.240e-17
06143.01 3.824e-17
06146.17 6.521e-17
06149.32 3.844e-17
06152.48 4.768e-17
06155.64 7.085e-18
06158.80 1.725e-17
06161.96 2.402e-17
06165.11 3.318e-17
06168.27 1.343e-17
06171.43 8.620e-18
06174.59 5.588e-17
06177.75 5.089e-17
06180.91 2.551e-17
06184.07 9.863e-18
06187.23 5.143e-17
06190.39 4.496e-17
06193.56 1.214e-17
06196.72 9.510e-18
06199.88 5.410e-17
06203.04 2.116e-17
06206.20 6.825e-17
06209.37 2.241e-17
06212.53 1.437e-17
06215.69 2.390e-18
06218.86 8.391e-18
06222.02 1.591e-17
06225.19 5.063e-17
06228.35 2.071e-17
06231.51 4.165e-17
06234.68 5.753e-17
06237.85 2.417e-17
06241.01 2.631e-17
06244.18 4.608e-17
06247.34 5.313e-17
06250.51 3.088e-17
06253.68 4.701e-17
06256.84 3.959e-17
06260.01 4.639e-17
06263.18 6.159e-17
06266.35 7.728e-17
06269.51 7.242e-17
06272.68 9.298e-17
06275.85 1.356e-16
06279.02 1.358e-16
06282.19 1.519e-16
06285.36 1.739e-16
06288.53 1.512e-16
06291.70 1.962e-16
06294.87 1.931e-16
06298.04 2.138e-16
06301.21 2.088e-16
06304.38 2.171e-16
06307.55 2.198e-16
06310.73 2.418e-16
06313.90 2.036e-16
06317.07 2.128e-16
06320.24 2.306e-16
06323.42 2.453e-16
06326.59 2.103e-16
06329.76 1.989e-16
06332.94 2.068e-16
06336.11 1.915e-16
06339.28 1.667e-16
06342.46 1.785e-16
06345.63 1.587e-16
06348.81 1.484e-16
06351.98 1.905e-16
06355.16 1.589e-16
06358.34 1.695e-16
06361.51 1.817e-16
06364.69 1.649e-16
06367.86 1.877e-16
06371.04 1.851e-16
06374.22 1.796e-16
06377.40 1.806e-16
06380.57 1.730e-16
06383.75 1.202e-16
06386.93 1.749e-16
06390.11 1.190e-16
06393.29 1.637e-16
06396.47 9.445e-17
06399.65 1.172e-16
06402.83 1.050e-16
06406.01 1.029e-16
06409.19 1.002e-16
06412.37 1.076e-16
06415.55 8.625e-17
06418.73 1.086e-16
06421.91 6.059e-17
06425.09 8.382e-17
06428.27 7.782e-17
06431.45 8.401e-17
06434.64 8.312e-17
06437.82 9.785e-17
06441.00 4.660e-17
06444.19 6.869e-17
06447.37 6.553e-17
06450.55 7.288e-17
06453.74 4.023e-17
06456.92 7.339e-17
06460.10 2.285e-17
06463.29 4.751e-17
06466.47 3.541e-17
06469.66 7.449e-17
06472.84 7.796e-17
06476.03 5.370e-17
06479.22 5.528e-17
06482.40 3.547e-17
06485.59 3.637e-17
06488.77 5.830e-17
06491.96 6.378e-17
06495.15 2.719e-17
06498.33 5.973e-17
06501.52 4.078e-17
06504.71 3.530e-17
06507.90 2.410e-17
06511.09 5.418e-17
06514.27 6.643e-17
06517.46 5.574e-17
06520.65 5.985e-17
06523.84 4.234e-17
06527.03 6.677e-17
06530.22 5.835e-17
06533.41 4.365e-17
06536.60 5.884e-17
06539.79 6.449e-17
06542.98 5.853e-17
06546.17 5.183e-17
06549.36 4.618e-17
06552.56 7.253e-17
06555.75 7.160e-17
06558.94 3.888e-17
06562.13 5.529e-17
06565.32 3.073e-17
06568.52 5.184e-17
06571.71 4.779e-17
06574.90 2.089e-17
06578.10 4.424e-17
06581.29 4.308e-17
06584.48 5.580e-17
06587.68 6.213e-17
06590.87 6.410e-17
06594.07 5.231e-17
06597.26 4.965e-17
06600.46 5.519e-17
06603.65 7.281e-17
06606.85 1.980e-17
06610.04 5.295e-17
06613.24 4.416e-17
06616.44 6.894e-17
06619.63 5.624e-17
06622.83 4.470e-17
06626.03 1.767e-17
06629.22 4.364e-17
06632.42 2.265e-17
06635.62 4.837e-17
06638.82 4.433e-17
06642.02 5.841e-17
06645.21 6.244e-17
06648.41 5.190e-17
06651.61 5.830e-17
06654.81 3.161e-17
06658.01 3.442e-17
06661.21 4.604e-17
06664.41 2.505e-17
06667.61 5.608e-17
06670.81 2.933e-17
06674.01 5.468e-17
06677.21 3.268e-17
06680.41 4.161e-17
06683.61 3.374e-17
06686.81 6.190e-17
06690.02 3.339e-17
06693.22 2.451e-17
06696.42 3.464e-17
06699.62 6.757e-17
06702.82 2.513e-17
06706.03 2.124e-17
06709.23 4.791e-17
06712.43 3.085e-17
06715.64 3.227e-17
06718.84 2.064e-17
06722.04 3.079e-17
06725.25 3.978e-17
06728.45 2.479e-17
06731.66 2.398e-17
06734.86 1.801e-17
06738.07 3.429e-17
06741.27 3.111e-17
06744.48 3.617e-17
06747.68 3.899e-17
06750.89 1.072e-17
06754.10 2.807e-17
06757.30 1.003e-17
06760.51 3.316e-17
06763.72 3.146e-17
06766.92 1.218e-17
06770.13 3.667e-17
06773.34 4.487e-17
06776.54 2.967e-17
06779.75 2.751e-17
06782.96 1.571e-17
06786.17 3.233e-17
06789.38 2.139e-17
06792.59 3.402e-17
06795.80 1.430e-17
06799.01 3.489e-17
06802.21 2.009e-17
06805.42 1.743e-17
06808.63 2.287e-17
06811.84 7.098e-18
06815.06 1.722e-17
06818.27 9.518e-18
06821.48 2.019e-17
06824.69 2.390e-17
06827.90 4.076e-18
06831.11 -1.409e-17
06834.32 2.258e-17
06837.53 2.009e-17
06840.74 2.572e-17
06843.96 6.983e-18
06847.17 2.200e-17
06850.38 1.708e-17
06853.60 2.338e-17
06856.81 1.577e-18
06860.02 5.905e-18
06863.24 1.583e-17
06866.45 5.164e-18
06869.66 2.030e-17
06872.88 1.947e-17
06876.09 5.936e-18
06879.31 6.192e-18
06882.52 6.447e-18
06885.74 6.703e-18
06888.95 6.959e-18
06892.17 7.215e-18
06895.39 7.470e-18
06898.60 1.286e-17
06901.82 3.463e-17
06905.03 1.285e-17
06908.25 2.915e-17
06911.47 2.623e-17
06914.68 3.417e-18
06917.90 1.287e-17
06921.12 2.148e-17
06924.34 2.336e-17
06927.56 1.371e-17
06930.77 1.297e-17
06933.99 1.872e-18
06937.21 2.215e-18
06940.43 2.517e-18
06943.65 1.931e-17
06946.87 2.168e-17
06950.09 4.598e-17
06953.31 2.037e-17
06956.53 3.833e-17
06959.75 4.299e-18
06962.97 1.649e-17
06966.19 2.426e-17
06969.41 3.280e-17
06972.63 1.789e-17
06975.85 1.930e-17
06979.07 3.388e-17
06982.29 9.888e-18
06985.51 1.802e-17
06988.74 1.124e-17
06991.96 2.336e-17
06995.18 2.956e-17
06998.40 2.962e-17
07001.63 2.969e-17
07004.85 2.975e-17
07008.07 2.420e-17
07011.30 4.662e-17
07014.52 3.595e-17
07017.74 3.125e-17
07020.97 3.826e-17
07024.19 4.068e-17
07027.42 1.825e-17
07030.64 5.894e-17
07033.86 1.848e-17
07037.09 1.985e-17
07040.32 2.864e-17
07043.54 1.191e-17
07046.77 2.019e-17
07049.99 -4.321e-18
07053.22 4.177e-17
07056.44 3.996e-17
07059.67 3.202e-17
07062.90 3.461e-17
07066.13 3.771e-17
07069.35 3.081e-17
07072.58 6.260e-17
07075.81 3.400e-17
07079.04 5.464e-17
07082.26 1.980e-17
07085.49 4.150e-17
07088.72 4.103e-17
07091.95 3.909e-17
07095.18 3.964e-17
07098.41 2.147e-17
07101.64 4.133e-17
07104.86 1.016e-17
07108.10 1.565e-17
07111.32 3.163e-17
07114.56 4.052e-17
07117.78 6.683e-17
07121.02 5.324e-17
07124.25 1.509e-17
07127.48 6.268e-17
07130.71 3.927e-17
07133.94 1.237e-17
07137.17 -3.031e-18
07140.40 4.227e-17
07143.64 3.175e-17
07146.87 3.226e-17
07150.10 4.404e-17
07153.33 1.289e-17
07156.56 3.950e-17
07159.80 1.682e-17
07163.03 2.927e-17
07166.26 4.928e-17
07169.50 4.628e-17
07172.73 7.648e-17
07175.97 2.540e-17
07179.20 4.865e-17
07182.43 4.566e-17
07185.67 3.089e-17
07188.90 3.166e-17
07192.14 3.487e-17
07195.37 1.584e-17
07198.61 2.137e-17
07201.84 4.489e-17
07205.08 2.751e-17
07208.31 5.100e-17
07211.55 3.982e-17
07214.79 5.691e-17
07218.02 8.090e-17
07221.26 7.402e-17
07224.50 7.704e-17
07227.74 8.250e-17
07230.97 7.910e-17
07234.21 7.432e-17
07237.45 8.577e-17
07240.69 1.080e-16
07243.93 9.147e-17
07247.16 8.419e-17
07250.40 1.253e-16
07253.64 1.406e-16
07256.88 1.304e-16
07260.12 1.221e-16
07263.36 1.611e-16
07266.60 2.109e-16
07269.84 1.698e-16
07273.08 1.684e-16
07276.32 1.811e-16
07279.56 1.939e-16
07282.80 2.066e-16
07286.04 2.193e-16
07289.28 2.020e-16
07292.52 2.125e-16
07295.76 2.606e-16
07299.01 2.563e-16
07302.25 2.711e-16
07305.49 2.730e-16
07308.73 3.029e-16
07311.98 2.617e-16
07315.22 3.377e-16
07318.46 3.354e-16
07321.70 3.624e-16
07324.95 3.617e-16
07328.19 3.430e-16
07331.43 3.529e-16
07334.68 3.667e-16
07337.92 3.220e-16
07341.17 3.781e-16
07344.41 3.752e-16
07347.66 3.941e-16
07350.90 3.876e-16
07354.15 4.036e-16
07357.39 3.788e-16
07360.64 3.371e-16
07363.88 3.077e-16
07367.13 3.255e-16
07370.37 3.257e-16
07373.62 3.195e-16
07376.87 3.096e-16
07380.11 3.034e-16
07383.36 3.131e-16
07386.61 3.228e-16
07389.86 2.671e-16
07393.10 2.726e-16
07396.35 2.635e-16
07399.60 2.527e-16
07402.85 2.155e-16
07406.10 1.618e-16
07409.34 1.785e-16
07412.59 1.756e-16
07415.84 1.635e-16
07419.09 1.435e-16
07422.34 9.946e-17
07425.59 1.398e-16
07428.84 9.882e-17
07432.09 1.165e-16
07435.34 1.019e-16
07438.59 8.382e-17
07441.84 1.148e-16
07445.09 1.144e-16
07448.34 6.146e-17
07451.60 7.399e-17
07454.85 7.906e-17
07458.10 8.935e-17
07461.35 5.810e-17
07464.60 6.188e-17
07467.85 3.554e-17
07471.11 5.690e-17
07474.36 4.948e-17
07477.61 6.108e-17
07480.87 1.430e-17
07484.12 8.293e-17
07487.37 2.741e-17
07490.63 5.226e-17
07493.88 2.257e-17
07497.14 7.798e-17
07500.39 3.185e-17
07503.64 1.836e-17
07506.90 2.129e-17
07510.15 3.010e-17
07513.41 5.450e-17
07516.66 2.605e-17
07519.92 3.138e-17
07523.18 2.903e-17
07526.43 3.336e-17
07529.69 6.374e-18
07532.94 8.921e-18
07536.20 -7.225e-18
07539.46 3.857e-17
07542.72 1.036e-17
07545.97 2.346e-17
07549.23 1.310e-17
07552.49 3.893e-17
07555.75 1.519e-17
07559.00 2.355e-17
07562.26 3.161e-17
07565.52 4.826e-17
07568.78 2.440e-17
07572.04 5.164e-17
07575.30 3.657e-17
07578.56 -7.105e-18
07581.82 -5.967e-18
07585.08 6.823e-19
07588.34 2.903e-17
07591.60 6.086e-18
07594.86 9.586e-18
07598.12 1.444e-17
07601.38 6.917e-18
07604.64 3.994e-18
07607.90 -2.519e-18
07611.16 1.658e-17
07614.42 -2.770e-18
07617.69 2.330e-17
07620.95 5.301e-18
07624.21 3.420e-17
07627.47 4.224e-18
07630.74 -1.173e-17
07634.00 9.613e-18
07637.26 1.267e-17
07640.53 -1.105e-18
07643.79 1.228e-17
07647.05 8.289e-18
07650.32 2.812e-17
07653.58 1.049e-17
07656.85 4.384e-17
07660.11 2.970e-18
07663.38 2.230e-17
07666.64 5.081e-17
07669.91 2.148e-17
07673.17 2.509e-17
07676.44 5.592e-17
07679.70 1.595e-17
07682.97 -1.271e-17
07686.24 1.988e-17
07689.50 -1.464e-18
07692.77 3.505e-17
07696.04 2.726e-17
07699.30 2.217e-17
07702.57 3.133e-17
07705.84 3.568e-17
07709.11 2.085e-18
07712.38 6.804e-17
07715.64 4.917e-17
07718.91 7.913e-17
07722.18 5.718e-17
07725.45 7.080e-17
07728.72 1.956e-17
07731.99 4.292e-17
07735.26 5.991e-17
07738.53 2.893e-17
07741.80 5.030e-17
07745.07 9.262e-18
07748.34 4.405e-18
07751.61 5.353e-17
07754.88 5.015e-17
07758.15 8.175e-17
07761.42 5.432e-17
07764.69 2.236e-17
07767.97 1.541e-17
07771.24 4.159e-17
07774.51 1.023e-17
07777.78 4.865e-17
07781.06 1.011e-17
07784.33 9.062e-18
07787.60 1.678e-17
07790.88 3.378e-17
07794.15 -5.419e-18
07797.42 1.917e-17
07800.70 2.111e-17
07803.97 1.239e-17
07807.25 -2.303e-17
07810.52 2.520e-17
07813.80 -6.176e-18
07817.07 4.456e-17
07820.35 4.750e-19
07823.62 8.432e-17
07826.90 6.924e-17
07830.18 2.533e-17
07833.45 5.293e-17
07836.73 2.515e-17
07840.01 3.242e-17
07843.28 2.457e-17
07846.56 1.379e-17
07849.84 5.138e-18
07853.11 3.351e-17
07856.39 -1.461e-17
07859.67 -3.275e-17
07862.95 8.004e-18
07866.23 -2.984e-18
07869.51 2.375e-17
07872.78 -9.626e-18
07876.06 9.810e-18
07879.34 2.801e-17
07882.62 1.195e-17
07885.90 1.945e-17
07889.18 2.163e-17
07892.46 3.869e-17
07895.74 -1.262e-17
07899.03 4.567e-18
07902.31 -1.551e-17
07905.59 3.764e-17
07908.87 1.549e-17
07912.15 7.650e-18
07915.43 -3.158e-17
07918.72 -2.677e-17
07922.00 2.832e-17
07925.28 1.201e-17
07928.56 3.714e-17
07931.85 6.418e-18
07935.13 3.283e-17
07938.41 7.337e-17
07941.70 2.227e-17
07944.98 3.342e-17
07948.27 4.456e-17
07951.55 5.572e-17
07954.84 6.687e-17
07958.12 7.802e-17
07961.41 4.108e-17
07964.69 -1.984e-17
07967.98 -3.779e-17
07971.27 1.440e-17
07974.55 -6.258e-19
07977.84 5.941e-17
07981.12 -9.626e-18
07984.41 -7.743e-18
07987.70 -2.021e-17
07990.99 5.648e-17
07994.27 -1.143e-18
07997.56 9.554e-17
08000.85 4.806e-17
08004.14 2.036e-17
08007.43 1.511e-17
08010.72 3.706e-17
08014.01 3.024e-17
08017.30 3.951e-17
08020.59 3.327e-17
08023.88 3.510e-17
08027.17 2.540e-17
08030.46 4.180e-18
08033.75 3.834e-17
08037.04 3.934e-17
08040.33 1.017e-17
08043.62 4.876e-17
08046.91 1.410e-17
08050.20 3.204e-17
08053.50 -4.527e-17
08056.79 1.683e-17
08060.08 5.040e-17
08063.38 5.480e-17
08066.67 7.507e-17
08069.96 9.614e-17
08073.26 6.235e-17
08076.55 4.963e-17
08079.84 1.948e-17
08083.14 2.243e-17
08086.43 2.432e-18
08089.73 2.918e-17
08093.02 9.373e-18
08096.32 6.638e-18
08099.61 2.289e-17
08102.91 -2.530e-17
08106.21 -2.117e-17
08109.50 2.994e-17
08112.80 1.119e-17
08116.10 3.871e-17
08119.39 4.821e-17
08122.69 -3.467e-18
08125.99 2.074e-17
08129.29 2.013e-18
08132.58 4.966e-17
08135.88 3.264e-17
08139.18 1.032e-17
08142.48 4.823e-17
08145.78 1.693e-17
08149.08 5.498e-18
08152.38 6.410e-17
08155.68 6.504e-17
08158.98 5.632e-17
08162.28 3.491e-17
08165.58 2.366e-17
08168.88 2.378e-17
08172.18 2.470e-17
08175.48 -2.297e-17
08178.79 2.813e-17
08182.09 5.712e-18
08185.39 2.727e-17
08188.69 6.772e-18
08192.00 2.078e-17
08195.30 3.079e-17
08198.60 3.195e-17
08201.91 6.270e-17
08205.21 9.854e-17
08208.51 5.084e-17
08211.82 4.059e-17
08215.12 2.568e-17
08218.43 6.291e-17
08221.74 2.631e-17
08225.04 7.857e-18
08228.35 2.585e-18
08231.65 3.734e-17
08234.96 7.376e-18
08238.27 4.091e-17
08241.57 -5.946e-18
08244.88 6.499e-18
08248.19 2.111e-17
08251.50 1.794e-17
08254.80 3.575e-18
08258.11 3.094e-17
08261.42 4.192e-17
08264.73 1.806e-17
08268.04 4.712e-17
08271.35 8.938e-18
08274.66 6.221e-17
08277.97 7.619e-17
08281.28 2.361e-17
08284.59 6.117e-17
08287.90 3.216e-17
08291.21 5.242e-17
08294.52 1.222e-17
08297.83 -4.497e-17
08301.14 -1.838e-17
08304.46 -2.297e-17
08307.77 1.070e-18
08311.08 4.912e-17
08314.40 2.468e-17
08317.71 8.269e-20
08321.02 1.470e-17
08324.33 2.076e-17
08327.65 -5.991e-18
08330.96 1.328e-17
08334.28 8.509e-17
08337.59 -3.494e-17
08340.91 -4.168e-18
08344.23 -1.012e-18
08347.54 9.452e-17
08350.86 3.585e-17
08354.17 3.131e-17
08357.49 -2.593e-18
08360.81 -1.294e-17
08364.12 -5.067e-18
08367.44 5.492e-18
08370.76 4.064e-17
08374.08 -1.994e-17
08377.40 -1.869e-17
08380.72 -1.528e-19
08384.03 1.962e-17
08387.35 1.495e-17
08390.67 2.085e-18
08393.99 -1.526e-17
08397.31 4.760e-17
08400.63 5.651e-17
08403.95 1.033e-16
08407.28 9.065e-17
08410.60 5.591e-17
08413.92 6.547e-17
08417.24 3.387e-17
08420.56 1.404e-17
08423.89 4.569e-17
08427.21 1.458e-17
08430.53 7.431e-18
08433.85 -3.083e-17
08437.18 -4.061e-17
08440.50 -6.214e-17
08443.83 -3.361e-17
08447.15 -1.053e-17
08450.48 1.114e-18
08453.80 2.131e-17
08457.13 -1.996e-17
08460.45 -5.694e-18
08463.78 4.227e-17
08467.11 3.749e-17
08470.43 4.883e-17
08473.76 4.784e-17
08477.09 7.995e-17
08480.42 2.932e-17
08483.74 5.802e-17
08487.07 7.447e-17
08490.40 1.972e-17
08493.73 -3.280e-18
08497.06 -1.608e-17
08500.39 -5.213e-18
08503.72 1.312e-17
08507.05 -1.385e-17
08510.38 7.146e-17
08513.71 3.948e-17
08517.04 5.307e-17
08520.37 4.259e-17
08523.70 5.010e-17
08527.04 3.751e-17
08530.37 6.306e-17
08533.70 7.651e-17
08537.04 5.438e-17
08540.37 7.998e-17
08543.70 3.756e-17
08547.04 8.106e-17
08550.37 6.539e-17
08553.71 1.766e-17
08557.04 7.076e-17
08560.38 6.961e-17
08563.71 6.692e-17
08567.05 2.421e-17
08570.38 5.242e-17
08573.72 8.723e-17
08577.06 1.939e-17
08580.40 4.490e-17
08583.73 7.368e-17
08587.07 3.927e-17
08590.41 1.090e-16
08593.75 4.882e-17
08597.09 1.818e-17
08600.43 3.017e-17
08603.76 5.023e-17
08607.10 9.822e-17
08610.44 9.751e-17
08613.79 -2.921e-17
08617.13 5.097e-17
08620.47 5.474e-17
08623.81 6.682e-17
08627.15 8.445e-17
08630.49 6.394e-17
08633.84 3.985e-17
08637.18 9.603e-17
08640.52 -2.410e-17
08643.87 6.855e-17
08647.21 -7.041e-18
08650.55 8.821e-17
08653.90 2.669e-17
08657.24 3.512e-17
08660.59 3.964e-17
08663.93 3.551e-17
08667.28 7.429e-17
08670.63 9.644e-18
08673.97 2.933e-17
08677.32 9.761e-17
08680.67 1.542e-16
08684.02 8.655e-17
08687.36 1.300e-16
08690.71 1.187e-16
08694.06 7.812e-17
08697.41 1.161e-16
08700.76 1.177e-16
08704.11 7.557e-17
08707.46 1.246e-16
08710.81 9.091e-17
08714.16 1.196e-16
08717.51 5.083e-17
08720.86 4.406e-17
08724.22 4.853e-17
08727.57 7.937e-17
08730.92 4.577e-17
08734.27 4.491e-17
08737.63 8.016e-17
08740.98 8.691e-17
08744.33 7.547e-17
08747.69 5.301e-17
08751.04 5.142e-17
08754.40 9.803e-17
08757.75 8.222e-17
08761.11 3.220e-17
08764.47 9.567e-17
08767.82 -2.464e-17
08771.18 -3.367e-17
08774.54 -6.707e-17
08777.90 -1.888e-17
08781.25 1.019e-16
08784.61 1.887e-16
08787.97 3.664e-17
08791.33 7.822e-17
08794.69 1.089e-16
08798.05 1.440e-17
08801.41 1.534e-16
08804.77 1.242e-16
08808.13 5.825e-17
08811.49 1.171e-16
08814.85 5.778e-17
08818.22 1.105e-16
08821.58 7.572e-17
08824.94 4.413e-17
08828.30 1.037e-16
08831.67 -2.958e-17
08835.03 1.723e-16
08838.40 1.926e-16
08841.76 1.509e-16
08845.13 2.465e-17
08848.49 7.795e-17
08851.86 2.245e-17
08855.22 5.149e-17
08858.59 8.048e-17
08861.96 5.394e-18
08865.33 4.541e-17
08868.69 4.458e-17
08872.06 -3.311e-17
08875.43 -1.297e-17
08878.80 7.474e-18
08882.17 1.194e-17
08885.54 -1.110e-16
08888.91 -1.868e-17
08892.28 7.946e-17
08895.65 4.586e-17
08899.02 1.399e-16
08902.39 4.658e-17
08905.76 5.866e-17
08909.14 8.540e-17
08912.51 -2.054e-17
08915.88 -1.026e-16
08919.26 1.087e-16
08922.63 -6.311e-17
08926.00 -4.192e-17
08929.38 -6.163e-17
08932.76 -1.062e-16
08936.13 -4.270e-17
08939.51 -3.201e-17
08942.88 -1.519e-17
08946.26 2.219e-17
08949.64 5.832e-17
08953.02 -7.944e-18
08956.39 2.873e-17
08959.77 -2.577e-17
08963.15 -1.545e-18
08966.53 2.279e-17
08969.91 4.871e-17
08973.29 1.029e-16
08976.67 7.697e-17
08980.05 6.623e-17
08983.43 -2.371e-17
08986.82 5.090e-17
08990.20 3.915e-17
08993.58 2.918e-17
08996.96 -2.653e-17
09000.35 -2.898e-17
09003.73 -5.470e-17
09007.11 -8.167e-17
09010.50 -2.894e-18
09013.88 6.623e-19
09017.27 3.232e-17
09020.66 8.627e-17
09024.04 5.270e-17
09027.43 3.088e-17
09030.82 9.483e-17
09034.20 -6.453e-18
09037.59 8.677e-17
09040.98 7.778e-17
09044.37 9.054e-17
09047.76 -1.590e-17
09051.15 2.003e-16
09054.54 -2.710e-17
09057.93 -6.828e-17
09061.32 -1.694e-17
09064.71 -1.745e-17
09068.10 1.472e-17
09071.50 4.606e-17
09074.89 -2.877e-17
09078.28 -6.367e-17
09081.68 -1.958e-17
09085.07 5.417e-17
09088.46 -2.725e-17
09091.86 5.027e-17
09095.25 3.211e-17
09098.65 7.795e-17
09102.05 5.431e-17
09105.44 9.035e-17
09108.84 4.806e-17
09112.24 4.337e-17
09115.64 5.573e-17
09119.03 2.117e-17
09122.43 -5.188e-19
09125.83 3.837e-17
09129.23 1.852e-17
09132.63 -7.825e-18
09136.03 -3.890e-18
09139.43 2.285e-17
09142.84 3.574e-17
