04172.00 2.367e+00
04176.00 2.387e+00
04180.00 2.408e+00
04184.00 2.417e+00
04188.00 2.474e+00
04192.00 2.442e+00
04196.00 2.525e+00
04200.00 2.558e+00
04204.00 2.539e+00
04208.00 2.515e+00
04212.00 2.543e+00
04216.00 2.571e+00
04220.00 2.520e+00
04224.00 2.516e+00
04228.00 2.505e+00
04232.00 2.521e+00
04236.00 2.533e+00
04240.00 2.545e+00
04244.00 2.538e+00
04248.00 2.520e+00
04252.00 2.548e+00
04256.00 2.617e+00
04260.00 2.577e+00
04264.00 2.602e+00
04268.00 2.616e+00
04272.00 2.607e+00
04276.00 2.614e+00
04280.00 2.638e+00
04284.00 2.661e+00
04288.00 2.682e+00
04292.00 2.699e+00
04296.00 2.716e+00
04300.00 2.744e+00
04304.00 2.756e+00
04308.00 2.762e+00
04312.00 2.776e+00
04316.00 2.778e+00
04320.00 2.778e+00
04324.00 2.803e+00
04328.00 2.805e+00
04332.00 2.781e+00
04336.00 2.758e+00
04340.00 2.736e+00
04344.00 2.666e+00
04348.00 2.598e+00
04352.00 2.548e+00
04356.00 2.469e+00
04360.00 2.375e+00
04364.00 2.309e+00
04368.00 2.239e+00
04372.00 2.190e+00
04376.00 2.128e+00
04380.00 2.045e+00
04384.00 1.970e+00
04388.00 1.908e+00
04392.00 1.846e+00
04396.00 1.831e+00
04400.00 1.798e+00
04404.00 1.745e+00
04408.00 1.716e+00
04412.00 1.699e+00
04416.00 1.675e+00
04420.00 1.665e+00
04424.00 1.668e+00
04428.00 1.649e+00
04432.00 1.667e+00
04436.00 1.698e+00
04440.00 1.699e+00
04444.00 1.718e+00
04448.00 1.735e+00
04452.00 1.766e+00
04456.00 1.799e+00
04460.00 1.830e+00
04464.00 1.911e+00
04468.00 1.975e+00
04472.00 1.986e+00
04476.00 2.034e+00
04480.00 2.103e+00
04484.00 2.187e+00
04488.00 2.257e+00
04492.00 2.310e+00
04496.00 2.369e+00
04500.00 2.406e+00
04504.00 2.477e+00
04508.00 2.538e+00
04512.00 2.622e+00
04516.00 2.693e+00
04520.00 2.752e+00
04524.00 2.813e+00
04528.00 2.887e+00
04532.00 2.969e+00
04536.00 3.036e+00
04540.00 3.114e+00
04544.00 3.185e+00
04548.00 3.246e+00
04552.00 3.299e+00
04556.00 3.353e+00
04560.00 3.420e+00
04564.00 3.489e+00
04568.00 3.525e+00
04572.00 3.527e+00
04576.00 3.564e+00
04580.00 3.629e+00
04584.00 3.681e+00
04588.00 3.715e+00
04592.00 3.727e+00
04596.00 3.731e+00
04600.00 3.751e+00
04604.00 3.770e+00
04608.00 3.800e+00
04612.00 3.835e+00
04616.00 3.821e+00
04620.00 3.829e+00
04624.00 3.849e+00
04628.00 3.847e+00
04632.00 3.819e+00
04636.00 3.787e+00
04640.00 3.805e+00
04644.00 3.833e+00
04648.00 3.818e+00
04652.00 3.796e+00
04656.00 3.803e+00
04660.00 3.799e+00
04664.00 3.768e+00
04668.00 3.749e+00
04672.00 3.732e+00
04676.00 3.691e+00
04680.00 3.669e+00
04684.00 3.615e+00
04688.00 3.567e+00
04692.00 3.544e+00
04696.00 3.522e+00
04700.00 3.479e+00
04704.00 3.425e+00
04708.00 3.360e+00
04712.00 3.320e+00
04716.00 3.209e+00
04720.00 3.166e+00
04724.00 3.116e+00
04728.00 3.043e+00
04732.00 2.961e+00
04736.00 2.866e+00
04740.00 2.774e+00
04744.00 2.674e+00
04748.00 2.549e+00
04752.00 2.443e+00
04756.00 2.343e+00
04760.00 2.237e+00
04764.00 2.131e+00
04768.00 2.045e+00
04772.00 1.979e+00
04776.00 1.906e+00
04780.00 1.867e+00
04784.00 1.819e+00
04788.00 1.786e+00
04792.00 1.755e+00
04796.00 1.737e+00
04800.00 1.737e+00
04804.00 1.742e+00
04808.00 1.740e+00
04812.00 1.742e+00
04816.00 1.736e+00
04820.00 1.722e+00
04824.00 1.707e+00
04828.00 1.689e+00
04832.00 1.675e+00
04836.00 1.654e+00
04840.00 1.625e+00
04844.00 1.614e+00
04848.00 1.592e+00
04852.00 1.586e+00
04856.00 1.582e+00
04860.00 1.570e+00
04864.00 1.571e+00
04868.00 1.583e+00
04872.00 1.592e+00
04876.00 1.603e+00
04880.00 1.628e+00
04884.00 1.632e+00
04888.00 1.670e+00
04892.00 1.705e+00
04896.00 1.744e+00
04900.00 1.784e+00
04904.00 1.835e+00
04908.00 1.893e+00
04912.00 1.943e+00
04916.00 2.008e+00
04920.00 2.044e+00
04924.00 2.089e+00
04928.00 2.138e+00
04932.00 2.183e+00
04936.00 2.225e+00
04940.00 2.271e+00
04944.00 2.316e+00
04948.00 2.358e+00
04952.00 2.403e+00
04956.00 2.434e+00
04960.00 2.456e+00
04964.00 2.456e+00
04968.00 2.447e+00
04972.00 2.413e+00
04976.00 2.352e+00
04980.00 2.291e+00
04984.00 2.213e+00
04988.00 2.158e+00
04992.00 2.090e+00
04996.00 2.034e+00
05000.00 1.986e+00
05004.00 1.947e+00
05008.00 1.916e+00
05012.00 1.886e+00
05016.00 1.848e+00
05020.00 1.817e+00
05024.00 1.819e+00
05028.00 1.787e+00
05032.00 1.803e+00
05036.00 1.819e+00
05040.00 1.834e+00
05044.00 1.850e+00
05048.00 1.865e+00
05052.00 1.881e+00
05056.00 1.896e+00
05060.00 1.896e+00
05064.00 1.912e+00
05068.00 1.924e+00
05072.00 1.951e+00
05076.00 1.983e+00
05080.00 2.010e+00
05084.00 2.038e+00
05088.00 2.066e+00
05092.00 2.103e+00
05096.00 2.120e+00
05100.00 2.154e+00
05104.00 2.175e+00
05108.00 2.183e+00
05112.00 2.203e+00
05116.00 2.228e+00
05120.00 2.222e+00
05124.00 2.227e+00
05128.00 2.242e+00
05132.00 2.249e+00
05136.00 2.243e+00
05140.00 2.247e+00
05144.00 2.251e+00
05148.00 2.248e+00
05152.00 2.249e+00
05156.00 2.249e+00
05160.00 2.259e+00
05164.00 2.287e+00
05168.00 2.312e+00
05172.00 2.315e+00
05176.00 2.319e+00
05180.00 2.340e+00
05184.00 2.374e+00
05188.00 2.407e+00
05192.00 2.435e+00
05196.00 2.479e+00
05200.00 2.510e+00
05204.00 2.543e+00
05208.00 2.577e+00
05212.00 2.610e+00
05216.00 2.641e+00
05220.00 2.676e+00
05224.00 2.727e+00
05228.00 2.768e+00
05232.00 2.795e+00
05236.00 2.826e+00
05240.00 2.884e+00
05244.00 2.924e+00
05248.00 2.956e+00
05252.00 3.002e+00
05256.00 3.050e+00
05260.00 3.087e+00
05264.00 3.117e+00
05268.00 3.149e+00
05272.00 3.176e+00
05276.00 3.198e+00
05280.00 3.231e+00
05284.00 3.258e+00
05288.00 3.269e+00
05292.00 3.291e+00
05296.00 3.308e+00
05300.00 3.327e+00
05304.00 3.346e+00
05308.00 3.355e+00
05312.00 3.366e+00
05316.00 3.343e+00
05320.00 3.328e+00
05324.00 3.365e+00
05328.00 3.370e+00
05332.00 3.371e+00
05336.00 3.361e+00
05340.00 3.360e+00
05344.00 3.366e+00
05348.00 3.361e+00
05352.00 3.347e+00
05356.00 3.332e+00
05360.00 3.312e+00
05364.00 3.288e+00
05368.00 3.274e+00
05372.00 3.278e+00
05376.00 3.258e+00
05380.00 3.239e+00
05384.00 3.241e+00
05388.00 3.232e+00
05392.00 3.203e+00
05396.00 3.194e+00
05400.00 3.180e+00
05404.00 3.165e+00
05408.00 3.159e+00
05412.00 3.157e+00
05416.00 3.144e+00
05420.00 3.123e+00
05424.00 3.113e+00
05428.00 3.111e+00
05432.00 3.083e+00
05436.00 3.065e+00
05440.00 3.042e+00
05444.00 3.031e+00
05448.00 3.030e+00
05452.00 3.025e+00
05456.00 3.017e+00
05460.00 3.010e+00
05464.00 3.002e+00
05468.00 2.987e+00
05472.00 2.983e+00
05476.00 2.980e+00
05480.00 2.975e+00
05484.00 2.973e+00
05488.00 2.963e+00
05492.00 2.948e+00
05496.00 2.939e+00
05500.00 2.941e+00
05504.00 2.949e+00
05508.00 2.942e+00
05512.00 2.946e+00
05516.00 2.946e+00
05520.00 2.937e+00
05524.00 2.912e+00
05528.00 2.890e+00
05532.00 2.884e+00
05536.00 2.864e+00
05540.00 2.851e+00
05544.00 2.826e+00
05548.00 2.806e+00
05552.00 2.803e+00
05556.00 2.791e+00
05560.00 2.764e+00
05564.00 2.739e+00
05568.00 2.726e+00
05572.00 2.710e+00
05576.00 2.684e+00
05580.00 2.649e+00
05584.00 2.619e+00
05588.00 2.594e+00
05592.00 2.567e+00
05596.00 2.532e+00
05600.00 2.500e+00
05604.00 2.479e+00
05608.00 2.442e+00
05612.00 2.413e+00
05616.00 2.397e+00
05620.00 2.372e+00
05624.00 2.323e+00
05628.00 2.274e+00
05632.00 2.274e+00
05636.00 2.254e+00
05640.00 2.222e+00
05644.00 2.205e+00
05648.00 2.180e+00
05652.00 2.153e+00
05656.00 2.128e+00
05660.00 2.112e+00
05664.00 2.092e+00
05668.00 2.063e+00
05672.00 2.038e+00
05676.00 2.017e+00
05680.00 1.992e+00
05684.00 1.970e+00
05688.00 1.941e+00
05692.00 1.922e+00
05696.00 1.905e+00
05700.00 1.880e+00
05704.00 1.857e+00
05708.00 1.844e+00
05712.00 1.840e+00
05716.00 1.826e+00
05720.00 1.819e+00
05724.00 1.815e+00
05728.00 1.814e+00
05732.00 1.817e+00
05736.00 1.825e+00
05740.00 1.836e+00
05744.00 1.848e+00
05748.00 1.853e+00
05752.00 1.879e+00
05756.00 1.886e+00
05760.00 1.902e+00
05764.00 1.924e+00
05768.00 1.948e+00
05772.00 1.977e+00
05776.00 2.010e+00
05780.00 2.035e+00
05784.00 2.069e+00
05788.00 2.117e+00
05792.00 2.158e+00
05796.00 2.213e+00
05800.00 2.283e+00
05804.00 2.346e+00
05808.00 2.397e+00
05812.00 2.443e+00
05816.00 2.493e+00
05820.00 2.543e+00
05824.00 2.577e+00
05828.00 2.618e+00
05832.00 2.666e+00
05836.00 2.703e+00
05840.00 2.728e+00
05844.00 2.757e+00
05848.00 2.783e+00
05852.00 2.795e+00
05856.00 2.847e+00
05860.00 2.891e+00
05864.00 2.914e+00
05868.00 2.934e+00
05872.00 2.945e+00
05876.00 2.931e+00
05880.00 2.905e+00
05884.00 2.891e+00
05888.00 2.864e+00
05892.00 2.854e+00
05896.00 2.875e+00
05900.00 2.887e+00
05904.00 2.893e+00
05908.00 2.890e+00
05912.00 2.858e+00
05916.00 2.810e+00
05920.00 2.795e+00
05924.00 2.802e+00
05928.00 2.815e+00
05932.00 2.817e+00
05936.00 2.804e+00
05940.00 2.776e+00
05944.00 2.744e+00
05948.00 2.729e+00
05952.00 2.740e+00
05956.00 2.753e+00
05960.00 2.732e+00
05964.00 2.714e+00
05968.00 2.694e+00
05972.00 2.681e+00
05976.00 2.672e+00
05980.00 2.657e+00
05984.00 2.637e+00
05988.00 2.624e+00
05992.00 2.611e+00
05996.00 2.601e+00
06000.00 2.580e+00
06004.00 2.578e+00
06008.00 2.572e+00
06012.00 2.543e+00
06016.00 2.514e+00
06020.00 2.503e+00
06024.00 2.486e+00
06028.00 2.457e+00
06032.00 2.437e+00
06036.00 2.432e+00
06040.00 2.413e+00
06044.00 2.390e+00
06048.00 2.376e+00
06052.00 2.361e+00
06056.00 2.353e+00
06060.00 2.339e+00
06064.00 2.327e+00
06068.00 2.320e+00
06072.00 2.311e+00
06076.00 2.303e+00
06080.00 2.296e+00
06084.00 2.289e+00
06088.00 2.287e+00
06092.00 2.285e+00
06096.00 2.273e+00
06100.00 2.272e+00
06104.00 2.269e+00
06108.00 2.258e+00
06112.00 2.247e+00
06116.00 2.244e+00
06120.00 2.243e+00
06124.00 2.244e+00
06128.00 2.243e+00
06132.00 2.224e+00
06136.00 2.185e+00
06140.00 2.158e+00
06144.00 2.136e+00
06148.00 2.113e+00
06152.00 2.088e+00
06156.00 2.054e+00
06160.00 2.008e+00
06164.00 1.977e+00
06168.00 1.940e+00
06172.00 1.911e+00
06176.00 1.873e+00
06180.00 1.838e+00
06184.00 1.808e+00
06188.00 1.768e+00
06192.00 1.726e+00
06196.00 1.706e+00
06200.00 1.677e+00
06204.00 1.660e+00
06208.00 1.649e+00
06212.00 1.630e+00
06216.00 1.613e+00
06220.00 1.603e+00
06224.00 1.589e+00
06228.00 1.580e+00
06232.00 1.572e+00
06236.00 1.567e+00
06240.00 1.564e+00
06244.00 1.562e+00
06248.00 1.562e+00
06252.00 1.572e+00
06256.00 1.585e+00
06260.00 1.590e+00
06264.00 1.611e+00
06268.00 1.620e+00
06272.00 1.650e+00
06276.00 1.662e+00
06280.00 1.672e+00
06284.00 1.698e+00
06288.00 1.730e+00
06292.00 1.755e+00
06296.00 1.781e+00
06300.00 1.795e+00
06304.00 1.826e+00
06308.00 1.853e+00
06312.00 1.872e+00
06316.00 1.896e+00
06320.00 1.920e+00
06324.00 1.945e+00
06328.00 1.976e+00
06332.00 1.997e+00
06336.00 2.022e+00
06340.00 2.041e+00
06344.00 2.057e+00
06348.00 2.072e+00
06352.00 2.086e+00
06356.00 2.091e+00
06360.00 2.099e+00
06364.00 2.130e+00
06368.00 2.144e+00
06372.00 2.156e+00
06376.00 2.170e+00
06380.00 2.189e+00
06384.00 2.203e+00
06388.00 2.207e+00
06392.00 2.213e+00
06396.00 2.228e+00
06400.00 2.236e+00
06404.00 2.238e+00
06408.00 2.239e+00
06412.00 2.259e+00
06416.00 2.267e+00
06420.00 2.266e+00
06424.00 2.267e+00
06428.00 2.273e+00
06432.00 2.277e+00
06436.00 2.269e+00
06440.00 2.273e+00
06444.00 2.258e+00
06448.00 2.249e+00
06452.00 2.242e+00
06456.00 2.232e+00
06460.00 2.213e+00
06464.00 2.193e+00
06468.00 2.178e+00
06472.00 2.161e+00
06476.00 2.148e+00
06480.00 2.145e+00
06484.00 2.140e+00
06488.00 2.122e+00
06492.00 2.104e+00
06496.00 2.086e+00
06500.00 2.068e+00
06504.00 2.051e+00
06508.00 2.033e+00
06512.00 2.033e+00
06516.00 2.019e+00
06520.00 2.031e+00
06524.00 2.041e+00
06528.00 2.036e+00
06532.00 2.023e+00
06536.00 2.023e+00
06540.00 2.017e+00
06544.00 2.009e+00
06548.00 1.998e+00
06552.00 1.994e+00
06556.00 1.993e+00
06560.00 1.986e+00
06564.00 1.976e+00
06568.00 1.969e+00
06572.00 1.967e+00
06576.00 1.970e+00
06580.00 1.976e+00
06584.00 1.961e+00
06588.00 1.950e+00
06592.00 1.969e+00
06596.00 2.002e+00
06600.00 2.035e+00
06604.00 2.065e+00
06608.00 2.076e+00
06612.00 2.085e+00
06616.00 2.112e+00
06620.00 2.139e+00
06624.00 2.161e+00
06628.00 2.174e+00
06632.00 2.181e+00
06636.00 2.190e+00
06640.00 2.202e+00
06644.00 2.209e+00
06648.00 2.191e+00
06652.00 2.210e+00
06656.00 2.220e+00
06660.00 2.224e+00
06664.00 2.233e+00
06668.00 2.240e+00
06672.00 2.239e+00
06676.00 2.238e+00
06680.00 2.249e+00
06684.00 2.238e+00
06688.00 2.227e+00
06692.00 2.225e+00
06696.00 2.234e+00
06700.00 2.236e+00
06704.00 2.225e+00
06708.00 2.213e+00
06712.00 2.201e+00
06716.00 2.197e+00
06720.00 2.181e+00
06724.00 2.177e+00
06728.00 2.159e+00
06732.00 2.140e+00
06736.00 2.123e+00
06740.00 2.100e+00
06744.00 2.085e+00
06748.00 2.080e+00
06752.00 2.058e+00
06756.00 2.052e+00
06760.00 2.038e+00
06764.00 2.030e+00
06768.00 2.025e+00
06772.00 2.015e+00
06776.00 2.006e+00
06780.00 2.000e+00
06784.00 1.981e+00
06788.00 1.966e+00
06792.00 1.968e+00
06796.00 1.966e+00
06800.00 1.950e+00
06804.00 1.934e+00
06808.00 1.931e+00
06812.00 1.931e+00
06816.00 1.922e+00
06820.00 1.910e+00
06824.00 1.897e+00
06828.00 1.886e+00
06832.00 1.874e+00
06836.00 1.864e+00
06840.00 1.862e+00
06844.00 1.860e+00
06848.00 1.845e+00
06852.00 1.830e+00
06856.00 1.836e+00
06860.00 1.837e+00
06864.00 1.818e+00
06868.00 1.788e+00
06872.00 1.767e+00
06876.00 1.768e+00
06880.00 1.775e+00
06884.00 1.756e+00
06888.00 1.746e+00
06892.00 1.733e+00
06896.00 1.722e+00
06900.00 1.727e+00
06904.00 1.730e+00
06908.00 1.720e+00
06912.00 1.712e+00
06916.00 1.718e+00
06920.00 1.723e+00
06924.00 1.720e+00
06928.00 1.725e+00
06932.00 1.723e+00
06936.00 1.720e+00
06940.00 1.721e+00
06944.00 1.720e+00
06948.00 1.719e+00
06952.00 1.724e+00
06956.00 1.737e+00
06960.00 1.732e+00
06964.00 1.741e+00
06968.00 1.744e+00
06972.00 1.747e+00
06976.00 1.764e+00
06980.00 1.790e+00
06984.00 1.809e+00
06988.00 1.823e+00
06992.00 1.838e+00
06996.00 1.858e+00
07000.00 1.857e+00
07004.00 1.859e+00
07008.00 1.885e+00
07012.00 1.901e+00
07016.00 1.895e+00
07020.00 1.902e+00
07024.00 1.913e+00
07028.00 1.924e+00
07032.00 1.940e+00
07036.00 1.950e+00
07040.00 1.962e+00
07044.00 1.968e+00
07048.00 1.963e+00
07052.00 1.960e+00
07056.00 1.975e+00
07060.00 1.979e+00
07064.00 1.972e+00
07068.00 1.943e+00
07072.00 1.948e+00
07076.00 1.955e+00
07080.00 1.949e+00
07084.00 1.948e+00
07088.00 1.958e+00
07092.00 1.959e+00
07096.00 1.939e+00
07100.00 1.934e+00
07104.00 1.922e+00
07108.00 1.902e+00
07112.00 1.895e+00
07116.00 1.896e+00
07120.00 1.884e+00
07124.00 1.866e+00
07128.00 1.869e+00
07132.00 1.866e+00
07136.00 1.844e+00
07140.00 1.832e+00
07144.00 1.826e+00
07148.00 1.815e+00
07152.00 1.804e+00
07156.00 1.807e+00
07160.00 1.815e+00
07164.00 1.814e+00
07168.00 1.816e+00
07172.00 1.817e+00
07176.00 1.800e+00
07180.00 1.791e+00
07184.00 1.791e+00
07188.00 1.787e+00
07192.00 1.784e+00
07196.00 1.783e+00
07200.00 1.776e+00
07204.00 1.788e+00
07208.00 1.789e+00
07212.00 1.781e+00
07216.00 1.781e+00
07220.00 1.772e+00
07224.00 1.772e+00
07228.00 1.772e+00
07232.00 1.772e+00
07236.00 1.771e+00
07240.00 1.771e+00
07244.00 1.771e+00
07248.00 1.765e+00
07252.00 1.761e+00
07256.00 1.773e+00
07260.00 1.782e+00
07264.00 1.786e+00
07268.00 1.798e+00
07272.00 1.780e+00
07276.00 1.761e+00
07280.00 1.763e+00
07284.00 1.764e+00
07288.00 1.758e+00
07292.00 1.757e+00
07296.00 1.763e+00
07300.00 1.759e+00
07304.00 1.746e+00
07308.00 1.745e+00
07312.00 1.735e+00
07316.00 1.731e+00
07320.00 1.724e+00
07324.00 1.707e+00
07328.00 1.689e+00
07332.00 1.683e+00
07336.00 1.698e+00
07340.00 1.694e+00
07344.00 1.694e+00
07348.00 1.701e+00
07352.00 1.699e+00
07356.00 1.686e+00
07360.00 1.668e+00
07364.00 1.652e+00
07368.00 1.652e+00
07372.00 1.663e+00
07376.00 1.666e+00
07380.00 1.654e+00
07384.00 1.643e+00
07388.00 1.639e+00
07392.00 1.642e+00
07396.00 1.651e+00
07400.00 1.660e+00
07404.00 1.662e+00
07408.00 1.648e+00
07412.00 1.633e+00
07416.00 1.637e+00
07420.00 1.640e+00
07424.00 1.637e+00
07428.00 1.635e+00
07432.00 1.639e+00
07436.00 1.643e+00
07440.00 1.642e+00
07444.00 1.636e+00
07448.00 1.632e+00
07452.00 1.631e+00
07456.00 1.631e+00
07460.00 1.631e+00
07464.00 1.626e+00
07468.00 1.611e+00
07472.00 1.594e+00
07476.00 1.593e+00
07480.00 1.594e+00
07484.00 1.597e+00
07488.00 1.592e+00
07492.00 1.588e+00
07496.00 1.592e+00
07500.00 1.593e+00
07504.00 1.581e+00
07508.00 1.569e+00
07512.00 1.568e+00
07516.00 1.564e+00
07520.00 1.565e+00
07524.00 1.567e+00
07528.00 1.554e+00
07532.00 1.538e+00
07536.00 1.534e+00
07540.00 1.528e+00
07544.00 1.521e+00
07548.00 1.523e+00
07552.00 1.520e+00
07556.00 1.512e+00
07560.00 1.506e+00
07564.00 1.499e+00
07568.00 1.486e+00
07572.00 1.470e+00
07576.00 1.467e+00
07580.00 1.476e+00
07584.00 1.481e+00
07588.00 1.475e+00
07592.00 1.466e+00
07596.00 1.471e+00
07600.00 1.490e+00
07604.00 1.501e+00
07608.00 1.484e+00
07612.00 1.459e+00
07616.00 1.473e+00
07620.00 1.480e+00
07624.00 1.474e+00
07628.00 1.480e+00
07632.00 1.493e+00
07636.00 1.488e+00
07640.00 1.474e+00
07644.00 1.474e+00
07648.00 1.484e+00
07652.00 1.483e+00
07656.00 1.472e+00
07660.00 1.470e+00
07664.00 1.454e+00
07668.00 1.426e+00
07672.00 1.412e+00
07676.00 1.422e+00
07680.00 1.449e+00
07684.00 1.461e+00
07688.00 1.469e+00
07692.00 1.451e+00
07696.00 1.430e+00
07700.00 1.421e+00
07704.00 1.416e+00
07708.00 1.419e+00
07712.00 1.443e+00
07716.00 1.469e+00
07720.00 1.472e+00
07724.00 1.465e+00
07728.00 1.450e+00
07732.00 1.433e+00
07736.00 1.426e+00
07740.00 1.437e+00
07744.00 1.459e+00
07748.00 1.479e+00
07752.00 1.498e+00
07756.00 1.513e+00
07760.00 1.503e+00
07764.00 1.485e+00
07768.00 1.469e+00
07772.00 1.465e+00
07776.00 1.472e+00
07780.00 1.483e+00
07784.00 1.507e+00
07788.00 1.514e+00
07792.00 1.503e+00
07796.00 1.489e+00
07800.00 1.474e+00
07804.00 1.465e+00
07808.00 1.462e+00
07812.00 1.468e+00
07816.00 1.496e+00
07820.00 1.519e+00
07824.00 1.517e+00
07828.00 1.505e+00
07832.00 1.487e+00
07836.00 1.475e+00
07840.00 1.475e+00
07844.00 1.486e+00
07848.00 1.503e+00
07852.00 1.522e+00
07856.00 1.528e+00
07860.00 1.513e+00
07864.00 1.489e+00
07868.00 1.467e+00
07872.00 1.465e+00
07876.00 1.481e+00
07880.00 1.505e+00
07884.00 1.526e+00
07888.00 1.510e+00
07892.00 1.490e+00
07896.00 1.461e+00
07900.00 1.441e+00
07904.00 1.441e+00
07908.00 1.467e+00
07912.00 1.495e+00
07916.00 1.502e+00
07920.00 1.494e+00
07924.00 1.482e+00
07928.00 1.453e+00
07932.00 1.434e+00
07936.00 1.417e+00
07940.00 1.405e+00
07944.00 1.406e+00
07948.00 1.415e+00
07952.00 1.424e+00
07956.00 1.434e+00
07960.00 1.412e+00
07964.00 1.388e+00
07968.00 1.370e+00
07972.00 1.353e+00
07976.00 1.347e+00
07980.00 1.360e+00
07984.00 1.379e+00
07988.00 1.388e+00
07992.00 1.382e+00
07996.00 1.357e+00
08000.00 1.318e+00
08004.00 1.279e+00
08008.00 1.259e+00
08012.00 1.265e+00
08016.00 1.288e+00
08020.00 1.309e+00
08024.00 1.314e+00
08028.00 1.303e+00
08032.00 1.276e+00
08036.00 1.236e+00
08040.00 1.210e+00
08044.00 1.204e+00
08048.00 1.207e+00
08052.00 1.216e+00
08056.00 1.226e+00
08060.00 1.220e+00
08064.00 1.206e+00
08068.00 1.187e+00
08072.00 1.169e+00
08076.00 1.137e+00
08080.00 1.108e+00
08084.00 1.102e+00
08088.00 1.112e+00
08092.00 1.117e+00
08096.00 1.110e+00
08100.00 1.075e+00
08104.00 1.039e+00
08108.00 1.010e+00
08112.00 9.790e-01
08116.00 9.519e-01
08120.00 9.369e-01
08124.00 9.289e-01
08128.00 9.155e-01
08132.00 8.920e-01
08136.00 8.669e-01
08140.00 8.381e-01
08144.00 8.086e-01
08148.00 7.787e-01
08152.00 7.485e-01
08156.00 7.283e-01
08160.00 7.209e-01
08164.00 7.048e-01
08168.00 6.892e-01
08172.00 6.797e-01
08176.00 6.661e-01
08180.00 6.351e-01
08184.00 6.065e-01
08188.00 5.889e-01
08192.00 5.802e-01
08196.00 5.805e-01
08200.00 5.735e-01
08204.00 5.651e-01
08208.00 5.572e-01
08212.00 5.422e-01
08216.00 5.316e-01
08220.00 5.280e-01
08224.00 5.274e-01
08228.00 5.289e-01
08232.00 5.305e-01
08236.00 5.231e-01
08240.00 5.200e-01
08244.00 5.263e-01
08248.00 5.283e-01
08252.00 5.184e-01
08256.00 5.063e-01
08260.00 4.943e-01
08264.00 4.792e-01
08268.00 4.784e-01
08272.00 4.926e-01
08276.00 5.108e-01
08280.00 5.329e-01
08284.00 5.276e-01
08288.00 5.103e-01
08292.00 5.017e-01
08296.00 5.003e-01
08300.00 4.983e-01
08304.00 4.966e-01
08308.00 5.094e-01
08312.00 5.200e-01
08316.00 5.325e-01
08320.00 5.409e-01
08324.00 5.380e-01
08328.00 5.281e-01
08332.00 5.196e-01
08336.00 5.144e-01
08340.00 5.255e-01
08344.00 5.477e-01
08348.00 5.764e-01
08352.00 5.950e-01
08356.00 5.998e-01
08360.00 5.933e-01
08364.00 5.903e-01
08368.00 6.010e-01
08372.00 6.058e-01
08376.00 6.107e-01
08380.00 6.270e-01
08384.00 6.553e-01
08388.00 6.758e-01
08392.00 6.872e-01
08396.00 6.913e-01
08400.00 6.880e-01
08404.00 6.804e-01
08408.00 6.679e-01
08412.00 6.735e-01
08416.00 7.016e-01
08420.00 7.214e-01
08424.00 7.298e-01
08428.00 7.333e-01
08432.00 7.368e-01
08436.00 7.427e-01
08440.00 7.496e-01
08444.00 7.493e-01
08448.00 7.558e-01
08452.00 7.688e-01
08456.00 7.959e-01
08460.00 8.032e-01
08464.00 8.105e-01
08468.00 8.361e-01
08472.00 8.535e-01
08476.00 8.664e-01
08480.00 8.627e-01
08484.00 8.571e-01
08488.00 8.661e-01
08492.00 8.859e-01
08496.00 9.099e-01
08500.00 9.325e-01
08504.00 9.485e-01
08508.00 9.558e-01
08512.00 9.572e-01
08516.00 9.585e-01
08520.00 9.567e-01
08524.00 9.591e-01
08528.00 9.789e-01
08532.00 1.002e+00
08536.00 1.017e+00
08540.00 1.034e+00
08544.00 1.051e+00
08548.00 1.056e+00
08552.00 1.050e+00
08556.00 1.050e+00
08560.00 1.044e+00
08564.00 1.050e+00
08568.00 1.075e+00
08572.00 1.108e+00
08576.00 1.136e+00
08580.00 1.161e+00
08584.00 1.180e+00
08588.00 1.172e+00
08592.00 1.169e+00
08596.00 1.175e+00
08600.00 1.182e+00
08604.00 1.197e+00
08608.00 1.225e+00
08612.00 1.250e+00
08616.00 1.269e+00
08620.00 1.295e+00
08624.00 1.293e+00
08628.00 1.284e+00
08632.00 1.279e+00
08636.00 1.281e+00
08640.00 1.287e+00
08644.00 1.294e+00
08648.00 1.311e+00
08652.00 1.342e+00
08656.00 1.341e+00
08660.00 1.364e+00
08664.00 1.368e+00
08668.00 1.344e+00
08672.00 1.318e+00
08676.00 1.317e+00
08680.00 1.333e+00
08684.00 1.332e+00
08688.00 1.338e+00
08692.00 1.377e+00
08696.00 1.350e+00
08700.00 1.306e+00
08704.00 1.330e+00
08708.00 1.364e+00
08712.00 1.335e+00
08716.00 1.325e+00
08720.00 1.314e+00
08724.00 1.336e+00
08728.00 1.361e+00
08732.00 1.376e+00
08736.00 1.379e+00
08740.00 1.374e+00
08744.00 1.359e+00
08748.00 1.331e+00
08752.00 1.305e+00
08756.00 1.297e+00
08760.00 1.311e+00
08764.00 1.331e+00
08768.00 1.339e+00
08772.00 1.341e+00
08776.00 1.343e+00
08780.00 1.341e+00
08784.00 1.333e+00
08788.00 1.309e+00
08792.00 1.277e+00
08796.00 1.280e+00
08800.00 1.289e+00
08804.00 1.310e+00
08808.00 1.334e+00
08812.00 1.341e+00
08816.00 1.332e+00
08820.00 1.319e+00
08824.00 1.302e+00
08828.00 1.263e+00
08832.00 1.246e+00
08836.00 1.249e+00
08840.00 1.265e+00
08844.00 1.289e+00
08848.00 1.306e+00
08852.00 1.301e+00
08856.00 1.295e+00
08860.00 1.289e+00
08864.00 1.257e+00
08868.00 1.236e+00
08872.00 1.239e+00
08876.00 1.248e+00
08880.00 1.249e+00
08884.00 1.248e+00
08888.00 1.253e+00
08892.00 1.258e+00
08896.00 1.233e+00
08900.00 1.198e+00
08904.00 1.153e+00
08908.00 1.129e+00
08912.00 1.132e+00
08916.00 1.151e+00
08920.00 1.171e+00
08924.00 1.178e+00
08928.00 1.186e+00
08932.00 1.196e+00
08936.00 1.168e+00
08940.00 1.138e+00
08944.00 1.120e+00
08948.00 1.100e+00
08952.00 1.073e+00
08956.00 1.065e+00
08960.00 1.087e+00
08964.00 1.113e+00
08968.00 1.121e+00
08972.00 1.106e+00
08976.00 1.075e+00
08980.00 1.052e+00
08984.00 1.051e+00
08988.00 1.057e+00
08992.00 1.047e+00
08996.00 1.024e+00
09000.00 1.027e+00
09004.00 1.065e+00
09008.00 1.069e+00
09012.00 1.059e+00
09016.00 1.054e+00
09020.00 1.046e+00
09024.00 1.018e+00
09028.00 9.659e-01
09032.00 9.436e-01
09036.00 9.523e-01
09040.00 9.664e-01
09044.00 9.867e-01
09048.00 9.909e-01
09052.00 9.637e-01
09056.00 9.252e-01
09060.00 9.121e-01
09064.00 9.290e-01
09068.00 9.486e-01
09072.00 9.808e-01
09076.00 1.014e+00
09080.00 1.004e+00
09084.00 9.824e-01
09088.00 9.632e-01
09092.00 9.460e-01
09096.00 9.573e-01
09100.00 9.575e-01
09104.00 9.590e-01
09108.00 9.532e-01
09112.00 9.583e-01
09116.00 9.661e-01
09120.00 9.800e-01
09124.00 1.003e+00
09128.00 1.028e+00
09132.00 1.050e+00
09136.00 1.023e+00
09140.00 9.772e-01
09144.00 9.556e-01
09148.00 9.708e-01
09152.00 1.010e+00
09156.00 1.034e+00
09160.00 1.025e+00
09164.00 1.013e+00
09168.00 1.029e+00
09172.00 1.044e+00
09176.00 1.048e+00
09180.00 1.029e+00
09184.00 1.005e+00
09188.00 9.900e-01
09192.00 9.884e-01
09196.00 9.914e-01
09200.00 9.935e-01
09204.00 1.023e+00
09208.00 1.065e+00
09212.00 1.071e+00
09216.00 1.067e+00
09220.00 1.056e+00
09224.00 1.043e+00
09228.00 1.036e+00
09232.00 1.036e+00
09236.00 1.046e+00
09240.00 1.051e+00
09244.00 1.042e+00
09248.00 1.041e+00
09252.00 1.045e+00
09256.00 1.037e+00
09260.00 1.013e+00
09264.00 9.889e-01
09268.00 9.673e-01
09272.00 9.438e-01
09276.00 9.590e-01
09280.00 9.944e-01
09284.00 1.006e+00
09288.00 9.894e-01
09292.00 9.798e-01
09296.00 9.795e-01
09300.00 9.634e-01
09304.00 9.420e-01
09308.00 9.389e-01
09312.00 9.175e-01
09316.00 9.040e-01
09320.00 8.890e-01
09324.00 8.565e-01
09328.00 8.451e-01
09332.00 8.786e-01
09336.00 9.161e-01
09340.00 9.176e-01
09344.00 8.847e-01
09348.00 8.430e-01
09352.00 8.316e-01
09356.00 8.238e-01
09360.00 8.306e-01
09364.00 8.652e-01
09368.00 8.667e-01
09372.00 7.966e-01
09376.00 8.255e-01
09380.00 9.258e-01
09384.00 9.284e-01
09388.00 8.892e-01
09392.00 8.473e-01
09396.00 8.464e-01
09400.00 8.778e-01
09404.00 8.941e-01
09408.00 8.835e-01
09412.00 8.425e-01
09416.00 8.224e-01
09420.00 8.238e-01
09424.00 8.386e-01
09428.00 8.467e-01
09432.00 8.479e-01
09436.00 8.598e-01
09440.00 8.780e-01
09444.00 8.605e-01
09448.00 8.151e-01
09452.00 7.910e-01
09456.00 7.918e-01
09460.00 7.899e-01
09464.00 7.715e-01
09468.00 7.751e-01
09472.00 8.083e-01
09476.00 8.149e-01
09480.00 8.152e-01
09484.00 7.937e-01
09488.00 7.970e-01
09492.00 8.588e-01
09496.00 9.271e-01
09500.00 9.325e-01
09504.00 8.786e-01
09508.00 8.215e-01
09512.00 7.925e-01
09516.00 8.330e-01
09520.00 8.859e-01
09524.00 8.667e-01
09528.00 8.198e-01
09532.00 7.964e-01
09536.00 7.979e-01
09540.00 8.187e-01
09544.00 8.638e-01
09548.00 8.929e-01
09552.00 8.371e-01
09556.00 8.005e-01
09560.00 7.740e-01
09564.00 7.644e-01
09568.00 7.575e-01
09572.00 7.529e-01
09576.00 7.590e-01
09580.00 7.774e-01
09584.00 8.353e-01
09588.00 8.462e-01
09592.00 8.634e-01
09596.00 8.432e-01
09600.00 8.084e-01
09604.00 7.862e-01
09608.00 7.760e-01
09612.00 7.718e-01
09616.00 7.832e-01
09620.00 8.035e-01
09624.00 8.048e-01
09628.00 8.016e-01
09632.00 8.050e-01
09636.00 8.070e-01
09640.00 8.101e-01
09644.00 8.179e-01
09648.00 8.164e-01
09652.00 7.963e-01
09656.00 7.969e-01
09660.00 8.204e-01
09664.00 8.374e-01
09668.00 8.246e-01
09672.00 7.823e-01
09676.00 7.537e-01
09680.00 7.670e-01
09684.00 7.886e-01
09688.00 8.008e-01
09692.00 7.983e-01
09696.00 8.207e-01
09700.00 8.197e-01
09704.00 7.996e-01
09708.00 7.794e-01
09712.00 7.762e-01
09716.00 7.888e-01
09720.00 7.874e-01
09724.00 7.785e-01
09728.00 7.826e-01
09732.00 7.928e-01
09736.00 8.011e-01
09740.00 7.843e-01
09744.00 7.519e-01
09748.00 7.430e-01
09752.00 7.672e-01
09756.00 7.753e-01
09760.00 7.652e-01
09764.00 7.381e-01
09768.00 7.321e-01
09772.00 7.270e-01
09776.00 7.166e-01
09780.00 7.150e-01
09784.00 7.210e-01
09788.00 7.172e-01
09792.00 7.266e-01
09796.00 7.372e-01
09800.00 7.273e-01
09804.00 7.118e-01
09808.00 6.991e-01
09812.00 6.943e-01
09816.00 6.953e-01
09820.00 6.987e-01
09824.00 7.099e-01
09828.00 7.099e-01
09832.00 6.876e-01
09836.00 6.789e-01
09840.00 6.782e-01
09844.00 6.845e-01
09848.00 6.934e-01
09852.00 6.864e-01
09856.00 6.581e-01
09860.00 6.510e-01
09864.00 6.583e-01
09868.00 6.661e-01
09872.00 6.698e-01
09876.00 6.829e-01
09880.00 6.933e-01
09884.00 6.863e-01
09888.00 6.747e-01
09892.00 6.759e-01
09896.00 6.623e-01
09900.00 6.749e-01
09904.00 6.823e-01
09908.00 6.902e-01
09912.00 6.906e-01
09916.00 6.768e-01
09920.00 6.641e-01
09924.00 6.663e-01
09928.00 6.618e-01
09932.00 6.516e-01
09936.00 6.870e-01
09940.00 6.939e-01
09944.00 6.839e-01
09948.00 6.927e-01
09952.00 7.021e-01
09956.00 6.868e-01
09960.00 6.724e-01
09964.00 6.672e-01
09968.00 6.685e-01
09972.00 6.659e-01
09976.00 6.380e-01
09980.00 6.298e-01
09984.00 6.341e-01
09988.00 6.274e-01
09992.00 6.199e-01
09996.00 6.235e-01
10000.00 6.234e-01
10004.00 6.346e-01
10008.00 6.131e-01
10012.00 6.026e-01
10016.00 5.970e-01
10020.00 5.975e-01
10024.00 5.936e-01
10028.00 5.673e-01
10032.00 5.636e-01
10036.00 5.735e-01
10040.00 5.768e-01
10044.00 5.796e-01
10048.00 5.640e-01
10052.00 5.568e-01
10056.00 5.658e-01
10060.00 5.672e-01
10064.00 5.556e-01
10068.00 5.442e-01
10072.00 5.316e-01
10076.00 5.422e-01
10080.00 5.509e-01
10084.00 5.498e-01
10088.00 5.327e-01
10092.00 5.149e-01
10096.00 5.223e-01
10100.00 5.451e-01
10104.00 5.446e-01
10108.00 5.098e-01
10112.00 4.951e-01
10116.00 4.896e-01
10120.00 4.869e-01
10124.00 4.694e-01
10128.00 4.616e-01
10132.00 4.992e-01
10136.00 5.046e-01
10140.00 4.946e-01
10144.00 4.825e-01
10148.00 5.081e-01
10152.00 4.952e-01
10156.00 4.717e-01
10160.00 4.764e-01
10164.00 4.787e-01
10168.00 4.526e-01
10172.00 4.454e-01
10176.00 4.557e-01
10180.00 4.663e-01
10184.00 4.696e-01
10188.00 4.563e-01
10192.00 4.446e-01
10196.00 4.521e-01
10200.00 4.653e-01
10204.00 4.622e-01
10208.00 4.622e-01
10212.00 4.567e-01
10216.00 4.577e-01
10220.00 4.658e-01
10224.00 4.590e-01
10228.00 4.442e-01
10232.00 4.383e-01
10236.00 4.441e-01
10240.00 4.781e-01
10244.00 4.595e-01
10248.00 4.618e-01
10252.00 4.693e-01
10256.00 4.931e-01
10260.00 5.165e-01
10264.00 5.200e-01
10268.00 5.213e-01
10272.00 5.360e-01
10276.00 4.868e-01
10280.00 5.068e-01
10284.00 5.191e-01
10288.00 5.337e-01
10292.00 5.378e-01
10296.00 5.387e-01
10300.00 5.460e-01
10304.00 5.571e-01
10308.00 5.795e-01
10312.00 5.902e-01
10316.00 5.661e-01
10320.00 5.715e-01
10324.00 5.832e-01
10328.00 6.153e-01
10332.00 6.456e-01
10336.00 6.479e-01
10340.00 6.495e-01
10344.00 6.564e-01
10348.00 6.823e-01
10352.00 6.275e-01
10356.00 6.625e-01
10360.00 6.963e-01
10364.00 6.947e-01
10368.00 6.829e-01
10372.00 6.719e-01
10376.00 6.764e-01
10380.00 6.979e-01
10384.00 6.882e-01
10388.00 6.975e-01
10392.00 7.132e-01
10396.00 7.478e-01
10400.00 7.613e-01
10404.00 7.424e-01
10408.00 7.495e-01
10412.00 7.835e-01
10416.00 7.255e-01
10420.00 7.335e-01
10424.00 7.870e-01
10428.00 7.897e-01
10432.00 7.682e-01
10436.00 7.596e-01
10440.00 7.721e-01
10444.00 7.779e-01
10448.00 7.838e-01
10452.00 7.896e-01
10456.00 7.896e-01
10460.00 8.457e-01
10464.00 8.383e-01
10468.00 8.491e-01
10472.00 8.259e-01
10476.00 8.004e-01
10480.00 8.258e-01
10484.00 8.192e-01
10488.00 8.620e-01
10492.00 8.664e-01
10496.00 8.515e-01
10500.00 8.212e-01
10504.00 8.533e-01
10508.00 9.219e-01
10512.00 9.058e-01
10516.00 8.969e-01
10520.00 9.250e-01
10524.00 9.469e-01
10528.00 9.149e-01
10532.00 8.832e-01
10536.00 8.636e-01
10540.00 8.568e-01
10544.00 8.567e-01
10548.00 8.444e-01
10552.00 8.584e-01
10556.00 8.363e-01
10560.00 8.464e-01
10564.00 8.730e-01
10568.00 8.791e-01
10572.00 8.739e-01
10576.00 8.883e-01
10580.00 9.135e-01
10584.00 9.082e-01
10588.00 9.009e-01
10592.00 9.037e-01
10596.00 8.798e-01
10600.00 8.648e-01
10604.00 8.808e-01
10608.00 9.041e-01
10612.00 8.982e-01
10616.00 8.762e-01
10620.00 9.001e-01
10624.00 9.227e-01
10628.00 9.725e-01
10632.00 9.480e-01
10636.00 8.775e-01
10640.00 8.927e-01
10644.00 9.494e-01
10648.00 9.418e-01
10652.00 9.471e-01
10656.00 9.903e-01
10660.00 1.005e+00
10664.00 9.453e-01
10668.00 9.842e-01
10672.00 9.570e-01
10676.00 9.404e-01
10680.00 9.775e-01
10684.00 9.533e-01
10688.00 9.749e-01
10692.00 1.040e+00
10696.00 1.020e+00
10700.00 1.002e+00
10704.00 1.006e+00
10708.00 1.005e+00
10712.00 9.883e-01
10716.00 9.630e-01
10720.00 9.528e-01
10724.00 9.953e-01
10728.00 9.942e-01
10732.00 9.620e-01
10736.00 9.719e-01
10740.00 9.842e-01
10744.00 9.690e-01
10748.00 9.491e-01
10752.00 9.643e-01
10756.00 1.012e+00
10760.00 1.028e+00
10764.00 1.019e+00
10768.00 9.889e-01
10772.00 9.747e-01
10776.00 1.021e+00
10780.00 1.028e+00
10784.00 9.731e-01
10788.00 9.545e-01
10792.00 9.433e-01
10796.00 9.633e-01
10800.00 1.033e+00
