04172.00 1.891e+00
04176.00 1.830e+00
04180.00 2.012e+00
04184.00 2.027e+00
04188.00 1.752e+00
04192.00 1.788e+00
04196.00 1.866e+00
04200.00 2.015e+00
04204.00 2.089e+00
04208.00 1.948e+00
04212.00 1.891e+00
04216.00 1.860e+00
04220.00 1.940e+00
04224.00 2.107e+00
04228.00 2.018e+00
04232.00 2.050e+00
04236.00 2.219e+00
04240.00 2.203e+00
04244.00 1.980e+00
04248.00 2.154e+00
04252.00 2.235e+00
04256.00 1.998e+00
04260.00 1.928e+00
04264.00 2.000e+00
04268.00 2.024e+00
04272.00 1.942e+00
04276.00 2.045e+00
04280.00 1.734e+00
04284.00 1.761e+00
04288.00 1.992e+00
04292.00 1.887e+00
04296.00 1.757e+00
04300.00 1.989e+00
04304.00 1.708e+00
04308.00 1.864e+00
04312.00 1.732e+00
04316.00 1.730e+00
04320.00 1.810e+00
04324.00 1.823e+00
04328.00 1.824e+00
04332.00 1.847e+00
04336.00 1.745e+00
04340.00 1.571e+00
04344.00 1.494e+00
04348.00 1.567e+00
04352.00 1.631e+00
04356.00 1.524e+00
04360.00 1.449e+00
04364.00 1.585e+00
04368.00 1.654e+00
04372.00 1.530e+00
04376.00 1.463e+00
04380.00 1.605e+00
04384.00 1.542e+00
04388.00 1.597e+00
04392.00 1.701e+00
04396.00 1.588e+00
04400.00 1.434e+00
04404.00 1.593e+00
04408.00 1.696e+00
04412.00 1.662e+00
04416.00 1.775e+00
04420.00 1.669e+00
04424.00 1.648e+00
04428.00 1.756e+00
04432.00 1.775e+00
04436.00 1.745e+00
04440.00 1.793e+00
04444.00 1.883e+00
04448.00 1.876e+00
04452.00 2.027e+00
04456.00 1.992e+00
04460.00 1.991e+00
04464.00 2.091e+00
04468.00 2.116e+00
04472.00 2.144e+00
04476.00 2.266e+00
04480.00 2.261e+00
04484.00 2.301e+00
04488.00 2.360e+00
04492.00 2.403e+00
04496.00 2.453e+00
04500.00 2.445e+00
04504.00 2.388e+00
04508.00 2.481e+00
04512.00 2.549e+00
04516.00 2.723e+00
04520.00 2.717e+00
04524.00 2.739e+00
04528.00 2.749e+00
04532.00 2.801e+00
04536.00 2.843e+00
04540.00 2.764e+00
04544.00 2.799e+00
04548.00 2.945e+00
04552.00 3.050e+00
04556.00 3.068e+00
04560.00 3.010e+00
04564.00 2.993e+00
04568.00 3.068e+00
04572.00 3.116e+00
04576.00 3.038e+00
04580.00 3.002e+00
04584.00 2.944e+00
04588.00 2.990e+00
04592.00 3.017e+00
04596.00 2.962e+00
04600.00 2.983e+00
04604.00 2.992e+00
04608.00 2.840e+00
04612.00 2.763e+00
04616.00 2.947e+00
04620.00 2.839e+00
04624.00 2.787e+00
04628.00 2.757e+00
04632.00 2.733e+00
04636.00 2.712e+00
04640.00 2.652e+00
04644.00 2.541e+00
04648.00 2.468e+00
04652.00 2.457e+00
04656.00 2.473e+00
04660.00 2.321e+00
04664.00 2.236e+00
04668.00 2.231e+00
04672.00 2.225e+00
04676.00 2.183e+00
04680.00 2.122e+00
04684.00 2.086e+00
04688.00 2.081e+00
04692.00 2.162e+00
04696.00 1.992e+00
04700.00 1.939e+00
04704.00 1.942e+00
04708.00 1.931e+00
04712.00 1.919e+00
04716.00 1.824e+00
04720.00 1.755e+00
04724.00 1.771e+00
04728.00 1.804e+00
04732.00 1.723e+00
04736.00 1.625e+00
04740.00 1.602e+00
04744.00 1.634e+00
04748.00 1.671e+00
04752.00 1.692e+00
04756.00 1.622e+00
04760.00 1.497e+00
04764.00 1.492e+00
04768.00 1.496e+00
04772.00 1.490e+00
04776.00 1.456e+00
04780.00 1.430e+00
04784.00 1.475e+00
04788.00 1.534e+00
04792.00 1.523e+00
04796.00 1.484e+00
04800.00 1.488e+00
04804.00 1.591e+00
04808.00 1.617e+00
04812.00 1.617e+00
04816.00 1.634e+00
04820.00 1.554e+00
04824.00 1.582e+00
04828.00 1.550e+00
04832.00 1.567e+00
04836.00 1.661e+00
04840.00 1.671e+00
04844.00 1.661e+00
04848.00 1.649e+00
04852.00 1.607e+00
04856.00 1.612e+00
04860.00 1.591e+00
04864.00 1.569e+00
04868.00 1.551e+00
04872.00 1.562e+00
04876.00 1.574e+00
04880.00 1.535e+00
04884.00 1.517e+00
04888.00 1.582e+00
04892.00 1.573e+00
04896.00 1.479e+00
04900.00 1.592e+00
04904.00 1.649e+00
04908.00 1.629e+00
04912.00 1.588e+00
04916.00 1.614e+00
04920.00 1.691e+00
04924.00 1.713e+00
04928.00 1.674e+00
04932.00 1.685e+00
04936.00 1.690e+00
04940.00 1.619e+00
04944.00 1.690e+00
04948.00 1.675e+00
04952.00 1.573e+00
04956.00 1.586e+00
04960.00 1.646e+00
04964.00 1.603e+00
04968.00 1.611e+00
04972.00 1.609e+00
04976.00 1.539e+00
04980.00 1.526e+00
04984.00 1.612e+00
04988.00 1.715e+00
04992.00 1.729e+00
04996.00 1.664e+00
05000.00 1.674e+00
05004.00 1.655e+00
05008.00 1.629e+00
05012.00 1.664e+00
05016.00 1.677e+00
05020.00 1.633e+00
05024.00 1.634e+00
05028.00 1.716e+00
05032.00 1.720e+00
05036.00 1.682e+00
05040.00 1.711e+00
05044.00 1.739e+00
05048.00 1.767e+00
05052.00 1.796e+00
05056.00 1.796e+00
05060.00 1.753e+00
05064.00 1.750e+00
05068.00 1.757e+00
05072.00 1.788e+00
05076.00 1.857e+00
05080.00 1.876e+00
05084.00 1.901e+00
05088.00 1.863e+00
05092.00 1.868e+00
05096.00 1.988e+00
05100.00 2.035e+00
05104.00 2.048e+00
05108.00 1.987e+00
05112.00 1.966e+00
05116.00 1.976e+00
05120.00 1.982e+00
05124.00 2.044e+00
05128.00 2.100e+00
05132.00 2.066e+00
05136.00 2.072e+00
05140.00 2.096e+00
05144.00 2.096e+00
05148.00 2.143e+00
05152.00 2.155e+00
05156.00 2.142e+00
05160.00 2.209e+00
05164.00 2.292e+00
05168.00 2.254e+00
05172.00 2.248e+00
05176.00 2.283e+00
05180.00 2.280e+00
05184.00 2.341e+00
05188.00 2.415e+00
05192.00 2.433e+00
05196.00 2.411e+00
05200.00 2.425e+00
05204.00 2.493e+00
05208.00 2.511e+00
05212.00 2.495e+00
05216.00 2.556e+00
05220.00 2.522e+00
05224.00 2.589e+00
05228.00 2.671e+00
05232.00 2.669e+00
05236.00 2.656e+00
05240.00 2.668e+00
05244.00 2.661e+00
05248.00 2.669e+00
05252.00 2.617e+00
05256.00 2.663e+00
05260.00 2.704e+00
05264.00 2.729e+00
05268.00 2.763e+00
05272.00 2.750e+00
05276.00 2.697e+00
05280.00 2.747e+00
05284.00 2.817e+00
05288.00 2.799e+00
05292.00 2.778e+00
05296.00 2.727e+00
05300.00 2.683e+00
05304.00 2.670e+00
05308.00 2.660e+00
05312.00 2.724e+00
05316.00 2.670e+00
05320.00 2.694e+00
05324.00 2.696e+00
05328.00 2.679e+00
05332.00 2.622e+00
05336.00 2.557e+00
05340.00 2.541e+00
05344.00 2.563e+00
05348.00 2.547e+00
05352.00 2.519e+00
05356.00 2.532e+00
05360.00 2.476e+00
05364.00 2.511e+00
05368.00 2.515e+00
05372.00 2.458e+00
05376.00 2.462e+00
05380.00 2.466e+00
05384.00 2.525e+00
05388.00 2.477e+00
05392.00 2.472e+00
05396.00 2.464e+00
05400.00 2.473e+00
05404.00 2.471e+00
05408.00 2.445e+00
05412.00 2.437e+00
05416.00 2.449e+00
05420.00 2.449e+00
05424.00 2.349e+00
05428.00 2.348e+00
05432.00 2.404e+00
05436.00 2.393e+00
05440.00 2.346e+00
05444.00 2.330e+00
05448.00 2.304e+00
05452.00 2.258e+00
05456.00 2.275e+00
05460.00 2.235e+00
05464.00 2.210e+00
05468.00 2.182e+00
05472.00 2.158e+00
05476.00 2.124e+00
05480.00 2.090e+00
05484.00 2.102e+00
05488.00 2.064e+00
05492.00 2.045e+00
05496.00 2.050e+00
05500.00 2.045e+00
05504.00 1.999e+00
05508.00 1.998e+00
05512.00 2.041e+00
05516.00 2.024e+00
05520.00 1.975e+00
05524.00 1.971e+00
05528.00 1.959e+00
05532.00 1.985e+00
05536.00 1.940e+00
05540.00 1.926e+00
05544.00 1.950e+00
05548.00 1.957e+00
05552.00 1.968e+00
05556.00 1.977e+00
05560.00 1.956e+00
05564.00 1.849e+00
05568.00 1.894e+00
05572.00 1.942e+00
05576.00 1.856e+00
05580.00 1.793e+00
05584.00 1.848e+00
05588.00 1.850e+00
05592.00 1.862e+00
05596.00 1.890e+00
05600.00 1.834e+00
05604.00 1.838e+00
05608.00 1.859e+00
05612.00 1.865e+00
05616.00 1.889e+00
05620.00 1.921e+00
05624.00 1.886e+00
05628.00 1.849e+00
05632.00 1.861e+00
05636.00 1.887e+00
05640.00 1.883e+00
05644.00 1.932e+00
05648.00 2.001e+00
05652.00 2.021e+00
05656.00 1.992e+00
05660.00 1.930e+00
05664.00 1.946e+00
05668.00 1.960e+00
05672.00 2.010e+00
05676.00 2.059e+00
05680.00 2.070e+00
05684.00 2.034e+00
05688.00 2.000e+00
05692.00 2.037e+00
05696.00 2.117e+00
05700.00 2.065e+00
05704.00 2.113e+00
05708.00 2.123e+00
05712.00 2.180e+00
05716.00 2.181e+00
05720.00 2.121e+00
05724.00 2.131e+00
05728.00 2.187e+00
05732.00 2.157e+00
05736.00 2.134e+00
05740.00 2.149e+00
05744.00 2.148e+00
05748.00 2.186e+00
05752.00 2.222e+00
05756.00 2.215e+00
05760.00 2.217e+00
05764.00 2.261e+00
05768.00 2.237e+00
05772.00 2.148e+00
05776.00 2.158e+00
05780.00 2.182e+00
05784.00 2.187e+00
05788.00 2.204e+00
05792.00 2.221e+00
05796.00 2.209e+00
05800.00 2.218e+00
05804.00 2.216e+00
05808.00 2.221e+00
05812.00 2.227e+00
05816.00 2.255e+00
05820.00 2.306e+00
05824.00 2.333e+00
05828.00 2.314e+00
05832.00 2.309e+00
05836.00 2.346e+00
05840.00 2.353e+00
05844.00 2.392e+00
05848.00 2.452e+00
05852.00 2.445e+00
05856.00 2.434e+00
05860.00 2.459e+00
05864.00 2.472e+00
05868.00 2.467e+00
05872.00 2.479e+00
05876.00 2.487e+00
05880.00 2.448e+00
05884.00 2.408e+00
05888.00 2.385e+00
05892.00 2.375e+00
05896.00 2.389e+00
05900.00 2.423e+00
05904.00 2.423e+00
05908.00 2.413e+00
05912.00 2.419e+00
05916.00 2.349e+00
05920.00 2.356e+00
05924.00 2.382e+00
05928.00 2.384e+00
05932.00 2.381e+00
05936.00 2.356e+00
05940.00 2.312e+00
05944.00 2.315e+00
05948.00 2.337e+00
05952.00 2.291e+00
05956.00 2.343e+00
05960.00 2.340e+00
05964.00 2.304e+00
05968.00 2.326e+00
05972.00 2.271e+00
05976.00 2.256e+00
05980.00 2.293e+00
05984.00 2.331e+00
05988.00 2.285e+00
05992.00 2.258e+00
05996.00 2.242e+00
06000.00 2.223e+00
06004.00 2.241e+00
06008.00 2.257e+00
06012.00 2.208e+00
06016.00 2.244e+00
06020.00 2.192e+00
06024.00 2.185e+00
06028.00 2.176e+00
06032.00 2.119e+00
06036.00 2.063e+00
06040.00 2.056e+00
06044.00 2.056e+00
06048.00 2.027e+00
06052.00 2.033e+00
06056.00 1.990e+00
06060.00 1.949e+00
06064.00 1.916e+00
06068.00 1.909e+00
06072.00 1.931e+00
06076.00 1.946e+00
06080.00 1.947e+00
06084.00 1.915e+00
06088.00 1.897e+00
06092.00 1.882e+00
06096.00 1.828e+00
06100.00 1.803e+00
06104.00 1.811e+00
06108.00 1.809e+00
06112.00 1.818e+00
06116.00 1.791e+00
06120.00 1.740e+00
06124.00 1.697e+00
06128.00 1.681e+00
06132.00 1.672e+00
06136.00 1.672e+00
06140.00 1.666e+00
06144.00 1.628e+00
06148.00 1.592e+00
06152.00 1.609e+00
06156.00 1.599e+00
06160.00 1.570e+00
06164.00 1.528e+00
06168.00 1.499e+00
06172.00 1.505e+00
06176.00 1.529e+00
06180.00 1.545e+00
06184.00 1.582e+00
06188.00 1.518e+00
06192.00 1.479e+00
06196.00 1.486e+00
06200.00 1.476e+00
06204.00 1.486e+00
06208.00 1.529e+00
06212.00 1.552e+00
06216.00 1.533e+00
06220.00 1.525e+00
06224.00 1.522e+00
06228.00 1.511e+00
06232.00 1.542e+00
06236.00 1.550e+00
06240.00 1.529e+00
06244.00 1.530e+00
06248.00 1.561e+00
06252.00 1.559e+00
06256.00 1.485e+00
06260.00 1.453e+00
06264.00 1.533e+00
06268.00 1.579e+00
06272.00 1.585e+00
06276.00 1.568e+00
06280.00 1.568e+00
06284.00 1.594e+00
06288.00 1.548e+00
06292.00 1.572e+00
06296.00 1.734e+00
06300.00 1.713e+00
06304.00 1.694e+00
06308.00 1.715e+00
06312.00 1.703e+00
06316.00 1.672e+00
06320.00 1.687e+00
06324.00 1.701e+00
06328.00 1.716e+00
06332.00 1.712e+00
06336.00 1.743e+00
06340.00 1.735e+00
06344.00 1.722e+00
06348.00 1.746e+00
06352.00 1.771e+00
06356.00 1.772e+00
06360.00 1.792e+00
06364.00 1.765e+00
06368.00 1.767e+00
06372.00 1.766e+00
06376.00 1.764e+00
06380.00 1.787e+00
06384.00 1.803e+00
06388.00 1.767e+00
06392.00 1.739e+00
06396.00 1.808e+00
06400.00 1.747e+00
06404.00 1.727e+00
06408.00 1.726e+00
06412.00 1.732e+00
06416.00 1.760e+00
06420.00 1.793e+00
06424.00 1.784e+00
06428.00 1.736e+00
06432.00 1.756e+00
06436.00 1.800e+00
06440.00 1.798e+00
06444.00 1.774e+00
06448.00 1.765e+00
06452.00 1.791e+00
06456.00 1.826e+00
06460.00 1.827e+00
06464.00 1.820e+00
06468.00 1.771e+00
06472.00 1.763e+00
06476.00 1.790e+00
06480.00 1.824e+00
06484.00 1.862e+00
06488.00 1.897e+00
06492.00 1.905e+00
06496.00 1.873e+00
06500.00 1.804e+00
06504.00 1.832e+00
06508.00 1.842e+00
06512.00 1.845e+00
06516.00 1.841e+00
06520.00 1.838e+00
06524.00 1.847e+00
06528.00 1.867e+00
06532.00 1.900e+00
06536.00 1.915e+00
06540.00 1.884e+00
06544.00 1.839e+00
06548.00 1.820e+00
06552.00 1.860e+00
06556.00 1.898e+00
06560.00 1.890e+00
06564.00 1.896e+00
06568.00 1.940e+00
06572.00 1.879e+00
06576.00 1.842e+00
06580.00 1.849e+00
06584.00 1.788e+00
06588.00 1.714e+00
06592.00 1.707e+00
06596.00 1.763e+00
06600.00 1.837e+00
06604.00 1.888e+00
06608.00 1.835e+00
06612.00 1.789e+00
06616.00 1.820e+00
06620.00 1.855e+00
06624.00 1.866e+00
06628.00 1.852e+00
06632.00 1.822e+00
06636.00 1.835e+00
06640.00 1.884e+00
06644.00 1.845e+00
06648.00 1.833e+00
06652.00 1.835e+00
06656.00 1.819e+00
06660.00 1.818e+00
06664.00 1.831e+00
06668.00 1.811e+00
06672.00 1.817e+00
06676.00 1.861e+00
06680.00 1.844e+00
06684.00 1.817e+00
06688.00 1.839e+00
06692.00 1.870e+00
06696.00 1.860e+00
06700.00 1.834e+00
06704.00 1.833e+00
06708.00 1.820e+00
06712.00 1.811e+00
06716.00 1.778e+00
06720.00 1.828e+00
06724.00 1.830e+00
06728.00 1.806e+00
06732.00 1.806e+00
06736.00 1.799e+00
06740.00 1.779e+00
06744.00 1.744e+00
06748.00 1.721e+00
06752.00 1.756e+00
06756.00 1.761e+00
06760.00 1.753e+00
06764.00 1.747e+00
06768.00 1.747e+00
06772.00 1.751e+00
06776.00 1.735e+00
06780.00 1.721e+00
06784.00 1.697e+00
06788.00 1.722e+00
06792.00 1.734e+00
06796.00 1.719e+00
06800.00 1.690e+00
06804.00 1.700e+00
06808.00 1.755e+00
06812.00 1.706e+00
06816.00 1.670e+00
06820.00 1.664e+00
06824.00 1.684e+00
06828.00 1.684e+00
06832.00 1.661e+00
06836.00 1.658e+00
06840.00 1.680e+00
06844.00 1.684e+00
06848.00 1.673e+00
06852.00 1.718e+00
06856.00 1.750e+00
06860.00 1.707e+00
06864.00 1.662e+00
06868.00 1.640e+00
06872.00 1.632e+00
06876.00 1.639e+00
06880.00 1.653e+00
06884.00 1.649e+00
06888.00 1.653e+00
06892.00 1.628e+00
06896.00 1.671e+00
06900.00 1.715e+00
06904.00 1.685e+00
06908.00 1.631e+00
06912.00 1.641e+00
06916.00 1.676e+00
06920.00 1.675e+00
06924.00 1.680e+00
06928.00 1.651e+00
06932.00 1.644e+00
06936.00 1.633e+00
06940.00 1.620e+00
06944.00 1.632e+00
06948.00 1.647e+00
06952.00 1.638e+00
06956.00 1.683e+00
06960.00 1.583e+00
06964.00 1.577e+00
06968.00 1.590e+00
06972.00 1.593e+00
06976.00 1.589e+00
06980.00 1.573e+00
06984.00 1.582e+00
06988.00 1.612e+00
06992.00 1.559e+00
06996.00 1.607e+00
07000.00 1.621e+00
07004.00 1.583e+00
07008.00 1.569e+00
07012.00 1.594e+00
07016.00 1.605e+00
07020.00 1.602e+00
07024.00 1.582e+00
07028.00 1.598e+00
07032.00 1.629e+00
07036.00 1.618e+00
07040.00 1.586e+00
07044.00 1.582e+00
07048.00 1.580e+00
07052.00 1.551e+00
07056.00 1.593e+00
07060.00 1.641e+00
07064.00 1.616e+00
07068.00 1.600e+00
07072.00 1.590e+00
07076.00 1.603e+00
07080.00 1.625e+00
07084.00 1.629e+00
07088.00 1.616e+00
07092.00 1.559e+00
07096.00 1.601e+00
07100.00 1.624e+00
07104.00 1.614e+00
07108.00 1.617e+00
07112.00 1.605e+00
07116.00 1.590e+00
07120.00 1.618e+00
07124.00 1.643e+00
07128.00 1.611e+00
07132.00 1.598e+00
07136.00 1.565e+00
07140.00 1.591e+00
07144.00 1.613e+00
07148.00 1.591e+00
07152.00 1.580e+00
07156.00 1.605e+00
07160.00 1.576e+00
07164.00 1.565e+00
07168.00 1.596e+00
07172.00 1.569e+00
07176.00 1.562e+00
07180.00 1.560e+00
07184.00 1.526e+00
07188.00 1.507e+00
07192.00 1.549e+00
07196.00 1.533e+00
07200.00 1.538e+00
07204.00 1.580e+00
07208.00 1.573e+00
07212.00 1.553e+00
07216.00 1.530e+00
07220.00 1.497e+00
07224.00 1.484e+00
07228.00 1.524e+00
07232.00 1.532e+00
07236.00 1.482e+00
07240.00 1.490e+00
07244.00 1.511e+00
07248.00 1.509e+00
07252.00 1.507e+00
07256.00 1.506e+00
07260.00 1.495e+00
07264.00 1.504e+00
07268.00 1.464e+00
07272.00 1.496e+00
07276.00 1.486e+00
07280.00 1.429e+00
07284.00 1.404e+00
07288.00 1.433e+00
07292.00 1.452e+00
07296.00 1.425e+00
07300.00 1.415e+00
07304.00 1.462e+00
07308.00 1.425e+00
07312.00 1.437e+00
07316.00 1.484e+00
07320.00 1.489e+00
07324.00 1.426e+00
07328.00 1.378e+00
07332.00 1.428e+00
07336.00 1.478e+00
07340.00 1.449e+00
07344.00 1.486e+00
07348.00 1.497e+00
07352.00 1.457e+00
07356.00 1.412e+00
07360.00 1.385e+00
07364.00 1.385e+00
07368.00 1.429e+00
07372.00 1.405e+00
07376.00 1.440e+00
07380.00 1.415e+00
07384.00 1.425e+00
07388.00 1.428e+00
07392.00 1.415e+00
07396.00 1.407e+00
07400.00 1.406e+00
07404.00 1.413e+00
07408.00 1.423e+00
07412.00 1.402e+00
07416.00 1.381e+00
07420.00 1.355e+00
07424.00 1.355e+00
07428.00 1.383e+00
07432.00 1.396e+00
07436.00 1.376e+00
07440.00 1.378e+00
07444.00 1.360e+00
07448.00 1.333e+00
07452.00 1.350e+00
07456.00 1.370e+00
07460.00 1.377e+00
07464.00 1.370e+00
07468.00 1.345e+00
07472.00 1.317e+00
07476.00 1.307e+00
07480.00 1.340e+00
07484.00 1.327e+00
07488.00 1.309e+00
07492.00 1.317e+00
07496.00 1.337e+00
07500.00 1.347e+00
07504.00 1.332e+00
07508.00 1.284e+00
07512.00 1.286e+00
07516.00 1.307e+00
07520.00 1.299e+00
07524.00 1.304e+00
07528.00 1.317e+00
07532.00 1.323e+00
07536.00 1.329e+00
07540.00 1.335e+00
07544.00 1.319e+00
07548.00 1.294e+00
07552.00 1.302e+00
07556.00 1.335e+00
07560.00 1.345e+00
07564.00 1.312e+00
07568.00 1.282e+00
07572.00 1.274e+00
07576.00 1.281e+00
07580.00 1.372e+00
07584.00 1.329e+00
07588.00 1.280e+00
07592.00 1.224e+00
07596.00 1.168e+00
07600.00 1.173e+00
07604.00 1.251e+00
07608.00 1.333e+00
07612.00 1.360e+00
07616.00 1.359e+00
07620.00 1.326e+00
07624.00 1.319e+00
07628.00 1.302e+00
07632.00 1.244e+00
07636.00 1.219e+00
07640.00 1.268e+00
07644.00 1.303e+00
07648.00 1.266e+00
07652.00 1.259e+00
07656.00 1.327e+00
07660.00 1.344e+00
07664.00 1.273e+00
07668.00 1.206e+00
07672.00 1.197e+00
07676.00 1.203e+00
07680.00 1.204e+00
07684.00 1.252e+00
07688.00 1.231e+00
07692.00 1.223e+00
07696.00 1.194e+00
07700.00 1.169e+00
07704.00 1.169e+00
07708.00 1.199e+00
07712.00 1.260e+00
07716.00 1.329e+00
07720.00 1.323e+00
07724.00 1.320e+00
07728.00 1.313e+00
07732.00 1.252e+00
07736.00 1.178e+00
07740.00 1.167e+00
07744.00 1.217e+00
07748.00 1.255e+00
07752.00 1.261e+00
07756.00 1.321e+00
07760.00 1.352e+00
07764.00 1.314e+00
07768.00 1.264e+00
07772.00 1.234e+00
07776.00 1.234e+00
07780.00 1.239e+00
07784.00 1.237e+00
07788.00 1.293e+00
07792.00 1.302e+00
07796.00 1.297e+00
07800.00 1.235e+00
07804.00 1.209e+00
07808.00 1.213e+00
07812.00 1.236e+00
07816.00 1.281e+00
07820.00 1.308e+00
07824.00 1.271e+00
07828.00 1.238e+00
07832.00 1.203e+00
07836.00 1.194e+00
07840.00 1.211e+00
07844.00 1.222e+00
07848.00 1.234e+00
07852.00 1.266e+00
07856.00 1.272e+00
07860.00 1.197e+00
07864.00 1.116e+00
07868.00 1.149e+00
07872.00 1.167e+00
07876.00 1.121e+00
07880.00 1.092e+00
07884.00 1.117e+00
07888.00 1.127e+00
07892.00 1.083e+00
07896.00 1.035e+00
07900.00 1.005e+00
07904.00 1.038e+00
07908.00 1.088e+00
07912.00 1.063e+00
07916.00 1.009e+00
07920.00 9.792e-01
07924.00 9.439e-01
07928.00 9.339e-01
07932.00 8.959e-01
07936.00 8.538e-01
07940.00 8.971e-01
07944.00 9.119e-01
07948.00 8.697e-01
07952.00 8.527e-01
07956.00 8.758e-01
07960.00 8.458e-01
07964.00 7.795e-01
07968.00 7.560e-01
07972.00 7.793e-01
07976.00 7.874e-01
07980.00 8.121e-01
07984.00 8.216e-01
07988.00 7.908e-01
07992.00 7.350e-01
07996.00 6.776e-01
08000.00 7.292e-01
08004.00 7.465e-01
08008.00 7.531e-01
08012.00 7.390e-01
08016.00 7.112e-01
08020.00 7.093e-01
08024.00 7.084e-01
08028.00 6.668e-01
08032.00 6.616e-01
08036.00 6.889e-01
08040.00 6.622e-01
08044.00 6.520e-01
08048.00 6.293e-01
08052.00 6.241e-01
08056.00 6.549e-01
08060.00 6.559e-01
08064.00 5.815e-01
08068.00 5.481e-01
08072.00 5.245e-01
08076.00 4.990e-01
08080.00 5.426e-01
08084.00 5.633e-01
08088.00 5.662e-01
08092.00 5.966e-01
08096.00 6.129e-01
08100.00 5.521e-01
08104.00 5.169e-01
08108.00 5.186e-01
08112.00 5.345e-01
08116.00 5.356e-01
08120.00 5.466e-01
08124.00 5.598e-01
08128.00 5.385e-01
08132.00 4.979e-01
08136.00 5.035e-01
08140.00 5.050e-01
08144.00 4.645e-01
08148.00 4.603e-01
08152.00 4.665e-01
08156.00 4.757e-01
08160.00 4.862e-01
08164.00 5.088e-01
08168.00 5.374e-01
08172.00 5.188e-01
08176.00 5.265e-01
08180.00 4.949e-01
08184.00 5.074e-01
08188.00 4.839e-01
08192.00 4.863e-01
08196.00 5.283e-01
08200.00 5.306e-01
08204.00 4.867e-01
08208.00 4.993e-01
08212.00 5.327e-01
08216.00 5.353e-01
08220.00 4.995e-01
08224.00 4.754e-01
08228.00 4.816e-01
08232.00 4.870e-01
08236.00 4.927e-01
08240.00 5.421e-01
08244.00 5.628e-01
08248.00 5.826e-01
08252.00 5.517e-01
08256.00 5.557e-01
08260.00 5.244e-01
08264.00 4.896e-01
08268.00 4.953e-01
08272.00 5.029e-01
08276.00 5.173e-01
08280.00 5.731e-01
08284.00 6.032e-01
08288.00 6.306e-01
08292.00 6.238e-01
08296.00 5.462e-01
08300.00 4.745e-01
08304.00 4.955e-01
08308.00 5.689e-01
08312.00 6.020e-01
08316.00 6.181e-01
08320.00 6.610e-01
08324.00 6.689e-01
08328.00 6.255e-01
08332.00 6.002e-01
08336.00 6.055e-01
08340.00 6.048e-01
08344.00 6.296e-01
08348.00 7.302e-01
08352.00 6.867e-01
08356.00 6.901e-01
08360.00 7.144e-01
08364.00 7.048e-01
08368.00 6.688e-01
08372.00 6.769e-01
08376.00 7.299e-01
08380.00 7.316e-01
08384.00 7.687e-01
08388.00 7.546e-01
08392.00 7.092e-01
08396.00 7.207e-01
08400.00 7.462e-01
08404.00 7.370e-01
08408.00 7.162e-01
08412.00 7.352e-01
08416.00 7.938e-01
08420.00 8.118e-01
08424.00 7.389e-01
08428.00 7.775e-01
08432.00 8.431e-01
08436.00 8.059e-01
08440.00 7.580e-01
08444.00 7.946e-01
08448.00 8.189e-01
08452.00 8.224e-01
08456.00 8.160e-01
08460.00 7.886e-01
08464.00 8.259e-01
08468.00 8.839e-01
08472.00 9.036e-01
08476.00 9.044e-01
08480.00 9.248e-01
08484.00 9.255e-01
08488.00 8.517e-01
08492.00 8.490e-01
08496.00 9.064e-01
08500.00 9.167e-01
08504.00 9.223e-01
08508.00 9.451e-01
08512.00 9.460e-01
08516.00 9.159e-01
08520.00 9.166e-01
08524.00 9.826e-01
08528.00 9.774e-01
08532.00 9.679e-01
08536.00 9.593e-01
08540.00 9.576e-01
08544.00 9.743e-01
08548.00 9.845e-01
08552.00 9.601e-01
08556.00 9.509e-01
08560.00 9.494e-01
08564.00 9.530e-01
08568.00 9.581e-01
08572.00 9.529e-01
08576.00 9.597e-01
08580.00 9.926e-01
08584.00 1.020e+00
08588.00 1.002e+00
08592.00 9.697e-01
08596.00 9.643e-01
08600.00 9.565e-01
08604.00 9.607e-01
08608.00 9.891e-01
08612.00 1.020e+00
08616.00 1.038e+00
08620.00 1.042e+00
08624.00 1.030e+00
08628.00 1.025e+00
08632.00 1.005e+00
08636.00 9.775e-01
08640.00 1.029e+00
08644.00 1.047e+00
08648.00 1.038e+00
08652.00 1.065e+00
08656.00 1.089e+00
08660.00 1.058e+00
08664.00 1.034e+00
08668.00 1.008e+00
08672.00 9.926e-01
08676.00 1.013e+00
08680.00 1.038e+00
08684.00 1.043e+00
08688.00 1.042e+00
08692.00 1.045e+00
08696.00 1.030e+00
08700.00 1.005e+00
08704.00 1.019e+00
08708.00 1.006e+00
08712.00 9.807e-01
08716.00 9.780e-01
08720.00 9.868e-01
08724.00 9.948e-01
08728.00 1.032e+00
08732.00 1.060e+00
08736.00 1.065e+00
08740.00 9.886e-01
08744.00 9.665e-01
08748.00 9.720e-01
08752.00 9.362e-01
08756.00 9.242e-01
08760.00 1.015e+00
08764.00 1.092e+00
08768.00 1.064e+00
08772.00 1.036e+00
08776.00 9.948e-01
08780.00 9.740e-01
08784.00 1.009e+00
08788.00 1.052e+00
08792.00 1.025e+00
08796.00 9.632e-01
08800.00 9.969e-01
08804.00 9.870e-01
08808.00 1.018e+00
08812.00 1.040e+00
08816.00 1.055e+00
08820.00 9.987e-01
08824.00 9.476e-01
08828.00 9.692e-01
08832.00 9.777e-01
08836.00 1.018e+00
08840.00 1.037e+00
08844.00 9.976e-01
08848.00 9.590e-01
08852.00 9.458e-01
08856.00 9.373e-01
08860.00 9.194e-01
08864.00 9.150e-01
08868.00 9.497e-01
08872.00 1.004e+00
08876.00 1.077e+00
08880.00 1.020e+00
08884.00 9.277e-01
08888.00 8.884e-01
08892.00 8.896e-01
08896.00 8.845e-01
08900.00 8.796e-01
08904.00 9.084e-01
08908.00 9.153e-01
08912.00 8.249e-01
08916.00 7.946e-01
08920.00 8.462e-01
08924.00 9.143e-01
08928.00 9.338e-01
08932.00 9.081e-01
08936.00 8.759e-01
08940.00 8.358e-01
08944.00 8.710e-01
08948.00 8.784e-01
08952.00 7.886e-01
08956.00 7.912e-01
08960.00 8.572e-01
08964.00 8.786e-01
08968.00 8.674e-01
08972.00 8.762e-01
08976.00 8.406e-01
08980.00 7.478e-01
08984.00 7.525e-01
08988.00 8.464e-01
08992.00 9.060e-01
08996.00 8.958e-01
09000.00 8.718e-01
09004.00 8.693e-01
09008.00 8.605e-01
09012.00 8.379e-01
09016.00 8.922e-01
09020.00 8.926e-01
09024.00 8.735e-01
09028.00 8.617e-01
09032.00 8.508e-01
09036.00 8.623e-01
09040.00 9.084e-01
09044.00 8.986e-01
09048.00 8.304e-01
09052.00 8.055e-01
09056.00 7.669e-01
09060.00 7.810e-01
09064.00 8.478e-01
09068.00 8.797e-01
09072.00 8.657e-01
09076.00 8.975e-01
09080.00 9.318e-01
09084.00 8.495e-01
09088.00 8.099e-01
09092.00 7.939e-01
09096.00 7.634e-01
09100.00 7.619e-01
09104.00 7.822e-01
09108.00 7.827e-01
09112.00 7.987e-01
09116.00 8.175e-01
09120.00 8.245e-01
09124.00 8.269e-01
09128.00 8.581e-01
09132.00 8.976e-01
09136.00 8.798e-01
09140.00 8.229e-01
09144.00 8.005e-01
09148.00 7.930e-01
09152.00 8.103e-01
09156.00 8.760e-01
09160.00 8.347e-01
09164.00 7.987e-01
09168.00 8.018e-01
09172.00 7.628e-01
09176.00 7.242e-01
09180.00 7.853e-01
09184.00 7.617e-01
09188.00 7.801e-01
09192.00 7.425e-01
09196.00 7.663e-01
09200.00 7.757e-01
09204.00 7.911e-01
09208.00 8.401e-01
09212.00 8.614e-01
09216.00 8.134e-01
09220.00 8.094e-01
09224.00 8.261e-01
09228.00 8.085e-01
09232.00 8.109e-01
09236.00 8.362e-01
09240.00 8.426e-01
09244.00 8.036e-01
09248.00 7.633e-01
09252.00 7.757e-01
09256.00 7.203e-01
09260.00 7.246e-01
09264.00 7.507e-01
09268.00 7.311e-01
09272.00 7.164e-01
09276.00 7.194e-01
09280.00 7.161e-01
09284.00 7.298e-01
09288.00 7.885e-01
09292.00 7.655e-01
09296.00 6.877e-01
09300.00 6.559e-01
09304.00 6.691e-01
09308.00 6.578e-01
09312.00 5.897e-01
09316.00 5.138e-01
09320.00 5.098e-01
09324.00 6.140e-01
09328.00 7.952e-01
09332.00 8.808e-01
09336.00 8.733e-01
09340.00 8.549e-01
09344.00 7.478e-01
09348.00 6.444e-01
09352.00 6.567e-01
09356.00 5.976e-01
09360.00 4.597e-01
09364.00 4.598e-01
09368.00 5.921e-01
09372.00 7.419e-01
09376.00 8.777e-01
09380.00 8.704e-01
09384.00 7.644e-01
09388.00 7.254e-01
09392.00 6.765e-01
09396.00 6.577e-01
09400.00 6.702e-01
09404.00 6.770e-01
09408.00 7.270e-01
09412.00 7.604e-01
09416.00 7.494e-01
09420.00 7.463e-01
09424.00 7.655e-01
09428.00 7.279e-01
09432.00 7.339e-01
09436.00 7.355e-01
09440.00 6.192e-01
09444.00 6.460e-01
09448.00 7.106e-01
09452.00 7.029e-01
09456.00 7.099e-01
09460.00 7.614e-01
09464.00 7.369e-01
09468.00 7.158e-01
09472.00 7.069e-01
09476.00 7.355e-01
09480.00 7.301e-01
09484.00 6.832e-01
09488.00 6.117e-01
09492.00 5.838e-01
09496.00 7.120e-01
09500.00 8.261e-01
09504.00 7.706e-01
09508.00 6.445e-01
09512.00 5.744e-01
09516.00 6.559e-01
09520.00 7.492e-01
09524.00 7.562e-01
09528.00 7.537e-01
09532.00 7.302e-01
09536.00 6.521e-01
09540.00 6.505e-01
09544.00 6.597e-01
09548.00 7.151e-01
09552.00 6.650e-01
09556.00 5.910e-01
09560.00 5.784e-01
09564.00 5.468e-01
09568.00 6.980e-01
09572.00 6.381e-01
09576.00 6.749e-01
09580.00 6.961e-01
09584.00 6.711e-01
09588.00 6.098e-01
09592.00 5.815e-01
09596.00 6.187e-01
09600.00 6.490e-01
09604.00 6.605e-01
09608.00 6.425e-01
09612.00 6.401e-01
09616.00 6.879e-01
09620.00 6.961e-01
09624.00 6.549e-01
09628.00 6.151e-01
09632.00 5.753e-01
09636.00 5.355e-01
09640.00 5.355e-01
09644.00 5.888e-01
09648.00 5.182e-01
09652.00 4.819e-01
09656.00 4.867e-01
09660.00 4.804e-01
09664.00 4.877e-01
09668.00 5.471e-01
09672.00 5.664e-01
09676.00 5.567e-01
09680.00 5.822e-01
09684.00 5.191e-01
09688.00 4.635e-01
09692.00 4.608e-01
09696.00 4.708e-01
09700.00 4.795e-01
09704.00 5.091e-01
09708.00 4.859e-01
09712.00 3.963e-01
09716.00 4.233e-01
09720.00 4.923e-01
09724.00 4.982e-01
09728.00 4.888e-01
09732.00 4.813e-01
09736.00 4.609e-01
09740.00 4.887e-01
09744.00 4.495e-01
09748.00 4.325e-01
09752.00 4.406e-01
09756.00 4.682e-01
09760.00 4.707e-01
09764.00 4.562e-01
09768.00 4.327e-01
09772.00 4.020e-01
09776.00 4.187e-01
09780.00 4.173e-01
09784.00 4.160e-01
09788.00 3.939e-01
09792.00 3.873e-01
09796.00 3.995e-01
09800.00 4.497e-01
09804.00 4.777e-01
09808.00 3.882e-01
09812.00 3.162e-01
09816.00 4.216e-01
09820.00 4.958e-01
09824.00 4.843e-01
09828.00 4.794e-01
09832.00 4.949e-01
09836.00 4.922e-01
09840.00 4.588e-01
09844.00 4.047e-01
09848.00 3.354e-01
09852.00 3.755e-01
09856.00 3.770e-01
09860.00 3.240e-01
09864.00 3.164e-01
09868.00 3.727e-01
09872.00 3.793e-01
09876.00 3.063e-01
09880.00 2.999e-01
09884.00 2.524e-01
09888.00 2.838e-01
09892.00 3.356e-01
09896.00 2.750e-01
09900.00 2.525e-01
09904.00 3.369e-01
09908.00 4.360e-01
09912.00 4.610e-01
09916.00 4.078e-01
09920.00 3.971e-01
09924.00 4.335e-01
09928.00 4.222e-01
09932.00 4.292e-01
09936.00 4.245e-01
09940.00 3.632e-01
09944.00 3.226e-01
09948.00 4.006e-01
09952.00 4.628e-01
09956.00 3.540e-01
09960.00 2.535e-01
09964.00 4.665e-01
09968.00 4.430e-01
09972.00 3.367e-01
09976.00 3.418e-01
09980.00 3.468e-01
09984.00 4.181e-01
09988.00 4.205e-01
09992.00 3.366e-01
09996.00 3.276e-01
10000.00 3.946e-01
10004.00 3.095e-01
10008.00 2.359e-01
10012.00 3.081e-01
10016.00 3.398e-01
10020.00 2.961e-01
10024.00 3.935e-01
10028.00 4.535e-01
10032.00 3.472e-01
10036.00 2.970e-01
10040.00 3.417e-01
10044.00 3.801e-01
10048.00 3.473e-01
10052.00 2.894e-01
10056.00 2.962e-01
10060.00 3.398e-01
10064.00 2.708e-01
10068.00 3.178e-01
10072.00 4.290e-01
10076.00 4.024e-01
10080.00 3.250e-01
10084.00 4.039e-01
10088.00 5.356e-01
10092.00 4.985e-01
10096.00 5.103e-01
10100.00 5.436e-01
10104.00 5.417e-01
10108.00 4.837e-01
10112.00 4.237e-01
10116.00 3.674e-01
10120.00 2.847e-01
10124.00 2.546e-01
10128.00 4.119e-01
10132.00 5.550e-01
10136.00 4.574e-01
10140.00 4.848e-01
10144.00 5.122e-01
10148.00 4.031e-01
10152.00 3.206e-01
10156.00 4.176e-01
10160.00 5.005e-01
10164.00 4.942e-01
10168.00 4.271e-01
10172.00 4.296e-01
10176.00 3.892e-01
10180.00 3.761e-01
10184.00 5.172e-01
10188.00 6.681e-01
10192.00 5.763e-01
10196.00 4.541e-01
10200.00 4.456e-01
10204.00 5.615e-01
10208.00 5.415e-01
10212.00 3.788e-01
10216.00 4.649e-01
10220.00 5.559e-01
10224.00 3.909e-01
10228.00 4.933e-01
10232.00 4.125e-01
10236.00 3.644e-01
10240.00 4.384e-01
10244.00 4.998e-01
10248.00 5.106e-01
10252.00 5.428e-01
10256.00 6.127e-01
10260.00 6.611e-01
10264.00 6.438e-01
10268.00 3.757e-01
10272.00 4.202e-01
10276.00 6.547e-01
10280.00 7.371e-01
10284.00 6.088e-01
10288.00 5.934e-01
10292.00 7.273e-01
10296.00 6.792e-01
10300.00 5.962e-01
10304.00 7.675e-01
10308.00 7.109e-01
10312.00 6.773e-01
10316.00 6.755e-01
10320.00 6.249e-01
10324.00 5.725e-01
10328.00 5.688e-01
10332.00 5.498e-01
10336.00 5.730e-01
10340.00 4.836e-01
10344.00 5.628e-01
10348.00 6.220e-01
10352.00 5.100e-01
10356.00 5.190e-01
10360.00 5.866e-01
10364.00 4.941e-01
10368.00 5.651e-01
10372.00 5.630e-01
10376.00 5.872e-01
10380.00 7.380e-01
10384.00 8.099e-01
10388.00 7.172e-01
10392.00 6.143e-01
10396.00 6.536e-01
10400.00 7.837e-01
10404.00 7.888e-01
10408.00 7.939e-01
10412.00 7.990e-01
10416.00 7.990e-01
10420.00 5.333e-01
10424.00 6.253e-01
10428.00 9.244e-01
10432.00 8.959e-01
10436.00 6.366e-01
10440.00 6.180e-01
10444.00 5.993e-01
10448.00 5.806e-01
10452.00 5.806e-01
10456.00 5.686e-01
10460.00 4.759e-01
10464.00 5.011e-01
10468.00 7.145e-01
10472.00 8.236e-01
10476.00 6.929e-01
10480.00 6.389e-01
10484.00 6.716e-01
10488.00 6.833e-01
10492.00 7.170e-01
10496.00 7.813e-01
10500.00 7.066e-01
10504.00 5.301e-01
10508.00 6.767e-01
10512.00 8.515e-01
10516.00 6.016e-01
10520.00 5.636e-01
10524.00 6.134e-01
10528.00 6.798e-01
10532.00 7.742e-01
10536.00 8.102e-01
10540.00 7.094e-01
10544.00 6.508e-01
10548.00 6.278e-01
10552.00 7.638e-01
10556.00 9.309e-01
10560.00 7.260e-01
10564.00 6.798e-01
10568.00 7.375e-01
10572.00 6.395e-01
10576.00 7.753e-01
10580.00 7.883e-01
10584.00 5.878e-01
10588.00 7.217e-01
10592.00 7.885e-01
10596.00 7.800e-01
10600.00 7.506e-01
10604.00 7.482e-01
10608.00 7.910e-01
10612.00 7.748e-01
10616.00 5.575e-01
10620.00 7.363e-01
10624.00 7.857e-01
10628.00 6.964e-01
10632.00 8.027e-01
10636.00 8.952e-01
10640.00 7.615e-01
10644.00 7.045e-01
10648.00 9.122e-01
10652.00 8.730e-01
10656.00 7.135e-01
10660.00 4.826e-01
10664.00 5.046e-01
10668.00 6.616e-01
10672.00 7.153e-01
10676.00 6.324e-01
10680.00 5.239e-01
10684.00 4.373e-01
10688.00 3.472e-01
10692.00 5.457e-01
10696.00 6.501e-01
10700.00 5.716e-01
10704.00 6.697e-01
10708.00 7.440e-01
10712.00 5.593e-01
10716.00 6.148e-01
10720.00 8.015e-01
10724.00 7.316e-01
10728.00 8.823e-01
10732.00 7.319e-01
10736.00 6.056e-01
10740.00 7.723e-01
10744.00 9.229e-01
10748.00 7.929e-01
10752.00 7.043e-01
10756.00 5.294e-01
10760.00 4.324e-01
10764.00 7.031e-01
10768.00 9.973e-01
10772.00 7.921e-01
10776.00 3.704e-01
10780.00 3.638e-01
10784.00 7.021e-01
10788.00 7.057e-01
10792.00 6.747e-01
10796.00 7.086e-01
10800.00 6.698e-01
