03115.86 2.639e-18
03117.60 -3.668e-17
03119.34 -1.488e-16
03121.08 1.011e-16
03122.81 3.331e-16
03124.55 1.526e-16
03126.29 1.380e-16
03128.03 3.547e-18
03129.77 -1.036e-16
03131.51 -3.105e-16
03133.25 -3.193e-17
03134.98 9.116e-17
03136.72 -3.973e-17
03138.46 -6.731e-17
03140.20 -1.943e-16
03141.94 2.822e-16
03143.68 3.386e-16
03145.41 1.388e-16
03147.15 -8.927e-17
03148.89 2.020e-16
03150.63 1.700e-16
03152.37 2.726e-16
03154.11 1.666e-16
03155.84 1.962e-16
03157.58 9.911e-17
03159.32 1.166e-16
03161.06 3.239e-16
03162.80 -6.006e-17
03164.54 -4.920e-17
03166.28 2.559e-17
03168.01 1.185e-19
03169.75 -1.916e-17
03171.49 1.730e-17
03173.23 5.395e-17
03174.97 -7.569e-17
03176.71 -1.939e-17
03178.44 -3.911e-17
03180.18 1.529e-16
03181.92 3.930e-17
03183.66 -9.585e-17
03185.40 2.145e-17
03187.14 -3.839e-17
03188.87 2.180e-16
03190.61 2.835e-16
03192.35 9.436e-18
03194.09 8.372e-17
03195.83 1.183e-16
03197.57 -3.905e-17
03199.30 1.081e-16
03201.04 7.821e-17
03202.78 7.046e-17
03204.52 -1.123e-16
03206.26 4.309e-17
03208.00 9.319e-17
03209.74 1.260e-16
03211.47 1.522e-16
03213.21 1.252e-16
03214.95 1.038e-16
03216.69 2.111e-16
03218.43 -8.826e-18
03220.17 8.045e-17
03221.90 6.024e-17
03223.64 8.408e-17
03225.38 -1.139e-17
03227.12 8.345e-17
03228.86 6.807e-17
03230.60 7.005e-17
03232.33 1.852e-16
03234.07 2.088e-16
03235.81 1.362e-16
03237.55 1.375e-16
03239.29 5.400e-17
03241.03 -3.311e-18
03242.77 6.580e-17
03244.50 1.360e-16
03246.24 9.138e-17
03247.98 9.759e-17
03249.72 1.993e-16
03251.46 1.719e-16
03253.20 1.823e-16
03254.93 7.213e-17
03256.67 -2.567e-17
03258.41 4.485e-17
03260.15 1.551e-16
03261.89 1.216e-16
03263.63 1.482e-16
03265.36 9.826e-17
03267.10 1.363e-16
03268.84 1.460e-16
03270.58 1.190e-16
03272.32 1.478e-16
03274.06 7.757e-17
03275.79 5.438e-17
03277.53 1.028e-16
03279.27 1.011e-16
03281.01 1.550e-16
03282.75 9.829e-17
03284.49 5.117e-17
03286.23 7.174e-17
03287.96 4.200e-17
03289.70 -1.358e-17
03291.44 1.512e-17
03293.18 1.030e-16
03294.92 1.484e-16
03296.66 1.188e-16
03298.39 7.719e-19
03300.13 4.109e-17
03301.87 7.767e-17
03303.61 1.151e-16
03305.35 1.860e-17
03307.09 6.614e-17
03308.82 5.909e-17
03310.56 2.096e-17
03312.30 1.019e-16
03314.04 7.499e-17
03315.78 3.659e-17
03317.52 4.899e-17
03319.26 8.402e-17
03320.99 1.345e-16
03322.73 1.773e-16
03324.47 7.485e-17
03326.21 1.133e-16
03327.95 2.374e-17
03329.69 1.113e-16
03331.42 1.168e-16
03333.16 1.124e-16
03334.90 3.336e-17
03336.64 2.657e-17
03338.38 9.667e-17
03340.12 9.544e-17
03341.85 1.285e-16
03343.59 7.340e-17
03345.33 -7.323e-18
03347.07 2.785e-17
03348.81 1.242e-16
03350.55 7.647e-17
03352.29 9.687e-17
03354.02 5.606e-17
03355.76 8.297e-17
03357.50 1.378e-16
03359.24 1.469e-16
03360.98 8.896e-17
03362.72 7.361e-18
03364.45 1.240e-16
03366.19 1.291e-16
03367.93 1.079e-16
03369.67 1.031e-16
03371.41 9.116e-17
03373.15 5.040e-17
03374.88 5.425e-17
03376.62 4.041e-17
03378.36 5.438e-17
03380.10 3.169e-17
03381.84 1.668e-16
03383.58 1.401e-16
03385.31 8.221e-17
03387.05 6.127e-17
03388.79 1.247e-17
03390.53 7.444e-17
03392.27 6.970e-17
03394.01 7.938e-17
03395.75 8.477e-17
03397.48 4.876e-17
03399.22 9.422e-17
03400.96 5.760e-17
03402.70 8.979e-17
03404.44 8.347e-17
03406.18 3.566e-17
03407.91 5.875e-17
03409.65 1.274e-16
03411.39 9.874e-17
03413.13 1.214e-16
03414.87 6.697e-17
03416.61 1.069e-16
03418.34 1.172e-16
03420.08 1.261e-16
03421.82 1.161e-16
03423.56 8.530e-17
03425.30 4.853e-17
03427.04 6.965e-17
03428.78 8.660e-17
03430.51 1.133e-16
03432.25 8.939e-17
03433.99 8.497e-17
03435.73 4.351e-17
03437.47 5.105e-17
03439.21 7.747e-17
03440.94 8.599e-17
03442.68 9.805e-17
03444.42 8.694e-17
03446.16 1.282e-16
03447.90 1.778e-16
03449.64 1.227e-16
03451.37 6.844e-17
03453.11 1.335e-16
03454.85 1.558e-16
03456.59 1.724e-16
03458.33 1.414e-16
03460.07 9.317e-17
03461.81 1.538e-16
03463.54 2.121e-16
03465.28 1.315e-16
03467.02 8.215e-17
03468.76 8.244e-17
03470.50 1.018e-16
03472.24 8.076e-17
03473.97 1.056e-16
03475.71 1.583e-16
03477.45 1.366e-16
03479.19 1.433e-16
03480.93 1.752e-16
03482.67 1.462e-16
03484.40 1.420e-16
03486.14 1.649e-16
03487.88 1.301e-16
03489.62 1.755e-16
03491.36 1.587e-16
03493.10 1.256e-16
03494.83 1.480e-16
03496.57 1.544e-16
03498.31 1.687e-16
03500.05 1.772e-16
03501.79 1.590e-16
03503.53 1.684e-16
03505.27 1.554e-16
03507.00 1.632e-16
03508.74 1.421e-16
03510.48 1.530e-16
03512.22 1.592e-16
03513.96 1.750e-16
03515.70 1.192e-16
03517.43 1.488e-16
03519.17 1.276e-16
03520.91 6.212e-17
03522.65 1.233e-16
03524.39 8.997e-17
03526.13 1.237e-16
03527.86 1.359e-16
03529.60 1.515e-16
03531.34 1.119e-16
03533.08 1.234e-16
03534.82 1.223e-16
03536.56 8.973e-17
03538.30 1.498e-16
03540.03 1.218e-16
03541.77 8.393e-17
03543.51 8.778e-17
03545.25 1.415e-16
03546.99 1.101e-16
03548.73 1.215e-16
03550.46 1.872e-16
03552.20 8.652e-17
03553.94 1.189e-16
03555.68 1.195e-16
03557.42 8.455e-17
03559.16 1.144e-16
03560.89 1.167e-16
03562.63 1.025e-16
03564.37 9.267e-17
03566.11 1.286e-16
03567.85 1.071e-16
03569.59 9.523e-17
03571.32 1.237e-16
03573.06 1.439e-16
03574.80 9.904e-17
03576.54 9.180e-17
03578.28 1.832e-16
03580.02 1.810e-16
03581.76 1.307e-16
03583.49 1.347e-16
03585.23 8.373e-17
03586.97 1.094e-16
03588.71 1.470e-16
03590.45 1.611e-16
03592.19 1.325e-16
03593.92 1.362e-16
03595.66 1.360e-16
03597.40 1.172e-16
03599.14 1.230e-16
03600.88 1.488e-16
03602.62 1.405e-16
03604.35 1.705e-16
03606.09 1.478e-16
03607.83 1.102e-16
03609.57 1.304e-16
03611.31 1.324e-16
03613.05 1.264e-16
03614.79 1.332e-16
03616.52 1.307e-16
03618.26 1.384e-16
03620.00 1.422e-16
03621.74 1.240e-16
03623.48 1.755e-16
03625.22 1.591e-16
03626.95 1.193e-16
03628.69 1.244e-16
03630.43 1.757e-16
03632.17 1.213e-16
03633.91 1.381e-16
03635.65 1.523e-16
03637.38 1.036e-16
03639.12 1.249e-16
03640.86 1.533e-16
03642.60 1.327e-16
03644.34 1.629e-16
03646.08 1.651e-16
03647.82 1.144e-16
03649.55 1.275e-16
03651.29 1.388e-16
03653.03 1.556e-16
03654.77 1.473e-16
03656.51 1.147e-16
03658.25 8.954e-17
03659.98 1.088e-16
03661.72 1.314e-16
03663.46 1.287e-16
03665.20 1.128e-16
03666.94 9.220e-17
03668.68 1.052e-16
03670.41 9.594e-17
03672.15 8.035e-17
03673.89 1.259e-16
03675.63 1.574e-16
03677.37 1.423e-16
03679.11 1.113e-16
03680.84 1.306e-16
03682.58 1.082e-16
03684.32 1.393e-16
03686.06 1.431e-16
03687.80 1.138e-16
03689.54 1.174e-16
03691.28 1.544e-16
03693.01 1.526e-16
03694.75 1.075e-16
03696.49 9.391e-17
03698.23 1.075e-16
03699.97 1.395e-16
03701.71 1.311e-16
03703.44 1.063e-16
03705.18 1.188e-16
03706.92 1.497e-16
03708.66 1.447e-16
03710.40 1.149e-16
03712.14 9.083e-17
03713.87 1.214e-16
03715.61 1.052e-16
03717.35 1.426e-16
03719.09 1.199e-16
03720.83 1.238e-16
03722.57 1.549e-16
03724.31 1.128e-16
03726.04 1.116e-16
03727.78 1.335e-16
03729.52 9.257e-17
03731.26 9.563e-17
03733.00 1.396e-16
03734.74 1.270e-16
03736.47 1.430e-16
03738.21 1.206e-16
03739.95 9.309e-17
03741.69 6.231e-17
03743.43 6.999e-17
03745.17 9.743e-17
03746.90 1.446e-16
03748.64 1.071e-16
03750.38 8.389e-17
03752.12 1.138e-16
03753.86 9.939e-17
03755.60 6.266e-17
03757.34 7.564e-17
03759.07 6.539e-17
03760.81 2.953e-17
03762.55 9.932e-17
03764.29 9.789e-17
03766.03 9.133e-17
03767.77 6.940e-17
03769.50 6.963e-17
03771.24 1.061e-16
03772.98 8.348e-17
03774.72 5.826e-17
03776.46 5.583e-17
03778.20 4.542e-17
03779.93 6.302e-17
03781.67 6.530e-17
03783.41 7.811e-17
03785.15 8.520e-17
03786.89 8.963e-17
03788.63 5.611e-17
03790.36 2.901e-17
03792.10 4.248e-17
03793.84 7.461e-17
03795.58 8.276e-17
03797.32 3.357e-17
03799.06 7.127e-17
03800.80 8.951e-17
03802.53 9.053e-17
03804.27 5.898e-17
03806.01 3.478e-17
03807.75 5.131e-17
03809.49 6.184e-17
03811.23 2.393e-17
03812.96 6.862e-17
03814.70 8.128e-17
03816.44 7.567e-17
03818.18 6.143e-17
03819.92 8.421e-17
03821.66 6.913e-17
03823.39 3.982e-17
03825.13 7.498e-17
03826.87 1.105e-16
03828.61 3.646e-17
03830.35 4.256e-17
03832.09 3.682e-17
03833.83 -3.228e-17
03835.56 4.719e-17
03837.30 -4.506e-17
03839.04 -3.385e-17
03840.78 4.874e-17
03842.52 4.521e-17
03844.26 5.607e-17
03845.99 7.832e-17
03847.73 3.202e-17
03849.47 8.622e-17
03851.21 4.090e-17
03852.95 3.637e-17
03854.69 2.700e-17
03856.42 4.502e-17
03858.16 4.580e-17
03859.90 6.369e-17
03861.64 6.972e-17
03863.38 4.929e-17
03865.12 4.741e-17
03866.86 5.888e-17
03868.59 5.506e-17
03870.33 3.265e-17
03872.07 7.395e-17
03873.81 1.090e-16
03875.55 5.465e-17
03877.29 2.015e-17
03879.02 4.964e-17
03880.76 5.640e-17
03882.50 7.814e-17
03884.24 7.606e-17
03885.98 8.166e-17
03887.72 9.231e-17
03889.45 1.189e-16
03891.19 9.489e-17
03892.93 1.034e-16
03894.67 1.229e-16
03896.41 1.189e-16
03898.15 1.167e-16
03899.88 1.096e-16
03901.62 1.205e-16
03903.36 8.846e-17
03905.10 8.929e-17
03906.84 1.238e-16
03908.58 1.318e-16
03910.32 1.360e-16
03912.05 1.315e-16
03913.79 1.723e-16
03915.53 1.728e-16
03917.27 1.888e-16
03919.01 1.823e-16
03920.75 2.196e-16
03922.48 2.236e-16
03924.22 2.287e-16
03925.96 2.382e-16
03927.70 2.243e-16
03929.44 2.183e-16
03931.18 2.476e-16
03932.91 2.555e-16
03934.65 2.673e-16
03936.39 3.073e-16
03938.13 3.027e-16
03939.87 3.037e-16
03941.61 3.287e-16
03943.35 3.216e-16
03945.08 2.986e-16
03946.82 3.129e-16
03948.56 3.173e-16
03950.30 2.725e-16
03952.04 2.553e-16
03953.78 2.721e-16
03955.51 2.585e-16
03957.25 3.046e-16
03958.99 3.222e-16
03960.73 3.019e-16
03962.47 2.991e-16
03964.21 2.701e-16
03965.94 2.981e-16
03967.68 2.797e-16
03969.42 2.602e-16
03971.16 2.734e-16
03972.90 2.878e-16
03974.64 2.312e-16
03976.37 2.761e-16
03978.11 3.240e-16
03979.85 2.836e-16
03981.59 2.678e-16
03983.33 2.820e-16
03985.07 2.945e-16
03986.81 3.237e-16
03988.54 2.685e-16
03990.28 2.392e-16
03992.02 2.720e-16
03993.76 2.982e-16
03995.50 2.490e-16
03997.24 2.499e-16
03998.97 2.626e-16
04000.71 2.727e-16
04002.45 3.090e-16
04004.19 3.074e-16
04005.93 2.955e-16
04007.67 2.915e-16
04009.40 2.714e-16
04011.14 3.337e-16
04012.88 3.379e-16
04014.62 2.767e-16
04016.36 3.360e-16
04018.10 2.877e-16
04019.84 2.827e-16
04021.57 3.155e-16
04023.31 3.153e-16
04025.05 3.339e-16
04026.79 3.029e-16
04028.53 3.414e-16
04030.27 3.157e-16
04032.00 3.068e-16
04033.74 3.024e-16
04035.48 3.454e-16
04037.22 3.380e-16
04038.96 3.453e-16
04040.70 3.641e-16
04042.43 3.692e-16
04044.17 3.591e-16
04045.91 3.545e-16
04047.65 3.785e-16
04049.39 4.007e-16
04051.13 3.496e-16
04052.87 3.530e-16
04054.60 4.032e-16
04056.34 3.818e-16
04058.08 3.561e-16
04059.82 3.781e-16
04061.56 3.577e-16
04063.30 4.109e-16
04065.03 3.958e-16
04066.77 3.498e-16
04068.51 3.686e-16
04070.25 3.190e-16
04071.99 3.217e-16
04073.73 3.178e-16
04075.46 3.293e-16
04077.20 3.560e-16
04078.94 3.072e-16
04080.68 3.239e-16
04082.42 3.174e-16
04084.16 3.461e-16
04085.89 3.668e-16
04087.63 3.295e-16
04089.37 3.219e-16
04091.11 3.051e-16
04092.85 3.134e-16
04094.59 3.418e-16
04096.33 3.324e-16
04098.06 3.095e-16
04099.80 3.569e-16
04101.54 3.527e-16
04103.28 3.304e-16
04105.02 3.220e-16
04106.76 3.294e-16
04108.49 3.335e-16
04110.23 3.174e-16
04111.97 3.399e-16
04113.71 3.243e-16
04115.45 3.108e-16
04117.19 3.209e-16
04118.92 3.323e-16
04120.66 3.421e-16
04122.40 3.758e-16
04124.14 3.014e-16
04125.88 2.844e-16
04127.62 3.245e-16
04129.36 3.167e-16
04131.09 3.251e-16
04132.83 2.943e-16
04134.57 2.814e-16
04136.31 3.087e-16
04138.05 3.462e-16
04139.79 3.264e-16
04141.52 2.894e-16
04143.26 2.895e-16
04145.00 2.864e-16
04146.74 2.998e-16
04148.48 2.808e-16
04150.22 3.148e-16
04151.95 3.134e-16
04153.69 2.795e-16
04155.43 2.885e-16
04157.17 3.266e-16
04158.91 3.039e-16
04160.65 2.658e-16
04162.39 2.483e-16
04164.12 3.072e-16
04165.86 2.714e-16
04167.60 2.941e-16
04169.34 2.967e-16
04171.08 2.912e-16
04172.82 2.785e-16
04174.55 2.751e-16
04176.29 2.619e-16
04178.03 3.052e-16
04179.77 3.056e-16
04181.51 2.585e-16
04183.25 2.424e-16
04184.98 2.644e-16
04186.72 2.864e-16
04188.46 2.959e-16
04190.20 2.775e-16
04191.94 2.943e-16
04193.68 3.164e-16
04195.41 2.975e-16
04197.15 2.790e-16
04198.89 2.944e-16
04200.63 2.823e-16
04202.37 2.731e-16
04204.11 2.948e-16
04205.85 2.837e-16
04207.58 2.745e-16
04209.32 2.449e-16
04211.06 2.636e-16
04212.80 3.189e-16
04214.54 2.930e-16
04216.28 2.826e-16
04218.01 2.876e-16
04219.75 3.231e-16
04221.49 3.133e-16
04223.23 3.048e-16
04224.97 3.178e-16
04226.71 3.281e-16
04228.44 3.354e-16
04230.18 3.544e-16
04231.92 3.412e-16
04233.66 2.860e-16
04235.40 2.895e-16
04237.14 2.983e-16
04238.88 2.995e-16
04240.61 2.702e-16
04242.35 2.958e-16
04244.09 3.152e-16
04245.83 2.844e-16
04247.57 2.846e-16
04249.31 2.777e-16
04251.04 2.916e-16
04252.78 2.763e-16
04254.52 2.836e-16
04256.26 3.043e-16
04258.00 3.030e-16
04259.74 3.003e-16
04261.47 2.822e-16
04263.21 2.527e-16
04264.95 3.112e-16
04266.69 2.725e-16
04268.43 3.127e-16
04270.17 3.289e-16
04271.90 3.098e-16
04273.64 2.924e-16
04275.38 2.764e-16
04277.12 2.940e-16
04278.86 3.218e-16
04280.60 2.937e-16
04282.34 2.852e-16
04284.07 3.049e-16
04285.81 2.984e-16
04287.55 2.934e-16
04289.29 2.652e-16
04291.03 2.549e-16
04292.77 2.730e-16
04294.50 2.988e-16
04296.24 2.916e-16
04297.98 2.895e-16
04299.72 2.916e-16
04301.46 3.001e-16
04303.20 3.023e-16
04304.93 2.898e-16
04306.67 2.791e-16
04308.41 2.682e-16
04310.15 3.151e-16
04311.89 3.165e-16
04313.63 2.748e-16
04315.37 3.046e-16
04317.10 2.829e-16
04318.84 2.970e-16
04320.58 3.471e-16
04322.32 3.519e-16
04324.06 3.276e-16
04325.80 2.977e-16
04327.53 2.701e-16
04329.27 2.806e-16
04331.01 2.837e-16
04332.75 2.750e-16
04334.49 2.766e-16
04336.23 2.918e-16
04337.96 3.028e-16
04339.70 2.755e-16
04341.44 2.921e-16
04343.18 2.734e-16
04344.92 2.675e-16
04346.66 2.534e-16
04348.40 2.659e-16
04350.13 2.803e-16
04351.87 3.199e-16
04353.61 2.913e-16
04355.35 2.787e-16
04357.09 2.783e-16
04358.83 2.783e-16
04360.56 2.798e-16
04362.30 2.692e-16
04364.04 2.586e-16
04365.78 2.941e-16
04367.52 3.240e-16
04369.26 2.835e-16
04370.99 2.869e-16
04372.73 3.095e-16
04374.47 3.012e-16
04376.21 2.974e-16
04377.95 3.122e-16
04379.69 2.711e-16
04381.42 2.590e-16
04383.16 2.983e-16
04384.90 2.925e-16
04386.64 3.022e-16
04388.38 3.270e-16
04390.12 2.828e-16
04391.86 2.362e-16
04393.59 2.729e-16
04395.33 2.625e-16
04397.07 2.411e-16
04398.81 2.413e-16
04400.55 2.066e-16
04402.29 2.294e-16
04404.02 2.546e-16
04405.76 2.475e-16
04407.50 2.472e-16
04409.24 2.144e-16
04410.98 2.158e-16
04412.72 2.467e-16
04414.45 2.583e-16
04416.19 2.254e-16
04417.93 2.274e-16
04419.67 2.263e-16
04421.41 2.163e-16
04423.15 2.442e-16
04424.89 2.877e-16
04426.62 2.721e-16
04428.36 2.976e-16
04430.10 2.918e-16
04431.84 2.708e-16
04433.58 3.017e-16
04435.32 2.723e-16
04437.05 2.429e-16
04438.79 2.696e-16
04440.53 2.819e-16
04442.27 2.573e-16
04444.01 2.574e-16
04445.75 3.022e-16
04447.48 3.125e-16
04449.22 2.928e-16
04450.96 2.703e-16
04452.70 2.796e-16
04454.44 3.296e-16
04456.18 3.022e-16
04457.92 2.718e-16
04459.65 2.662e-16
04461.39 2.770e-16
04463.13 2.692e-16
04464.87 2.812e-16
04466.61 2.663e-16
04468.35 2.678e-16
04470.08 2.828e-16
04471.82 2.800e-16
04473.56 2.518e-16
04475.30 2.323e-16
04477.04 2.890e-16
04478.78 2.785e-16
04480.51 2.601e-16
04482.25 2.256e-16
04483.99 2.568e-16
04485.73 2.784e-16
04487.47 3.312e-16
04489.21 2.997e-16
04490.94 2.607e-16
04492.68 2.356e-16
04494.42 2.824e-16
04496.16 2.983e-16
04497.90 3.018e-16
04499.64 3.213e-16
04501.38 3.231e-16
04503.11 2.835e-16
04504.85 2.918e-16
04506.59 2.975e-16
04508.33 2.864e-16
04510.07 2.964e-16
04511.81 2.655e-16
04513.54 2.957e-16
04515.28 3.240e-16
04517.02 3.103e-16
04518.76 3.134e-16
04520.50 2.765e-16
04522.24 3.025e-16
04523.97 3.119e-16
04525.71 2.991e-16
04527.45 3.248e-16
04529.19 2.661e-16
04530.93 2.912e-16
04532.67 3.258e-16
04534.41 3.315e-16
04536.14 3.181e-16
04537.88 3.202e-16
04539.62 3.235e-16
04541.36 3.300e-16
04543.10 3.484e-16
04544.84 3.254e-16
04546.57 3.388e-16
04548.31 3.695e-16
04550.05 3.668e-16
04551.79 3.553e-16
04553.53 3.240e-16
04555.27 4.089e-16
04557.00 3.984e-16
04558.74 3.540e-16
04560.48 3.564e-16
04562.22 3.874e-16
04563.96 4.223e-16
04565.70 4.320e-16
04567.43 3.829e-16
04569.17 3.958e-16
04570.91 3.992e-16
04572.65 4.145e-16
04574.39 4.184e-16
04576.13 3.662e-16
04577.87 3.735e-16
04579.60 4.653e-16
04581.34 4.352e-16
04583.08 4.303e-16
04584.82 4.629e-16
04586.56 4.466e-16
04588.30 4.590e-16
04590.03 4.459e-16
04591.77 4.429e-16
04593.51 5.048e-16
04595.25 5.111e-16
04596.99 4.863e-16
04598.73 4.557e-16
04600.46 4.841e-16
04602.20 4.835e-16
04603.94 4.958e-16
04605.68 4.949e-16
04607.42 4.890e-16
04609.16 4.600e-16
04610.90 4.648e-16
04612.63 4.734e-16
04614.37 4.821e-16
04616.11 4.863e-16
04617.85 4.924e-16
04619.59 4.584e-16
04621.33 4.517e-16
04623.06 4.626e-16
04624.80 4.508e-16
04626.54 4.834e-16
04628.28 4.477e-16
04630.02 4.074e-16
04631.76 4.307e-16
04633.49 4.568e-16
04635.23 4.639e-16
04636.97 4.460e-16
04638.71 4.405e-16
04640.45 4.487e-16
04642.19 4.221e-16
04643.93 4.251e-16
04645.66 4.329e-16
04647.40 4.295e-16
04649.14 4.305e-16
04650.88 3.952e-16
04652.62 3.774e-16
04654.36 4.090e-16
04656.09 4.398e-16
04657.83 3.729e-16
04659.57 3.802e-16
04661.31 3.778e-16
04663.05 4.124e-16
04664.79 4.189e-16
04666.52 4.199e-16
04668.26 4.369e-16
04670.00 4.382e-16
04671.74 4.224e-16
04673.48 3.831e-16
04675.22 4.051e-16
04676.95 3.986e-16
04678.69 4.270e-16
04680.43 4.562e-16
04682.17 4.678e-16
04683.91 4.901e-16
04685.65 4.717e-16
04687.39 4.601e-16
04689.12 4.308e-16
04690.86 4.318e-16
04692.60 4.630e-16
04694.34 4.810e-16
04696.08 4.608e-16
04697.82 4.767e-16
04699.55 5.033e-16
04701.29 4.392e-16
04703.03 4.135e-16
04704.77 4.747e-16
04706.51 5.050e-16
04708.25 4.543e-16
04709.98 4.320e-16
04711.72 4.508e-16
04713.46 4.720e-16
04715.20 4.725e-16
04716.94 4.885e-16
04718.68 4.861e-16
04720.42 4.773e-16
04722.15 4.669e-16
04723.89 4.740e-16
04725.63 4.719e-16
04727.37 4.832e-16
04729.11 4.751e-16
04730.85 4.471e-16
04732.58 4.313e-16
04734.32 4.773e-16
04736.06 4.947e-16
04737.80 4.518e-16
04739.54 4.697e-16
04741.28 4.622e-16
04743.01 4.287e-16
04744.75 4.553e-16
04746.49 4.447e-16
04748.23 4.334e-16
04749.97 4.251e-16
04751.71 4.615e-16
04753.45 4.673e-16
04755.18 4.388e-16
04756.92 4.512e-16
04758.66 4.453e-16
04760.40 4.556e-16
04762.14 4.372e-16
04763.88 4.560e-16
04765.61 4.421e-16
04767.35 4.488e-16
04769.09 4.685e-16
04770.83 4.223e-16
04772.57 4.157e-16
04774.31 4.336e-16
04776.04 4.143e-16
04777.78 4.087e-16
04779.52 4.160e-16
04781.26 4.134e-16
04783.00 3.959e-16
04784.74 3.621e-16
04786.47 4.018e-16
04788.21 4.217e-16
04789.95 3.929e-16
04791.69 4.277e-16
04793.43 4.378e-16
04795.17 4.155e-16
04796.91 4.145e-16
04798.64 4.274e-16
04800.38 4.279e-16
04802.12 3.962e-16
04803.86 3.826e-16
04805.60 4.066e-16
04807.34 4.002e-16
04809.07 4.267e-16
04810.81 3.902e-16
04812.55 4.038e-16
04814.29 4.179e-16
04816.03 4.029e-16
04817.77 3.478e-16
04819.50 3.435e-16
04821.24 3.670e-16
04822.98 3.907e-16
04824.72 3.983e-16
04826.46 3.677e-16
04828.20 3.596e-16
04829.94 3.567e-16
04831.67 3.734e-16
04833.41 3.596e-16
04835.15 3.472e-16
04836.89 3.386e-16
04838.63 3.151e-16
04840.37 3.253e-16
04842.10 3.302e-16
04843.84 3.123e-16
04845.58 2.854e-16
04847.32 3.197e-16
04849.06 3.098e-16
04850.80 2.727e-16
04852.53 2.760e-16
04854.27 2.823e-16
04856.01 2.751e-16
04857.75 2.740e-16
04859.49 2.729e-16
04861.23 2.526e-16
04862.96 2.483e-16
04864.70 2.494e-16
04866.44 2.407e-16
04868.18 2.515e-16
04869.92 2.556e-16
04871.66 2.568e-16
04873.40 2.505e-16
04875.13 2.432e-16
04876.87 2.343e-16
04878.61 2.494e-16
04880.35 2.524e-16
04882.09 2.400e-16
04883.83 2.324e-16
04885.56 2.168e-16
04887.30 2.279e-16
04889.04 2.375e-16
04890.78 2.208e-16
04892.52 2.147e-16
04894.26 2.157e-16
04895.99 2.132e-16
04897.73 2.013e-16
04899.47 2.007e-16
04901.21 2.011e-16
04902.95 1.889e-16
04904.69 2.079e-16
04906.43 2.369e-16
04908.16 2.165e-16
04909.90 1.926e-16
04911.64 1.969e-16
04913.38 1.930e-16
04915.12 2.243e-16
04916.86 2.296e-16
04918.59 2.157e-16
04920.33 2.051e-16
04922.07 1.936e-16
04923.81 2.098e-16
04925.55 2.210e-16
04927.29 2.114e-16
04929.02 2.049e-16
04930.76 2.169e-16
04932.50 2.334e-16
04934.24 2.307e-16
04935.98 2.014e-16
04937.72 2.044e-16
04939.46 2.309e-16
04941.19 2.369e-16
04942.93 2.372e-16
04944.67 2.479e-16
04946.41 2.559e-16
04948.15 2.466e-16
04949.89 2.586e-16
04951.62 2.408e-16
04953.36 2.621e-16
04955.10 2.804e-16
04956.84 2.809e-16
04958.58 2.863e-16
04960.32 3.066e-16
04962.05 3.223e-16
04963.79 3.076e-16
04965.53 3.164e-16
04967.27 3.471e-16
04969.01 3.517e-16
04970.75 3.401e-16
04972.48 3.574e-16
04974.22 3.701e-16
04975.96 3.771e-16
04977.70 3.887e-16
04979.44 3.947e-16
04981.18 3.935e-16
04982.92 3.969e-16
04984.65 4.126e-16
04986.39 4.112e-16
04988.13 4.243e-16
04989.87 4.240e-16
04991.61 4.115e-16
04993.35 4.366e-16
04995.08 4.482e-16
04996.82 4.601e-16
04998.56 4.778e-16
05000.30 4.825e-16
05002.04 4.810e-16
05003.78 4.716e-16
05005.51 4.823e-16
05007.25 4.958e-16
05008.99 5.001e-16
05010.73 5.281e-16
05012.47 5.167e-16
05014.21 5.159e-16
05015.95 5.103e-16
05017.68 5.277e-16
05019.42 5.532e-16
05021.16 5.543e-16
05022.90 5.542e-16
05024.64 5.517e-16
05026.38 5.170e-16
05028.11 5.384e-16
05029.85 5.664e-16
05031.59 5.716e-16
05033.33 5.617e-16
05035.07 5.612e-16
05036.81 5.509e-16
05038.54 5.689e-16
05040.28 5.585e-16
05042.02 5.514e-16
05043.76 5.478e-16
05045.50 5.324e-16
05047.24 5.256e-16
05048.98 5.227e-16
05050.71 5.119e-16
05052.45 5.235e-16
05054.19 5.347e-16
05055.93 5.229e-16
05057.67 5.076e-16
05059.41 5.154e-16
05061.14 5.171e-16
05062.88 5.023e-16
05064.62 5.031e-16
05066.36 4.765e-16
05068.10 4.799e-16
05069.84 4.952e-16
05071.57 4.813e-16
05073.31 4.617e-16
05075.05 4.666e-16
05076.79 4.329e-16
05078.53 4.175e-16
05080.27 4.181e-16
05082.00 4.033e-16
05083.74 3.792e-16
05085.48 3.769e-16
05087.22 3.973e-16
05088.96 3.790e-16
05090.70 3.703e-16
05092.44 3.565e-16
05094.17 3.845e-16
05095.91 3.386e-16
05097.65 3.350e-16
05099.39 3.349e-16
05101.13 3.247e-16
05102.87 3.197e-16
05104.60 3.252e-16
05106.34 3.160e-16
05108.08 3.183e-16
05109.82 3.216e-16
05111.56 3.266e-16
05113.30 3.215e-16
05115.03 3.329e-16
05116.77 3.249e-16
05118.51 3.163e-16
05120.25 3.331e-16
05121.99 3.175e-16
05123.73 3.298e-16
05125.47 3.436e-16
05127.20 3.437e-16
05128.94 3.356e-16
05130.68 3.369e-16
05132.42 3.202e-16
05134.16 3.369e-16
05135.90 3.309e-16
05137.63 3.256e-16
05139.37 3.462e-16
05141.11 3.452e-16
05142.85 3.627e-16
05144.59 3.778e-16
05146.33 3.498e-16
05148.06 3.362e-16
05149.80 3.502e-16
05151.54 3.624e-16
05153.28 3.995e-16
05155.02 3.901e-16
05156.76 3.565e-16
05158.50 3.572e-16
05160.23 3.641e-16
05161.97 3.704e-16
05163.71 3.758e-16
05165.45 3.664e-16
05167.19 3.837e-16
05168.93 3.888e-16
05170.66 3.919e-16
05172.40 3.907e-16
05174.14 4.078e-16
05175.88 4.323e-16
05177.62 4.302e-16
05179.36 4.231e-16
05181.09 4.101e-16
05182.83 4.131e-16
05184.57 4.198e-16
05186.31 4.439e-16
05188.05 4.314e-16
05189.79 4.141e-16
05191.52 4.419e-16
05193.26 4.284e-16
05195.00 4.088e-16
05196.74 4.177e-16
05198.48 3.997e-16
05200.22 4.086e-16
05201.96 4.183e-16
05203.69 4.008e-16
05205.43 4.274e-16
05207.17 4.193e-16
05208.91 4.638e-16
05210.65 4.247e-16
05212.39 4.231e-16
05214.12 4.180e-16
05215.86 4.230e-16
05217.60 4.186e-16
05219.34 4.096e-16
05221.08 4.234e-16
05222.82 4.375e-16
05224.55 4.084e-16
05226.29 4.075e-16
05228.03 4.114e-16
05229.77 4.245e-16
05231.51 3.981e-16
05233.25 4.027e-16
05234.99 4.269e-16
05236.72 4.132e-16
05238.46 4.179e-16
05240.20 4.090e-16
05241.94 4.012e-16
05243.68 4.246e-16
05245.42 4.095e-16
05247.15 4.041e-16
05248.89 3.946e-16
05250.63 3.883e-16
05252.37 3.951e-16
05254.11 4.261e-16
05255.85 4.330e-16
05257.58 4.087e-16
05259.32 4.071e-16
05261.06 4.114e-16
05262.80 4.125e-16
05264.54 4.157e-16
05266.28 4.090e-16
05268.01 4.012e-16
05269.75 3.998e-16
05271.49 4.110e-16
05273.23 4.307e-16
05274.97 4.366e-16
05276.71 4.355e-16
05278.45 4.190e-16
05280.18 4.275e-16
05281.92 4.111e-16
05283.66 4.167e-16
05285.40 4.050e-16
05287.14 4.180e-16
05288.88 4.387e-16
05290.61 4.367e-16
05292.35 4.255e-16
05294.09 4.360e-16
05295.83 4.493e-16
05297.57 4.516e-16
05299.31 4.388e-16
05301.04 4.397e-16
05302.78 4.502e-16
05304.52 4.520e-16
05306.26 4.460e-16
05308.00 4.762e-16
05309.74 4.603e-16
05311.48 4.822e-16
05313.21 4.781e-16
05314.95 4.517e-16
05316.69 4.672e-16
05318.43 4.718e-16
05320.17 4.417e-16
05321.91 4.533e-16
05323.64 4.701e-16
05325.38 4.595e-16
05327.12 4.616e-16
05328.86 4.566e-16
05330.60 4.641e-16
05332.34 4.707e-16
05334.07 4.895e-16
05335.81 5.070e-16
05337.55 4.892e-16
05339.29 4.848e-16
05341.03 4.826e-16
05342.77 4.609e-16
05344.51 4.854e-16
05346.24 4.885e-16
05347.98 4.727e-16
05349.72 4.699e-16
05351.46 4.973e-16
05353.20 5.008e-16
05354.94 4.793e-16
05356.67 4.883e-16
05358.41 4.856e-16
05360.15 4.690e-16
05361.89 4.880e-16
05363.63 4.916e-16
05365.37 4.972e-16
05367.10 4.962e-16
05368.84 4.764e-16
05370.58 4.922e-16
05372.32 5.129e-16
05374.06 4.831e-16
05375.80 4.506e-16
05377.53 4.757e-16
05379.27 4.871e-16
05381.01 4.784e-16
05382.75 4.727e-16
05384.49 4.767e-16
05386.23 4.897e-16
05387.97 4.699e-16
05389.70 4.823e-16
05391.44 4.730e-16
05393.18 4.971e-16
05394.92 5.011e-16
05396.66 5.001e-16
05398.40 4.879e-16
05400.13 4.916e-16
05401.87 4.877e-16
05403.61 4.819e-16
05405.35 5.096e-16
05407.09 5.037e-16
05408.83 5.086e-16
05410.56 5.338e-16
05412.30 5.276e-16
05414.04 5.184e-16
05415.78 5.209e-16
05417.52 5.315e-16
05419.26 5.144e-16
05421.00 5.241e-16
05422.73 5.259e-16
05424.47 4.905e-16
05426.21 4.940e-16
05427.95 5.256e-16
05429.69 5.130e-16
05431.43 5.011e-16
05433.16 5.155e-16
05434.90 5.280e-16
05436.64 5.105e-16
05438.38 5.070e-16
05440.12 4.995e-16
05441.86 5.129e-16
05443.59 5.198e-16
05445.33 4.987e-16
05447.07 4.938e-16
05448.81 4.880e-16
05450.55 4.829e-16
05452.29 5.134e-16
05454.03 5.117e-16
05455.76 4.983e-16
05457.50 4.995e-16
05459.24 5.172e-16
05460.98 5.089e-16
05462.72 5.062e-16
05464.46 5.172e-16
05466.19 5.034e-16
05467.93 5.088e-16
05469.67 4.908e-16
05471.41 4.737e-16
05473.15 4.859e-16
05474.89 4.880e-16
05476.62 4.905e-16
05478.36 4.963e-16
05480.10 4.977e-16
05481.84 4.892e-16
05483.58 5.064e-16
05485.32 5.219e-16
05487.05 5.333e-16
05488.79 5.092e-16
05490.53 5.088e-16
05492.27 5.003e-16
05494.01 4.946e-16
05495.75 4.959e-16
05497.49 4.976e-16
05499.22 5.191e-16
05500.96 5.146e-16
05502.70 5.141e-16
05504.44 5.382e-16
05506.18 5.420e-16
05507.92 5.481e-16
05509.65 5.227e-16
05511.39 5.343e-16
05513.13 5.369e-16
05514.87 5.189e-16
05516.61 5.299e-16
05518.35 5.460e-16
05520.08 5.336e-16
05521.82 5.593e-16
05523.56 5.674e-16
05525.30 5.535e-16
05527.04 5.791e-16
05528.78 5.968e-16
05530.52 5.576e-16
05532.25 5.375e-16
05533.99 5.454e-16
05535.73 5.554e-16
05537.47 5.731e-16
05539.21 5.760e-16
05540.95 5.589e-16
05542.68 5.349e-16
05544.42 5.534e-16
05546.16 5.527e-16
05547.90 5.635e-16
05549.64 5.962e-16
05551.38 5.716e-16
05553.11 5.584e-16
05554.85 5.894e-16
05556.59 6.010e-16
05558.33 6.106e-16
05560.07 6.079e-16
05561.81 5.794e-16
05563.54 5.925e-16
05565.28 6.042e-16
05567.02 5.892e-16
05568.76 6.060e-16
05570.50 5.931e-16
05572.24 5.647e-16
05573.98 6.064e-16
05575.71 5.763e-16
05577.45 5.545e-16
05579.19 5.600e-16
05580.93 5.828e-16
05582.67 5.875e-16
05584.41 5.375e-16
05586.14 5.239e-16
05587.88 5.377e-16
05589.62 5.508e-16
05591.36 5.462e-16
05593.10 5.250e-16
05594.84 5.568e-16
05596.57 5.335e-16
05598.31 5.506e-16
05600.05 5.151e-16
05601.79 5.043e-16
05603.53 5.364e-16
05605.27 5.128e-16
05607.01 4.956e-16
05608.74 4.931e-16
05610.48 5.023e-16
05612.22 4.728e-16
05613.96 4.700e-16
05615.70 4.684e-16
05617.44 4.524e-16
05619.17 4.510e-16
05620.91 4.210e-16
05622.65 4.157e-16
05624.39 4.467e-16
05626.13 4.610e-16
05627.87 4.187e-16
05629.60 3.719e-16
05631.34 3.704e-16
05633.08 4.127e-16
05634.82 4.281e-16
05636.56 4.043e-16
05638.30 4.019e-16
05640.04 3.915e-16
05641.77 3.945e-16
05643.51 3.907e-16
05645.25 3.870e-16
05646.99 4.126e-16
05648.73 3.880e-16
05650.47 3.560e-16
05652.20 3.649e-16
05653.94 3.570e-16
05655.68 3.341e-16
05657.42 3.527e-16
05659.16 3.583e-16
05660.90 3.687e-16
05662.63 3.419e-16
05664.37 3.464e-16
05666.11 3.423e-16
05667.85 3.323e-16
05669.59 3.339e-16
05671.33 3.161e-16
05673.06 3.025e-16
05674.80 3.150e-16
05676.54 2.936e-16
05678.28 2.997e-16
05680.02 3.373e-16
05681.76 3.181e-16
05683.50 3.003e-16
05685.23 3.028e-16
05686.97 2.449e-16
05688.71 2.428e-16
05690.45 2.534e-16
05692.19 2.405e-16
05693.93 2.515e-16
05695.66 2.482e-16
05697.40 2.419e-16
05699.14 2.150e-16
05700.88 2.111e-16
05702.62 1.876e-16
05704.36 2.283e-16
05706.09 2.094e-16
05707.83 2.089e-16
05709.57 2.090e-16
05711.31 1.403e-16
05713.05 1.365e-16
05714.79 1.634e-16
05716.53 1.877e-16
05718.26 1.996e-16
05720.00 1.889e-16
05721.74 1.438e-16
05723.48 1.507e-16
05725.22 1.424e-16
05726.96 1.379e-16
05728.69 1.439e-16
05730.43 1.610e-16
05732.17 1.415e-16
05733.91 1.240e-16
05735.65 1.336e-16
05737.39 1.408e-16
05739.12 1.569e-16
05740.86 1.458e-16
05742.60 1.117e-16
05744.34 1.165e-16
05746.08 1.344e-16
05747.82 1.438e-16
05749.56 1.513e-16
05751.29 1.558e-16
05753.03 1.773e-16
05754.77 1.674e-16
05756.51 1.313e-16
05758.25 1.274e-16
05759.99 1.494e-16
05761.72 1.628e-16
05763.46 1.654e-16
05765.20 1.796e-16
05766.94 1.823e-16
05768.68 1.292e-16
05770.42 1.525e-16
05772.15 1.685e-16
05773.89 1.589e-16
05775.63 2.037e-16
05777.37 1.868e-16
05779.11 1.936e-16
05780.85 1.939e-16
05782.58 1.767e-16
05784.32 1.817e-16
05786.06 1.870e-16
05787.80 1.676e-16
05789.54 2.174e-16
05791.28 2.445e-16
05793.02 2.282e-16
05794.75 2.251e-16
05796.49 2.340e-16
05798.23 2.720e-16
05799.97 2.723e-16
05801.71 2.518e-16
05803.45 2.932e-16
05805.18 2.966e-16
05806.92 2.976e-16
05808.66 3.159e-16
05810.40 3.220e-16
05812.14 3.027e-16
05813.88 3.252e-16
05815.61 3.512e-16
05817.35 3.290e-16
05819.09 3.508e-16
05820.83 3.629e-16
05822.57 4.092e-16
05824.31 4.287e-16
05826.05 4.379e-16
05827.78 4.395e-16
05829.52 4.359e-16
05831.26 4.566e-16
05833.00 4.585e-16
05834.74 4.698e-16
05836.48 5.386e-16
05838.21 5.291e-16
05839.95 5.336e-16
05841.69 5.778e-16
05843.43 5.346e-16
05845.17 5.379e-16
05846.91 5.653e-16
05848.64 5.807e-16
05850.38 5.650e-16
05852.12 5.810e-16
05853.86 6.217e-16
05855.60 5.985e-16
05857.34 5.960e-16
05859.07 6.297e-16
05860.81 6.333e-16
05862.55 6.161e-16
05864.29 6.298e-16
05866.03 6.944e-16
05867.77 6.707e-16
05869.51 6.379e-16
05871.24 6.357e-16
05872.98 6.640e-16
05874.72 6.283e-16
05876.46 6.381e-16
05878.20 6.992e-16
05879.94 6.877e-16
05881.67 7.191e-16
05883.41 6.911e-16
05885.15 6.634e-16
05886.89 6.906e-16
05888.63 6.501e-16
05890.37 6.774e-16
05892.10 6.697e-16
05893.84 6.992e-16
05895.58 6.867e-16
05897.32 6.731e-16
05899.06 7.106e-16
05900.80 7.448e-16
05902.54 7.317e-16
05904.27 7.424e-16
05906.01 7.187e-16
05907.75 7.239e-16
05909.49 7.338e-16
05911.23 7.526e-16
05912.97 7.784e-16
05914.70 7.428e-16
05916.44 7.585e-16
05918.18 7.173e-16
05919.92 7.121e-16
05921.66 6.904e-16
05923.40 7.131e-16
05925.13 6.984e-16
05926.87 7.240e-16
05928.61 7.337e-16
05930.35 7.272e-16
05932.09 7.303e-16
05933.83 7.098e-16
05935.57 7.155e-16
05937.30 7.542e-16
05939.04 7.671e-16
05940.78 7.348e-16
05942.52 7.028e-16
05944.26 6.906e-16
05946.00 6.945e-16
05947.73 7.408e-16
05949.47 7.187e-16
05951.21 6.968e-16
05952.95 7.330e-16
05954.69 7.212e-16
05956.43 6.957e-16
05958.16 7.085e-16
05959.90 7.459e-16
05961.64 7.517e-16
05963.38 7.426e-16
05965.12 7.455e-16
05966.86 7.416e-16
05968.59 7.320e-16
05970.33 7.229e-16
05972.07 7.175e-16
05973.81 7.187e-16
05975.55 7.213e-16
05977.29 7.157e-16
05979.03 7.029e-16
05980.76 6.895e-16
05982.50 6.804e-16
05984.24 6.798e-16
05985.98 6.842e-16
05987.72 6.844e-16
05989.46 6.805e-16
05991.19 6.802e-16
05992.93 6.830e-16
05994.67 6.831e-16
05996.41 6.788e-16
05998.15 6.717e-16
05999.89 6.631e-16
06001.62 6.535e-16
06003.36 6.452e-16
06005.10 6.417e-16
06006.84 6.415e-16
06008.58 6.372e-16
06010.32 6.290e-16
06012.06 6.261e-16
06013.79 6.287e-16
06015.53 6.267e-16
06017.27 6.173e-16
06019.01 6.064e-16
06020.75 5.984e-16
06022.49 5.964e-16
06024.22 5.999e-16
06025.96 6.027e-16
06027.70 6.021e-16
06029.44 6.027e-16
06031.18 6.046e-16
06032.92 6.007e-16
06034.65 5.894e-16
06036.39 5.790e-16
06038.13 5.740e-16
06039.87 5.717e-16
06041.61 5.701e-16
06043.35 5.686e-16
06045.09 5.670e-16
06046.82 5.654e-16
06048.56 5.641e-16
06050.30 5.628e-16
06052.04 5.618e-16
06053.78 5.633e-16
06055.52 5.675e-16
06057.25 5.671e-16
06058.99 5.585e-16
06060.73 5.497e-16
06062.47 5.463e-16
06064.21 5.429e-16
06065.95 5.360e-16
06067.68 5.298e-16
06069.42 5.273e-16
06071.16 5.243e-16
06072.90 5.181e-16
06074.64 5.172e-16
06076.38 5.271e-16
06078.11 5.355e-16
06079.85 5.322e-16
06081.59 5.244e-16
06083.33 5.200e-16
06085.07 5.177e-16
06086.81 5.156e-16
06088.55 5.119e-16
06090.28 5.054e-16
06092.02 4.990e-16
06093.76 4.960e-16
06095.50 4.961e-16
06097.24 4.982e-16
06098.98 4.986e-16
06100.71 4.940e-16
06102.45 4.892e-16
06104.19 4.897e-16
06105.93 4.934e-16
06107.67 4.965e-16
06109.41 4.968e-16
06111.14 4.927e-16
06112.88 4.896e-16
06114.62 4.938e-16
06116.36 5.004e-16
06118.10 5.018e-16
06119.84 4.962e-16
06121.58 4.836e-16
06123.31 4.707e-16
06125.05 4.658e-16
06126.79 4.694e-16
06128.53 4.782e-16
06130.27 4.890e-16
06132.01 4.986e-16
06133.74 5.018e-16
06135.48 4.938e-16
06137.22 4.810e-16
06138.96 4.753e-16
06140.70 4.765e-16
06142.44 4.789e-16
06144.17 4.786e-16
06145.91 4.720e-16
06147.65 4.646e-16
06149.39 4.678e-16
06151.13 4.774e-16
06152.87 4.798e-16
06154.61 4.745e-16
06156.34 4.689e-16
06158.08 4.651e-16
06159.82 4.624e-16
06161.56 4.606e-16
06163.30 4.594e-16
06165.04 4.589e-16
06166.77 4.594e-16
06168.51 4.606e-16
06170.25 4.617e-16
06171.99 4.624e-16
06173.73 4.631e-16
06175.47 4.636e-16
06177.20 4.629e-16
06178.94 4.611e-16
06180.68 4.592e-16
06182.42 4.568e-16
06184.16 4.516e-16
06185.90 4.443e-16
06187.63 4.393e-16
06189.37 4.371e-16
06191.11 4.336e-16
06192.85 4.284e-16
06194.59 4.274e-16
06196.33 4.325e-16
06198.07 4.413e-16
06199.80 4.506e-16
06201.54 4.565e-16
06203.28 4.572e-16
06205.02 4.546e-16
06206.76 4.508e-16
06208.50 4.472e-16
06210.23 4.452e-16
06211.97 4.449e-16
06213.71 4.466e-16
06215.45 4.511e-16
06217.19 4.578e-16
06218.93 4.611e-16
06220.66 4.591e-16
06222.40 4.585e-16
06224.14 4.625e-16
06225.88 4.654e-16
06227.62 4.632e-16
06229.36 4.582e-16
06231.10 4.534e-16
06232.83 4.541e-16
06234.57 4.618e-16
06236.31 4.638e-16
06238.05 4.519e-16
06239.79 4.401e-16
06241.53 4.397e-16
06243.26 4.464e-16
06245.00 4.549e-16
06246.74 4.610e-16
06248.48 4.618e-16
06250.22 4.644e-16
06251.96 4.745e-16
06253.69 4.847e-16
06255.43 4.879e-16
06257.17 4.860e-16
06258.91 4.818e-16
06260.65 4.789e-16
06262.39 4.801e-16
06264.12 4.819e-16
06265.86 4.804e-16
06267.60 4.775e-16
06269.34 4.757e-16
06271.08 4.777e-16
06272.82 4.852e-16
06274.56 4.937e-16
06276.29 4.977e-16
06278.03 4.976e-16
06279.77 4.953e-16
06281.51 4.935e-16
06283.25 4.951e-16
06284.99 4.981e-16
06286.72 4.995e-16
06288.46 5.004e-16
06290.20 5.032e-16
06291.94 5.056e-16
06293.68 5.045e-16
06295.42 5.041e-16
06297.15 5.101e-16
06298.89 5.189e-16
06300.63 5.234e-16
06302.37 5.225e-16
06304.11 5.176e-16
06305.85 5.110e-16
06307.59 5.057e-16
06309.32 5.022e-16
06311.06 4.994e-16
06312.80 4.989e-16
06314.54 5.030e-16
06316.28 5.097e-16
06318.02 5.150e-16
06319.75 5.167e-16
06321.49 5.138e-16
06323.23 5.098e-16
06324.97 5.113e-16
06326.71 5.164e-16
06328.45 5.175e-16
06330.18 5.145e-16
06331.92 5.120e-16
06333.66 5.119e-16
06335.40 5.146e-16
06337.14 5.182e-16
06338.88 5.191e-16
06340.62 5.159e-16
06342.35 5.080e-16
06344.09 5.005e-16
06345.83 5.050e-16
06347.57 5.180e-16
06349.31 5.202e-16
06351.05 5.091e-16
06352.78 5.002e-16
06354.52 4.988e-16
06356.26 4.990e-16
06358.00 4.973e-16
06359.74 4.918e-16
06361.48 4.836e-16
06363.21 4.789e-16
06364.95 4.794e-16
06366.69 4.809e-16
06368.43 4.818e-16
06370.17 4.858e-16
06371.91 4.919e-16
06373.64 4.907e-16
06375.38 4.813e-16
06377.12 4.783e-16
06378.86 4.865e-16
06380.60 4.909e-16
06382.34 4.841e-16
06384.08 4.737e-16
06385.81 4.661e-16
06387.55 4.661e-16
06389.29 4.746e-16
06391.03 4.813e-16
06392.77 4.799e-16
06394.51 4.739e-16
06396.24 4.673e-16
06397.98 4.659e-16
06399.72 4.716e-16
06401.46 4.749e-16
06403.20 4.700e-16
06404.94 4.643e-16
06406.67 4.635e-16
06408.41 4.636e-16
06410.15 4.618e-16
06411.89 4.613e-16
06413.63 4.644e-16
06415.37 4.679e-16
06417.11 4.693e-16
06418.84 4.713e-16
06420.58 4.755e-16
06422.32 4.778e-16
06424.06 4.745e-16
06425.80 4.701e-16
06427.54 4.686e-16
06429.27 4.679e-16
06431.01 4.657e-16
06432.75 4.658e-16
06434.49 4.713e-16
06436.23 4.755e-16
06437.97 4.720e-16
06439.70 4.655e-16
06441.44 4.623e-16
06443.18 4.642e-16
06444.92 4.719e-16
06446.66 4.763e-16
06448.40 4.680e-16
06450.14 4.586e-16
06451.87 4.629e-16
06453.61 4.723e-16
06455.35 4.734e-16
06457.09 4.700e-16
06458.83 4.697e-16
06460.57 4.734e-16
06462.30 4.798e-16
06464.04 4.844e-16
06465.78 4.814e-16
06467.52 4.759e-16
06469.26 4.767e-16
06471.00 4.812e-16
06472.73 4.829e-16
06474.47 4.810e-16
06476.21 4.782e-16
06477.95 4.647e-16
06479.69 4.262e-16
06481.43 3.814e-16
06483.16 3.638e-16
06484.90 3.695e-16
06486.64 3.754e-16
06488.38 3.770e-16
06490.12 3.796e-16
06491.86 3.787e-16
06493.60 3.648e-16
06495.33 3.470e-16
06497.07 3.455e-16
06498.81 3.592e-16
06500.55 3.734e-16
06502.29 3.801e-16
06504.03 3.751e-16
06505.76 3.674e-16
06507.50 3.787e-16
06509.24 4.028e-16
06510.98 4.107e-16
06512.72 3.968e-16
06514.46 3.757e-16
06516.19 3.558e-16
06517.93 3.403e-16
06519.67 3.326e-16
06521.41 3.346e-16
06523.15 3.461e-16
06524.89 3.648e-16
06526.63 3.844e-16
06528.36 3.938e-16
06530.10 3.914e-16
06531.84 3.885e-16
06533.58 3.878e-16
06535.32 3.802e-16
06537.06 3.631e-16
06538.79 3.416e-16
06540.53 3.219e-16
06542.27 3.133e-16
06544.01 3.171e-16
06545.75 3.199e-16
06547.49 3.141e-16
06549.22 3.014e-16
06550.96 2.855e-16
06552.70 2.738e-16
06554.44 2.695e-16
06556.18 2.655e-16
06557.92 2.588e-16
06559.65 2.573e-16
06561.39 2.636e-16
06563.13 2.665e-16
06564.87 2.597e-16
06566.61 2.494e-16
06568.35 2.408e-16
06570.09 2.360e-16
06571.82 2.360e-16
06573.56 2.403e-16
06575.30 2.466e-16
06577.04 2.469e-16
06578.78 2.370e-16
06580.52 2.291e-16
06582.25 2.319e-16
06583.99 2.359e-16
06585.73 2.338e-16
06587.47 2.330e-16
06589.21 2.390e-16
06590.95 2.427e-16
06592.68 2.369e-16
06594.42 2.242e-16
06596.16 2.092e-16
06597.90 2.029e-16
06599.64 2.134e-16
06601.38 2.249e-16
06603.12 2.226e-16
06604.85 2.226e-16
06606.59 2.419e-16
06608.33 2.686e-16
06610.07 2.882e-16
06611.81 3.008e-16
06613.55 3.084e-16
06615.28 3.120e-16
06617.02 3.131e-16
06618.76 3.102e-16
06620.50 3.020e-16
06622.24 2.950e-16
06623.98 2.963e-16
06625.71 3.037e-16
06627.45 3.122e-16
06629.19 3.208e-16
06630.93 3.292e-16
06632.67 3.410e-16
06634.41 3.605e-16
06636.15 3.810e-16
06637.88 3.927e-16
06639.62 3.966e-16
06641.36 3.977e-16
06643.10 3.976e-16
06644.84 3.974e-16
06646.58 3.939e-16
06648.31 3.819e-16
06650.05 3.701e-16
06651.79 3.739e-16
06653.53 3.865e-16
06655.27 3.907e-16
06657.01 3.893e-16
06658.74 3.951e-16
06660.48 4.049e-16
06662.22 4.064e-16
06663.96 4.034e-16
06665.70 4.091e-16
06667.44 4.191e-16
06669.17 4.179e-16
06670.91 4.079e-16
06672.65 4.029e-16
06674.39 4.076e-16
06676.13 4.205e-16
06677.87 4.360e-16
06679.61 4.452e-16
06681.34 4.455e-16
06683.08 4.405e-16
06684.82 4.340e-16
06686.56 4.310e-16
06688.30 4.307e-16
06690.04 4.266e-16
06691.77 4.179e-16
06693.51 4.103e-16
06695.25 4.055e-16
06696.99 4.004e-16
06698.73 3.956e-16
06700.47 3.958e-16
06702.20 4.014e-16
06703.94 4.078e-16
06705.68 4.116e-16
06707.42 4.106e-16
06709.16 4.060e-16
06710.90 4.040e-16
06712.64 4.063e-16
06714.37 4.063e-16
06716.11 4.018e-16
06717.85 3.980e-16
06719.59 3.978e-16
06721.33 4.008e-16
06723.07 4.048e-16
06724.80 4.023e-16
06726.54 3.914e-16
06728.28 3.841e-16
06730.02 3.856e-16
06731.76 3.847e-16
06733.50 3.761e-16
06735.23 3.690e-16
06736.97 3.705e-16
06738.71 3.836e-16
06740.45 4.056e-16
06742.19 4.155e-16
06743.93 4.023e-16
06745.67 3.880e-16
06747.40 3.888e-16
06749.14 3.936e-16
06750.88 3.931e-16
06752.62 3.913e-16
06754.36 3.908e-16
06756.10 3.884e-16
06757.83 3.822e-16
06759.57 3.773e-16
06761.31 3.777e-16
06763.05 3.799e-16
06764.79 3.806e-16
06766.53 3.819e-16
06768.26 3.857e-16
06770.00 3.885e-16
06771.74 3.871e-16
06773.48 3.797e-16
06775.22 3.662e-16
06776.96 3.512e-16
06778.69 3.397e-16
06780.43 3.394e-16
06782.17 3.558e-16
06783.91 3.738e-16
06785.65 3.771e-16
06787.39 3.721e-16
06789.13 3.692e-16
06790.86 3.692e-16
06792.60 3.712e-16
06794.34 3.746e-16
06796.08 3.780e-16
06797.82 3.811e-16
06799.56 3.834e-16
06801.29 3.815e-16
06803.03 3.719e-16
06804.77 3.584e-16
06806.51 3.472e-16
06808.25 3.422e-16
06809.99 3.465e-16
06811.72 3.537e-16
06813.46 3.544e-16
06815.20 3.478e-16
06816.94 3.365e-16
06818.68 3.277e-16
06820.42 3.311e-16
06822.16 3.417e-16
06823.89 3.477e-16
06825.63 3.482e-16
06827.37 3.473e-16
06829.11 3.448e-16
06830.85 3.384e-16
06832.59 3.305e-16
06834.32 3.258e-16
06836.06 3.238e-16
06837.80 3.206e-16
06839.54 3.165e-16
06841.28 3.146e-16
06843.02 3.148e-16
06844.75 3.152e-16
06846.49 3.155e-16
06848.23 3.166e-16
06849.97 3.168e-16
06851.71 3.116e-16
06853.45 3.069e-16
06855.18 3.194e-16
06856.92 3.428e-16
06858.66 3.501e-16
06860.40 3.371e-16
06862.14 3.215e-16
06863.88 3.120e-16
06865.62 3.079e-16
06867.35 3.071e-16
06869.09 3.051e-16
06870.83 2.997e-16
06872.57 2.918e-16
06874.31 2.834e-16
06876.05 2.781e-16
06877.78 2.785e-16
06879.52 2.857e-16
06881.26 2.969e-16
06883.00 3.034e-16
06884.74 3.011e-16
06886.48 2.941e-16
06888.21 2.864e-16
06889.95 2.823e-16
06891.69 2.830e-16
06893.43 2.820e-16
06895.17 2.768e-16
06896.91 2.714e-16
06898.65 2.693e-16
06900.38 2.724e-16
06902.12 2.802e-16
06903.86 2.858e-16
06905.60 2.846e-16
06907.34 2.789e-16
06909.08 2.713e-16
06910.81 2.622e-16
06912.55 2.539e-16
06914.29 2.534e-16
06916.03 2.635e-16
06917.77 2.732e-16
06919.51 2.733e-16
06921.24 2.615e-16
06922.98 2.396e-16
06924.72 2.232e-16
06926.46 2.237e-16
06928.20 2.299e-16
06929.94 2.312e-16
06931.68 2.282e-16
06933.41 2.227e-16
06935.15 2.166e-16
06936.89 2.122e-16
06938.63 2.119e-16
06940.37 2.163e-16
06942.11 2.171e-16
06943.84 2.070e-16
06945.58 1.933e-16
06947.32 1.848e-16
06949.06 1.841e-16
06950.80 1.919e-16
06952.54 2.035e-16
06954.27 2.133e-16
06956.01 2.158e-16
06957.75 2.071e-16
06959.49 1.983e-16
06961.23 2.026e-16
06962.97 2.129e-16
06964.70 2.185e-16
06966.44 2.236e-16
06968.18 2.346e-16
06969.92 2.490e-16
06971.66 2.622e-16
06973.40 2.723e-16
06975.14 2.786e-16
06976.87 2.839e-16
06978.61 2.927e-16
06980.35 3.039e-16
06982.09 3.151e-16
06983.83 3.249e-16
06985.57 3.322e-16
06987.30 3.402e-16
06989.04 3.538e-16
06990.78 3.683e-16
06992.52 3.748e-16
06994.26 3.767e-16
06996.00 3.826e-16
06997.73 3.924e-16
06999.47 4.014e-16
07001.21 4.103e-16
07002.95 4.227e-16
07004.69 4.340e-16
07006.43 4.350e-16
07008.17 4.279e-16
07009.90 4.217e-16
07011.64 4.207e-16
07013.38 4.271e-16
07015.12 4.379e-16
07016.86 4.455e-16
07018.60 4.508e-16
07020.33 4.612e-16
07022.07 4.759e-16
07023.81 4.881e-16
07025.55 4.929e-16
07027.29 4.869e-16
07029.03 4.740e-16
07030.76 4.659e-16
07032.50 4.672e-16
07034.24 4.758e-16
07035.98 4.877e-16
07037.72 4.967e-16
07039.46 5.016e-16
07041.20 5.074e-16
07042.93 5.142e-16
07044.67 5.170e-16
07046.41 5.124e-16
07048.15 4.993e-16
07049.89 4.817e-16
07051.63 4.720e-16
07053.36 4.748e-16
07055.10 4.821e-16
07056.84 4.886e-16
07058.58 4.939e-16
07060.32 4.979e-16
07062.06 5.022e-16
07063.79 5.074e-16
07065.53 5.116e-16
07067.27 5.138e-16
07069.01 5.145e-16
07070.75 5.141e-16
07072.49 5.110e-16
07074.22 5.060e-16
07075.96 5.048e-16
07077.70 5.102e-16
07079.44 5.175e-16
07081.18 5.230e-16
07082.92 5.256e-16
07084.66 5.248e-16
07086.39 5.204e-16
07088.13 5.135e-16
07089.87 5.072e-16
07091.61 5.039e-16
07093.35 5.028e-16
07095.09 5.020e-16
07096.82 4.978e-16
07098.56 4.881e-16
07100.30 4.780e-16
07102.04 4.723e-16
07103.78 4.696e-16
07105.52 4.682e-16
07107.25 4.633e-16
07108.99 4.522e-16
07110.73 4.484e-16
07112.47 4.625e-16
07114.21 4.784e-16
07115.95 4.795e-16
07117.69 4.706e-16
07119.42 4.595e-16
07121.16 4.469e-16
07122.90 4.335e-16
07124.64 4.256e-16
07126.38 4.289e-16
07128.12 4.363e-16
07129.85 4.390e-16
07131.59 4.374e-16
07133.33 4.340e-16
07135.07 4.255e-16
07136.81 4.083e-16
07138.55 3.927e-16
07140.28 3.914e-16
07142.02 3.968e-16
07143.76 3.968e-16
07145.50 3.927e-16
07147.24 3.891e-16
07148.98 3.910e-16
07150.71 4.041e-16
07152.45 4.148e-16
07154.19 4.040e-16
07155.93 3.844e-16
07157.67 3.799e-16
07159.41 3.889e-16
07161.15 3.997e-16
07162.88 4.059e-16
07164.62 4.035e-16
07166.36 3.941e-16
07168.10 3.832e-16
07169.84 3.739e-16
07171.58 3.688e-16
07173.31 3.650e-16
07175.05 3.563e-16
07176.79 3.452e-16
07178.53 3.388e-16
07180.27 3.372e-16
07182.01 3.360e-16
07183.74 3.349e-16
07185.48 3.358e-16
07187.22 3.401e-16
07188.96 3.493e-16
07190.70 3.591e-16
07192.44 3.601e-16
07194.18 3.530e-16
07195.91 3.470e-16
07197.65 3.448e-16
07199.39 3.433e-16
07201.13 3.436e-16
07202.87 3.516e-16
07204.61 3.647e-16
07206.34 3.709e-16
07208.08 3.699e-16
07209.82 3.755e-16
07211.56 3.886e-16
07213.30 3.952e-16
07215.04 3.912e-16
07216.77 3.845e-16
07218.51 3.799e-16
07220.25 3.781e-16
07221.99 3.806e-16
07223.73 3.891e-16
07225.47 4.013e-16
07227.21 4.081e-16
07228.94 4.064e-16
07230.68 4.033e-16
07232.42 4.031e-16
07234.16 4.056e-16
07235.90 4.086e-16
07237.64 4.034e-16
07239.37 3.900e-16
07241.11 3.879e-16
07242.85 4.054e-16
07244.59 4.271e-16
07246.33 4.402e-16
07248.07 4.374e-16
07249.80 4.191e-16
07251.54 4.051e-16
07253.28 4.092e-16
07255.02 4.273e-16
07256.76 4.514e-16
07258.50 4.643e-16
07260.23 4.560e-16
07261.97 4.441e-16
07263.71 4.432e-16
07265.45 4.474e-16
07267.19 4.513e-16
07268.93 4.554e-16
07270.67 4.597e-16
07272.40 4.626e-16
07274.14 4.630e-16
07275.88 4.584e-16
07277.62 4.479e-16
07279.36 4.409e-16
07281.10 4.450e-16
07282.83 4.523e-16
07284.57 4.544e-16
07286.31 4.547e-16
07288.05 4.572e-16
07289.79 4.615e-16
07291.53 4.667e-16
07293.26 4.762e-16
07295.00 4.925e-16
07296.74 5.052e-16
07298.48 5.039e-16
07300.22 4.971e-16
07301.96 4.960e-16
07303.70 4.994e-16
07305.43 5.042e-16
07307.17 5.059e-16
07308.91 5.001e-16
07310.65 4.944e-16
07312.39 4.983e-16
07314.13 5.059e-16
07315.86 5.074e-16
07317.60 5.010e-16
07319.34 4.875e-16
07321.08 4.757e-16
07322.82 4.764e-16
07324.56 4.850e-16
07326.29 4.916e-16
07328.03 4.917e-16
07329.77 4.821e-16
07331.51 4.797e-16
07333.25 5.094e-16
07334.99 5.500e-16
07336.73 5.603e-16
07338.46 5.436e-16
07340.20 5.234e-16
07341.94 5.110e-16
07343.68 5.127e-16
07345.42 5.197e-16
07347.16 5.121e-16
07348.89 4.982e-16
07350.63 5.039e-16
07352.37 5.222e-16
07354.11 5.254e-16
07355.85 5.123e-16
07357.59 4.990e-16
07359.32 4.924e-16
07361.06 4.944e-16
07362.80 5.006e-16
07364.54 4.997e-16
07366.28 4.935e-16
07368.02 4.957e-16
07369.75 5.043e-16
07371.49 5.027e-16
07373.23 4.887e-16
07374.97 4.749e-16
07376.71 4.646e-16
07378.45 4.520e-16
07380.19 4.386e-16
07381.92 4.334e-16
07383.66 4.366e-16
07385.40 4.368e-16
07387.14 4.309e-16
07388.88 4.268e-16
07390.62 4.276e-16
07392.35 4.302e-16
07394.09 4.325e-16
07395.83 4.321e-16
07397.57 4.306e-16
07399.31 4.371e-16
07401.05 4.496e-16
07402.78 4.431e-16
07404.52 4.132e-16
07406.26 3.944e-16
07408.00 4.035e-16
07409.74 4.206e-16
07411.48 4.321e-16
07413.22 4.389e-16
07414.95 4.397e-16
07416.69 4.283e-16
07418.43 4.052e-16
07420.17 3.852e-16
07421.91 3.786e-16
07423.65 3.817e-16
07425.38 3.893e-16
07427.12 3.932e-16
07428.86 3.887e-16
07430.60 3.863e-16
07432.34 3.914e-16
07434.08 3.868e-16
07435.81 3.630e-16
07437.55 3.414e-16
07439.29 3.391e-16
07441.03 3.483e-16
07442.77 3.599e-16
07444.51 3.713e-16
07446.25 3.800e-16
07447.98 3.850e-16
07449.72 3.861e-16
07451.46 3.825e-16
07453.20 3.749e-16
07454.94 3.704e-16
07456.68 3.747e-16
07458.41 3.789e-16
07460.15 3.740e-16
07461.89 3.676e-16
07463.63 3.680e-16
07465.37 3.721e-16
07467.11 3.750e-16
07468.84 3.705e-16
07470.58 3.535e-16
07472.32 3.338e-16
07474.06 3.231e-16
07475.80 3.214e-16
07477.54 3.253e-16
07479.27 3.319e-16
07481.01 3.380e-16
07482.75 3.404e-16
07484.49 3.369e-16
07486.23 3.289e-16
07487.97 3.194e-16
07489.71 3.111e-16
07491.44 3.069e-16
07493.18 3.055e-16
07494.92 3.039e-16
07496.66 3.052e-16
07498.40 3.146e-16
07500.14 3.260e-16
07501.87 3.288e-16
07503.61 3.264e-16
07505.35 3.280e-16
07507.09 3.317e-16
07508.83 3.312e-16
07510.57 3.275e-16
07512.30 3.250e-16
07514.04 3.238e-16
07515.78 3.217e-16
07517.52 3.186e-16
07519.26 3.152e-16
07521.00 3.113e-16
07522.74 3.053e-16
07524.47 3.012e-16
07526.21 3.060e-16
07527.95 3.168e-16
07529.69 3.239e-16
07531.43 3.235e-16
07533.17 3.166e-16
07534.90 3.058e-16
07536.64 2.947e-16
07538.38 2.877e-16
07540.12 2.907e-16
07541.86 2.993e-16
07543.60 2.985e-16
07545.33 2.886e-16
07547.07 2.853e-16
07548.81 2.923e-16
07550.55 3.010e-16
07552.29 3.079e-16
07554.03 3.150e-16
07555.76 3.202e-16
07557.50 3.162e-16
07559.24 3.050e-16
07560.98 3.025e-16
07562.72 3.115e-16
07564.46 3.164e-16
07566.20 3.102e-16
07567.93 2.996e-16
07569.67 2.890e-16
07571.41 2.802e-16
07573.15 2.752e-16
07574.89 2.762e-16
07576.63 2.825e-16
07578.36 2.887e-16
07580.10 2.920e-16
07581.84 2.968e-16
07583.58 3.045e-16
07585.32 3.106e-16
07587.06 3.130e-16
07588.79 3.163e-16
07590.53 3.221e-16
07592.27 3.239e-16
07594.01 3.180e-16
07595.75 3.102e-16
07597.49 3.033e-16
07599.23 2.889e-16
07600.96 2.629e-16
07602.70 2.336e-16
07604.44 2.090e-16
07606.18 1.961e-16
07607.92 1.976e-16
07609.66 1.991e-16
07611.39 1.912e-16
07613.13 1.939e-16
07614.87 2.217e-16
07616.61 2.548e-16
07618.35 2.744e-16
07620.09 2.826e-16
07621.82 2.838e-16
07623.56 2.843e-16
07625.30 2.894e-16
07627.04 2.895e-16
07628.78 2.759e-16
07630.52 2.572e-16
07632.26 2.430e-16
07633.99 2.327e-16
07635.73 2.244e-16
07637.47 2.178e-16
07639.21 2.127e-16
07640.95 2.140e-16
07642.69 2.262e-16
07644.42 2.416e-16
07646.16 2.510e-16
07647.90 2.525e-16
07649.64 2.468e-16
07651.38 2.392e-16
07653.12 2.364e-16
07654.85 2.380e-16
07656.59 2.415e-16
07658.33 2.475e-16
07660.07 2.568e-16
07661.81 2.650e-16
07663.55 2.663e-16
07665.28 2.645e-16
07667.02 2.667e-16
07668.76 2.743e-16
07670.50 2.871e-16
07672.24 2.986e-16
07673.98 3.000e-16
07675.72 2.928e-16
07677.45 2.833e-16
07679.19 2.753e-16
07680.93 2.709e-16
07682.67 2.719e-16
07684.41 2.792e-16
07686.15 2.885e-16
07687.88 2.929e-16
07689.62 2.912e-16
07691.36 2.861e-16
07693.10 2.800e-16
07694.84 2.753e-16
07696.58 2.746e-16
07698.31 2.802e-16
07700.05 2.872e-16
07701.79 2.857e-16
07703.53 2.747e-16
07705.27 2.601e-16
07707.01 2.484e-16
07708.75 2.472e-16
07710.48 2.543e-16
07712.22 2.587e-16
07713.96 2.560e-16
07715.70 2.479e-16
07717.44 2.387e-16
07719.18 2.353e-16
07720.91 2.404e-16
07722.65 2.527e-16
07724.39 2.667e-16
07726.13 2.708e-16
07727.87 2.665e-16
07729.61 2.729e-16
07731.34 2.935e-16
07733.08 3.103e-16
07734.82 3.149e-16
07736.56 3.124e-16
07738.30 3.074e-16
07740.04 3.054e-16
07741.78 3.084e-16
07743.51 3.119e-16
07745.25 3.141e-16
07746.99 3.192e-16
07748.73 3.277e-16
07750.47 3.326e-16
07752.21 3.295e-16
07753.94 3.185e-16
07755.68 3.035e-16
07757.42 2.981e-16
07759.16 3.075e-16
07760.90 3.148e-16
07762.64 3.110e-16
07764.37 3.118e-16
07766.11 3.254e-16
07767.85 3.345e-16
07769.59 3.288e-16
07771.33 3.211e-16
07773.07 3.210e-16
07774.80 3.249e-16
07776.54 3.296e-16
07778.28 3.350e-16
07780.02 3.412e-16
07781.76 3.511e-16
07783.50 3.658e-16
07785.24 3.771e-16
07786.97 3.782e-16
07788.71 3.706e-16
07790.45 3.576e-16
07792.19 3.466e-16
07793.93 3.435e-16
07795.67 3.449e-16
07797.40 3.461e-16
07799.14 3.449e-16
07800.88 3.403e-16
07802.62 3.371e-16
07804.36 3.401e-16
07806.10 3.458e-16
07807.83 3.500e-16
07809.57 3.494e-16
07811.31 3.420e-16
07813.05 3.350e-16
07814.79 3.363e-16
07816.53 3.438e-16
07818.27 3.529e-16
07820.00 3.613e-16
07821.74 3.670e-16
07823.48 3.673e-16
07825.22 3.603e-16
07826.96 3.469e-16
07828.70 3.288e-16
07830.43 3.173e-16
07832.17 3.254e-16
07833.91 3.396e-16
07835.65 3.387e-16
07837.39 3.253e-16
07839.13 3.098e-16
07840.86 2.997e-16
07842.60 3.017e-16
07844.34 3.083e-16
07846.08 3.057e-16
07847.82 3.012e-16
07849.56 3.117e-16
07851.29 3.294e-16
07853.03 3.352e-16
07854.77 3.296e-16
07856.51 3.217e-16
07858.25 3.170e-16
07859.99 3.192e-16
07861.73 3.260e-16
07863.46 3.316e-16
07865.20 3.310e-16
07866.94 3.198e-16
07868.68 3.033e-16
07870.42 2.942e-16
07872.16 2.921e-16
07873.89 2.865e-16
07875.63 2.783e-16
07877.37 2.772e-16
07879.11 2.808e-16
07880.85 2.758e-16
07882.59 2.645e-16
07884.32 2.630e-16
07886.06 2.739e-16
07887.80 2.877e-16
07889.54 2.958e-16
07891.28 2.889e-16
07893.02 2.711e-16
07894.76 2.638e-16
07896.49 2.690e-16
07898.23 2.646e-16
07899.97 2.472e-16
07901.71 2.367e-16
07903.45 2.424e-16
07905.19 2.603e-16
07906.92 2.818e-16
07908.66 2.881e-16
07910.40 2.772e-16
07912.14 2.776e-16
07913.88 2.958e-16
07915.62 2.969e-16
07917.35 2.696e-16
07919.09 2.463e-16
07920.83 2.444e-16
07922.57 2.529e-16
07924.31 2.634e-16
07926.05 2.738e-16
07927.79 2.805e-16
07929.52 2.774e-16
07931.26 2.642e-16
07933.00 2.520e-16
07934.74 2.486e-16
07936.48 2.505e-16
07938.22 2.534e-16
07939.95 2.522e-16
07941.69 2.446e-16
07943.43 2.403e-16
07945.17 2.452e-16
07946.91 2.504e-16
07948.65 2.492e-16
07950.38 2.442e-16
07952.12 2.391e-16
07953.86 2.401e-16
07955.60 2.507e-16
07957.34 2.580e-16
07959.08 2.520e-16
07960.81 2.424e-16
07962.55 2.387e-16
07964.29 2.402e-16
07966.03 2.446e-16
07967.77 2.431e-16
07969.51 2.293e-16
07971.25 2.170e-16
07972.98 2.199e-16
07974.72 2.304e-16
07976.46 2.386e-16
07978.20 2.433e-16
07979.94 2.444e-16
07981.68 2.417e-16
07983.41 2.355e-16
07985.15 2.258e-16
07986.89 2.132e-16
07988.63 2.068e-16
07990.37 2.158e-16
07992.11 2.334e-16
07993.84 2.490e-16
07995.58 2.619e-16
07997.32 2.739e-16
07999.06 2.808e-16
08000.80 2.776e-16
08002.54 2.679e-16
08004.28 2.581e-16
08006.01 2.489e-16
08007.75 2.388e-16
08009.49 2.334e-16
08011.23 2.399e-16
08012.97 2.498e-16
08014.71 2.487e-16
08016.44 2.413e-16
08018.18 2.401e-16
08019.92 2.465e-16
08021.66 2.578e-16
08023.40 2.656e-16
08025.14 2.586e-16
08026.87 2.408e-16
08028.61 2.251e-16
08030.35 2.151e-16
08032.09 2.089e-16
08033.83 2.079e-16
08035.57 2.145e-16
08037.31 2.252e-16
08039.04 2.328e-16
08040.78 2.335e-16
08042.52 2.250e-16
08044.26 2.154e-16
08046.00 2.218e-16
08047.74 2.383e-16
08049.47 2.396e-16
08051.21 2.250e-16
08052.95 2.142e-16
08054.69 2.144e-16
08056.43 2.219e-16
08058.17 2.321e-16
08059.90 2.376e-16
08061.64 2.367e-16
08063.38 2.350e-16
08065.12 2.334e-16
08066.86 2.269e-16
08068.60 2.168e-16
08070.33 2.109e-16
08072.07 2.120e-16
08073.81 2.159e-16
08075.55 2.199e-16
08077.29 2.232e-16
08079.03 2.254e-16
08080.77 2.279e-16
08082.50 2.303e-16
08084.24 2.287e-16
08085.98 2.219e-16
08087.72 2.133e-16
08089.46 2.059e-16
08091.20 2.020e-16
08092.93 2.032e-16
08094.67 2.097e-16
08096.41 2.194e-16
08098.15 2.237e-16
08099.89 2.184e-16
08101.63 2.088e-16
08103.36 2.005e-16
08105.10 1.998e-16
08106.84 2.079e-16
08108.58 2.105e-16
08110.32 2.000e-16
08112.06 1.928e-16
08113.80 1.991e-16
08115.53 2.064e-16
08117.27 2.046e-16
08119.01 1.957e-16
08120.75 1.832e-16
08122.49 1.772e-16
08124.23 1.839e-16
08125.96 1.897e-16
08127.70 1.843e-16
08129.44 1.783e-16
08131.18 1.817e-16
08132.92 1.905e-16
08134.66 1.997e-16
08136.39 2.038e-16
08138.13 1.987e-16
08139.87 1.939e-16
08141.61 1.981e-16
08143.35 1.989e-16
08145.09 1.847e-16
08146.82 1.714e-16
08148.56 1.757e-16
08150.30 1.910e-16
08152.04 2.068e-16
08153.78 2.144e-16
08155.52 2.066e-16
08157.26 1.958e-16
08158.99 1.972e-16
08160.73 2.037e-16
08162.47 2.045e-16
08164.21 2.036e-16
08165.95 2.076e-16
08167.69 2.150e-16
08169.42 2.222e-16
08171.16 2.259e-16
08172.90 2.234e-16
08174.64 2.150e-16
08176.38 2.025e-16
08178.12 1.926e-16
08179.85 1.930e-16
08181.59 2.008e-16
08183.33 2.090e-16
08185.07 2.132e-16
08186.81 2.104e-16
08188.55 2.014e-16
08190.29 1.895e-16
08192.02 1.780e-16
08193.76 1.705e-16
08195.50 1.695e-16
08197.24 1.765e-16
08198.98 1.873e-16
08200.72 1.941e-16
08202.45 1.953e-16
08204.19 1.932e-16
08205.93 1.901e-16
08207.67 1.889e-16
08209.41 1.888e-16
08211.15 1.862e-16
08212.88 1.844e-16
08214.62 1.896e-16
08216.36 2.070e-16
08218.10 2.426e-16
08219.84 2.776e-16
08221.58 2.716e-16
08223.32 2.284e-16
08225.05 1.907e-16
08226.79 1.761e-16
08228.53 1.793e-16
08230.27 1.918e-16
08232.01 1.994e-16
08233.75 1.972e-16
08235.48 1.921e-16
08237.22 1.885e-16
08238.96 1.886e-16
08240.70 1.931e-16
08242.44 2.009e-16
08244.18 2.095e-16
08245.91 2.155e-16
08247.65 2.170e-16
08249.39 2.154e-16
08251.13 2.115e-16
08252.87 2.052e-16
08254.61 1.975e-16
08256.34 1.917e-16
08258.08 1.901e-16
08259.82 1.944e-16
08261.56 2.035e-16
08263.30 2.115e-16
08265.04 2.139e-16
08266.78 2.090e-16
08268.51 1.979e-16
08270.25 1.884e-16
08271.99 1.848e-16
08273.73 1.814e-16
08275.47 1.761e-16
08277.21 1.793e-16
08278.94 1.951e-16
08280.68 2.092e-16
08282.42 2.123e-16
08284.16 2.121e-16
08285.90 2.141e-16
08287.64 2.112e-16
08289.37 2.000e-16
08291.11 1.869e-16
08292.85 1.789e-16
08294.59 1.839e-16
08296.33 2.042e-16
08298.07 2.162e-16
08299.81 2.023e-16
08301.54 1.820e-16
08303.28 1.743e-16
08305.02 1.776e-16
08306.76 1.875e-16
08308.50 1.957e-16
08310.24 1.950e-16
08311.97 1.890e-16
08313.71 1.831e-16
08315.45 1.805e-16
08317.19 1.834e-16
08318.93 1.848e-16
08320.67 1.776e-16
08322.40 1.678e-16
08324.14 1.631e-16
08325.88 1.639e-16
08327.62 1.690e-16
08329.36 1.709e-16
08331.10 1.618e-16
08332.84 1.470e-16
08334.57 1.349e-16
08336.31 1.267e-16
08338.05 1.214e-16
08339.79 1.217e-16
08341.53 1.299e-16
08343.27 1.366e-16
08345.00 1.298e-16
08346.74 1.114e-16
08348.48 8.741e-17
08350.22 7.054e-17
08351.96 7.484e-17
08353.70 9.100e-17
08355.43 1.005e-16
08357.17 1.023e-16
08358.91 1.020e-16
08360.65 1.009e-16
08362.39 9.955e-17
08364.13 9.681e-17
08365.86 9.064e-17
08367.60 8.441e-17
08369.34 8.428e-17
08371.08 8.811e-17
08372.82 8.925e-17
08374.56 8.728e-17
08376.30 8.516e-17
08378.03 8.500e-17
08379.77 8.879e-17
08381.51 9.467e-17
08383.25 9.782e-17
08384.99 9.868e-17
08386.73 1.018e-16
08388.46 1.063e-16
08390.20 1.072e-16
08391.94 1.044e-16
08393.68 1.019e-16
08395.42 1.005e-16
08397.16 9.810e-17
08398.89 9.500e-17
08400.63 9.378e-17
08402.37 9.427e-17
08404.11 9.282e-17
08405.85 9.112e-17
08407.59 9.786e-17
08409.33 1.099e-16
08411.06 1.095e-16
08412.80 9.441e-17
08414.54 8.275e-17
08416.28 8.317e-17
08418.02 9.173e-17
08419.76 1.045e-16
08421.49 1.169e-16
08423.23 1.258e-16
08424.97 1.329e-16
08426.71 1.365e-16
08428.45 1.265e-16
08430.19 1.084e-16
08431.92 1.200e-16
08433.66 1.687e-16
08435.40 1.993e-16
08437.14 1.840e-16
08438.88 1.551e-16
08440.62 1.363e-16
08442.36 1.312e-16
08444.09 1.402e-16
08445.83 1.529e-16
08447.57 1.618e-16
08449.31 1.734e-16
08451.05 1.898e-16
08452.79 2.000e-16
08454.52 1.982e-16
08456.26 1.957e-16
08458.00 2.005e-16
08459.74 2.069e-16
08461.48 2.108e-16
08463.22 2.173e-16
08464.95 2.296e-16
08466.69 2.424e-16
08468.43 2.506e-16
08470.17 2.538e-16
08471.91 2.522e-16
08473.65 2.475e-16
08475.38 2.421e-16
08477.12 2.417e-16
08478.86 2.503e-16
08480.60 2.623e-16
08482.34 2.714e-16
08484.08 2.800e-16
08485.82 2.906e-16
08487.55 2.944e-16
08489.29 2.841e-16
08491.03 2.759e-16
08492.77 2.867e-16
08494.51 3.023e-16
08496.25 3.048e-16
08497.98 2.983e-16
08499.72 2.909e-16
08501.46 2.776e-16
08503.20 2.531e-16
08504.94 2.333e-16
08506.68 2.366e-16
08508.41 2.540e-16
08510.15 2.700e-16
08511.89 2.780e-16
08513.63 2.741e-16
08515.37 2.675e-16
08517.11 2.719e-16
08518.85 2.779e-16
08520.58 2.692e-16
08522.32 2.566e-16
08524.06 2.595e-16
08525.80 2.737e-16
08527.54 2.867e-16
08529.28 2.929e-16
08531.01 2.894e-16
08532.75 2.846e-16
08534.49 2.925e-16
08536.23 3.098e-16
08537.97 3.250e-16
08539.71 3.340e-16
08541.44 3.364e-16
08543.18 3.332e-16
08544.92 3.267e-16
08546.66 3.200e-16
08548.40 3.155e-16
08550.14 3.173e-16
08551.87 3.307e-16
08553.61 3.480e-16
08555.35 3.519e-16
08557.09 3.451e-16
08558.83 3.454e-16
08560.57 3.540e-16
08562.31 3.579e-16
08564.04 3.570e-16
08565.78 3.608e-16
08567.52 3.697e-16
08569.26 3.767e-16
08571.00 3.768e-16
08572.74 3.651e-16
08574.47 3.507e-16
08576.21 3.587e-16
08577.95 3.896e-16
08579.69 4.143e-16
08581.43 4.203e-16
08583.17 4.146e-16
08584.90 4.053e-16
08586.64 4.038e-16
08588.38 4.139e-16
08590.12 4.272e-16
08591.86 4.368e-16
08593.60 4.379e-16
08595.34 4.325e-16
08597.07 4.339e-16
08598.81 4.500e-16
08600.55 4.799e-16
08602.29 5.155e-16
08604.03 5.333e-16
08605.77 5.241e-16
08607.50 5.091e-16
08609.24 5.022e-16
08610.98 4.989e-16
08612.72 4.994e-16
08614.46 5.155e-16
08616.20 5.500e-16
08617.93 5.865e-16
08619.67 6.118e-16
08621.41 6.246e-16
08623.15 6.261e-16
08624.89 6.222e-16
08626.63 6.187e-16
08628.37 6.173e-16
08630.10 6.189e-16
08631.84 6.206e-16
08633.58 6.208e-16
08635.32 6.273e-16
08637.06 6.444e-16
08638.80 6.579e-16
08640.53 6.575e-16
08642.27 6.591e-16
08644.01 6.741e-16
08645.75 6.764e-16
08647.49 6.460e-16
08649.23 6.158e-16
08650.96 6.160e-16
08652.70 6.252e-16
08654.44 6.206e-16
08656.18 6.093e-16
08657.92 6.012e-16
08659.66 6.073e-16
08661.39 6.353e-16
08663.13 6.603e-16
08664.87 6.565e-16
08666.61 6.380e-16
08668.35 6.253e-16
08670.09 6.285e-16
08671.83 6.537e-16
08673.56 6.806e-16
08675.30 6.853e-16
08677.04 6.769e-16
08678.78 6.720e-16
08680.52 6.795e-16
08682.26 7.057e-16
08683.99 7.327e-16
08685.73 7.364e-16
08687.47 7.323e-16
08689.21 7.478e-16
08690.95 7.652e-16
08692.69 7.537e-16
08694.42 7.279e-16
08696.16 7.176e-16
08697.90 7.243e-16
08699.64 7.383e-16
08701.38 7.544e-16
08703.12 7.683e-16
08704.86 7.743e-16
08706.59 7.660e-16
08708.33 7.544e-16
08710.07 7.589e-16
08711.81 7.773e-16
08713.55 7.962e-16
08715.29 8.040e-16
08717.02 7.900e-16
08718.76 7.603e-16
08720.50 7.327e-16
08722.24 7.134e-16
08723.98 7.003e-16
08725.72 6.950e-16
08727.45 7.017e-16
08729.19 7.129e-16
08730.93 7.123e-16
08732.67 7.016e-16
08734.41 6.983e-16
08736.15 7.044e-16
08737.89 7.080e-16
08739.62 7.071e-16
08741.36 7.104e-16
08743.10 7.104e-16
08744.84 6.820e-16
08746.58 6.323e-16
08748.32 6.028e-16
08750.05 6.068e-16
08751.79 6.270e-16
08753.53 6.424e-16
08755.27 6.225e-16
08757.01 5.713e-16
08758.75 5.439e-16
08760.48 5.546e-16
08762.22 5.543e-16
08763.96 5.281e-16
08765.70 5.133e-16
08767.44 5.248e-16
08769.18 5.433e-16
08770.91 5.570e-16
08772.65 5.658e-16
08774.39 5.679e-16
08776.13 5.571e-16
08777.87 5.371e-16
08779.61 5.324e-16
08781.35 5.514e-16
08783.08 5.664e-16
08784.82 5.608e-16
08786.56 5.472e-16
08788.30 5.366e-16
08790.04 5.348e-16
08791.78 5.439e-16
08793.51 5.534e-16
08795.25 5.549e-16
08796.99 5.504e-16
08798.73 5.415e-16
08800.47 5.282e-16
08802.21 5.121e-16
08803.94 5.013e-16
08805.68 5.008e-16
08807.42 5.039e-16
08809.16 5.034e-16
08810.90 4.953e-16
08812.64 4.777e-16
08814.38 4.554e-16
08816.11 4.342e-16
08817.85 4.209e-16
08819.59 4.196e-16
08821.33 4.185e-16
08823.07 4.068e-16
08824.81 3.916e-16
08826.54 3.808e-16
08828.28 3.714e-16
08830.02 3.597e-16
08831.76 3.488e-16
08833.50 3.421e-16
08835.24 3.395e-16
08836.97 3.407e-16
08838.71 3.415e-16
08840.45 3.381e-16
08842.19 3.396e-16
08843.93 3.568e-16
08845.67 3.713e-16
08847.40 3.614e-16
08849.14 3.469e-16
08850.88 3.560e-16
08852.62 3.750e-16
08854.36 3.807e-16
08856.10 3.755e-16
08857.84 3.692e-16
08859.57 3.610e-16
08861.31 3.478e-16
08863.05 3.371e-16
08864.79 3.388e-16
08866.53 3.497e-16
08868.27 3.620e-16
08870.00 3.686e-16
08871.74 3.626e-16
08873.48 3.502e-16
08875.22 3.438e-16
08876.96 3.424e-16
08878.70 3.388e-16
08880.43 3.315e-16
08882.17 3.214e-16
08883.91 3.112e-16
08885.65 3.046e-16
08887.39 3.050e-16
08889.13 3.159e-16
08890.87 3.280e-16
08892.60 3.238e-16
08894.34 3.052e-16
08896.08 2.863e-16
08897.82 2.768e-16
08899.56 2.845e-16
08901.30 3.004e-16
08903.03 2.999e-16
08904.77 2.867e-16
08906.51 2.891e-16
08908.25 3.024e-16
08909.99 2.931e-16
08911.73 2.552e-16
08913.46 2.079e-16
08915.20 1.702e-16
08916.94 1.635e-16
08918.68 1.891e-16
08920.42 2.249e-16
08922.16 2.546e-16
08923.90 2.689e-16
08925.63 2.688e-16
08927.37 2.710e-16
08929.11 2.777e-16
08930.85 2.684e-16
08932.59 2.408e-16
08934.33 2.202e-16
08936.06 2.170e-16
08937.80 2.167e-16
08939.54 2.165e-16
08941.28 2.339e-16
08943.02 2.696e-16
08944.76 2.930e-16
08946.49 2.909e-16
08948.23 2.862e-16
08949.97 2.902e-16
08951.71 2.888e-16
08953.45 2.764e-16
08955.19 2.665e-16
08956.92 2.658e-16
08958.66 2.626e-16
08960.40 2.515e-16
08962.14 2.456e-16
08963.88 2.522e-16
08965.62 2.602e-16
08967.36 2.619e-16
08969.09 2.630e-16
08970.83 2.668e-16
08972.57 2.650e-16
08974.31 2.527e-16
08976.05 2.384e-16
08977.79 2.296e-16
08979.52 2.273e-16
08981.26 2.307e-16
08983.00 2.324e-16
08984.74 2.271e-16
08986.48 2.245e-16
08988.22 2.330e-16
08989.95 2.484e-16
08991.69 2.646e-16
08993.43 2.696e-16
08995.17 2.545e-16
08996.91 2.320e-16
08998.65 2.167e-16
09000.39 2.140e-16
09002.12 2.256e-16
09003.86 2.356e-16
09005.60 2.278e-16
09007.34 2.094e-16
09009.08 1.917e-16
09010.82 1.870e-16
09012.55 2.052e-16
09014.29 2.293e-16
09016.03 2.380e-16
09017.77 2.350e-16
09019.51 2.299e-16
09021.25 2.261e-16
09022.98 2.256e-16
09024.72 2.251e-16
09026.46 2.191e-16
09028.20 2.156e-16
09029.94 2.262e-16
09031.68 2.406e-16
09033.42 2.424e-16
09035.15 2.373e-16
09036.89 2.386e-16
09038.63 2.439e-16
09040.37 2.457e-16
09042.11 2.433e-16
09043.85 2.385e-16
09045.58 2.329e-16
09047.32 2.281e-16
09049.06 2.240e-16
09050.80 2.191e-16
09052.54 2.157e-16
09054.28 2.182e-16
09056.01 2.221e-16
09057.75 2.174e-16
09059.49 2.102e-16
09061.23 2.164e-16
09062.97 2.303e-16
09064.71 2.321e-16
09066.44 2.223e-16
09068.18 2.146e-16
09069.92 2.132e-16
09071.66 2.163e-16
09073.40 2.190e-16
09075.14 2.128e-16
09076.88 2.024e-16
09078.61 2.041e-16
09080.35 2.181e-16
09082.09 2.296e-16
09083.83 2.340e-16
09085.57 2.377e-16
09087.31 2.393e-16
09089.04 2.299e-16
09090.78 2.118e-16
09092.52 2.000e-16
09094.26 1.992e-16
09096.00 2.018e-16
09097.74 2.048e-16
09099.47 2.112e-16
09101.21 2.189e-16
09102.95 2.187e-16
09104.69 2.103e-16
09106.43 2.075e-16
09108.17 2.158e-16
09109.91 2.277e-16
09111.64 2.373e-16
09113.38 2.415e-16
09115.12 2.393e-16
09116.86 2.338e-16
09118.60 2.292e-16
09120.34 2.334e-16
09122.07 2.468e-16
09123.81 2.531e-16
09125.55 2.451e-16
09127.29 2.396e-16
09129.03 2.461e-16
09130.77 2.533e-16
09132.50 2.537e-16
09134.24 2.500e-16
09135.98 2.442e-16
09137.72 2.358e-16
09139.46 2.257e-16
09141.20 2.187e-16
09142.93 2.180e-16
09144.67 2.211e-16
09146.41 2.252e-16
09148.15 2.281e-16
09149.89 2.280e-16
09151.63 2.253e-16
09153.37 2.207e-16
09155.10 2.173e-16
09156.84 2.165e-16
09158.58 2.094e-16
09160.32 1.903e-16
09162.06 1.796e-16
09163.80 1.941e-16
09165.53 2.156e-16
09167.27 2.247e-16
09169.01 2.179e-16
09170.75 1.967e-16
09172.49 1.802e-16
09174.23 1.866e-16
09175.96 1.997e-16
09177.70 1.995e-16
09179.44 1.978e-16
09181.18 2.094e-16
09182.92 2.264e-16
09184.66 2.376e-16
09186.40 2.372e-16
09188.13 2.222e-16
09189.87 2.033e-16
09191.61 1.943e-16
09193.35 1.972e-16
09195.09 2.105e-16
09196.83 2.249e-16
09198.56 2.294e-16
09200.30 2.276e-16
09202.04 2.282e-16
09203.78 2.303e-16
09205.52 2.308e-16
09207.26 2.304e-16
09208.99 2.310e-16
09210.73 2.337e-16
09212.47 2.394e-16
09214.21 2.460e-16
09215.95 2.504e-16
09217.69 2.501e-16
09219.43 2.431e-16
09221.16 2.335e-16
09222.90 2.284e-16
09224.64 2.298e-16
09226.38 2.368e-16
09228.12 2.463e-16
09229.86 2.539e-16
09231.59 2.578e-16
09233.33 2.576e-16
09235.07 2.568e-16
09236.81 2.621e-16
09238.55 2.719e-16
09240.29 2.788e-16
09242.02 2.800e-16
09243.76 2.758e-16
09245.50 2.695e-16
09247.24 2.681e-16
09248.98 2.694e-16
09250.72 2.638e-16
09252.45 2.512e-16
09254.19 2.406e-16
09255.93 2.381e-16
09257.67 2.503e-16
09259.41 2.668e-16
09261.15 2.565e-16
09262.89 2.239e-16
09264.62 2.146e-16
09266.36 2.441e-16
09268.10 2.927e-16
09269.84 3.375e-16
09271.58 3.497e-16
09273.32 3.237e-16
09275.05 2.908e-16
09276.79 2.693e-16
09278.53 2.539e-16
09280.27 2.484e-16
09282.01 2.708e-16
09283.75 3.204e-16
09285.48 3.659e-16
09287.22 3.869e-16
09288.96 3.843e-16
09290.70 3.646e-16
09292.44 3.451e-16
09294.18 3.394e-16
09295.92 3.525e-16
09297.65 3.790e-16
09299.39 3.846e-16
09301.13 3.593e-16
09302.87 3.642e-16
09304.61 4.315e-16
09306.35 5.120e-16
09308.08 5.621e-16
09309.82 5.602e-16
09311.56 5.015e-16
09313.30 4.297e-16
09315.04 3.835e-16
09316.78 3.685e-16
09318.51 3.803e-16
09320.25 3.813e-16
09321.99 3.461e-16
09323.73 3.239e-16
09325.47 3.514e-16
09327.21 3.754e-16
09328.95 3.519e-16
09330.68 3.217e-16
09332.42 3.238e-16
09334.16 3.488e-16
09335.90 3.809e-16
09337.64 3.901e-16
09339.38 3.534e-16
09341.11 3.093e-16
09342.85 2.988e-16
09344.59 3.160e-16
09346.33 3.456e-16
09348.07 3.637e-16
09349.81 3.479e-16
09351.54 3.083e-16
09353.28 2.626e-16
09355.02 2.248e-16
09356.76 2.061e-16
09358.50 2.102e-16
09360.24 2.364e-16
09361.97 2.568e-16
09363.71 2.409e-16
09365.45 2.208e-16
09367.19 2.413e-16
09368.93 3.093e-16
09370.67 4.185e-16
09372.41 5.082e-16
09374.14 5.032e-16
09375.88 4.454e-16
09377.62 4.188e-16
09379.36 4.006e-16
09381.10 3.311e-16
09382.84 2.480e-16
09384.57 2.234e-16
09386.31 2.475e-16
09388.05 2.760e-16
09389.79 2.966e-16
09391.53 3.105e-16
09393.27 3.199e-16
09395.00 3.299e-16
09396.74 3.407e-16
09398.48 3.492e-16
09400.22 3.526e-16
09401.96 3.489e-16
09403.70 3.368e-16
09405.44 3.156e-16
09407.17 2.933e-16
09408.91 2.836e-16
09410.65 2.862e-16
09412.39 2.906e-16
09414.13 2.940e-16
09415.87 3.002e-16
09417.60 3.090e-16
09419.34 3.169e-16
09421.08 3.265e-16
09422.82 3.472e-16
09424.56 3.701e-16
09426.30 3.685e-16
09428.03 3.387e-16
09429.77 2.973e-16
09431.51 2.651e-16
09433.25 2.717e-16
09434.99 3.018e-16
09436.73 2.805e-16
09438.46 2.015e-16
09440.20 1.494e-16
09441.94 1.525e-16
09443.68 1.609e-16
09445.42 1.591e-16
09447.16 1.806e-16
09448.90 2.329e-16
09450.63 2.890e-16
09452.37 3.274e-16
09454.11 3.271e-16
09455.85 3.013e-16
09457.59 3.352e-16
09459.33 4.474e-16
09461.06 5.191e-16
09462.80 4.908e-16
09464.54 4.308e-16
09466.28 3.874e-16
09468.02 3.608e-16
09469.76 3.508e-16
09471.49 3.503e-16
09473.23 3.519e-16
09474.97 3.546e-16
09476.71 3.554e-16
09478.45 3.409e-16
09480.19 3.093e-16
09481.93 2.981e-16
09483.66 3.280e-16
09485.40 3.580e-16
09487.14 3.570e-16
09488.88 3.425e-16
09490.62 3.315e-16
09492.36 3.308e-16
09494.09 3.414e-16
09495.83 3.356e-16
09497.57 2.940e-16
09499.31 2.502e-16
09501.05 2.354e-16
09502.79 2.430e-16
09504.52 2.616e-16
09506.26 2.840e-16
09508.00 3.022e-16
09509.74 3.000e-16
09511.48 2.674e-16
09513.22 2.403e-16
09514.96 2.532e-16
09516.69 2.690e-16
09518.43 2.464e-16
09520.17 2.167e-16
09521.91 2.178e-16
09523.65 2.337e-16
09525.39 2.405e-16
09527.12 2.430e-16
09528.86 2.506e-16
09530.60 2.531e-16
09532.34 2.379e-16
09534.08 2.306e-16
09535.82 2.617e-16
09537.55 3.041e-16
09539.29 3.169e-16
09541.03 2.949e-16
09542.77 2.445e-16
09544.51 1.951e-16
09546.25 1.835e-16
09547.98 1.999e-16
09549.72 2.160e-16
09551.46 2.361e-16
09553.20 2.756e-16
09554.94 3.114e-16
09556.68 3.082e-16
09558.42 2.725e-16
09560.15 2.291e-16
09561.89 2.046e-16
09563.63 2.255e-16
09565.37 2.777e-16
09567.11 3.265e-16
09568.85 3.410e-16
09570.58 2.915e-16
09572.32 2.135e-16
09574.06 1.843e-16
09575.80 2.037e-16
09577.54 2.210e-16
09579.28 2.237e-16
09581.01 2.230e-16
09582.75 2.225e-16
09584.49 2.226e-16
09586.23 2.239e-16
09587.97 2.263e-16
09589.71 2.258e-16
09591.45 2.145e-16
09593.18 1.970e-16
09594.92 1.895e-16
09596.66 1.947e-16
09598.40 2.020e-16
09600.14 2.060e-16
09601.88 2.065e-16
09603.61 2.032e-16
09605.35 1.964e-16
09607.09 1.869e-16
09608.83 1.744e-16
09610.57 1.636e-16
09612.31 1.648e-16
09614.04 1.800e-16
09615.78 1.989e-16
09617.52 2.140e-16
09619.26 2.229e-16
09621.00 2.231e-16
09622.74 2.122e-16
09624.48 1.944e-16
09626.21 1.850e-16
09627.95 1.915e-16
09629.69 2.087e-16
09631.43 2.277e-16
09633.17 2.326e-16
09634.91 2.173e-16
09636.64 1.988e-16
09638.38 1.878e-16
09640.12 1.798e-16
09641.86 1.714e-16
09643.60 1.605e-16
09645.34 1.479e-16
09647.07 1.470e-16
09648.81 1.618e-16
09650.55 1.652e-16
09652.29 1.453e-16
09654.03 1.457e-16
09655.77 1.928e-16
09657.50 2.489e-16
09659.24 2.799e-16
09660.98 2.743e-16
09662.72 2.322e-16
09664.46 1.959e-16
09666.20 1.977e-16
09667.94 2.051e-16
09669.67 1.883e-16
09671.41 1.613e-16
09673.15 1.403e-16
09674.89 1.364e-16
09676.63 1.558e-16
09678.37 1.746e-16
09680.10 1.704e-16
09681.84 1.575e-16
09683.58 1.532e-16
09685.32 1.590e-16
09687.06 1.731e-16
09688.80 1.832e-16
09690.53 1.773e-16
09692.27 1.629e-16
09694.01 1.514e-16
09695.75 1.426e-16
09697.49 1.345e-16
09699.23 1.332e-16
09700.97 1.445e-16
09702.70 1.616e-16
09704.44 1.751e-16
09706.18 1.838e-16
09707.92 1.882e-16
09709.66 1.918e-16
09711.40 1.992e-16
09713.13 1.956e-16
09714.87 1.615e-16
09716.61 1.202e-16
09718.35 1.089e-16
09720.09 1.081e-16
09721.83 7.856e-17
09723.56 4.412e-17
09725.30 5.129e-17
09727.04 8.521e-17
09728.78 1.060e-16
09730.52 1.104e-16
09732.26 1.118e-16
09734.00 1.062e-16
09735.73 8.085e-17
09737.47 5.759e-17
09739.21 7.528e-17
09740.95 1.188e-16
09742.69 1.434e-16
09744.43 1.381e-16
09746.16 1.110e-16
09747.90 8.259e-17
09749.64 8.422e-17
09751.38 1.081e-16
09753.12 1.171e-16
09754.86 1.086e-16
09756.59 1.061e-16
09758.33 1.141e-16
09760.07 1.236e-16
09761.81 1.294e-16
09763.55 1.274e-16
09765.29 1.200e-16
09767.02 1.159e-16
09768.76 1.177e-16
09770.50 1.226e-16
09772.24 1.271e-16
09773.98 1.251e-16
09775.72 1.203e-16
09777.46 1.291e-16
09779.19 1.514e-16
09780.93 1.653e-16
09782.67 1.665e-16
09784.41 1.767e-16
09786.15 1.927e-16
09787.89 1.745e-16
09789.62 1.139e-16
09791.36 4.900e-17
09793.10 5.293e-18
09794.84 -1.250e-17
09796.58 -3.999e-18
09798.32 2.197e-17
09800.05 5.640e-17
09801.79 9.571e-17
09803.53 1.307e-16
09805.27 1.401e-16
09807.01 1.172e-16
09808.75 8.484e-17
09810.49 6.085e-17
09812.22 4.591e-17
09813.96 4.101e-17
09815.70 5.023e-17
09817.44 7.068e-17
09819.18 8.262e-17
09820.92 7.445e-17
09822.65 6.024e-17
09824.39 5.251e-17
09826.13 5.293e-17
09827.87 6.219e-17
09829.61 8.041e-17
09831.35 1.043e-16
09833.08 1.215e-16
09834.82 1.225e-16
09836.56 1.117e-16
09838.30 9.565e-17
09840.04 7.736e-17
09841.78 6.160e-17
09843.51 7.122e-17
09845.25 1.181e-16
09846.99 1.391e-16
09848.73 8.284e-17
09850.47 2.362e-17
09852.21 3.475e-17
09853.95 7.246e-17
09855.68 8.462e-17
09857.42 7.987e-17
09859.16 7.387e-17
09860.90 7.400e-17
09862.64 8.586e-17
09864.38 1.016e-16
09866.11 1.106e-16
09867.85 1.070e-16
09869.59 8.750e-17
09871.33 5.782e-17
09873.07 2.602e-17
09874.81 1.528e-17
09876.54 4.825e-17
09878.28 9.180e-17
09880.02 1.002e-16
09881.76 8.360e-17
09883.50 6.810e-17
09885.24 6.003e-17
09886.98 6.048e-17
09888.71 6.570e-17
09890.45 6.880e-17
09892.19 7.423e-17
09893.93 9.042e-17
09895.67 1.068e-16
09897.41 1.066e-16
09899.14 9.162e-17
09900.88 7.141e-17
09902.62 6.094e-17
09904.36 7.962e-17
09906.10 1.110e-16
09907.84 1.145e-16
09909.57 1.280e-16
09911.31 2.369e-16
09913.05 3.561e-16
09914.79 3.018e-16
09916.53 1.181e-16
09918.27 -1.034e-17
09920.01 -4.065e-17
09921.74 -2.084e-17
09923.48 2.103e-17
09925.22 6.234e-17
09926.96 9.256e-17
09928.70 1.165e-16
09930.44 1.283e-16
09932.17 1.131e-16
09933.91 7.816e-17
09935.65 5.362e-17
09937.39 3.320e-17
09939.13 -2.837e-17
09940.87 -1.036e-16
09942.60 -9.722e-17
09944.34 3.178e-17
09946.08 2.807e-16
09947.82 5.435e-16
09949.56 5.780e-16
09951.30 3.685e-16
09953.03 1.948e-16
09954.77 1.802e-16
09956.51 2.391e-16
09958.25 2.963e-16
09959.99 2.737e-16
09961.73 1.567e-16
09963.47 4.429e-17
09965.20 -7.819e-19
09966.94 2.560e-17
09968.68 9.478e-17
09970.42 1.078e-16
09972.16 3.269e-17
09973.90 -2.035e-17
09975.63 4.954e-18
09977.37 4.521e-17
09979.11 6.226e-17
09980.85 7.764e-17
09982.59 9.766e-17
09984.33 9.143e-17
09986.06 5.096e-17
09987.80 2.587e-17
09989.54 4.718e-17
09991.28 9.243e-17
09993.02 1.355e-16
09994.76 1.464e-16
09996.50 1.078e-16
09998.23 4.362e-17
09999.97 -1.888e-17
10001.71 -4.974e-17
10003.45 -3.637e-17
10005.19 -4.194e-17
10006.93 -1.097e-16
10008.66 -1.769e-16
10010.40 -1.842e-16
10012.14 -9.908e-17
10013.88 7.711e-17
10015.62 1.516e-16
10017.36 -1.954e-17
10019.09 -1.482e-16
10020.83 2.169e-17
10022.57 1.895e-16
10024.31 5.740e-17
10026.05 -1.724e-16
10027.79 -2.609e-16
10029.53 -1.933e-16
10031.26 -1.998e-18
10033.00 1.529e-16
10034.74 1.105e-16
10036.48 -2.924e-18
10038.22 -1.743e-17
10039.96 2.035e-18
10041.69 -4.466e-17
10043.43 -8.923e-17
10045.17 -4.104e-17
10046.91 6.825e-17
10048.65 1.780e-16
10050.39 2.299e-16
10052.12 1.741e-16
10053.86 5.466e-17
10055.60 -5.448e-17
10057.34 -1.015e-16
10059.08 -4.564e-17
10060.82 4.900e-17
10062.55 7.924e-17
10064.29 7.652e-17
10066.03 1.237e-16
10067.77 1.844e-16
10069.51 1.786e-16
10071.25 1.337e-16
10072.99 1.210e-16
10074.72 1.501e-16
10076.46 1.989e-16
10078.20 2.591e-16
10079.94 3.349e-16
10081.68 3.522e-16
10083.42 1.876e-16
10085.15 -3.454e-17
10086.89 -3.757e-17
10088.63 1.196e-16
10090.37 1.645e-16
10092.11 6.847e-17
10093.85 -3.665e-17
10095.58 -9.851e-17
10097.32 -1.188e-16
10099.06 -7.333e-17
10100.80 8.597e-17
10102.54 2.649e-16
10104.28 2.345e-16
10106.02 5.401e-17
10107.75 6.337e-17
10109.49 2.492e-16
10111.23 2.492e-16
10112.97 1.628e-17
10114.71 -1.780e-16
10116.45 -2.150e-16
10118.18 -1.355e-16
10119.92 2.504e-17
10121.66 2.378e-16
10123.40 4.047e-16
10125.14 3.289e-16
10126.88 4.270e-17
10128.61 -8.326e-17
10130.35 4.867e-17
10132.09 1.096e-16
10133.83 -1.532e-17
10135.57 -1.056e-16
10137.31 -4.922e-17
10139.04 1.085e-16
10140.78 2.931e-16
10142.52 3.501e-16
10144.26 2.365e-16
10146.00 1.554e-16
10147.74 2.045e-16
10149.48 2.324e-16
10151.21 1.682e-16
10152.95 1.285e-16
10154.69 1.853e-16
10156.43 3.169e-16
10158.17 4.760e-16
10159.91 5.361e-16
10161.64 4.439e-16
10163.38 3.498e-16
10165.12 3.919e-16
10166.86 7.108e-16
10168.60 1.281e-15
10170.34 1.454e-15
10172.07 8.530e-16
10173.81 2.078e-16
10175.55 1.366e-16
10177.29 6.070e-16
10179.03 1.406e-15
10180.77 1.673e-15
10182.51 8.091e-16
10184.24 -1.860e-16
10185.98 -3.876e-16
10187.72 -2.271e-16
10189.46 -1.918e-16
10191.20 -1.847e-16
10192.94 -9.522e-17
10194.67 -4.801e-18
10196.41 1.279e-17
10198.15 -1.892e-18
10199.89 -2.909e-19
10201.63 5.250e-17
10203.37 1.785e-16
10205.10 1.349e-16
10206.84 -3.066e-16
10208.58 -5.894e-16
10210.32 -1.105e-16
10212.06 5.366e-16
10213.80 5.890e-16
10215.54 7.926e-17
10217.27 -7.662e-16
10219.01 -1.010e-15
10220.75 3.557e-16
10222.49 1.919e-15
10224.23 1.693e-15
10225.97 4.777e-16
10227.70 -1.191e-16
10229.44 -1.240e-16
10231.18 -5.916e-17
10232.92 -2.065e-17
10234.66 -8.998e-18
10236.40 -1.983e-17
10238.13 -2.211e-17
10239.87 -2.398e-17
10241.61 -5.032e-17
10243.35 -6.478e-17
10245.09 -1.168e-17
10246.83 9.866e-17
10248.56 2.286e-16
10250.30 2.710e-16
10252.04 8.997e-17
10253.78 -2.635e-16
10255.52 -6.396e-16
10257.26 -8.758e-16
10259.00 -7.996e-16
10260.73 -5.284e-16
10262.47 -3.676e-16
10264.21 -4.118e-16
10265.95 -6.286e-16
10267.69 -8.023e-16
10269.43 -5.631e-16
10271.16 -1.688e-17
10272.90 3.325e-16
10274.64 2.727e-16
10276.38 -8.994e-17
10278.12 -9.108e-16
10279.86 -2.681e-15
10281.59 -4.615e-15
10283.33 -4.596e-15
10285.07 -2.617e-15
10286.81 -9.747e-16
10288.55 -4.759e-16
10290.29 -2.296e-16
10292.03 1.166e-16
10293.76 3.677e-16
10295.50 4.710e-16
10297.24 4.441e-16
10298.98 3.403e-16
10300.72 3.042e-16
10302.46 3.486e-16
10304.19 2.614e-16
10305.93 1.650e-17
10307.67 -8.502e-17
10309.41 3.861e-17
10311.15 6.748e-17
10312.89 -1.121e-16
10314.62 -2.083e-16
10316.36 -1.051e-16
10318.10 -5.685e-17
10319.84 -1.666e-16
10321.58 -1.963e-16
10323.32 -3.712e-17
10325.06 1.183e-16
10326.79 1.381e-16
10328.53 3.964e-17
10330.27 -1.288e-16
10332.01 -2.282e-16
10333.75 -1.825e-16
10335.49 -1.374e-16
10337.22 -1.892e-16
10338.96 -2.378e-16
10340.70 -2.025e-16
10342.44 -7.217e-17
10344.18 1.257e-16
10345.92 2.094e-16
10347.65 6.450e-17
10349.39 -1.069e-16
10351.13 -1.234e-16
10352.87 -1.419e-17
10354.61 1.611e-16
10356.35 3.041e-16
10358.08 3.285e-16
10359.82 2.449e-16
10361.56 9.252e-17
10363.30 -3.290e-17
10365.04 -4.721e-17
10366.78 2.239e-17
10368.52 1.241e-16
10370.25 1.547e-16
10371.99 3.095e-17
10373.73 -1.007e-16
10375.47 -7.748e-17
10377.21 6.419e-17
10378.95 2.460e-16
10380.68 3.437e-16
10382.42 2.448e-16
10384.16 7.285e-17
10385.90 -3.041e-18
10387.64 4.734e-17
10389.38 2.096e-16
10391.11 3.787e-16
10392.85 4.317e-16
10394.59 3.508e-16
10396.33 1.559e-16
10398.07 3.225e-18
10399.81 8.508e-17
10401.55 2.372e-16
10403.28 1.792e-16
10405.02 5.636e-18
10406.76 -5.747e-17
10408.50 -2.133e-17
10410.24 1.306e-17
10411.98 5.037e-17
10413.71 1.355e-16
10415.45 2.104e-16
10417.19 1.708e-16
10418.93 9.218e-17
10420.67 1.412e-16
10422.41 2.547e-16
10424.14 2.500e-16
10425.88 1.304e-16
10427.62 1.530e-18
10429.36 -8.061e-17
10431.10 -8.468e-17
10432.84 -2.508e-17
10434.57 4.557e-17
10436.31 1.075e-16
10438.05 1.680e-16
10439.79 2.080e-16
10441.53 1.919e-16
10443.27 1.314e-16
10445.01 7.015e-17
10446.74 5.122e-17
10448.48 1.250e-16
10450.22 2.358e-16
10451.96 2.215e-16
10453.70 7.277e-17
10455.44 -6.345e-17
10457.17 -1.138e-16
10458.91 -8.324e-17
10460.65 1.173e-17
10462.39 1.363e-16
10464.13 2.398e-16
10465.87 2.588e-16
10467.60 1.766e-16
10469.34 3.537e-17
10471.08 -1.029e-16
10472.82 -1.493e-16
10474.56 -7.858e-17
10476.30 3.631e-17
10478.04 1.260e-16
10479.77 1.255e-16
10481.51 3.264e-17
10483.25 -3.432e-17
10484.99 -1.271e-17
10486.73 4.736e-17
10488.47 9.979e-17
10490.20 1.026e-16
10491.94 4.589e-17
10493.68 2.678e-18
10495.42 1.213e-17
10497.16 1.731e-17
10498.90 -1.115e-17
10500.63 -2.490e-17
10502.37 5.109e-18
10504.11 5.524e-17
10505.85 1.020e-16
10507.59 1.253e-16
10509.33 1.152e-16
10511.07 9.567e-17
10512.80 8.957e-17
10514.54 1.084e-16
10516.28 1.541e-16
10518.02 1.933e-16
10519.76 2.014e-16
10521.50 2.031e-16
10523.23 2.221e-16
10524.97 2.765e-16
10526.71 3.649e-16
10528.45 3.744e-16
10530.19 2.213e-16
10531.93 2.266e-17
10533.66 -9.435e-17
10535.40 -8.933e-17
10537.14 4.608e-17
10538.88 2.164e-16
10540.62 3.176e-16
10542.36 3.416e-16
10544.09 3.037e-16
10545.83 2.249e-16
10547.57 1.339e-16
10549.31 8.461e-17
10551.05 1.238e-16
10552.79 1.842e-16
10554.53 1.811e-16
10556.26 1.657e-16
10558.00 2.119e-16
10559.74 2.861e-16
10561.48 3.315e-16
10563.22 3.390e-16
10564.96 3.154e-16
10566.69 2.455e-16
10568.43 1.129e-16
10570.17 1.383e-17
10571.91 6.974e-17
10573.65 2.165e-16
10575.39 3.265e-16
10577.12 3.499e-16
10578.86 2.684e-16
10580.60 1.366e-16
10582.34 4.438e-17
10584.08 3.374e-18
10585.82 -1.366e-17
10587.56 -9.114e-19
10589.29 6.047e-17
10591.03 1.309e-16
10592.77 1.407e-16
10594.51 1.154e-16
10596.25 1.355e-16
10597.99 1.769e-16
10599.72 1.542e-16
10601.46 8.801e-17
10603.20 6.248e-17
10604.94 9.543e-17
10606.68 1.611e-16
10608.42 2.352e-16
10610.15 2.976e-16
10611.89 3.099e-16
10613.63 2.169e-16
10615.37 8.133e-17
10617.11 6.644e-17
10618.85 1.944e-16
10620.59 3.628e-16
10622.32 4.934e-16
10624.06 5.238e-16
10625.80 4.654e-16
10627.54 4.165e-16
10629.28 4.102e-16
10631.02 4.048e-16
10632.75 3.779e-16
10634.49 3.218e-16
10636.23 2.526e-16
10637.97 2.211e-16
10639.71 2.409e-16
10641.45 2.790e-16
10643.18 2.905e-16
10644.92 1.999e-16
10646.66 2.842e-17
10648.40 -3.924e-17
10650.14 6.420e-17
10651.88 1.989e-16
10653.61 2.823e-16
10655.35 3.470e-16
10657.09 3.881e-16
10658.83 3.258e-16
10660.57 1.523e-16
10662.31 1.178e-18
10664.05 -3.973e-17
10665.78 9.795e-18
10667.52 1.154e-16
10669.26 2.147e-16
10671.00 2.637e-16
10672.74 2.981e-16
10674.48 3.221e-16
10676.21 2.113e-16
10677.95 -7.356e-17
10679.69 -3.059e-16
10681.43 -3.223e-16
10683.17 -2.242e-16
10684.91 -1.004e-16
10686.64 1.140e-16
10688.38 4.268e-16
10690.12 6.046e-16
10691.86 4.822e-16
10693.60 1.992e-16
10695.34 -7.225e-17
10697.08 -1.499e-16
10698.81 8.200e-17
10700.55 4.024e-16
10702.29 5.844e-16
10704.03 6.919e-16
10705.77 7.987e-16
10707.51 7.618e-16
10709.24 4.699e-16
10710.98 1.481e-16
10712.72 3.326e-17
10714.46 2.134e-17
10716.20 -2.828e-17
10717.94 1.785e-17
10719.67 2.972e-16
10721.41 6.207e-16
10723.15 7.622e-16
10724.89 7.260e-16
10726.63 5.765e-16
10728.37 4.433e-16
10730.11 4.656e-16
10731.84 5.596e-16
10733.58 5.841e-16
10735.32 6.131e-16
10737.06 7.668e-16
10738.80 9.358e-16
10740.54 9.555e-16
10742.27 8.527e-16
10744.01 7.169e-16
10745.75 6.030e-16
10747.49 5.541e-16
10749.23 5.437e-16
10750.97 5.164e-16
10752.70 4.341e-16
10754.44 2.720e-16
10756.18 7.334e-17
10757.92 -9.521e-17
10759.66 -1.344e-16
10761.40 7.324e-17
10763.13 3.496e-16
10764.87 3.598e-16
10766.61 1.645e-16
10768.35 4.262e-17
10770.09 6.988e-17
10771.83 2.165e-16
10773.57 3.660e-16
10775.30 3.261e-16
10777.04 1.671e-16
10778.78 1.475e-16
10780.52 2.938e-16
10782.26 4.669e-16
10784.00 5.702e-16
10785.73 5.265e-16
10787.47 3.651e-16
10789.21 2.236e-16
10790.95 1.202e-16
10792.69 -4.396e-17
10794.43 -2.394e-16
10796.16 -3.281e-16
10797.90 -2.213e-16
10799.64 1.398e-16
10801.38 6.223e-16
10803.12 8.644e-16
10804.86 7.657e-16
10806.60 5.567e-16
10808.33 3.749e-16
10810.07 2.302e-16
10811.81 1.699e-16
10813.55 2.753e-16
10815.29 5.412e-16
10817.03 8.553e-16
10818.76 1.099e-15
10820.50 1.147e-15
10822.24 9.758e-16
10823.98 7.069e-16
10825.72 5.239e-16
10827.46 7.725e-16
10829.19 1.432e-15
10830.93 1.703e-15
10832.67 1.221e-15
10834.41 6.193e-16
10836.15 3.141e-16
10837.89 1.270e-16
10839.62 -1.702e-17
10841.36 9.211e-17
10843.10 4.965e-16
10844.84 8.020e-16
10846.58 7.788e-16
10848.32 7.613e-16
10850.06 9.491e-16
10851.79 9.929e-16
10853.53 6.863e-16
10855.27 3.809e-16
10857.01 3.450e-16
10858.75 4.416e-16
10860.49 5.264e-16
10862.22 5.115e-16
10863.96 3.575e-16
10865.70 2.721e-16
10867.44 4.172e-16
10869.18 6.160e-16
10870.92 6.884e-16
10872.65 5.884e-16
10874.39 3.245e-16
10876.13 1.219e-16
10877.87 1.882e-16
10879.61 4.376e-16
10881.35 7.352e-16
10883.09 9.695e-16
10884.82 1.049e-15
10886.56 1.020e-15
10888.30 9.572e-16
10890.04 9.515e-16
10891.78 1.076e-15
10893.52 1.074e-15
10895.25 6.715e-16
10896.99 2.084e-16
10898.73 1.136e-16
10900.47 2.698e-16
10902.21 4.380e-16
10903.95 4.297e-16
10905.68 8.388e-17
10907.42 -2.421e-16
10909.16 -6.511e-17
10910.90 3.489e-16
10912.64 5.119e-16
10914.38 4.754e-16
10916.12 4.667e-16
10917.85 4.471e-16
10919.59 2.928e-16
10921.33 1.650e-16
10923.07 3.291e-16
10924.81 5.513e-16
10926.55 3.960e-16
10928.28 1.200e-17
10930.02 -1.994e-16
10931.76 -1.463e-16
10933.50 1.276e-16
10935.24 3.932e-16
10936.98 3.025e-16
10938.71 -1.774e-17
10940.45 -1.433e-16
10942.19 -9.678e-17
10943.93 -1.995e-16
10945.67 -2.752e-16
10947.41 1.951e-16
10949.14 9.289e-16
10950.88 1.048e-15
10952.62 6.640e-16
10954.36 6.771e-16
10956.10 9.628e-16
10957.84 5.687e-16
10959.58 -4.526e-16
10961.31 -1.239e-15
10963.05 -1.339e-15
10964.79 -5.984e-16
10966.53 4.955e-16
10968.27 7.252e-16
10970.01 -3.526e-17
10971.74 -6.911e-16
10973.48 -7.577e-16
10975.22 -4.171e-16
10976.96 6.699e-17
10978.70 2.308e-16
10980.44 1.222e-17
10982.17 -3.839e-17
10983.91 2.442e-16
10985.65 4.709e-16
10987.39 4.358e-16
10989.13 1.737e-16
10990.87 -2.051e-16
10992.61 -4.226e-16
10994.34 -3.804e-16
10996.08 -3.389e-16
10997.82 -3.916e-16
10999.56 -3.482e-16
11001.30 5.313e-18
11003.04 1.068e-15
11004.77 2.695e-15
11006.51 3.468e-15
11008.25 2.702e-15
11009.99 1.571e-15
11011.73 8.875e-16
11013.47 2.898e-16
11015.20 -3.604e-16
11016.94 -4.737e-16
11018.68 1.616e-16
11020.42 5.873e-16
11022.16 2.455e-16
11023.90 1.635e-16
11025.64 9.902e-16
11027.37 1.754e-15
11029.11 1.677e-15
11030.85 9.502e-16
11032.59 -9.063e-17
11034.33 -7.719e-16
11036.07 -6.039e-16
11037.80 -1.502e-16
11039.54 2.738e-17
11041.28 3.484e-17
11043.02 1.850e-17
11044.76 -2.568e-18
11046.50 -6.518e-18
11048.23 -8.317e-19
