03173.03 -8.150e-16
03174.72 -6.074e-16
03176.42 -3.940e-16
03178.12 9.997e-18
03179.82 8.457e-16
03181.52 1.818e-15
03183.22 2.697e-15
03184.91 2.882e-15
03186.61 3.683e-15
03188.31 5.425e-15
03190.01 6.495e-15
03191.71 7.273e-15
03193.41 8.079e-15
03195.10 7.883e-15
03196.80 6.252e-15
03198.50 4.497e-15
03200.20 3.355e-15
03201.90 3.280e-15
03203.60 2.970e-15
03205.29 3.679e-15
03206.99 5.531e-15
03208.69 6.279e-15
03210.39 4.698e-15
03212.09 4.828e-15
03213.79 4.916e-15
03215.48 3.641e-15
03217.18 3.792e-15
03218.88 5.458e-15
03220.58 5.895e-15
03222.28 5.856e-15
03223.98 6.152e-15
03225.68 5.408e-15
03227.37 4.868e-15
03229.07 4.792e-15
03230.77 4.494e-15
03232.47 4.980e-15
03234.17 5.131e-15
03235.87 4.748e-15
03237.56 4.329e-15
03239.26 4.088e-15
03240.96 3.343e-15
03242.66 3.876e-15
03244.36 4.470e-15
03246.06 4.282e-15
03247.75 4.474e-15
03249.45 5.539e-15
03251.15 5.199e-15
03252.85 4.736e-15
03254.55 5.329e-15
03256.25 5.354e-15
03257.94 4.882e-15
03259.64 5.130e-15
03261.34 5.725e-15
03263.04 5.714e-15
03264.74 6.132e-15
03266.44 5.764e-15
03268.13 5.205e-15
03269.83 5.140e-15
03271.53 4.899e-15
03273.23 4.325e-15
03274.93 4.602e-15
03276.63 5.424e-15
03278.32 6.035e-15
03280.02 7.175e-15
03281.72 8.560e-15
03283.42 9.739e-15
03285.12 1.039e-14
03286.82 1.081e-14
03288.51 1.126e-14
03290.21 1.090e-14
03291.91 1.044e-14
03293.61 1.057e-14
03295.31 1.049e-14
03297.01 9.704e-15
03298.70 9.356e-15
03300.40 8.578e-15
03302.10 7.326e-15
03303.80 6.633e-15
03305.50 6.346e-15
03307.20 6.505e-15
03308.89 7.554e-15
03310.59 8.877e-15
03312.29 9.583e-15
03313.99 9.589e-15
03315.69 9.366e-15
03317.39 8.897e-15
03319.08 8.084e-15
03320.78 7.174e-15
03322.48 7.184e-15
03324.18 7.163e-15
03325.88 7.032e-15
03327.58 7.255e-15
03329.27 7.876e-15
03330.97 8.188e-15
03332.67 8.238e-15
03334.37 8.166e-15
03336.07 8.131e-15
03337.77 8.436e-15
03339.46 8.514e-15
03341.16 8.862e-15
03342.86 9.129e-15
03344.56 8.728e-15
03346.26 8.004e-15
03347.96 7.650e-15
03349.65 7.304e-15
03351.35 7.015e-15
03353.05 7.485e-15
03354.75 7.793e-15
03356.45 8.140e-15
03358.15 7.980e-15
03359.84 4.490e-15
03361.54 3.844e-15
03363.24 3.990e-15
03364.94 3.407e-15
03366.64 3.031e-15
03368.34 6.193e-15
03370.03 6.564e-15
03371.73 6.024e-15
03373.43 5.943e-15
03375.13 6.425e-15
03376.83 6.815e-15
03378.53 6.908e-15
03380.23 7.218e-15
03381.92 7.699e-15
03383.62 7.919e-15
03385.32 7.631e-15
03387.02 7.447e-15
03388.72 7.401e-15
03390.42 7.079e-15
03392.11 6.584e-15
03393.81 6.445e-15
03395.51 6.447e-15
03397.21 6.275e-15
03398.91 6.490e-15
03400.61 7.051e-15
03402.30 7.874e-15
03404.00 8.577e-15
03405.70 8.994e-15
03407.40 9.031e-15
03409.10 8.812e-15
03410.80 8.255e-15
03412.49 7.550e-15
03414.19 7.031e-15
03415.89 6.704e-15
03417.59 6.444e-15
03419.29 6.164e-15
03420.99 6.330e-15
03422.68 6.676e-15
03424.38 6.859e-15
03426.08 7.019e-15
03427.78 7.394e-15
03429.48 7.594e-15
03431.18 7.473e-15
03432.87 7.583e-15
03434.57 7.840e-15
03436.27 7.542e-15
03437.97 6.734e-15
03439.67 6.058e-15
03441.37 5.386e-15
03443.06 4.795e-15
03444.76 4.642e-15
03446.46 4.907e-15
03448.16 5.390e-15
03449.86 5.863e-15
03451.56 6.001e-15
03453.25 6.269e-15
03454.95 6.235e-15
03456.65 6.023e-15
03458.35 5.880e-15
03460.05 5.680e-15
03461.75 5.416e-15
03463.44 5.551e-15
03465.14 5.757e-15
03466.84 5.813e-15
03468.54 5.706e-15
03470.24 5.469e-15
03471.94 5.236e-15
03473.63 5.228e-15
03475.33 5.335e-15
03477.03 5.774e-15
03478.73 6.164e-15
03480.43 6.255e-15
03482.13 5.961e-15
03483.82 5.621e-15
03485.52 5.111e-15
03487.22 4.436e-15
03488.92 4.087e-15
03490.62 3.874e-15
03492.32 3.741e-15
03494.01 3.854e-15
03495.71 4.379e-15
03497.41 4.639e-15
03499.11 4.698e-15
03500.81 4.778e-15
03502.51 4.709e-15
03504.20 4.376e-15
03505.90 4.252e-15
03507.60 4.295e-15
03509.30 4.008e-15
03511.00 3.698e-15
03512.70 3.459e-15
03514.39 2.925e-15
03516.09 2.466e-15
03517.79 2.268e-15
03519.49 2.167e-15
03521.19 2.212e-15
03522.89 2.411e-15
03524.58 2.446e-15
03526.28 2.443e-15
03527.98 2.404e-15
03529.68 2.311e-15
03531.38 2.376e-15
03533.08 2.640e-15
03534.78 2.681e-15
03536.47 2.717e-15
03538.17 2.734e-15
03539.87 2.394e-15
03541.57 1.786e-15
03543.27 1.515e-15
03544.97 1.472e-15
03546.66 1.152e-15
03548.36 8.493e-16
03550.06 8.467e-16
03551.76 6.476e-16
03553.46 2.416e-16
03555.16 4.061e-17
03556.85 -1.136e-16
03558.55 -1.253e-16
03560.25 5.833e-17
03561.95 2.000e-16
03563.65 1.052e-16
03565.35 2.562e-16
03567.04 2.835e-16
03568.74 -9.449e-17
03570.44 -3.627e-16
03572.14 -2.545e-16
03573.84 -2.856e-16
03575.54 -4.804e-16
03577.23 -3.100e-16
03578.93 -3.424e-17
03580.63 5.077e-17
03582.33 1.431e-16
03584.03 5.062e-16
03585.73 5.818e-16
03587.42 4.171e-16
03589.12 4.993e-16
03590.82 6.079e-16
03592.52 2.119e-16
03594.22 -1.115e-17
03595.92 2.880e-18
03597.61 -1.618e-16
03599.31 -3.258e-16
03601.01 -2.274e-16
03602.71 -1.020e-16
03604.41 -1.059e-16
03606.11 -1.658e-16
03607.80 -1.014e-16
03609.50 -1.456e-16
03611.20 -1.388e-16
03612.90 -1.984e-16
03614.60 -2.942e-16
03616.30 -4.955e-16
03617.99 -6.596e-16
03619.69 -7.742e-16
03621.39 -6.958e-16
03623.09 -5.597e-16
03624.79 -2.756e-16
03626.49 1.485e-16
03628.18 2.622e-16
03629.88 2.227e-16
03631.58 1.890e-16
03633.28 1.150e-16
03634.98 1.399e-16
03636.68 3.120e-16
03638.37 5.864e-16
03640.07 7.811e-16
03641.77 6.454e-16
03643.47 3.491e-16
03645.17 2.513e-16
03646.87 4.005e-17
03648.56 -1.218e-16
03650.26 4.065e-17
03651.96 2.014e-16
03653.66 1.609e-16
03655.36 1.310e-16
03657.06 6.058e-17
03658.75 -1.910e-16
03660.45 -4.253e-16
03662.15 -5.017e-16
03663.85 -4.398e-16
03665.55 -1.604e-16
03667.25 2.393e-17
03668.94 1.911e-16
03670.64 2.842e-16
03672.34 3.999e-16
03674.04 3.380e-16
03675.74 3.265e-16
03677.44 4.073e-16
03679.13 3.093e-16
03680.83 -3.121e-17
03682.53 -1.840e-16
03684.23 -2.911e-16
03685.93 -5.338e-16
03687.63 -4.522e-16
03689.33 -1.717e-16
03691.02 9.389e-17
03692.72 3.127e-16
03694.42 4.386e-16
03696.12 5.451e-16
03697.82 6.118e-16
03699.52 5.128e-16
03701.21 3.175e-16
03702.91 1.707e-16
03704.61 -7.424e-17
03706.31 -2.286e-16
03708.01 -3.247e-16
03709.71 -2.312e-16
03711.40 -1.901e-16
03713.10 -1.668e-16
03714.80 -2.676e-16
03716.50 -3.340e-16
03718.20 -2.901e-16
03719.90 -6.453e-16
03721.59 -1.293e-15
03723.29 -1.343e-15
03724.99 -1.106e-15
03726.69 -1.110e-15
03728.39 -6.186e-16
03730.09 1.112e-16
03731.78 2.599e-16
03733.48 1.421e-16
03735.18 2.150e-16
03736.88 2.658e-16
03738.58 3.194e-16
03740.28 1.937e-16
03741.97 2.888e-18
03743.67 -1.263e-16
03745.37 -1.107e-16
03747.07 -2.268e-16
03748.77 -2.503e-16
03750.47 1.091e-17
03752.16 1.370e-16
03753.86 6.982e-17
03755.56 6.350e-17
03757.26 2.395e-16
03758.96 2.677e-16
03760.66 8.966e-17
03762.35 -4.542e-17
03764.05 -1.137e-17
03765.75 -1.136e-16
03767.45 -2.122e-16
03769.15 -2.067e-16
03770.85 -1.287e-16
03772.54 9.289e-17
03774.24 2.612e-16
03775.94 1.341e-16
03777.64 1.244e-16
03779.34 2.039e-16
03781.04 1.212e-16
03782.73 1.324e-16
03784.43 2.735e-16
03786.13 4.487e-16
03787.83 4.897e-16
03789.53 5.040e-16
03791.23 5.135e-16
03792.92 4.183e-16
03794.62 2.309e-16
03796.32 7.971e-17
03798.02 3.552e-17
03799.72 -6.676e-17
03801.42 -9.595e-17
03803.11 -5.695e-17
03804.81 1.787e-19
03806.51 -7.397e-17
03808.21 -4.895e-18
03809.91 8.311e-17
03811.61 2.791e-17
03813.30 -1.546e-17
03815.00 -3.673e-17
03816.70 -1.801e-16
03818.40 -4.136e-16
03820.10 -4.589e-16
03821.80 -2.835e-16
03823.49 -1.183e-16
03825.19 1.168e-17
03826.89 1.940e-16
03828.59 3.153e-16
03830.29 2.910e-16
03831.99 2.510e-16
03833.68 2.899e-16
03835.38 4.377e-16
03837.08 4.166e-16
03838.78 2.607e-16
03840.48 1.378e-16
03842.18 1.686e-16
03843.88 1.764e-16
03845.57 1.717e-16
03847.27 1.373e-16
03848.97 1.517e-16
03850.67 1.993e-17
03852.37 -1.557e-16
03854.07 -1.381e-16
03855.76 -5.294e-17
03857.46 -9.297e-17
03859.16 -4.746e-17
03860.86 1.244e-16
03862.56 2.185e-16
03864.26 2.522e-16
03865.95 3.459e-16
03867.65 2.520e-16
03869.35 9.226e-17
03871.05 8.205e-19
03872.75 -3.842e-17
03874.45 -6.424e-17
03876.14 4.983e-17
03877.84 5.934e-17
03879.54 4.979e-17
03881.24 1.394e-16
03882.94 1.462e-16
03884.64 4.738e-17
03886.33 1.638e-16
03888.03 3.455e-16
03889.73 2.639e-16
03891.43 3.252e-16
03893.13 5.165e-16
03894.83 4.658e-16
03896.52 3.745e-16
03898.22 3.779e-16
03899.92 3.356e-16
03901.62 2.452e-16
03903.32 3.168e-16
03905.02 2.705e-16
03906.71 2.252e-16
03908.41 2.647e-16
03910.11 3.189e-16
03911.81 3.049e-16
03913.51 4.122e-16
03915.21 5.455e-16
03916.90 5.125e-16
03918.60 4.354e-16
03920.30 4.937e-16
03922.00 4.782e-16
03923.70 5.025e-16
03925.40 5.852e-16
03927.09 6.572e-16
03928.79 5.611e-16
03930.49 5.737e-16
03932.19 5.793e-16
03933.89 3.764e-16
03935.59 2.507e-16
03937.28 3.829e-16
03938.98 3.558e-16
03940.68 2.987e-16
03942.38 4.151e-16
03944.08 4.992e-16
03945.78 4.809e-16
03947.47 4.480e-16
03949.17 4.213e-16
03950.87 5.033e-16
03952.57 5.617e-16
03954.27 4.903e-16
03955.97 5.359e-16
03957.66 6.134e-16
03959.36 5.404e-16
03961.06 3.988e-16
03962.76 4.323e-16
03964.46 4.698e-16
03966.16 3.270e-16
03967.85 2.840e-16
03969.55 4.373e-16
03971.25 4.332e-16
03972.95 4.498e-16
03974.65 6.840e-16
03976.35 7.904e-16
03978.04 8.103e-16
03979.74 8.280e-16
03981.44 7.845e-16
03983.14 7.256e-16
03984.84 7.449e-16
03986.54 6.948e-16
03988.23 7.157e-16
03989.93 8.230e-16
03991.63 8.638e-16
03993.33 8.516e-16
03995.03 8.760e-16
03996.73 8.493e-16
03998.43 8.743e-16
04000.12 9.272e-16
04001.82 9.247e-16
04003.52 8.484e-16
04005.22 8.021e-16
04006.92 7.693e-16
04008.62 6.480e-16
04010.31 6.493e-16
04012.01 7.262e-16
04013.71 7.878e-16
04015.41 8.896e-16
04017.11 1.038e-15
04018.81 1.081e-15
04020.50 1.070e-15
04022.20 1.119e-15
04023.90 9.634e-16
04025.60 8.204e-16
04027.30 7.889e-16
04029.00 9.367e-16
04030.69 1.012e-15
04032.39 1.012e-15
04034.09 1.031e-15
04035.79 1.085e-15
04037.49 9.483e-16
04039.19 8.822e-16
04040.88 1.066e-15
04042.58 1.220e-15
04044.28 1.164e-15
04045.98 1.130e-15
04047.68 1.059e-15
04049.38 9.033e-16
04051.07 7.789e-16
04052.77 8.372e-16
04054.47 9.281e-16
04056.17 9.677e-16
04057.87 1.011e-15
04059.57 1.080e-15
04061.26 1.179e-15
04062.96 1.240e-15
04064.66 1.167e-15
04066.36 1.157e-15
04068.06 1.122e-15
04069.76 1.006e-15
04071.45 8.790e-16
04073.15 1.045e-15
04074.85 1.088e-15
04076.55 1.085e-15
04078.25 1.128e-15
04079.95 1.188e-15
04081.64 9.675e-16
04083.34 5.602e-16
04085.04 2.797e-16
04086.74 1.388e-16
04088.44 1.551e-16
04090.14 1.625e-16
04091.83 2.224e-16
04093.53 2.899e-16
04095.23 3.137e-16
04096.93 3.788e-16
04098.63 6.358e-16
04100.33 9.199e-16
04102.02 1.108e-15
04103.72 1.079e-15
04105.42 9.662e-16
04107.12 8.077e-16
04108.82 7.171e-16
04110.52 6.316e-16
04112.21 7.648e-16
04113.91 8.961e-16
04115.61 1.032e-15
04117.31 1.157e-15
04119.01 1.199e-15
04120.71 1.190e-15
04122.40 1.187e-15
04124.10 1.083e-15
04125.80 8.397e-16
04127.50 7.784e-16
04129.20 6.835e-16
04130.90 6.362e-16
04132.59 7.106e-16
04134.29 9.185e-16
04135.99 1.019e-15
04137.69 1.069e-15
04139.39 9.353e-16
04141.09 8.706e-16
04142.78 4.067e-16
04144.48 -1.308e-15
04146.18 -1.805e-15
04147.88 -1.787e-15
04149.58 -1.882e-15
04151.28 -1.461e-15
04152.98 1.843e-16
04154.67 6.804e-16
04156.37 7.106e-16
04158.07 7.086e-16
04159.77 6.534e-16
04161.47 6.231e-16
04163.17 5.218e-16
04164.86 3.973e-16
04166.56 4.046e-16
04168.26 4.722e-16
04169.96 4.837e-16
04171.66 5.424e-16
04173.36 6.362e-16
04175.05 7.461e-16
04176.75 7.872e-16
04178.45 8.512e-16
04180.15 9.210e-16
04181.85 1.053e-15
04183.55 1.065e-15
04185.24 1.050e-15
04186.94 1.041e-15
04188.64 1.032e-15
04190.34 1.004e-15
04192.04 9.682e-16
04193.74 9.598e-16
04195.43 9.952e-16
04197.13 1.026e-15
04198.83 9.795e-16
04200.53 9.227e-16
04202.23 8.614e-16
04203.93 7.693e-16
04205.62 7.053e-16
04207.32 6.830e-16
04209.02 5.831e-16
04210.72 5.287e-16
04212.42 5.296e-16
04214.12 5.162e-16
04215.81 5.142e-16
04217.51 5.631e-16
04219.21 5.897e-16
04220.91 6.921e-16
04222.61 7.155e-16
04224.31 7.033e-16
04226.00 7.534e-16
04227.70 8.218e-16
04229.40 6.904e-16
04231.10 5.538e-16
04232.80 5.209e-16
04234.50 4.322e-16
04236.19 3.047e-16
04237.89 4.301e-16
04239.59 5.520e-16
04241.29 5.255e-16
04242.99 6.191e-16
04244.69 6.884e-16
04246.38 5.539e-16
04248.08 5.197e-16
04249.78 5.556e-16
04251.48 4.929e-16
04253.18 4.476e-16
04254.88 3.714e-16
04256.57 3.636e-16
04258.27 3.537e-16
04259.97 2.707e-16
04261.67 3.069e-16
04263.37 5.410e-16
04265.07 5.631e-16
04266.76 5.297e-16
04268.46 6.135e-16
04270.16 5.830e-16
04271.86 4.274e-16
04273.56 3.387e-16
04275.26 2.976e-16
04276.95 3.824e-16
04278.65 5.022e-16
04280.35 5.772e-16
04282.05 6.577e-16
04283.75 8.096e-16
04285.45 7.904e-16
04287.14 6.760e-16
04288.84 5.835e-16
04290.54 4.992e-16
04292.24 5.154e-16
04293.94 4.998e-16
04295.64 5.340e-16
04297.33 6.566e-16
04299.03 7.990e-16
04300.73 7.550e-16
04302.43 7.228e-16
04304.13 6.312e-16
04305.83 5.589e-16
04307.53 6.210e-16
04309.22 5.598e-16
04310.92 5.358e-16
04312.62 5.791e-16
04314.32 6.376e-16
04316.02 5.534e-16
04317.72 4.326e-16
04319.41 3.737e-16
04321.11 5.043e-16
04322.81 5.487e-16
04324.51 5.366e-16
04326.21 7.049e-16
04327.91 7.819e-16
04329.60 6.857e-16
04331.30 6.201e-16
04333.00 5.596e-16
04334.70 5.510e-16
04336.40 5.631e-16
04338.10 5.482e-16
04339.79 3.809e-16
04341.49 3.531e-16
04343.19 3.716e-16
04344.89 4.255e-16
04346.59 5.101e-16
04348.29 6.674e-16
04349.98 7.257e-16
04351.68 6.933e-16
04353.38 6.560e-16
04355.08 5.881e-16
04356.78 5.850e-16
04358.48 6.199e-16
04360.17 6.328e-16
04361.87 6.509e-16
04363.57 7.094e-16
04365.27 6.978e-16
04366.97 6.624e-16
04368.67 6.512e-16
04370.36 6.551e-16
04372.06 6.729e-16
04373.76 7.378e-16
04375.46 7.357e-16
04377.16 6.637e-16
04378.86 5.687e-16
04380.55 4.617e-16
04382.25 4.237e-16
04383.95 4.661e-16
04385.65 4.420e-16
04387.35 4.258e-16
04389.05 3.742e-16
04390.74 1.933e-16
04392.44 2.078e-18
04394.14 2.563e-17
04395.84 9.839e-17
04397.54 2.216e-16
04399.24 3.075e-16
04400.93 3.457e-16
04402.63 4.300e-16
04404.33 4.434e-16
04406.03 2.736e-16
04407.73 2.036e-16
04409.43 3.209e-16
04411.12 3.396e-16
04412.82 4.301e-16
04414.52 5.970e-16
04416.22 7.292e-16
04417.92 8.331e-16
04419.62 8.975e-16
04421.31 8.298e-16
04423.01 8.305e-16
04424.71 7.716e-16
04426.41 6.468e-16
04428.11 6.282e-16
04429.81 6.343e-16
04431.50 5.976e-16
04433.20 5.914e-16
04434.90 4.898e-16
04436.60 3.855e-16
04438.30 4.267e-16
04440.00 4.807e-16
04441.69 4.058e-16
04443.39 4.754e-16
04445.09 3.729e-16
04446.79 1.440e-16
04448.49 2.115e-17
04450.19 1.072e-16
04451.88 1.942e-16
04453.58 3.427e-16
04455.28 4.724e-16
04456.98 5.363e-16
04458.68 5.534e-16
04460.38 5.262e-16
04462.08 4.559e-16
04463.77 4.749e-16
04465.47 5.169e-16
04467.17 5.897e-16
04468.87 6.036e-16
04470.57 6.666e-16
04472.27 6.882e-16
04473.96 7.449e-16
04475.66 6.771e-16
04477.36 5.791e-16
04479.06 5.338e-16
04480.76 5.086e-16
04482.46 4.262e-16
04484.15 3.813e-16
04485.85 3.410e-16
04487.55 3.517e-16
04489.25 4.398e-16
04490.95 4.884e-16
04492.65 4.834e-16
04494.34 5.539e-16
04496.04 5.608e-16
04497.74 5.089e-16
04499.44 6.304e-16
04501.14 7.625e-16
04502.84 8.244e-16
04504.53 8.617e-16
04506.23 8.337e-16
04507.93 6.823e-16
04509.63 6.982e-16
04511.33 6.759e-16
04513.03 6.008e-16
04514.72 5.738e-16
04516.42 5.225e-16
04518.12 5.086e-16
04519.82 5.722e-16
04521.52 6.165e-16
04523.22 6.893e-16
04524.91 8.019e-16
04526.61 7.967e-16
04528.31 7.011e-16
04530.01 6.314e-16
04531.71 5.548e-16
04533.41 5.099e-16
04535.10 5.313e-16
04536.80 6.572e-16
04538.50 7.488e-16
04540.20 9.007e-16
04541.90 1.004e-15
04543.60 1.038e-15
04545.29 9.952e-16
04546.99 1.051e-15
04548.69 1.002e-15
04550.39 9.867e-16
04552.09 1.030e-15
04553.79 1.044e-15
04555.48 1.026e-15
04557.18 9.691e-16
04558.88 9.212e-16
04560.58 9.870e-16
04562.28 1.063e-15
04563.98 1.069e-15
04565.67 1.162e-15
04567.37 1.280e-15
04569.07 1.113e-15
04570.77 1.070e-15
04572.47 1.127e-15
04574.17 1.177e-15
04575.86 1.206e-15
04577.56 1.276e-15
04579.26 1.327e-15
04580.96 1.422e-15
04582.66 1.470e-15
04584.36 1.410e-15
04586.05 1.410e-15
04587.75 1.334e-15
04589.45 1.203e-15
04591.15 1.143e-15
04592.85 1.111e-15
04594.55 1.160e-15
04596.24 1.317e-15
04597.94 1.397e-15
04599.64 1.360e-15
04601.34 1.358e-15
04603.04 1.369e-15
04604.74 1.333e-15
04606.43 1.280e-15
04608.13 1.213e-15
04609.83 1.204e-15
04611.53 1.220e-15
04613.23 1.219e-15
04614.93 1.270e-15
04616.63 1.396e-15
04618.32 1.524e-15
04620.02 1.499e-15
04621.72 1.400e-15
04623.42 1.328e-15
04625.12 1.239e-15
04626.82 1.098e-15
04628.51 1.020e-15
04630.21 1.079e-15
04631.91 1.137e-15
04633.61 1.213e-15
04635.31 1.330e-15
04637.01 1.484e-15
04638.70 1.490e-15
04640.40 1.548e-15
04642.10 1.561e-15
04643.80 1.499e-15
04645.50 1.403e-15
04647.20 1.355e-15
04648.89 1.337e-15
04650.59 1.390e-15
04652.29 1.390e-15
04653.99 1.353e-15
04655.69 1.370e-15
04657.39 1.287e-15
04659.08 1.180e-15
04660.78 1.124e-15
04662.48 1.148e-15
04664.18 1.164e-15
04665.88 1.197e-15
04667.58 1.220e-15
04669.27 1.254e-15
04670.97 1.305e-15
04672.67 1.338e-15
04674.37 1.360e-15
04676.07 1.392e-15
04677.77 1.428e-15
04679.46 1.383e-15
04681.16 1.336e-15
04682.86 1.341e-15
04684.56 1.383e-15
04686.26 1.428e-15
04687.96 1.459e-15
04689.65 1.495e-15
04691.35 1.532e-15
04693.05 1.540e-15
04694.75 1.469e-15
04696.45 1.414e-15
04698.15 1.453e-15
04699.84 1.490e-15
04701.54 1.478e-15
04703.24 1.561e-15
04704.94 1.652e-15
04706.64 1.709e-15
04708.34 1.758e-15
04710.03 1.733e-15
04711.73 1.615e-15
04713.43 1.533e-15
04715.13 1.443e-15
04716.83 1.302e-15
04718.53 1.223e-15
04720.22 1.247e-15
04721.92 1.249e-15
04723.62 1.204e-15
04725.32 1.257e-15
04727.02 1.342e-15
04728.72 1.424e-15
04730.41 1.506e-15
04732.11 1.549e-15
04733.81 1.476e-15
04735.51 1.372e-15
04737.21 1.239e-15
04738.91 1.142e-15
04740.60 1.124e-15
04742.30 1.031e-15
04744.00 1.030e-15
04745.70 1.157e-15
04747.40 1.229e-15
04749.10 1.130e-15
04750.79 1.167e-15
04752.49 1.237e-15
04754.19 1.168e-15
04755.89 1.068e-15
04757.59 1.179e-15
04759.29 1.281e-15
04760.98 1.326e-15
04762.68 1.325e-15
04764.38 1.327e-15
04766.08 1.269e-15
04767.78 1.203e-15
04769.48 1.119e-15
04771.18 1.118e-15
04772.87 1.170e-15
04774.57 1.154e-15
04776.27 1.152e-15
04777.97 1.178e-15
04779.67 1.190e-15
04781.37 1.188e-15
04783.06 1.156e-15
04784.76 1.017e-15
04786.46 9.669e-16
04788.16 9.305e-16
04789.86 9.454e-16
04791.56 9.784e-16
04793.25 1.003e-15
04794.95 9.134e-16
04796.65 8.330e-16
04798.35 7.000e-16
04800.05 6.644e-16
04801.75 6.960e-16
04803.44 7.085e-16
04805.14 6.965e-16
04806.84 6.613e-16
04808.54 6.413e-16
04810.24 5.829e-16
04811.94 5.143e-16
04813.63 5.403e-16
04815.33 5.838e-16
04817.03 5.427e-16
04818.73 5.753e-16
04820.43 5.758e-16
04822.13 5.904e-16
04823.82 5.536e-16
04825.52 5.357e-16
04827.22 5.630e-16
04828.92 6.552e-16
04830.62 7.086e-16
04832.32 7.731e-16
04834.01 7.789e-16
04835.71 7.262e-16
04837.41 7.030e-16
04839.11 7.459e-16
04840.81 7.732e-16
04842.51 7.301e-16
04844.20 6.597e-16
04845.90 6.192e-16
04847.60 6.022e-16
04849.30 6.212e-16
04851.00 6.855e-16
04852.70 6.720e-16
04854.39 5.673e-16
04856.09 4.463e-16
04857.79 3.863e-16
04859.49 4.197e-16
04861.19 4.870e-16
04862.89 5.209e-16
04864.58 5.168e-16
04866.28 4.988e-16
04867.98 4.723e-16
04869.68 4.551e-16
04871.38 4.233e-16
04873.08 4.001e-16
04874.77 4.282e-16
04876.47 4.264e-16
04878.17 3.322e-16
04879.87 2.469e-16
04881.57 3.249e-16
04883.27 4.708e-16
04884.96 5.361e-16
04886.66 5.394e-16
04888.36 5.458e-16
04890.06 5.745e-16
04891.76 6.554e-16
04893.46 7.187e-16
04895.15 7.060e-16
04896.85 6.186e-16
04898.55 5.170e-16
04900.25 5.088e-16
04901.95 5.969e-16
04903.65 6.113e-16
04905.34 6.193e-16
04907.04 6.532e-16
04908.74 6.227e-16
04910.44 5.201e-16
04912.14 4.482e-16
04913.84 4.188e-16
04915.53 4.694e-16
04917.23 5.283e-16
04918.93 5.412e-16
04920.63 4.896e-16
04922.33 4.833e-16
04924.03 5.139e-16
04925.73 5.146e-16
04927.42 4.881e-16
04929.12 5.182e-16
04930.82 5.523e-16
04932.52 5.778e-16
04934.22 6.610e-16
04935.92 7.290e-16
04937.61 6.834e-16
04939.31 6.069e-16
04941.01 5.914e-16
04942.71 5.919e-16
04944.41 6.214e-16
04946.11 6.771e-16
04947.80 7.339e-16
04949.50 7.512e-16
04951.20 7.677e-16
04952.90 8.184e-16
04954.60 9.352e-16
04956.30 1.078e-15
04957.99 1.152e-15
04959.69 1.148e-15
04961.39 1.085e-15
04963.09 1.057e-15
04964.79 1.019e-15
04966.49 9.998e-16
04968.18 1.040e-15
04969.88 1.133e-15
04971.58 1.197e-15
04973.28 1.229e-15
04974.98 1.224e-15
04976.68 1.253e-15
04978.37 1.307e-15
04980.07 1.390e-15
04981.77 1.367e-15
04983.47 1.292e-15
04985.17 1.274e-15
04986.87 1.341e-15
04988.56 1.393e-15
04990.26 1.549e-15
04991.96 1.716e-15
04993.66 1.670e-15
04995.36 1.556e-15
04997.06 1.608e-15
04998.75 1.593e-15
05000.45 1.520e-15
05002.15 1.478e-15
05003.85 1.495e-15
05005.55 1.452e-15
05007.25 1.474e-15
05008.94 1.483e-15
05010.64 1.462e-15
05012.34 1.433e-15
05014.04 1.407e-15
05015.74 1.379e-15
05017.44 1.392e-15
05019.13 1.430e-15
05020.83 1.396e-15
05022.53 1.387e-15
05024.23 1.502e-15
05025.93 1.594e-15
05027.63 1.689e-15
05029.32 1.757e-15
05031.02 1.724e-15
05032.72 1.613e-15
05034.42 1.479e-15
05036.12 1.070e-15
05037.82 6.607e-16
05039.51 5.442e-16
05041.21 5.741e-16
05042.91 7.087e-16
05044.61 1.011e-15
05046.31 1.225e-15
05048.01 1.249e-15
05049.70 1.243e-15
05051.40 1.272e-15
05053.10 1.389e-15
05054.80 1.450e-15
05056.50 1.411e-15
05058.20 1.371e-15
05059.89 1.347e-15
05061.59 1.284e-15
05063.29 1.260e-15
05064.99 1.214e-15
05066.69 1.108e-15
05068.39 1.053e-15
05070.08 1.011e-15
05071.78 9.305e-16
05073.48 8.897e-16
05075.18 9.297e-16
05076.88 9.146e-16
05078.58 9.024e-16
05080.28 9.281e-16
05081.97 9.050e-16
05083.67 8.586e-16
05085.37 9.035e-16
05087.07 9.956e-16
05088.77 1.029e-15
05090.47 1.051e-15
05092.16 9.693e-16
05093.86 8.364e-16
05095.56 7.481e-16
05097.26 7.092e-16
05098.96 6.936e-16
05100.66 7.446e-16
05102.35 8.434e-16
05104.05 8.925e-16
05105.75 9.545e-16
05107.45 1.033e-15
05109.15 1.037e-15
05110.85 9.733e-16
05112.54 9.407e-16
05114.24 9.447e-16
05115.94 9.572e-16
05117.64 1.009e-15
05119.34 1.038e-15
05121.04 1.031e-15
05122.73 1.005e-15
05124.43 9.671e-16
05126.13 1.023e-15
05127.83 1.116e-15
05129.53 1.099e-15
05131.23 1.015e-15
05132.92 9.866e-16
05134.62 9.610e-16
05136.32 9.129e-16
05138.02 9.795e-16
05139.72 1.040e-15
05141.42 9.941e-16
05143.11 9.739e-16
05144.81 1.031e-15
05146.51 1.016e-15
05148.21 9.949e-16
05149.91 1.051e-15
05151.61 1.084e-15
05153.30 1.091e-15
05155.00 1.105e-15
05156.70 1.085e-15
05158.40 1.001e-15
05160.10 9.999e-16
05161.80 1.065e-15
05163.49 1.105e-15
05165.19 1.141e-15
05166.89 1.172e-15
05168.59 1.124e-15
05170.29 1.059e-15
05171.99 1.019e-15
05173.68 9.304e-16
05175.38 8.647e-16
05177.08 9.259e-16
05178.78 9.996e-16
05180.48 1.037e-15
05182.18 1.079e-15
05183.87 1.044e-15
05185.57 9.545e-16
05187.27 9.333e-16
05188.97 9.381e-16
05190.67 9.537e-16
05192.37 9.955e-16
05194.06 1.011e-15
05195.76 1.077e-15
05197.46 1.145e-15
05199.16 1.072e-15
05200.86 1.003e-15
05202.56 1.041e-15
05204.25 1.054e-15
05205.95 1.027e-15
05207.65 1.025e-15
05209.35 1.029e-15
05211.05 1.038e-15
05212.75 1.062e-15
05214.44 1.115e-15
05216.14 1.135e-15
05217.84 1.101e-15
05219.54 1.051e-15
05221.24 9.916e-16
05222.94 8.706e-16
05224.63 5.362e-16
05226.33 -7.702e-17
05228.03 -3.425e-16
05229.73 -4.462e-16
05231.43 -3.641e-16
05233.13 5.451e-18
05234.83 6.435e-16
05236.52 9.031e-16
05238.22 9.943e-16
05239.92 9.993e-16
05241.62 9.934e-16
05243.32 1.057e-15
05245.02 1.098e-15
05246.71 1.117e-15
05248.41 1.078e-15
05250.11 1.052e-15
05251.81 1.030e-15
05253.51 1.052e-15
05255.21 1.143e-15
05256.90 1.206e-15
05258.60 1.281e-15
05260.30 1.338e-15
05262.00 1.329e-15
05263.70 1.262e-15
05265.40 1.273e-15
05267.09 1.262e-15
05268.79 1.224e-15
05270.49 1.155e-15
05272.19 1.130e-15
05273.89 1.201e-15
05275.59 1.310e-15
05277.28 1.368e-15
05278.98 1.371e-15
05280.68 1.317e-15
05282.38 1.246e-15
05284.08 1.253e-15
05285.78 1.276e-15
05287.47 1.314e-15
05289.17 1.334e-15
05290.87 1.349e-15
05292.57 1.341e-15
05294.27 1.372e-15
05295.97 1.360e-15
05297.66 1.323e-15
05299.36 1.228e-15
05301.06 1.147e-15
05302.76 1.198e-15
05304.46 1.302e-15
05306.16 1.314e-15
05307.85 1.245e-15
05309.55 1.192e-15
05311.25 1.200e-15
05312.95 1.297e-15
05314.65 1.375e-15
05316.35 1.383e-15
05318.04 1.369e-15
05319.74 1.317e-15
05321.44 1.306e-15
05323.14 1.364e-15
05324.84 1.403e-15
05326.54 1.360e-15
05328.23 1.343e-15
05329.93 1.356e-15
05331.63 1.353e-15
05333.33 1.375e-15
05335.03 1.399e-15
05336.73 1.472e-15
05338.42 1.525e-15
05340.12 1.481e-15
05341.82 1.411e-15
05343.52 1.413e-15
05345.22 1.382e-15
05346.92 1.358e-15
05348.61 1.394e-15
05350.31 1.378e-15
05352.01 1.325e-15
05353.71 1.358e-15
05355.41 1.419e-15
05357.11 1.382e-15
05358.80 1.391e-15
05360.50 1.434e-15
05362.20 1.465e-15
05363.90 1.499e-15
05365.60 1.547e-15
05367.30 1.435e-15
05368.99 1.378e-15
05370.69 1.414e-15
05372.39 1.391e-15
05374.09 1.362e-15
05375.79 1.465e-15
05377.49 1.548e-15
05379.18 1.554e-15
05380.88 1.571e-15
05382.58 1.544e-15
05384.28 1.542e-15
05385.98 1.522e-15
05387.68 1.449e-15
05389.38 1.369e-15
05391.07 1.374e-15
05392.77 1.347e-15
05394.47 1.337e-15
05396.17 1.365e-15
05397.87 1.368e-15
05399.57 1.330e-15
05401.26 1.354e-15
05402.96 1.422e-15
05404.66 1.449e-15
05406.36 1.506e-15
05408.06 1.505e-15
05409.76 1.467e-15
05411.45 1.471e-15
05413.15 1.578e-15
05414.85 1.634e-15
05416.55 1.673e-15
05418.25 1.664e-15
05419.95 1.509e-15
05421.64 1.331e-15
05423.34 1.265e-15
05425.04 1.244e-15
05426.74 1.223e-15
05428.44 1.296e-15
05430.14 1.394e-15
05431.83 1.368e-15
05433.53 1.320e-15
05435.23 1.331e-15
05436.93 1.334e-15
05438.63 1.338e-15
05440.33 1.413e-15
05442.02 1.443e-15
05443.72 1.263e-15
05445.42 1.131e-15
05447.12 1.126e-15
05448.82 1.130e-15
05450.52 1.138e-15
05452.21 1.254e-15
05453.91 1.375e-15
05455.61 1.424e-15
05457.31 1.428e-15
05459.01 1.458e-15
05460.71 1.549e-15
05462.40 1.558e-15
05464.10 1.505e-15
05465.80 1.457e-15
05467.50 1.351e-15
05469.20 1.284e-15
05470.90 1.315e-15
05472.59 1.341e-15
05474.29 1.388e-15
05475.99 1.546e-15
05477.69 1.598e-15
05479.39 1.552e-15
05481.09 1.502e-15
05482.78 1.470e-15
05484.48 1.464e-15
05486.18 1.491e-15
05487.88 1.533e-15
05489.58 1.560e-15
05491.28 1.537e-15
05492.97 1.513e-15
05494.67 1.547e-15
05496.37 1.592e-15
05498.07 1.567e-15
05499.77 1.514e-15
05501.47 1.438e-15
05503.16 1.409e-15
05504.86 1.416e-15
05506.56 1.444e-15
05508.26 1.508e-15
05509.96 1.620e-15
05511.66 1.687e-15
05513.35 1.724e-15
05515.05 1.748e-15
05516.75 1.671e-15
05518.45 1.549e-15
05520.15 1.491e-15
05521.85 1.464e-15
05523.54 1.465e-15
05525.24 1.595e-15
05526.94 1.702e-15
05528.64 1.747e-15
05530.34 1.741e-15
05532.04 1.743e-15
05533.73 1.707e-15
05535.43 1.691e-15
05537.13 1.672e-15
05538.83 1.750e-15
05540.53 1.795e-15
05542.23 1.768e-15
05543.93 1.688e-15
05545.62 1.636e-15
05547.32 1.611e-15
05549.02 1.592e-15
05550.72 1.644e-15
05552.42 1.724e-15
05554.12 1.677e-15
05555.81 1.551e-15
05557.51 1.513e-15
05559.21 1.502e-15
05560.91 1.509e-15
05562.61 1.580e-15
05564.31 1.621e-15
05566.00 1.627e-15
05567.70 1.597e-15
05569.40 1.550e-15
05571.10 1.515e-15
05572.80 1.313e-15
05574.50 4.440e-16
05576.19 -4.815e-16
05577.89 -6.271e-16
05579.59 -5.244e-16
05581.29 -3.155e-16
05582.99 5.278e-16
05584.69 1.519e-15
05586.38 1.676e-15
05588.08 1.497e-15
05589.78 1.382e-15
05591.48 1.325e-15
05593.18 1.210e-15
05594.88 1.173e-15
05596.57 1.199e-15
05598.27 1.245e-15
05599.97 1.287e-15
05601.67 1.352e-15
05603.37 1.377e-15
05605.07 1.416e-15
05606.76 1.511e-15
05608.46 1.579e-15
05610.16 1.527e-15
05611.86 1.431e-15
05613.56 1.327e-15
05615.26 1.200e-15
05616.95 1.144e-15
05618.65 1.175e-15
05620.35 1.208e-15
05622.05 1.189e-15
05623.75 1.143e-15
05625.45 1.030e-15
05627.14 9.511e-16
05628.84 9.478e-16
05630.54 9.960e-16
05632.24 1.030e-15
05633.94 1.117e-15
05635.64 1.176e-15
05637.33 1.223e-15
05639.03 1.250e-15
05640.73 1.266e-15
05642.43 1.223e-15
05644.13 1.129e-15
05645.83 1.047e-15
05647.52 1.030e-15
05649.22 1.008e-15
05650.92 9.541e-16
05652.62 1.032e-15
05654.32 1.072e-15
05656.02 1.066e-15
05657.71 1.049e-15
05659.41 1.051e-15
05661.11 9.766e-16
05662.81 9.773e-16
05664.51 9.844e-16
05666.21 9.576e-16
05667.90 9.178e-16
05669.60 8.565e-16
05671.30 7.462e-16
05673.00 6.708e-16
05674.70 6.498e-16
05676.40 6.380e-16
05678.09 6.967e-16
05679.79 7.466e-16
05681.49 7.622e-16
05683.19 7.424e-16
05684.89 7.331e-16
05686.59 7.046e-16
05688.28 6.925e-16
05689.98 5.953e-16
05691.68 5.239e-16
05693.38 5.289e-16
05695.08 5.238e-16
05696.78 4.969e-16
05698.48 4.980e-16
05700.17 4.784e-16
05701.87 4.156e-16
05703.57 4.013e-16
05705.27 4.826e-16
05706.97 5.615e-16
05708.67 6.194e-16
05710.36 5.883e-16
05712.06 5.104e-16
05713.76 4.296e-16
05715.46 4.091e-16
05717.16 3.740e-16
05718.86 3.324e-16
05720.55 3.315e-16
05722.25 3.363e-16
05723.95 3.968e-16
05725.65 4.830e-16
05727.35 5.451e-16
05729.05 4.965e-16
05730.74 4.052e-16
05732.44 3.008e-16
05734.14 3.040e-16
05735.84 3.595e-16
05737.54 4.120e-16
05739.24 5.191e-16
05740.93 6.291e-16
05742.63 6.156e-16
05744.33 5.667e-16
05746.03 5.479e-16
05747.73 4.965e-16
05749.43 4.294e-16
05751.12 3.378e-16
05752.82 3.000e-16
05754.52 3.202e-16
05756.22 3.382e-16
05757.92 3.266e-16
05759.62 4.196e-16
05761.31 4.477e-16
05763.01 3.930e-16
05764.71 3.670e-16
05766.41 4.734e-16
05768.11 4.510e-16
05769.81 2.332e-16
05771.50 4.246e-17
05773.20 -7.243e-17
05774.90 -1.618e-16
05776.60 -6.955e-17
05778.30 2.405e-16
05780.00 4.785e-16
05781.69 6.479e-16
05783.39 7.939e-16
05785.09 8.215e-16
05786.79 6.897e-16
05788.49 6.680e-16
05790.19 7.320e-16
05791.88 7.618e-16
05793.58 7.551e-16
05795.28 8.770e-16
05796.98 9.910e-16
05798.68 9.713e-16
05800.38 9.354e-16
05802.07 9.921e-16
05803.77 9.798e-16
05805.47 9.683e-16
05807.17 1.023e-15
05808.87 1.055e-15
05810.57 1.056e-15
05812.26 1.134e-15
05813.96 1.088e-15
05815.66 1.035e-15
05817.36 1.147e-15
05819.06 1.256e-15
05820.76 1.350e-15
05822.45 1.459e-15
05824.15 1.474e-15
05825.85 1.420e-15
05827.55 1.418e-15
05829.25 1.399e-15
05830.95 1.454e-15
05832.64 1.446e-15
05834.34 1.428e-15
05836.04 1.465e-15
05837.74 1.533e-15
05839.44 1.587e-15
05841.14 1.615e-15
05842.83 1.615e-15
05844.53 1.598e-15
05846.23 1.585e-15
05847.93 1.596e-15
05849.63 1.650e-15
05851.33 1.724e-15
05853.03 1.770e-15
05854.72 1.765e-15
05856.42 1.698e-15
05858.12 1.613e-15
05859.82 1.598e-15
05861.52 1.678e-15
05863.22 1.800e-15
05864.91 1.908e-15
05866.61 1.945e-15
05868.31 1.896e-15
05870.01 1.822e-15
05871.71 1.770e-15
05873.41 1.749e-15
05875.10 1.763e-15
05876.80 1.799e-15
05878.50 1.843e-15
05880.20 1.888e-15
05881.90 1.929e-15
05883.60 1.971e-15
05885.29 2.018e-15
05886.99 2.045e-15
05888.69 2.032e-15
05890.39 1.985e-15
05892.09 1.915e-15
05893.79 1.862e-15
05895.48 1.865e-15
05897.18 1.924e-15
05898.88 2.024e-15
05900.58 2.136e-15
05902.28 2.224e-15
05903.98 2.271e-15
05905.67 2.274e-15
05907.37 2.236e-15
05909.07 2.169e-15
05910.77 2.093e-15
05912.47 2.033e-15
05914.17 1.992e-15
05915.86 1.958e-15
05917.56 1.923e-15
05919.26 1.885e-15
05920.96 1.852e-15
05922.66 1.843e-15
05924.36 1.873e-15
05926.05 1.964e-15
05927.75 2.092e-15
05929.45 2.166e-15
05931.15 2.135e-15
05932.85 2.042e-15
05934.55 1.939e-15
05936.24 1.884e-15
05937.94 1.912e-15
05939.64 1.968e-15
05941.34 2.001e-15
05943.04 2.012e-15
05944.74 2.006e-15
05946.43 1.990e-15
05948.13 1.973e-15
05949.83 1.962e-15
05951.53 1.964e-15
05953.23 1.982e-15
05954.93 2.018e-15
05956.62 2.036e-15
05958.32 1.995e-15
05960.02 1.927e-15
05961.72 1.894e-15
05963.42 1.892e-15
05965.12 1.894e-15
05966.81 1.872e-15
05968.51 1.798e-15
05970.21 1.706e-15
05971.91 1.666e-15
05973.61 1.696e-15
05975.31 1.771e-15
05977.00 1.848e-15
05978.70 1.857e-15
05980.40 1.799e-15
05982.10 1.758e-15
05983.80 1.769e-15
05985.50 1.782e-15
05987.19 1.773e-15
05988.89 1.754e-15
05990.59 1.736e-15
05992.29 1.745e-15
05993.99 1.784e-15
05995.69 1.792e-15
05997.38 1.733e-15
05999.08 1.672e-15
06000.78 1.662e-15
06002.48 1.669e-15
06004.18 1.658e-15
06005.88 1.635e-15
06007.58 1.612e-15
06009.27 1.615e-15
06010.97 1.667e-15
06012.67 1.740e-15
06014.37 1.796e-15
06016.07 1.812e-15
06017.77 1.768e-15
06019.46 1.698e-15
06021.16 1.657e-15
06022.86 1.635e-15
06024.56 1.595e-15
06026.26 1.542e-15
06027.96 1.504e-15
06029.65 1.497e-15
06031.35 1.535e-15
06033.05 1.582e-15
06034.75 1.559e-15
06036.45 1.467e-15
06038.15 1.390e-15
06039.84 1.372e-15
06041.54 1.420e-15
06043.24 1.506e-15
06044.94 1.541e-15
06046.64 1.494e-15
06048.34 1.435e-15
06050.03 1.416e-15
06051.73 1.447e-15
06053.43 1.523e-15
06055.13 1.575e-15
06056.83 1.561e-15
06058.53 1.545e-15
06060.22 1.575e-15
06061.92 1.595e-15
06063.62 1.555e-15
06065.32 1.470e-15
06067.02 1.368e-15
06068.72 1.319e-15
06070.41 1.387e-15
06072.11 1.487e-15
06073.81 1.509e-15
06075.51 1.469e-15
06077.21 1.421e-15
06078.91 1.382e-15
06080.60 1.360e-15
06082.30 1.353e-15
06084.00 1.350e-15
06085.70 1.344e-15
06087.40 1.331e-15
06089.10 1.314e-15
06090.79 1.304e-15
06092.49 1.309e-15
06094.19 1.336e-15
06095.89 1.375e-15
06097.59 1.399e-15
06099.29 1.394e-15
06100.98 1.365e-15
06102.68 1.324e-15
06104.38 1.287e-15
06106.08 1.268e-15
06107.78 1.267e-15
06109.48 1.286e-15
06111.17 1.315e-15
06112.87 1.346e-15
06114.57 1.373e-15
06116.27 1.388e-15
06117.97 1.388e-15
06119.67 1.373e-15
06121.36 1.351e-15
06123.06 1.331e-15
06124.76 1.302e-15
06126.46 1.252e-15
06128.16 1.213e-15
06129.86 1.216e-15
06131.55 1.249e-15
06133.25 1.290e-15
06134.95 1.335e-15
06136.65 1.381e-15
06138.35 1.414e-15
06140.05 1.413e-15
06141.74 1.380e-15
06143.44 1.321e-15
06145.14 1.264e-15
06146.84 1.254e-15
06148.54 1.274e-15
06150.24 1.269e-15
06151.93 1.230e-15
06153.63 1.187e-15
06155.33 1.168e-15
06157.03 1.215e-15
06158.73 1.305e-15
06160.43 1.332e-15
06162.13 1.263e-15
06163.82 1.184e-15
06165.52 1.144e-15
06167.22 1.134e-15
06168.92 1.143e-15
06170.62 1.155e-15
06172.32 1.158e-15
06174.01 1.178e-15
06175.71 1.228e-15
06177.41 1.268e-15
06179.11 1.269e-15
06180.81 1.259e-15
06182.51 1.265e-15
06184.20 1.251e-15
06185.90 1.185e-15
06187.60 1.114e-15
06189.30 1.095e-15
06191.00 1.131e-15
06192.70 1.217e-15
06194.39 1.290e-15
06196.09 1.272e-15
06197.79 1.213e-15
06199.49 1.212e-15
06201.19 1.253e-15
06202.89 1.269e-15
06204.58 1.245e-15
06206.28 1.185e-15
06207.98 1.130e-15
06209.68 1.153e-15
06211.38 1.228e-15
06213.08 1.242e-15
06214.77 1.181e-15
06216.47 1.130e-15
06218.17 1.132e-15
06219.87 1.181e-15
06221.57 1.255e-15
06223.27 1.298e-15
06224.96 1.281e-15
06226.66 1.216e-15
06228.36 1.128e-15
06230.06 1.049e-15
06231.76 1.011e-15
06233.46 1.027e-15
06235.15 1.096e-15
06236.85 1.175e-15
06238.55 1.224e-15
06240.25 1.244e-15
06241.95 1.241e-15
06243.65 1.224e-15
06245.34 1.201e-15
06247.04 1.185e-15
06248.74 1.187e-15
06250.44 1.192e-15
06252.14 1.180e-15
06253.84 1.167e-15
06255.53 1.173e-15
06257.23 1.202e-15
06258.93 1.247e-15
06260.63 1.293e-15
06262.33 1.319e-15
06264.03 1.323e-15
06265.72 1.320e-15
06267.42 1.304e-15
06269.12 1.258e-15
06270.82 1.195e-15
06272.52 1.153e-15
06274.22 1.146e-15
06275.91 1.162e-15
06277.61 1.187e-15
06279.31 1.204e-15
06281.01 1.206e-15
06282.71 1.201e-15
06284.41 1.202e-15
06286.10 1.233e-15
06287.80 1.298e-15
06289.50 1.341e-15
06291.20 1.328e-15
06292.90 1.299e-15
06294.60 1.281e-15
06296.29 1.239e-15
06297.99 1.151e-15
06299.69 1.065e-15
06301.39 1.028e-15
06303.09 1.041e-15
06304.79 1.093e-15
06306.48 1.161e-15
06308.18 1.220e-15
06309.88 1.253e-15
06311.58 1.249e-15
06313.28 1.215e-15
06314.98 1.165e-15
06316.68 1.134e-15
06318.37 1.164e-15
06320.07 1.222e-15
06321.77 1.242e-15
06323.47 1.213e-15
06325.17 1.159e-15
06326.87 1.102e-15
06328.56 1.068e-15
06330.26 1.065e-15
06331.96 1.085e-15
06333.66 1.119e-15
06335.36 1.161e-15
06337.06 1.199e-15
06338.75 1.209e-15
06340.45 1.192e-15
06342.15 1.185e-15
06343.85 1.203e-15
06345.55 1.217e-15
06347.25 1.203e-15
06348.94 1.163e-15
06350.64 1.105e-15
06352.34 1.059e-15
06354.04 1.047e-15
06355.74 1.057e-15
06357.44 1.076e-15
06359.13 1.111e-15
06360.83 1.165e-15
06362.53 1.228e-15
06364.23 1.285e-15
06365.93 1.297e-15
06367.63 1.230e-15
06369.32 1.136e-15
06371.02 1.084e-15
06372.72 1.074e-15
06374.42 1.085e-15
06376.12 1.082e-15
06377.82 1.018e-15
06379.51 9.491e-16
06381.21 9.815e-16
06382.91 1.083e-15
06384.61 1.142e-15
06386.31 1.134e-15
06388.01 1.098e-15
06389.70 1.070e-15
06391.40 1.088e-15
06393.10 1.148e-15
06394.80 1.186e-15
06396.50 1.180e-15
06398.20 1.161e-15
06399.89 1.141e-15
06401.59 1.097e-15
06403.29 1.026e-15
06404.99 9.601e-16
06406.69 9.268e-16
06408.39 9.509e-16
06410.08 1.035e-15
06411.78 1.120e-15
06413.48 1.155e-15
06415.18 1.150e-15
06416.88 1.120e-15
06418.58 1.098e-15
06420.27 1.114e-15
06421.97 1.151e-15
06423.67 1.186e-15
06425.37 1.190e-15
06427.07 1.141e-15
06428.77 1.061e-15
06430.46 9.815e-16
06432.16 9.446e-16
06433.86 9.930e-16
06435.56 1.075e-15
06437.26 1.102e-15
06438.96 1.081e-15
06440.65 1.066e-15
06442.35 1.069e-15
06444.05 1.081e-15
06445.75 1.099e-15
06447.45 1.125e-15
06449.15 1.151e-15
06450.84 1.162e-15
06452.54 1.156e-15
06454.24 1.144e-15
06455.94 1.135e-15
06457.64 1.139e-15
06459.34 1.155e-15
06461.03 1.165e-15
06462.73 1.152e-15
06464.43 1.104e-15
06466.13 1.025e-15
06467.83 9.603e-16
06469.53 9.413e-16
06471.23 9.603e-16
06472.92 1.002e-15
06474.62 1.029e-15
06476.32 1.016e-15
06478.02 1.002e-15
06479.72 1.026e-15
06481.42 1.074e-15
06483.11 1.122e-15
06484.81 1.140e-15
06486.51 1.098e-15
06488.21 1.037e-15
06489.91 1.012e-15
06491.61 1.010e-15
06493.30 9.971e-16
06495.00 9.697e-16
06496.70 9.345e-16
06498.40 9.027e-16
06500.10 8.878e-16
06501.80 8.943e-16
06503.49 9.193e-16
06505.19 9.554e-16
06506.89 9.943e-16
06508.59 1.014e-15
06510.29 9.775e-16
06511.99 8.961e-16
06513.68 8.334e-16
06515.38 8.159e-16
06517.08 8.187e-16
06518.78 8.216e-16
06520.48 8.074e-16
06522.18 7.751e-16
06523.87 7.632e-16
06525.57 7.928e-16
06527.27 8.398e-16
06528.97 8.792e-16
06530.67 8.845e-16
06532.37 8.405e-16
06534.06 7.782e-16
06535.76 7.288e-16
06537.46 6.841e-16
06539.16 6.360e-16
06540.86 6.247e-16
06542.56 6.853e-16
06544.25 7.558e-16
06545.95 7.620e-16
06547.65 7.207e-16
06549.35 6.729e-16
06551.05 6.340e-16
06552.75 6.122e-16
06554.44 6.170e-16
06556.14 6.555e-16
06557.84 7.032e-16
06559.54 7.210e-16
06561.24 7.003e-16
06562.94 6.510e-16
06564.63 5.992e-16
06566.33 5.846e-16
06568.03 6.139e-16
06569.73 6.619e-16
06571.43 7.093e-16
06573.13 7.423e-16
06574.82 7.551e-16
06576.52 7.561e-16
06578.22 7.504e-16
06579.92 7.330e-16
06581.62 7.109e-16
06583.32 7.176e-16
06585.01 7.649e-16
06586.71 8.063e-16
06588.41 8.107e-16
06590.11 8.041e-16
06591.81 8.099e-16
06593.51 8.274e-16
06595.20 8.549e-16
06596.90 9.024e-16
06598.60 9.735e-16
06600.30 1.024e-15
06602.00 1.010e-15
06603.70 9.624e-16
06605.39 9.217e-16
06607.09 9.230e-16
06608.79 9.960e-16
06610.49 1.091e-15
06612.19 1.132e-15
06613.89 1.131e-15
06615.58 1.141e-15
06617.28 1.162e-15
06618.98 1.168e-15
06620.68 1.170e-15
06622.38 1.196e-15
06624.08 1.242e-15
06625.78 1.282e-15
06627.47 1.304e-15
06629.17 1.305e-15
06630.87 1.297e-15
06632.57 1.308e-15
06634.27 1.336e-15
06635.97 1.329e-15
06637.66 1.277e-15
06639.36 1.247e-15
06641.06 1.273e-15
06642.76 1.329e-15
06644.46 1.389e-15
06646.16 1.427e-15
06647.85 1.428e-15
06649.55 1.420e-15
06651.25 1.425e-15
06652.95 1.432e-15
06654.65 1.431e-15
06656.35 1.420e-15
06658.04 1.399e-15
06659.74 1.390e-15
06661.44 1.417e-15
06663.14 1.429e-15
06664.84 1.364e-15
06666.54 1.289e-15
06668.23 1.298e-15
06669.93 1.364e-15
06671.63 1.419e-15
06673.33 1.445e-15
06675.03 1.436e-15
06676.73 1.417e-15
06678.42 1.432e-15
06680.12 1.473e-15
06681.82 1.506e-15
06683.52 1.500e-15
06685.22 1.423e-15
06686.92 1.297e-15
06688.61 1.199e-15
06690.31 1.166e-15
06692.01 1.193e-15
06693.71 1.266e-15
06695.41 1.353e-15
06697.11 1.425e-15
06698.80 1.461e-15
06700.50 1.469e-15
06702.20 1.523e-15
06703.90 1.650e-15
06705.60 1.749e-15
06707.30 1.746e-15
06708.99 1.672e-15
06710.69 1.570e-15
06712.39 1.498e-15
06714.09 1.504e-15
06715.79 1.556e-15
06717.49 1.610e-15
06719.18 1.638e-15
06720.88 1.617e-15
06722.58 1.565e-15
06724.28 1.507e-15
06725.98 1.479e-15
06727.68 1.512e-15
06729.37 1.563e-15
06731.07 1.561e-15
06732.77 1.509e-15
06734.47 1.441e-15
06736.17 1.385e-15
06737.87 1.371e-15
06739.56 1.390e-15
06741.26 1.412e-15
06742.96 1.423e-15
06744.66 1.423e-15
06746.36 1.414e-15
06748.06 1.400e-15
06749.75 1.390e-15
06751.45 1.391e-15
06753.15 1.406e-15
06754.85 1.426e-15
06756.55 1.444e-15
06758.25 1.458e-15
06759.94 1.461e-15
06761.64 1.448e-15
06763.34 1.417e-15
06765.04 1.380e-15
06766.74 1.351e-15
06768.44 1.350e-15
06770.13 1.386e-15
06771.83 1.421e-15
06773.53 1.419e-15
06775.23 1.386e-15
06776.93 1.336e-15
06778.63 1.302e-15
06780.33 1.313e-15
06782.02 1.337e-15
06783.72 1.331e-15
06785.42 1.313e-15
06787.12 1.312e-15
06788.82 1.328e-15
06790.52 1.349e-15
06792.21 1.355e-15
06793.91 1.319e-15
06795.61 1.255e-15
06797.31 1.196e-15
06799.01 1.167e-15
06800.71 1.189e-15
06802.40 1.245e-15
06804.10 1.291e-15
06805.80 1.308e-15
06807.50 1.303e-15
06809.20 1.287e-15
06810.90 1.270e-15
06812.59 1.258e-15
06814.29 1.250e-15
06815.99 1.243e-15
06817.69 1.235e-15
06819.39 1.226e-15
06821.09 1.219e-15
06822.78 1.219e-15
06824.48 1.239e-15
06826.18 1.281e-15
06827.88 1.317e-15
06829.58 1.323e-15
06831.28 1.306e-15
06832.97 1.278e-15
06834.67 1.256e-15
06836.37 1.253e-15
06838.07 1.253e-15
06839.77 1.236e-15
06841.47 1.217e-15
06843.16 1.214e-15
06844.86 1.215e-15
06846.56 1.201e-15
06848.26 1.168e-15
06849.96 1.115e-15
06851.66 1.065e-15
06853.35 1.046e-15
06855.05 1.064e-15
06856.75 1.113e-15
06858.45 1.167e-15
06860.15 1.184e-15
06861.85 1.159e-15
06863.54 1.120e-15
06865.24 1.079e-15
06866.94 1.029e-15
06868.64 9.817e-16
06870.34 9.676e-16
06872.04 9.930e-16
06873.73 1.033e-15
06875.43 1.063e-15
06877.13 1.052e-15
06878.83 9.941e-16
06880.53 9.493e-16
06882.23 9.482e-16
06883.92 9.279e-16
06885.62 8.512e-16
06887.32 7.802e-16
06889.02 7.673e-16
06890.72 8.146e-16
06892.42 9.095e-16
06894.11 9.856e-16
06895.81 9.807e-16
06897.51 9.229e-16
06899.21 8.567e-16
06900.91 8.090e-16
06902.61 8.017e-16
06904.30 8.198e-16
06906.00 8.350e-16
06907.70 8.464e-16
06909.40 8.622e-16
06911.10 8.715e-16
06912.80 8.572e-16
06914.49 8.238e-16
06916.19 7.849e-16
06917.89 7.625e-16
06919.59 7.863e-16
06921.29 8.345e-16
06922.99 8.420e-16
06924.68 7.956e-16
06926.38 7.348e-16
06928.08 6.827e-16
06929.78 6.457e-16
06931.48 6.261e-16
06933.18 6.121e-16
06934.88 6.078e-16
06936.57 6.545e-16
06938.27 7.576e-16
06939.97 8.406e-16
06941.67 8.541e-16
06943.37 8.267e-16
06945.07 7.885e-16
06946.76 7.552e-16
06948.46 7.410e-16
06950.16 7.723e-16
06951.86 8.559e-16
06953.56 8.428e-16
06955.26 6.077e-16
06956.95 3.669e-16
06958.65 3.652e-16
06960.35 5.432e-16
06962.05 7.731e-16
06963.75 9.568e-16
06965.45 1.003e-15
06967.14 9.632e-16
06968.84 9.509e-16
06970.54 9.722e-16
06972.24 9.881e-16
06973.94 9.986e-16
06975.64 1.019e-15
06977.33 1.054e-15
06979.03 1.100e-15
06980.73 1.145e-15
06982.43 1.165e-15
06984.13 1.160e-15
06985.83 1.161e-15
06987.52 1.169e-15
06989.22 1.150e-15
06990.92 1.103e-15
06992.62 1.076e-15
06994.32 1.094e-15
06996.02 1.133e-15
06997.71 1.179e-15
06999.41 1.231e-15
07001.11 1.288e-15
07002.81 1.342e-15
07004.51 1.385e-15
07006.21 1.392e-15
07007.90 1.353e-15
07009.60 1.325e-15
07011.30 1.356e-15
07013.00 1.411e-15
07014.70 1.448e-15
07016.40 1.464e-15
07018.09 1.465e-15
07019.79 1.469e-15
07021.49 1.498e-15
07023.19 1.533e-15
07024.89 1.546e-15
07026.59 1.533e-15
07028.28 1.497e-15
07029.98 1.459e-15
07031.68 1.447e-15
07033.38 1.454e-15
07035.08 1.451e-15
07036.78 1.442e-15
07038.47 1.455e-15
07040.17 1.484e-15
07041.87 1.497e-15
07043.57 1.490e-15
07045.27 1.481e-15
07046.97 1.488e-15
07048.66 1.530e-15
07050.36 1.596e-15
07052.06 1.628e-15
07053.76 1.601e-15
07055.46 1.551e-15
07057.16 1.506e-15
07058.85 1.477e-15
07060.55 1.471e-15
07062.25 1.483e-15
07063.95 1.505e-15
07065.65 1.537e-15
07067.35 1.575e-15
07069.04 1.600e-15
07070.74 1.596e-15
07072.44 1.589e-15
07074.14 1.604e-15
07075.84 1.610e-15
07077.54 1.574e-15
07079.23 1.518e-15
07080.93 1.471e-15
07082.63 1.445e-15
07084.33 1.441e-15
07086.03 1.462e-15
07087.73 1.507e-15
07089.43 1.556e-15
07091.12 1.587e-15
07092.82 1.582e-15
07094.52 1.523e-15
07096.22 1.445e-15
07097.92 1.420e-15
07099.62 1.454e-15
07101.31 1.502e-15
07103.01 1.533e-15
07104.71 1.533e-15
07106.41 1.498e-15
07108.11 1.440e-15
07109.81 1.381e-15
07111.50 1.360e-15
07113.20 1.387e-15
07114.90 1.419e-15
07116.60 1.427e-15
07118.30 1.435e-15
07120.00 1.454e-15
07121.69 1.452e-15
07123.39 1.418e-15
07125.09 1.406e-15
07126.79 1.459e-15
07128.49 1.517e-15
07130.19 1.526e-15
07131.88 1.542e-15
07133.58 1.621e-15
07135.28 1.663e-15
07136.98 1.560e-15
07138.68 1.397e-15
07140.38 1.298e-15
07142.07 1.269e-15
07143.77 1.284e-15
07145.47 1.316e-15
07147.17 1.334e-15
07148.87 1.333e-15
07150.57 1.322e-15
07152.26 1.314e-15
07153.96 1.326e-15
07155.66 1.340e-15
07157.36 1.312e-15
07159.06 1.253e-15
07160.76 1.228e-15
07162.45 1.249e-15
07164.15 1.278e-15
07165.85 1.287e-15
07167.55 1.249e-15
07169.25 1.172e-15
07170.95 1.125e-15
07172.64 1.144e-15
07174.34 1.205e-15
07176.04 1.277e-15
07177.74 1.304e-15
07179.44 1.261e-15
07181.14 1.214e-15
07182.83 1.213e-15
07184.53 1.220e-15
07186.23 1.204e-15
07187.93 1.186e-15
07189.63 1.186e-15
07191.33 1.203e-15
07193.02 1.232e-15
07194.72 1.242e-15
07196.42 1.202e-15
07198.12 1.159e-15
07199.82 1.176e-15
07201.52 1.229e-15
07203.21 1.272e-15
07204.91 1.284e-15
07206.61 1.251e-15
07208.31 1.207e-15
07210.01 1.212e-15
07211.71 1.249e-15
07213.40 1.258e-15
07215.10 1.238e-15
07216.80 1.229e-15
07218.50 1.228e-15
07220.20 1.189e-15
07221.90 1.129e-15
07223.59 1.133e-15
07225.29 1.208e-15
07226.99 1.260e-15
07228.69 1.245e-15
07230.39 1.202e-15
07232.09 1.165e-15
07233.79 1.174e-15
07235.48 1.234e-15
07237.18 1.248e-15
07238.88 1.167e-15
07240.58 1.102e-15
07242.28 1.136e-15
07243.98 1.202e-15
07245.67 1.238e-15
07247.37 1.254e-15
07249.07 1.262e-15
07250.77 1.285e-15
07252.47 1.339e-15
07254.17 1.386e-15
07255.86 1.383e-15
07257.56 1.344e-15
07259.26 1.301e-15
07260.96 1.275e-15
07262.66 1.286e-15
07264.36 1.313e-15
07266.05 1.322e-15
07267.75 1.311e-15
07269.45 1.303e-15
07271.15 1.285e-15
07272.85 1.229e-15
07274.55 1.164e-15
07276.24 1.166e-15
07277.94 1.221e-15
07279.64 1.235e-15
07281.34 1.193e-15
07283.04 1.159e-15
07284.74 1.164e-15
07286.43 1.192e-15
07288.13 1.230e-15
07289.83 1.261e-15
07291.53 1.272e-15
07293.23 1.258e-15
07294.93 1.227e-15
07296.62 1.221e-15
07298.32 1.260e-15
07300.02 1.307e-15
07301.72 1.326e-15
07303.42 1.307e-15
07305.12 1.251e-15
07306.81 1.208e-15
07308.51 1.226e-15
07310.21 1.280e-15
07311.91 1.337e-15
07313.61 1.366e-15
07315.31 1.340e-15
07317.00 1.298e-15
07318.70 1.294e-15
07320.40 1.302e-15
07322.10 1.268e-15
07323.80 1.224e-15
07325.50 1.235e-15
07327.19 1.265e-15
07328.89 1.229e-15
07330.59 1.167e-15
07332.29 1.202e-15
07333.99 1.302e-15
07335.69 1.322e-15
07337.38 1.252e-15
07339.08 1.191e-15
07340.78 1.188e-15
07342.48 1.238e-15
07344.18 1.320e-15
07345.88 1.375e-15
07347.57 1.372e-15
07349.27 1.318e-15
07350.97 1.234e-15
07352.67 1.155e-15
07354.37 1.116e-15
07356.07 1.138e-15
07357.76 1.221e-15
07359.46 1.303e-15
07361.16 1.333e-15
07362.86 1.317e-15
07364.56 1.273e-15
07366.26 1.223e-15
07367.95 1.193e-15
07369.65 1.182e-15
07371.35 1.184e-15
07373.05 1.193e-15
07374.75 1.200e-15
07376.45 1.209e-15
07378.14 1.226e-15
07379.84 1.231e-15
07381.54 1.199e-15
07383.24 1.153e-15
07384.94 1.138e-15
07386.64 1.142e-15
07388.34 1.123e-15
07390.03 1.085e-15
07391.73 1.046e-15
07393.43 1.037e-15
07395.13 1.102e-15
07396.83 1.211e-15
07398.53 1.270e-15
07400.22 1.253e-15
07401.92 1.214e-15
07403.62 1.186e-15
07405.32 1.171e-15
07407.02 1.174e-15
07408.72 1.203e-15
07410.41 1.242e-15
07412.11 1.230e-15
07413.81 1.146e-15
07415.51 1.076e-15
07417.21 1.081e-15
07418.91 1.119e-15
07420.60 1.153e-15
07422.30 1.182e-15
07424.00 1.203e-15
07425.70 1.192e-15
07427.40 1.135e-15
07429.10 1.071e-15
07430.79 1.046e-15
07432.49 1.054e-15
07434.19 1.077e-15
07435.89 1.111e-15
07437.59 1.147e-15
07439.29 1.179e-15
07440.98 1.203e-15
07442.68 1.206e-15
07444.38 1.173e-15
07446.08 1.128e-15
07447.78 1.116e-15
07449.48 1.131e-15
07451.17 1.141e-15
07452.87 1.144e-15
07454.57 1.164e-15
07456.27 1.193e-15
07457.97 1.198e-15
07459.67 1.166e-15
07461.36 1.103e-15
07463.06 1.040e-15
07464.76 1.049e-15
07466.46 1.138e-15
07468.16 1.208e-15
07469.86 1.201e-15
07471.55 1.150e-15
07473.25 1.085e-15
07474.95 1.034e-15
07476.65 1.017e-15
07478.35 1.026e-15
07480.05 1.046e-15
07481.74 1.050e-15
07483.44 1.018e-15
07485.14 9.979e-16
07486.84 1.036e-15
07488.54 1.082e-15
07490.24 1.085e-15
07491.93 1.070e-15
07493.63 1.077e-15
07495.33 1.099e-15
07497.03 1.121e-15
07498.73 1.132e-15
07500.43 1.129e-15
07502.12 1.106e-15
07503.82 1.062e-15
07505.52 1.025e-15
07507.22 1.046e-15
07508.92 1.093e-15
07510.62 1.078e-15
07512.31 1.010e-15
07514.01 9.727e-16
07515.71 9.887e-16
07517.41 1.031e-15
07519.11 1.075e-15
07520.81 1.095e-15
07522.50 1.081e-15
07524.20 1.037e-15
07525.90 9.848e-16
07527.60 9.662e-16
07529.30 9.992e-16
07531.00 1.045e-15
07532.69 1.075e-15
07534.39 1.092e-15
07536.09 1.098e-15
07537.79 1.102e-15
07539.49 1.110e-15
07541.19 1.105e-15
07542.89 1.077e-15
07544.58 1.044e-15
07546.28 1.025e-15
07547.98 1.023e-15
07549.68 1.031e-15
07551.38 1.059e-15
07553.08 1.111e-15
07554.77 1.155e-15
07556.47 1.150e-15
07558.17 1.122e-15
07559.87 1.123e-15
07561.57 1.129e-15
07563.27 1.089e-15
07564.96 1.026e-15
07566.66 9.981e-16
07568.36 9.988e-16
07570.06 9.833e-16
07571.76 9.528e-16
07573.46 9.425e-16
07575.15 9.565e-16
07576.85 9.716e-16
07578.55 9.801e-16
07580.25 9.906e-16
07581.95 1.004e-15
07583.65 1.012e-15
07585.34 1.008e-15
07587.04 9.832e-16
07588.74 9.421e-16
07590.44 9.246e-16
07592.14 9.456e-16
07593.84 9.479e-16
07595.53 8.974e-16
07597.23 8.462e-16
07598.93 8.359e-16
07600.63 8.464e-16
07602.33 8.562e-16
07604.03 8.563e-16
07605.72 8.419e-16
07607.42 8.380e-16
07609.12 8.701e-16
07610.82 9.271e-16
07612.52 9.890e-16
07614.22 1.035e-15
07615.91 1.046e-15
07617.61 1.025e-15
07619.31 9.852e-16
07621.01 9.430e-16
07622.71 9.151e-16
07624.41 9.022e-16
07626.10 8.967e-16
07627.80 8.874e-16
07629.50 8.598e-16
07631.20 8.224e-16
07632.90 8.033e-16
07634.60 8.059e-16
07636.29 8.071e-16
07637.99 8.110e-16
07639.69 8.543e-16
07641.39 9.352e-16
07643.09 9.992e-16
07644.79 1.012e-15
07646.48 9.688e-16
07648.18 8.882e-16
07649.88 8.471e-16
07651.58 8.855e-16
07653.28 9.369e-16
07654.98 9.494e-16
07656.67 9.384e-16
07658.37 9.188e-16
07660.07 8.862e-16
07661.77 8.423e-16
07663.47 8.233e-16
07665.17 8.595e-16
07666.86 9.138e-16
07668.56 9.415e-16
07670.26 9.508e-16
07671.96 9.601e-16
07673.66 9.514e-16
07675.36 9.009e-16
07677.05 8.440e-16
07678.75 8.339e-16
07680.45 8.607e-16
07682.15 8.902e-16
07683.85 8.942e-16
07685.55 8.447e-16
07687.24 7.705e-16
07688.94 7.392e-16
07690.64 7.576e-16
07692.34 7.824e-16
07694.04 8.033e-16
07695.74 8.421e-16
07697.44 8.938e-16
07699.13 9.238e-16
07700.83 9.220e-16
07702.53 9.130e-16
07704.23 9.058e-16
07705.93 8.781e-16
07707.63 8.270e-16
07709.32 7.872e-16
07711.02 7.832e-16
07712.72 8.202e-16
07714.42 8.874e-16
07716.12 9.146e-16
07717.82 8.571e-16
07719.51 8.024e-16
07721.21 8.294e-16
07722.91 9.094e-16
07724.61 1.001e-15
07726.31 1.064e-15
07728.01 1.067e-15
07729.70 1.029e-15
07731.40 9.849e-16
07733.10 9.566e-16
07734.80 9.622e-16
07736.50 9.902e-16
07738.20 1.018e-15
07739.89 1.030e-15
07741.59 1.016e-15
07743.29 9.896e-16
07744.99 9.776e-16
07746.69 9.884e-16
07748.39 1.019e-15
07750.08 1.055e-15
07751.78 1.076e-15
07753.48 1.071e-15
07755.18 1.043e-15
07756.88 9.969e-16
07758.58 9.359e-16
07760.27 8.828e-16
07761.97 8.913e-16
07763.67 9.700e-16
07765.37 1.045e-15
07767.07 1.073e-15
07768.77 1.091e-15
07770.46 1.115e-15
07772.16 1.113e-15
07773.86 1.070e-15
07775.56 1.034e-15
07777.26 1.041e-15
07778.96 1.076e-15
07780.65 1.117e-15
07782.35 1.146e-15
07784.05 1.148e-15
07785.75 1.129e-15
07787.45 1.096e-15
07789.15 1.068e-15
07790.84 1.065e-15
07792.54 1.080e-15
07794.24 1.101e-15
07795.94 1.134e-15
07797.64 1.191e-15
07799.34 1.246e-15
07801.03 1.258e-15
07802.73 1.237e-15
07804.43 1.225e-15
07806.13 1.222e-15
07807.83 1.201e-15
07809.53 1.163e-15
07811.22 1.127e-15
07812.92 1.101e-15
07814.62 1.077e-15
07816.32 1.064e-15
07818.02 1.096e-15
07819.72 1.163e-15
07821.41 1.188e-15
07823.11 1.143e-15
07824.81 1.090e-15
07826.51 1.064e-15
07828.21 1.045e-15
07829.91 1.023e-15
07831.60 1.020e-15
07833.30 1.044e-15
07835.00 1.051e-15
07836.70 1.010e-15
07838.40 9.651e-16
07840.10 9.577e-16
07841.79 9.811e-16
07843.49 1.022e-15
07845.19 1.078e-15
07846.89 1.145e-15
07848.59 1.189e-15
07850.29 1.179e-15
07851.99 1.122e-15
07853.68 1.042e-15
07855.38 9.782e-16
07857.08 9.764e-16
07858.78 1.017e-15
07860.48 1.050e-15
07862.18 1.065e-15
07863.87 1.071e-15
07865.57 1.084e-15
07867.27 1.133e-15
07868.97 1.195e-15
07870.67 1.207e-15
07872.37 1.152e-15
07874.06 1.067e-15
07875.76 9.783e-16
07877.46 9.068e-16
07879.16 8.703e-16
07880.86 8.811e-16
07882.56 9.353e-16
07884.25 1.005e-15
07885.95 1.061e-15
07887.65 1.070e-15
07889.35 1.020e-15
07891.05 9.648e-16
07892.75 9.457e-16
07894.44 9.545e-16
07896.14 9.790e-16
07897.84 1.005e-15
07899.54 1.018e-15
07901.24 1.034e-15
07902.94 1.066e-15
07904.63 1.103e-15
07906.33 1.129e-15
07908.03 1.132e-15
07909.73 1.102e-15
07911.43 1.058e-15
07913.13 1.029e-15
07914.82 1.018e-15
07916.52 1.020e-15
07918.22 1.017e-15
07919.92 9.882e-16
07921.62 9.446e-16
07923.32 9.184e-16
07925.01 9.174e-16
07926.71 9.350e-16
07928.41 9.543e-16
07930.11 9.466e-16
07931.81 9.162e-16
07933.51 9.037e-16
07935.20 9.165e-16
07936.90 9.205e-16
07938.60 8.998e-16
07940.30 8.597e-16
07942.00 8.209e-16
07943.70 8.417e-16
07945.39 9.370e-16
07947.09 1.014e-15
07948.79 1.016e-15
07950.49 1.001e-15
07952.19 1.015e-15
07953.89 1.052e-15
07955.58 1.098e-15
07957.28 1.116e-15
07958.98 1.076e-15
07960.68 1.023e-15
07962.38 1.006e-15
07964.08 1.015e-15
07965.77 1.030e-15
07967.47 1.031e-15
07969.17 9.998e-16
07970.87 9.641e-16
07972.57 9.628e-16
07974.27 1.001e-15
07975.96 1.074e-15
07977.66 1.128e-15
07979.36 1.085e-15
07981.06 9.909e-16
07982.76 9.641e-16
07984.46 1.001e-15
07986.15 1.011e-15
07987.85 9.888e-16
07989.55 9.984e-16
07991.25 1.040e-15
07992.95 1.055e-15
07994.65 1.021e-15
07996.34 9.570e-16
07998.04 8.847e-16
07999.74 8.310e-16
08001.44 8.090e-16
08003.14 7.966e-16
08004.84 7.884e-16
08006.54 8.298e-16
08008.23 9.309e-16
08009.93 9.962e-16
08011.63 9.618e-16
08013.33 8.864e-16
08015.03 8.311e-16
08016.73 8.366e-16
08018.42 9.258e-16
08020.12 1.013e-15
08021.82 1.009e-15
08023.52 9.657e-16
08025.22 9.525e-16
08026.92 9.494e-16
08028.61 9.194e-16
08030.31 9.009e-16
08032.01 9.503e-16
08033.71 1.015e-15
08035.41 1.006e-15
08037.11 9.435e-16
08038.80 8.954e-16
08040.50 8.883e-16
08042.20 9.290e-16
08043.90 9.856e-16
08045.60 9.945e-16
08047.30 9.533e-16
08048.99 9.135e-16
08050.69 8.949e-16
08052.39 8.861e-16
08054.09 8.800e-16
08055.79 8.713e-16
08057.49 8.570e-16
08059.18 8.376e-16
08060.88 8.204e-16
08062.58 8.274e-16
08064.28 8.648e-16
08065.98 9.010e-16
08067.68 9.122e-16
08069.37 9.007e-16
08071.07 8.722e-16
08072.77 8.382e-16
08074.47 8.109e-16
08076.17 8.039e-16
08077.87 8.211e-16
08079.56 8.433e-16
08081.26 8.440e-16
08082.96 7.216e-16
08084.66 3.902e-16
08086.36 -2.275e-17
08088.06 -3.451e-16
08089.75 -4.344e-16
08091.45 -1.751e-16
08093.15 2.735e-16
08094.85 6.439e-16
08096.55 8.464e-16
08098.25 8.753e-16
08099.94 8.086e-16
08101.64 7.882e-16
08103.34 8.213e-16
08105.04 8.115e-16
08106.74 7.601e-16
08108.44 7.500e-16
08110.13 7.905e-16
08111.83 8.208e-16
08113.53 8.119e-16
08115.23 7.703e-16
08116.93 7.159e-16
08118.63 6.953e-16
08120.32 7.294e-16
08122.02 7.873e-16
08123.72 8.394e-16
08125.42 8.644e-16
08127.12 8.488e-16
08128.82 7.982e-16
08130.51 7.291e-16
08132.21 6.935e-16
08133.91 7.271e-16
08135.61 7.738e-16
08137.31 7.775e-16
08139.01 7.515e-16
08140.70 7.185e-16
08142.40 6.858e-16
08144.10 6.593e-16
08145.80 6.657e-16
08147.50 7.312e-16
08149.20 8.087e-16
08150.89 8.308e-16
08152.59 8.088e-16
08154.29 7.835e-16
08155.99 7.739e-16
08157.69 7.913e-16
08159.39 8.188e-16
08161.09 8.211e-16
08162.78 7.960e-16
08164.48 7.634e-16
08166.18 7.424e-16
08167.88 7.545e-16
08169.58 7.920e-16
08171.28 8.124e-16
08172.97 8.058e-16
08174.67 8.071e-16
08176.37 8.278e-16
08178.07 8.425e-16
08179.77 8.360e-16
08181.47 8.077e-16
08183.16 7.663e-16
08184.86 7.484e-16
08186.56 7.722e-16
08188.26 7.952e-16
08189.96 7.849e-16
08191.66 7.639e-16
08193.35 7.521e-16
08195.05 7.347e-16
08196.75 6.995e-16
08198.45 6.766e-16
08200.15 6.949e-16
08201.85 7.266e-16
08203.54 7.370e-16
08205.24 7.397e-16
08206.94 7.578e-16
08208.64 7.910e-16
08210.34 8.329e-16
08212.04 8.643e-16
08213.73 8.617e-16
08215.43 8.294e-16
08217.13 7.860e-16
08218.83 7.448e-16
08220.53 7.167e-16
08222.23 7.016e-16
08223.92 6.893e-16
08225.62 6.759e-16
08227.32 6.646e-16
08229.02 6.498e-16
08230.72 6.140e-16
08232.42 5.667e-16
08234.11 5.549e-16
08235.81 5.923e-16
08237.51 6.394e-16
08239.21 6.703e-16
08240.91 6.891e-16
08242.61 6.973e-16
08244.30 6.890e-16
08246.00 6.671e-16
08247.70 6.610e-16
08249.40 6.890e-16
08251.10 7.212e-16
08252.80 7.303e-16
08254.49 7.255e-16
08256.19 7.177e-16
08257.89 7.024e-16
08259.59 6.760e-16
08261.29 6.439e-16
08262.99 6.129e-16
08264.68 5.969e-16
08266.38 6.085e-16
08268.08 6.333e-16
08269.78 6.480e-16
08271.48 6.422e-16
08273.18 6.113e-16
08274.87 5.639e-16
08276.57 5.171e-16
08278.27 4.771e-16
08279.97 4.420e-16
08281.67 4.212e-16
08283.37 4.313e-16
08285.06 4.708e-16
08286.76 5.230e-16
08288.46 5.710e-16
08290.16 5.994e-16
08291.86 5.963e-16
08293.56 5.534e-16
08295.25 4.812e-16
08296.95 4.200e-16
08298.65 3.921e-16
08300.35 3.819e-16
08302.05 3.750e-16
08303.75 3.621e-16
08305.44 3.371e-16
08307.14 3.048e-16
08308.84 2.735e-16
08310.54 2.665e-16
08312.24 2.984e-16
08313.94 3.328e-16
08315.64 3.349e-16
08317.33 3.267e-16
08319.03 3.346e-16
08320.73 3.433e-16
08322.43 3.326e-16
08324.13 3.052e-16
08325.83 2.697e-16
08327.52 2.352e-16
08329.22 2.103e-16
08330.92 2.001e-16
08332.62 2.076e-16
08334.32 2.176e-16
08336.02 2.055e-16
08337.71 1.780e-16
08339.41 1.609e-16
08341.11 1.617e-16
08342.81 1.715e-16
08344.51 1.926e-16
08346.21 2.416e-16
08347.90 2.887e-16
08349.60 2.460e-16
08351.30 1.209e-16
08353.00 5.332e-17
08354.70 1.022e-16
08356.40 1.946e-16
08358.09 2.702e-16
08359.79 2.859e-16
08361.49 2.312e-16
08363.19 1.939e-16
08364.89 2.303e-16
08366.59 2.730e-16
08368.28 2.700e-16
08369.98 2.599e-16
08371.68 2.759e-16
08373.38 2.949e-16
08375.08 2.940e-16
08376.78 2.901e-16
08378.47 3.019e-16
08380.17 3.077e-16
08381.87 2.823e-16
08383.57 2.366e-16
08385.27 1.891e-16
08386.97 1.641e-16
08388.66 1.878e-16
08390.36 2.251e-16
08392.06 2.154e-16
08393.76 1.771e-16
08395.46 1.675e-16
08397.16 1.946e-16
08398.85 2.378e-16
08400.55 2.828e-16
08402.25 3.163e-16
08403.95 3.357e-16
08405.65 3.529e-16
08407.35 3.612e-16
08409.04 3.286e-16
08410.74 2.647e-16
08412.44 2.364e-16
08414.14 2.704e-16
08415.84 3.272e-16
08417.54 3.741e-16
08419.23 3.917e-16
08420.93 3.729e-16
08422.63 3.451e-16
08424.33 3.315e-16
08426.03 3.303e-16
08427.73 3.392e-16
08429.42 3.612e-16
08431.12 3.945e-16
08432.82 4.181e-16
08434.52 4.127e-16
08436.22 3.860e-16
08437.92 3.511e-16
08439.61 3.037e-16
08441.31 2.396e-16
08443.01 1.926e-16
08444.71 2.025e-16
08446.41 2.538e-16
08448.11 3.107e-16
08449.80 3.660e-16
08451.50 4.228e-16
08453.20 4.667e-16
08454.90 4.784e-16
08456.60 4.523e-16
08458.30 3.896e-16
08459.99 3.223e-16
08461.69 3.070e-16
08463.39 3.466e-16
08465.09 3.934e-16
08466.79 4.200e-16
08468.49 4.209e-16
08470.19 3.989e-16
08471.88 3.708e-16
08473.58 3.519e-16
08475.28 3.531e-16
08476.98 3.757e-16
08478.68 3.967e-16
08480.38 4.062e-16
08482.07 4.337e-16
08483.77 4.948e-16
08485.47 5.628e-16
08487.17 6.097e-16
08488.87 6.004e-16
08490.57 5.172e-16
08492.26 4.400e-16
08493.96 4.452e-16
08495.66 4.891e-16
08497.36 5.135e-16
08499.06 5.402e-16
08500.76 6.007e-16
08502.45 6.610e-16
08504.15 6.754e-16
08505.85 6.526e-16
08507.55 6.184e-16
08509.25 5.991e-16
08510.95 6.205e-16
08512.64 6.731e-16
08514.34 7.283e-16
08516.04 7.640e-16
08517.74 7.621e-16
08519.44 7.291e-16
08521.14 6.919e-16
08522.83 6.653e-16
08524.53 6.529e-16
08526.23 6.513e-16
08527.93 6.452e-16
08529.63 6.368e-16
08531.33 6.596e-16
08533.02 7.125e-16
08534.72 7.304e-16
08536.42 6.910e-16
08538.12 6.688e-16
08539.82 7.029e-16
08541.52 7.316e-16
08543.21 7.150e-16
08544.91 6.952e-16
08546.61 7.056e-16
08548.31 7.317e-16
08550.01 7.577e-16
08551.71 7.690e-16
08553.40 7.557e-16
08555.10 7.596e-16
08556.80 8.222e-16
08558.50 8.898e-16
08560.20 8.959e-16
08561.90 8.481e-16
08563.59 7.739e-16
08565.29 7.189e-16
08566.99 7.348e-16
08568.69 8.009e-16
08570.39 8.636e-16
08572.09 9.099e-16
08573.78 9.465e-16
08575.48 9.746e-16
08577.18 9.949e-16
08578.88 1.008e-15
08580.58 1.015e-15
08582.28 1.012e-15
08583.97 9.891e-16
08585.67 9.666e-16
08587.37 1.013e-15
08589.07 1.123e-15
08590.77 1.179e-15
08592.47 1.140e-15
08594.16 1.092e-15
08595.86 1.087e-15
08597.56 1.103e-15
08599.26 1.125e-15
08600.96 1.156e-15
08602.66 1.193e-15
08604.35 1.221e-15
08606.05 1.231e-15
08607.75 1.238e-15
08609.45 1.257e-15
08611.15 1.292e-15
08612.85 1.338e-15
08614.54 1.376e-15
08616.24 1.382e-15
08617.94 1.368e-15
08619.64 1.351e-15
08621.34 1.337e-15
08623.04 1.331e-15
08624.74 1.336e-15
08626.43 1.352e-15
08628.13 1.389e-15
08629.83 1.464e-15
08631.53 1.539e-15
08633.23 1.544e-15
08634.93 1.492e-15
08636.62 1.450e-15
08638.32 1.428e-15
08640.02 1.389e-15
08641.72 1.342e-15
08643.42 1.341e-15
08645.12 1.390e-15
08646.81 1.442e-15
08648.51 1.474e-15
08650.21 1.496e-15
08651.91 1.510e-15
08653.61 1.500e-15
08655.31 1.466e-15
08657.00 1.431e-15
08658.70 1.418e-15
08660.40 1.461e-15
08662.10 1.567e-15
08663.80 1.654e-15
08665.50 1.658e-15
08667.19 1.617e-15
08668.89 1.576e-15
08670.59 1.566e-15
08672.29 1.610e-15
08673.99 1.679e-15
08675.69 1.737e-15
08677.38 1.750e-15
08679.08 1.687e-15
08680.78 1.588e-15
08682.48 1.507e-15
08684.18 1.463e-15
08685.88 1.457e-15
08687.57 1.495e-15
08689.27 1.583e-15
08690.97 1.679e-15
08692.67 1.718e-15
08694.37 1.699e-15
08696.07 1.663e-15
08697.76 1.643e-15
08699.46 1.667e-15
08701.16 1.723e-15
08702.86 1.755e-15
08704.56 1.746e-15
08706.26 1.721e-15
08707.95 1.698e-15
08709.65 1.681e-15
08711.35 1.667e-15
08713.05 1.633e-15
08714.75 1.581e-15
08716.45 1.569e-15
08718.14 1.623e-15
08719.84 1.684e-15
08721.54 1.701e-15
08723.24 1.675e-15
08724.94 1.616e-15
08726.64 1.572e-15
08728.33 1.584e-15
08730.03 1.636e-15
08731.73 1.704e-15
08733.43 1.742e-15
08735.13 1.710e-15
08736.83 1.652e-15
08738.52 1.629e-15
08740.22 1.638e-15
08741.92 1.657e-15
08743.62 1.673e-15
08745.32 1.677e-15
08747.02 1.670e-15
08748.71 1.661e-15
08750.41 1.643e-15
08752.11 1.597e-15
08753.81 1.543e-15
08755.51 1.525e-15
08757.21 1.542e-15
08758.90 1.548e-15
08760.60 1.554e-15
08762.30 1.631e-15
08764.00 1.773e-15
08765.70 1.886e-15
08767.40 1.905e-15
08769.09 1.793e-15
08770.79 1.584e-15
08772.49 1.455e-15
08774.19 1.492e-15
08775.89 1.577e-15
08777.59 1.616e-15
08779.29 1.601e-15
08780.98 1.536e-15
08782.68 1.453e-15
08784.38 1.388e-15
08786.08 1.372e-15
08787.78 1.421e-15
08789.48 1.490e-15
08791.17 1.529e-15
08792.87 1.520e-15
08794.57 1.456e-15
08796.27 1.389e-15
08797.97 1.381e-15
08799.67 1.396e-15
08801.36 1.368e-15
08803.06 1.317e-15
08804.76 1.289e-15
08806.46 1.278e-15
08808.16 1.257e-15
08809.86 1.217e-15
08811.55 1.155e-15
08813.25 1.086e-15
08814.95 1.042e-15
08816.65 1.026e-15
08818.35 1.017e-15
08820.05 1.012e-15
08821.74 1.027e-15
08823.44 1.053e-15
08825.14 1.052e-15
08826.84 1.020e-15
08828.54 9.937e-16
08830.24 9.939e-16
08831.93 1.005e-15
08833.63 1.014e-15
08835.33 1.010e-15
08837.03 9.887e-16
08838.73 9.634e-16
08840.43 9.500e-16
08842.12 9.650e-16
08843.82 1.017e-15
08845.52 1.084e-15
08847.22 1.141e-15
08848.92 1.190e-15
08850.62 1.231e-15
08852.31 1.231e-15
08854.01 1.156e-15
08855.71 1.068e-15
08857.41 1.046e-15
08859.11 1.066e-15
08860.81 1.081e-15
08862.50 1.086e-15
08864.20 1.090e-15
08865.90 1.091e-15
08867.60 1.085e-15
08869.30 1.076e-15
08871.00 1.071e-15
08872.69 1.078e-15
08874.39 1.107e-15
08876.09 1.143e-15
08877.79 1.152e-15
08879.49 1.125e-15
08881.19 1.084e-15
08882.88 1.045e-15
08884.58 1.022e-15
08886.28 1.018e-15
08887.98 1.011e-15
08889.68 9.922e-16
08891.38 9.910e-16
08893.07 1.015e-15
08894.77 1.025e-15
08896.47 9.989e-16
08898.17 9.694e-16
08899.87 9.593e-16
08901.57 9.481e-16
08903.26 9.195e-16
08904.96 8.846e-16
08906.66 8.553e-16
08908.36 8.404e-16
08910.06 8.459e-16
08911.76 8.651e-16
08913.45 8.886e-16
08915.15 9.004e-16
08916.85 8.867e-16
08918.55 8.604e-16
08920.25 8.406e-16
08921.95 8.565e-16
08923.64 9.400e-16
08925.34 1.044e-15
08927.04 1.082e-15
08928.74 1.060e-15
08930.44 1.034e-15
08932.14 1.014e-15
08933.84 9.722e-16
08935.53 9.271e-16
08937.23 9.259e-16
08938.93 9.727e-16
08940.63 1.032e-15
08942.33 1.065e-15
08944.03 1.029e-15
08945.72 9.258e-16
08947.42 8.268e-16
08949.12 7.813e-16
08950.82 7.932e-16
08952.52 8.506e-16
08954.22 9.039e-16
08955.91 9.182e-16
08957.61 9.142e-16
08959.31 9.106e-16
08961.01 9.052e-16
08962.71 8.975e-16
08964.41 8.929e-16
08966.10 8.948e-16
08967.80 9.026e-16
08969.50 9.138e-16
08971.20 9.100e-16
08972.90 8.745e-16
08974.60 8.243e-16
08976.29 7.847e-16
08977.99 7.625e-16
08979.69 7.574e-16
08981.39 7.734e-16
08983.09 8.150e-16
08984.79 8.531e-16
08986.48 8.464e-16
08988.18 7.929e-16
08989.88 7.112e-16
08991.58 6.498e-16
08993.28 6.766e-16
08994.98 7.928e-16
08996.67 9.495e-16
08998.37 1.065e-15
09000.07 1.013e-15
09001.77 8.136e-16
09003.47 6.846e-16
09005.17 7.123e-16
09006.86 7.668e-16
09008.56 7.792e-16
09010.26 7.979e-16
09011.96 8.372e-16
09013.66 8.430e-16
09015.36 7.852e-16
09017.05 6.901e-16
09018.75 5.906e-16
09020.45 5.295e-16
09022.15 5.392e-16
09023.85 6.042e-16
09025.55 6.986e-16
09027.24 7.891e-16
09028.94 8.442e-16
09030.64 8.548e-16
09032.34 8.221e-16
09034.04 7.699e-16
09035.74 7.281e-16
09037.43 7.086e-16
09039.13 7.151e-16
09040.83 7.413e-16
09042.53 7.763e-16
09044.23 7.977e-16
09045.93 7.768e-16
09047.62 7.337e-16
09049.32 7.191e-16
09051.02 7.315e-16
09052.72 7.314e-16
09054.42 7.175e-16
09056.12 7.202e-16
09057.81 7.442e-16
09059.51 7.707e-16
09061.21 7.840e-16
09062.91 7.709e-16
09064.61 7.329e-16
09066.31 6.964e-16
09068.00 6.813e-16
09069.70 6.943e-16
09071.40 7.359e-16
09073.10 7.954e-16
09074.80 8.578e-16
09076.50 8.987e-16
09078.19 9.025e-16
09079.89 8.902e-16
09081.59 8.810e-16
09083.29 8.572e-16
09084.99 8.055e-16
09086.69 7.730e-16
09088.39 8.038e-16
09090.08 8.524e-16
09091.78 8.623e-16
09093.48 8.427e-16
09095.18 8.165e-16
09096.88 8.132e-16
09098.58 8.663e-16
09100.27 9.211e-16
09101.97 8.883e-16
09103.67 8.122e-16
09105.37 7.989e-16
09107.07 8.527e-16
09108.77 9.237e-16
09110.46 9.697e-16
09112.16 9.475e-16
09113.86 8.794e-16
09115.56 8.523e-16
09117.26 8.769e-16
09118.96 8.789e-16
09120.65 8.335e-16
09122.35 7.786e-16
09124.05 7.331e-16
09125.75 6.898e-16
09127.45 6.489e-16
09129.15 6.202e-16
09130.84 6.103e-16
09132.54 6.189e-16
09134.24 6.455e-16
09135.94 6.918e-16
09137.64 7.546e-16
09139.34 8.202e-16
09141.03 8.728e-16
09142.73 8.825e-16
09144.43 8.294e-16
09146.13 7.474e-16
09147.83 6.772e-16
09149.53 6.392e-16
09151.22 6.466e-16
09152.92 6.739e-16
09154.62 6.849e-16
09156.32 6.873e-16
09158.02 7.035e-16
09159.72 7.112e-16
09161.41 6.727e-16
09163.11 6.151e-16
09164.81 5.946e-16
09166.51 6.191e-16
09168.21 6.713e-16
09169.91 7.176e-16
09171.60 7.062e-16
09173.30 6.561e-16
09175.00 6.528e-16
09176.70 7.078e-16
09178.40 7.544e-16
09180.10 7.539e-16
09181.79 6.958e-16
09183.49 6.055e-16
09185.19 5.776e-16
09186.89 6.456e-16
09188.59 7.114e-16
09190.29 7.155e-16
09191.98 7.022e-16
09193.68 7.033e-16
09195.38 7.037e-16
09197.08 6.959e-16
09198.78 7.065e-16
09200.48 7.517e-16
09202.17 7.860e-16
09203.87 7.683e-16
09205.57 7.225e-16
09207.27 6.807e-16
09208.97 6.595e-16
09210.67 6.714e-16
09212.36 7.006e-16
09214.06 7.229e-16
09215.76 7.457e-16
09217.46 7.850e-16
09219.16 8.240e-16
09220.86 8.362e-16
09222.55 8.141e-16
09224.25 7.585e-16
09225.95 6.962e-16
09227.65 6.719e-16
09229.35 6.824e-16
09231.05 6.858e-16
09232.74 6.823e-16
09234.44 7.125e-16
09236.14 7.687e-16
09237.84 7.905e-16
09239.54 7.640e-16
09241.24 7.364e-16
09242.94 7.343e-16
09244.63 7.534e-16
09246.33 7.853e-16
09248.03 8.052e-16
09249.73 8.041e-16
09251.43 8.232e-16
09253.13 8.813e-16
09254.82 9.183e-16
09256.52 8.925e-16
09258.22 8.430e-16
09259.92 8.104e-16
09261.62 8.162e-16
09263.32 8.720e-16
09265.01 9.335e-16
09266.71 9.527e-16
09268.41 9.463e-16
09270.11 9.419e-16
09271.81 9.437e-16
09273.51 9.521e-16
09275.20 9.451e-16
09276.90 8.935e-16
09278.60 8.274e-16
09280.30 8.005e-16
09282.00 8.079e-16
09283.70 8.148e-16
09285.39 8.177e-16
09287.09 8.306e-16
09288.79 8.478e-16
09290.49 8.504e-16
09292.19 8.360e-16
09293.89 8.166e-16
09295.58 7.968e-16
09297.28 7.743e-16
09298.98 7.477e-16
09300.68 7.109e-16
09302.38 6.797e-16
09304.08 7.116e-16
09305.77 8.210e-16
09307.47 9.399e-16
09309.17 1.009e-15
09310.87 9.776e-16
09312.57 8.440e-16
09314.27 7.742e-16
09315.96 8.738e-16
09317.66 9.397e-16
09319.36 8.040e-16
09321.06 6.054e-16
09322.76 4.937e-16
09324.46 4.751e-16
09326.15 5.314e-16
09327.85 6.101e-16
09329.55 6.507e-16
09331.25 6.480e-16
09332.95 6.140e-16
09334.65 5.841e-16
09336.34 6.021e-16
09338.04 6.510e-16
09339.74 6.878e-16
09341.44 7.033e-16
09343.14 7.052e-16
09344.84 6.927e-16
09346.53 6.626e-16
09348.23 6.239e-16
09349.93 5.916e-16
09351.63 5.825e-16
09353.33 6.151e-16
09355.03 6.796e-16
09356.72 7.375e-16
09358.42 7.549e-16
09360.12 6.985e-16
09361.82 5.839e-16
09363.52 5.149e-16
09365.22 5.393e-16
09366.91 5.847e-16
09368.61 5.956e-16
09370.31 5.587e-16
09372.01 4.792e-16
09373.71 4.261e-16
09375.41 4.518e-16
09377.10 5.174e-16
09378.80 5.817e-16
09380.50 6.438e-16
09382.20 7.042e-16
09383.90 7.523e-16
09385.60 7.790e-16
09387.29 7.944e-16
09388.99 8.122e-16
09390.69 8.142e-16
09392.39 7.765e-16
09394.09 7.321e-16
09395.79 7.301e-16
09397.49 7.644e-16
09399.18 8.058e-16
09400.88 8.312e-16
09402.58 8.227e-16
09404.28 7.671e-16
09405.98 6.514e-16
09407.68 5.295e-16
09409.37 5.089e-16
09411.07 5.886e-16
09412.77 6.654e-16
09414.47 6.908e-16
09416.17 6.779e-16
09417.87 6.420e-16
09419.56 6.067e-16
09421.26 5.930e-16
09422.96 6.125e-16
09424.66 6.623e-16
09426.36 7.123e-16
09428.06 7.369e-16
09429.75 7.233e-16
09431.45 6.726e-16
09433.15 6.285e-16
09434.85 6.259e-16
09436.55 6.503e-16
09438.25 6.824e-16
09439.94 6.970e-16
09441.64 6.742e-16
09443.34 6.566e-16
09445.04 6.896e-16
09446.74 7.324e-16
09448.44 7.317e-16
09450.13 7.089e-16
09451.83 7.032e-16
09453.53 7.150e-16
09455.23 7.327e-16
09456.93 7.514e-16
09458.63 7.691e-16
09460.32 7.722e-16
09462.02 7.400e-16
09463.72 6.990e-16
09465.42 7.073e-16
09467.12 7.558e-16
09468.82 7.825e-16
09470.51 7.748e-16
09472.21 7.644e-16
09473.91 7.670e-16
09475.61 7.844e-16
09477.31 8.073e-16
09479.01 8.064e-16
09480.70 7.706e-16
09482.40 7.212e-16
09484.10 6.760e-16
09485.80 6.472e-16
09487.50 6.381e-16
09489.20 6.217e-16
09490.89 5.844e-16
09492.59 5.689e-16
09494.29 6.038e-16
09495.99 6.465e-16
09497.69 6.580e-16
09499.39 6.497e-16
09501.08 6.379e-16
09502.78 6.304e-16
09504.48 6.337e-16
09506.18 6.467e-16
09507.88 6.649e-16
09509.58 6.791e-16
09511.27 6.811e-16
09512.97 6.555e-16
09514.67 5.849e-16
09516.37 5.113e-16
09518.07 5.038e-16
09519.77 5.348e-16
09521.46 5.221e-16
09523.16 4.920e-16
09524.86 5.388e-16
09526.56 6.561e-16
09528.26 7.627e-16
09529.96 8.192e-16
09531.65 8.236e-16
09533.35 7.841e-16
09535.05 7.240e-16
09536.75 6.704e-16
09538.45 6.540e-16
09540.15 6.802e-16
09541.84 7.101e-16
09543.54 7.135e-16
09545.24 6.765e-16
09546.94 6.062e-16
09548.64 5.723e-16
09550.34 6.158e-16
09552.04 6.643e-16
09553.73 6.589e-16
09555.43 6.295e-16
09557.13 6.077e-16
09558.83 5.912e-16
09560.53 5.773e-16
09562.23 5.765e-16
09563.92 5.970e-16
09565.62 6.418e-16
09567.32 7.121e-16
09569.02 7.507e-16
09570.72 6.890e-16
09572.42 6.010e-16
09574.11 6.083e-16
09575.81 6.775e-16
09577.51 7.079e-16
09579.21 6.972e-16
09580.91 6.928e-16
09582.61 6.838e-16
09584.30 6.287e-16
09586.00 5.240e-16
09587.70 3.881e-16
09589.40 2.773e-16
09591.10 2.880e-16
09592.80 4.251e-16
09594.49 5.805e-16
09596.19 6.933e-16
09597.89 7.752e-16
09599.59 8.249e-16
09601.29 8.229e-16
09602.99 7.708e-16
09604.68 7.047e-16
09606.38 6.566e-16
09608.08 6.476e-16
09609.78 6.828e-16
09611.48 7.150e-16
09613.18 7.069e-16
09614.87 6.938e-16
09616.57 7.072e-16
09618.27 7.047e-16
09619.97 6.474e-16
09621.67 5.902e-16
09623.37 5.942e-16
09625.06 6.242e-16
09626.76 6.284e-16
09628.46 6.151e-16
09630.16 6.073e-16
09631.86 6.098e-16
09633.56 6.231e-16
09635.25 6.397e-16
09636.95 6.455e-16
09638.65 6.528e-16
09640.35 6.923e-16
09642.05 7.329e-16
09643.75 7.004e-16
09645.44 6.191e-16
09647.14 5.934e-16
09648.84 6.440e-16
09650.54 7.128e-16
09652.24 7.599e-16
09653.94 7.604e-16
09655.63 7.190e-16
09657.33 6.952e-16
09659.03 7.100e-16
09660.73 7.095e-16
09662.43 6.681e-16
09664.13 6.208e-16
09665.82 5.975e-16
09667.52 6.217e-16
09669.22 6.977e-16
09670.92 7.531e-16
09672.62 7.368e-16
09674.32 7.263e-16
09676.01 7.894e-16
09677.71 8.878e-16
09679.41 9.709e-16
09681.11 9.679e-16
09682.81 8.217e-16
09684.51 6.097e-16
09686.20 4.380e-16
09687.90 3.789e-16
09689.60 4.866e-16
09691.30 6.812e-16
09693.00 8.311e-16
09694.70 9.084e-16
09696.39 9.342e-16
09698.09 9.176e-16
09699.79 8.672e-16
09701.49 8.057e-16
09703.19 7.619e-16
09704.89 7.434e-16
09706.59 7.430e-16
09708.28 7.401e-16
09709.98 6.958e-16
09711.68 6.243e-16
09713.38 6.122e-16
09715.08 6.757e-16
09716.78 7.178e-16
09718.47 7.063e-16
09720.17 7.343e-16
09721.87 8.347e-16
09723.57 9.007e-16
09725.27 8.701e-16
09726.97 8.106e-16
09728.66 7.741e-16
09730.36 7.338e-16
09732.06 6.732e-16
09733.76 6.353e-16
09735.46 6.539e-16
09737.16 6.978e-16
09738.85 7.302e-16
09740.55 7.398e-16
09742.25 7.220e-16
09743.95 6.954e-16
09745.65 6.833e-16
09747.35 6.972e-16
09749.04 7.451e-16
09750.74 7.875e-16
09752.44 7.649e-16
09754.14 7.271e-16
09755.84 7.747e-16
09757.54 8.618e-16
09759.23 8.645e-16
09760.93 7.756e-16
09762.63 6.616e-16
09764.33 5.700e-16
09766.03 5.439e-16
09767.73 5.593e-16
09769.42 5.097e-16
09771.12 4.031e-16
09772.82 3.993e-16
09774.52 5.324e-16
09776.22 6.483e-16
09777.92 6.588e-16
09779.61 5.846e-16
09781.31 4.676e-16
09783.01 4.115e-16
09784.71 4.709e-16
09786.41 5.388e-16
09788.11 5.353e-16
09789.80 5.105e-16
09791.50 5.105e-16
09793.20 5.473e-16
09794.90 6.216e-16
09796.60 6.611e-16
09798.30 5.995e-16
09799.99 4.956e-16
09801.69 4.270e-16
09803.39 3.942e-16
09805.09 3.800e-16
09806.79 4.074e-16
09808.49 5.058e-16
09810.18 6.077e-16
09811.88 6.134e-16
09813.58 5.563e-16
09815.28 5.294e-16
09816.98 5.507e-16
09818.68 6.007e-16
09820.37 6.481e-16
09822.07 6.477e-16
09823.77 6.087e-16
09825.47 5.896e-16
09827.17 6.051e-16
09828.87 6.256e-16
09830.56 6.352e-16
09832.26 6.339e-16
09833.96 6.197e-16
09835.66 5.906e-16
09837.36 5.515e-16
09839.06 5.161e-16
09840.75 4.990e-16
09842.45 5.196e-16
09844.15 5.819e-16
09845.85 6.494e-16
09847.55 6.894e-16
09849.25 6.836e-16
09850.94 6.286e-16
09852.64 5.884e-16
09854.34 6.168e-16
09856.04 6.544e-16
09857.74 6.366e-16
09859.44 5.751e-16
09861.14 4.957e-16
09862.83 4.351e-16
09864.53 4.303e-16
09866.23 4.697e-16
09867.93 5.237e-16
09869.63 5.822e-16
09871.33 6.439e-16
09873.02 6.778e-16
09874.72 6.385e-16
09876.42 5.734e-16
09878.12 5.845e-16
09879.82 6.554e-16
09881.52 6.880e-16
09883.21 6.636e-16
09884.91 6.262e-16
09886.61 6.049e-16
09888.31 6.220e-16
09890.01 6.639e-16
09891.71 6.641e-16
09893.40 6.056e-16
09895.10 5.499e-16
09896.80 5.378e-16
09898.50 5.709e-16
09900.20 6.450e-16
09901.90 7.460e-16
09903.59 8.474e-16
09905.29 8.945e-16
09906.99 8.525e-16
09908.69 7.469e-16
09910.39 6.170e-16
09912.09 5.386e-16
09913.78 5.705e-16
09915.48 6.412e-16
09917.18 6.684e-16
09918.88 6.690e-16
09920.58 6.733e-16
09922.28 6.779e-16
09923.97 6.728e-16
09925.67 6.524e-16
09927.37 6.214e-16
09929.07 5.123e-16
09930.77 2.248e-16
09932.47 -2.659e-17
09934.16 1.202e-16
09935.86 5.352e-16
09937.56 8.004e-16
09939.26 8.503e-16
09940.96 8.658e-16
09942.66 8.687e-16
09944.35 7.573e-16
09946.05 5.673e-16
09947.75 4.626e-16
09949.45 5.075e-16
09951.15 6.510e-16
09952.85 8.150e-16
09954.54 8.715e-16
09956.24 7.696e-16
09957.94 6.115e-16
09959.64 4.950e-16
09961.34 5.032e-16
09963.04 6.658e-16
09964.73 8.563e-16
09966.43 9.606e-16
09968.13 9.416e-16
09969.83 8.003e-16
09971.53 6.939e-16
09973.23 7.623e-16
09974.92 9.239e-16
09976.62 1.068e-15
09978.32 1.141e-15
09980.02 1.110e-15
09981.72 9.732e-16
09983.42 7.503e-16
09985.11 5.626e-16
09986.81 5.589e-16
09988.51 6.453e-16
09990.21 6.305e-16
09991.91 5.638e-16
09993.61 6.045e-16
09995.30 7.249e-16
09997.00 7.985e-16
09998.70 7.866e-16
10000.40 7.026e-16
10002.10 5.994e-16
10003.80 5.738e-16
10005.49 6.277e-16
10007.19 6.577e-16
10008.89 6.196e-16
10010.59 5.388e-16
10012.29 4.605e-16
10013.99 4.796e-16
10015.69 6.107e-16
10017.38 6.882e-16
10019.08 6.432e-16
10020.78 6.693e-16
10022.48 8.677e-16
10024.18 1.044e-15
10025.88 1.047e-15
10027.57 9.340e-16
10029.27 7.722e-16
10030.97 5.659e-16
10032.67 3.336e-16
10034.37 1.931e-16
10036.07 2.462e-16
10037.76 4.017e-16
10039.46 5.330e-16
10041.16 6.185e-16
10042.86 6.617e-16
10044.56 6.426e-16
10046.26 5.452e-16
10047.95 3.935e-16
10049.65 2.265e-16
10051.35 9.996e-17
10053.05 7.445e-17
10054.75 1.419e-16
10056.45 2.537e-16
10058.14 3.614e-16
10059.84 4.111e-16
10061.54 4.235e-16
10063.24 4.922e-16
10064.94 6.159e-16
10066.64 6.862e-16
10068.33 6.650e-16
10070.03 6.090e-16
10071.73 5.339e-16
10073.43 3.832e-16
10075.13 1.701e-16
10076.83 3.959e-17
10078.52 7.551e-17
10080.22 2.247e-16
10081.92 4.148e-16
10083.62 5.214e-16
10085.32 4.684e-16
10087.02 4.006e-16
10088.71 4.416e-16
10090.41 5.056e-16
10092.11 5.021e-16
10093.81 4.248e-16
10095.51 2.831e-16
10097.21 1.565e-16
10098.90 1.311e-16
10100.60 1.335e-16
10102.30 5.687e-17
10104.00 -4.601e-17
10105.70 -8.068e-17
10107.40 -3.152e-17
10109.09 8.772e-17
10110.79 2.110e-16
10112.49 2.485e-16
10114.19 1.783e-16
10115.89 1.695e-17
10117.59 -1.532e-16
10119.28 -1.959e-16
10120.98 -1.106e-16
10122.68 -2.918e-17
10124.38 2.040e-17
10126.08 1.318e-16
10127.78 2.930e-16
10129.47 3.502e-16
10131.17 2.648e-16
10132.87 1.855e-16
10134.57 1.870e-16
10136.27 1.912e-16
10137.97 1.542e-16
10139.66 1.177e-16
10141.36 1.055e-16
10143.06 8.552e-17
10144.76 4.009e-17
10146.46 2.190e-17
10148.16 6.767e-17
10149.85 1.112e-16
10151.55 8.922e-17
10153.25 2.269e-17
10154.95 -5.456e-17
10156.65 -1.138e-16
10158.35 -1.297e-16
10160.04 -9.814e-17
10161.74 -2.340e-17
10163.44 4.403e-17
10165.14 3.559e-17
10166.84 1.617e-17
10168.54 1.113e-16
10170.24 2.139e-16
10171.93 9.837e-17
10173.63 -1.352e-16
10175.33 -1.867e-16
10177.03 -6.051e-17
10178.73 1.182e-17
10180.43 8.317e-20
10182.12 6.013e-17
10183.82 1.714e-16
10185.52 1.087e-16
10187.22 -1.026e-16
10188.92 -9.014e-17
10190.62 2.522e-16
10192.31 5.980e-16
10194.01 7.340e-16
10195.71 6.527e-16
10197.41 4.149e-16
10199.11 2.836e-16
10200.81 4.172e-16
10202.50 5.736e-16
10204.20 5.636e-16
10205.90 5.322e-16
10207.60 5.976e-16
10209.30 6.219e-16
10211.00 4.800e-16
10212.69 2.384e-16
10214.39 -1.196e-17
10216.09 -1.689e-16
10217.79 -1.404e-16
10219.49 -8.749e-17
10221.19 -2.253e-16
10222.88 -4.341e-16
10224.58 -4.983e-16
10226.28 -3.914e-16
10227.98 -1.545e-16
10229.68 7.337e-17
10231.38 9.758e-17
10233.07 -3.886e-17
10234.77 -1.463e-16
10236.47 -1.403e-16
10238.17 -8.247e-18
10239.87 1.862e-16
10241.57 3.012e-16
10243.26 2.759e-16
10244.96 1.445e-16
10246.66 -3.480e-17
10248.36 -1.706e-16
10250.06 -2.058e-16
10251.76 -1.423e-16
10253.45 -2.113e-17
10255.15 3.146e-17
10256.85 -4.154e-17
10258.55 -1.045e-16
10260.25 -5.749e-17
10261.95 6.542e-17
10263.64 2.205e-16
10265.34 3.477e-16
10267.04 3.956e-16
10268.74 4.051e-16
10270.44 4.190e-16
10272.14 3.588e-16
10273.83 1.553e-16
10275.53 -7.771e-17
10277.23 -2.053e-16
10278.93 -1.330e-16
10280.63 2.169e-16
10282.33 5.553e-16
10284.02 4.728e-16
10285.72 2.551e-16
10287.42 4.644e-16
10289.12 9.766e-16
10290.82 1.348e-15
10292.52 1.386e-15
10294.21 1.021e-15
10295.91 4.908e-16
10297.61 2.964e-16
10299.31 4.995e-16
10301.01 7.391e-16
10302.71 8.408e-16
10304.40 8.418e-16
10306.10 7.305e-16
10307.80 4.442e-16
10309.50 3.859e-17
10311.20 -2.518e-16
10312.90 -2.849e-16
10314.59 -1.059e-16
10316.29 2.001e-16
10317.99 4.771e-16
10319.69 5.908e-16
10321.39 4.999e-16
10323.09 2.136e-16
10324.79 -1.428e-16
10326.48 -4.319e-16
10328.18 -5.342e-16
10329.88 -3.731e-16
10331.58 -9.287e-17
10333.28 1.299e-16
10334.98 2.974e-16
10336.67 4.512e-16
10338.37 4.943e-16
10340.07 3.054e-16
10341.77 1.330e-16
10343.47 3.494e-16
10345.17 6.549e-16
10346.86 4.678e-16
10348.56 3.532e-17
10350.26 1.190e-17
10351.96 4.076e-16
10353.66 8.595e-16
10355.36 1.107e-15
10357.05 9.288e-16
10358.75 4.182e-16
10360.45 -8.663e-19
10362.15 -2.038e-16
10363.85 -4.332e-16
10365.55 -7.353e-16
10367.24 -9.145e-16
10368.94 -8.316e-16
10370.64 -3.642e-16
10372.34 3.764e-16
10374.04 7.265e-16
10375.74 3.779e-16
10377.43 -5.623e-20
10379.13 9.505e-17
10380.83 5.495e-16
10382.53 1.164e-15
10384.23 1.397e-15
10385.93 8.604e-16
10387.62 3.232e-16
10389.32 5.319e-16
10391.02 1.053e-15
10392.72 1.322e-15
10394.42 1.168e-15
10396.12 5.138e-16
10397.81 -1.210e-16
10399.51 -7.010e-17
10401.21 2.352e-16
10402.91 2.037e-17
10404.61 -6.130e-16
10406.31 -1.237e-15
10408.00 -1.492e-15
10409.70 -1.009e-15
10411.40 -1.452e-16
10413.10 2.447e-16
10414.80 1.054e-16
10416.50 -7.013e-18
10418.19 1.500e-16
10419.89 5.668e-16
10421.59 1.065e-15
10423.29 1.226e-15
10424.99 8.978e-16
10426.69 3.277e-16
10428.38 -2.466e-16
10430.08 -5.968e-16
10431.78 -6.068e-16
10433.48 -4.548e-16
10435.18 -2.484e-16
10436.88 2.035e-16
10438.57 9.433e-16
10440.27 1.505e-15
10441.97 1.540e-15
10443.67 1.315e-15
10445.37 1.103e-15
10447.07 6.321e-16
10448.76 -3.037e-16
10450.46 -8.091e-16
10452.16 -1.152e-17
10453.86 1.075e-15
10455.56 1.155e-15
10457.26 4.217e-16
10458.95 -5.597e-16
10460.65 -1.066e-15
10462.35 -3.057e-16
10464.05 9.989e-16
10465.75 1.466e-15
10467.45 1.066e-15
10469.14 2.412e-16
10470.84 -1.270e-16
10472.54 1.742e-15
10474.24 2.425e-15
10475.94 -6.097e-15
10477.64 -2.083e-14
10479.34 -2.804e-14
10481.03 -2.350e-14
10482.73 -1.406e-14
10484.43 -4.704e-15
10486.13 1.701e-15
10487.83 3.997e-15
10489.53 5.182e-15
10491.22 6.849e-15
10492.92 6.560e-15
10494.62 3.408e-15
10496.32 5.106e-16
10498.02 -7.040e-19
10499.72 3.060e-16
10501.41 1.136e-16
10503.11 3.714e-16
10504.81 1.804e-15
10506.51 3.482e-15
10508.21 4.383e-15
10509.91 4.393e-15
10511.60 3.612e-15
10513.30 8.450e-16
10515.00 -5.011e-15
10516.70 -1.054e-14
10518.40 -1.140e-14
10520.10 -8.253e-15
10521.79 -3.491e-15
10523.49 5.552e-16
10525.19 1.436e-15
10526.89 3.394e-16
10528.59 5.901e-16
10530.29 2.195e-15
10531.98 3.098e-15
10533.68 2.664e-15
10535.38 1.094e-15
10537.08 -4.008e-16
10538.78 7.956e-16
10540.48 4.153e-15
10542.17 3.941e-15
10543.87 1.063e-15
10545.57 1.004e-14
10547.27 2.504e-14
10548.97 -1.370e-15
10550.67 -8.040e-14
10552.36 -1.422e-13
10554.06 -1.411e-13
10555.76 -9.846e-14
10557.46 -3.988e-14
10559.16 3.864e-15
10560.86 9.981e-15
10562.55 1.575e-15
10564.25 2.686e-15
10565.95 8.316e-15
10567.65 1.145e-14
10569.35 1.005e-14
10571.05 2.669e-15
10572.74 -5.412e-15
10574.44 -7.818e-15
10576.14 -5.110e-15
10577.84 1.225e-16
10579.54 4.610e-15
10581.24 4.818e-15
10582.93 2.118e-15
10584.63 -8.258e-17
10586.33 7.217e-16
10588.03 6.836e-15
10589.73 1.404e-14
10591.43 1.365e-14
10593.12 4.983e-15
10594.82 -6.211e-15
10596.52 -1.596e-14
10598.22 -2.162e-14
10599.92 -2.311e-14
10601.62 -2.444e-14
10603.31 -2.572e-14
10605.01 -2.027e-14
10606.71 -7.431e-15
10608.41 2.423e-15
10610.11 3.883e-15
10611.81 2.470e-15
10613.50 2.726e-15
10615.20 6.706e-15
10616.90 1.459e-14
10618.60 1.886e-14
10620.30 1.408e-14
10622.00 5.561e-15
10623.69 -7.201e-16
10625.39 1.723e-15
10627.09 1.727e-14
10628.79 3.162e-14
10630.49 2.940e-14
10632.19 1.963e-14
10633.89 1.565e-14
10635.58 2.173e-14
10637.28 3.968e-14
10638.98 5.399e-14
10640.68 4.328e-14
10642.38 1.607e-14
10644.08 -5.966e-15
10645.77 -1.575e-14
10647.47 -1.259e-14
10649.17 -5.318e-15
10650.87 -1.259e-14
10652.57 -2.324e-14
10654.27 9.488e-16
10655.96 5.072e-14
10657.66 6.971e-14
10659.36 4.032e-14
10661.06 -1.197e-14
10662.76 -5.465e-14
10664.46 -3.823e-14
10666.15 4.281e-14
10667.85 1.121e-13
10669.55 1.149e-13
10671.25 3.826e-14
10672.95 -9.578e-14
10674.65 -1.604e-13
10676.34 -7.565e-14
10678.04 5.212e-14
10679.74 1.246e-13
10681.44 1.304e-13
10683.14 7.563e-14
10684.84 7.348e-14
10686.53 2.224e-13
10688.23 3.207e-13
10689.93 1.518e-13
10691.63 -1.334e-13
10693.33 -3.164e-13
10695.03 -3.173e-13
10696.72 -9.536e-14
10698.42 1.505e-13
10700.12 1.210e-13
10701.82 -2.622e-14
10703.52 1.018e-13
10705.22 3.137e-13
10706.91 -4.350e-14
10708.61 -4.160e-13
10710.31 7.888e-13
10712.01 1.983e-12
10713.71 -1.061e-12
10715.41 -8.154e-12
10717.10 -1.492e-11
10718.80 -1.787e-11
10720.50 -1.414e-11
10722.20 -4.963e-12
10723.90 1.698e-12
10725.60 2.034e-12
10727.29 4.750e-13
10728.99 -8.367e-15
10730.69 6.579e-16
10732.39 1.759e-13
10734.09 4.168e-13
10735.79 5.379e-13
10737.48 4.801e-13
10739.18 2.749e-13
10740.88 3.949e-13
10742.58 1.212e-12
10744.28 2.318e-12
10745.98 3.234e-12
10747.67 3.661e-12
10749.37 3.381e-12
10751.07 3.140e-12
10752.77 3.848e-12
10754.47 4.630e-12
10756.17 4.160e-12
10757.86 2.906e-12
10759.56 1.911e-12
10761.26 1.703e-12
10762.96 2.644e-12
10764.66 3.787e-12
10766.36 3.443e-12
10768.05 1.618e-12
10769.75 -5.072e-13
10771.45 -1.909e-12
10773.15 -1.829e-12
10774.85 4.294e-13
10776.55 5.674e-12
10778.24 1.207e-11
10779.94 1.439e-11
10781.64 1.089e-11
10783.34 5.262e-12
10785.04 4.226e-13
10786.74 -2.250e-12
10788.44 -2.061e-12
10790.13 -4.319e-13
10791.83 1.650e-12
10793.53 5.659e-12
10795.23 1.200e-11
10796.93 1.673e-11
10798.63 1.700e-11
10800.32 1.617e-11
10802.02 1.735e-11
10803.72 1.998e-11
10805.42 2.290e-11
10807.12 1.673e-11
10808.82 -6.895e-12
10810.51 -2.977e-11
10812.21 -2.963e-11
10813.91 -6.093e-12
10815.61 3.424e-11
10817.31 7.128e-11
10819.01 7.981e-11
10820.70 6.684e-11
10822.40 5.479e-11
10824.10 4.901e-11
10825.80 4.678e-11
10827.50 4.023e-11
10829.20 1.574e-11
10830.89 -1.903e-11
10832.59 -3.493e-11
10834.29 -3.241e-11
10835.99 -4.390e-11
10837.69 -6.149e-11
10839.39 -3.421e-11
10841.08 8.871e-11
10842.78 3.706e-10
10844.48 7.851e-10
10846.18 1.143e-09
10847.88 1.299e-09
10849.58 1.215e-09
10851.27 9.035e-10
10852.97 4.797e-10
10854.67 7.957e-11
10856.37 -9.538e-11
10858.07 6.674e-11
10859.77 2.339e-10
10861.46 9.989e-11
10863.16 -1.239e-10
10864.86 -1.901e-10
10866.56 -1.761e-10
10868.26 -1.999e-10
10869.96 -2.458e-10
10871.65 -2.815e-10
10873.35 -2.872e-10
10875.05 -2.317e-10
10876.75 -2.687e-10
10878.45 -6.254e-10
10880.15 -1.010e-09
10881.84 -8.928e-10
10883.54 -3.643e-10
10885.24 1.348e-10
10886.94 4.405e-10
10888.64 5.469e-10
10890.34 6.142e-10
10892.03 9.871e-10
10893.73 1.606e-09
10895.43 1.957e-09
10897.13 1.867e-09
10898.83 1.613e-09
10900.53 1.293e-09
10902.22 7.412e-10
10903.92 -1.082e-10
10905.62 -1.221e-09
10907.32 -2.418e-09
10909.02 -3.010e-09
10910.72 -2.802e-09
10912.41 -3.301e-09
10914.11 -5.380e-09
10915.81 -7.458e-09
10917.51 -8.010e-09
10919.21 -5.925e-09
10920.91 -7.741e-10
10922.60 3.499e-09
10924.30 3.053e-09
10926.00 1.018e-09
10927.70 1.465e-09
10929.40 3.278e-09
10931.10 4.585e-09
10932.79 3.778e-09
10934.49 -1.066e-09
10936.19 -1.631e-09
10937.89 1.416e-08
10939.59 3.684e-08
10941.29 4.696e-08
10942.99 4.283e-08
10944.68 3.278e-08
10946.38 2.287e-08
10948.08 1.854e-08
10949.78 1.945e-08
10951.48 1.924e-08
10953.18 1.693e-08
10954.87 1.789e-08
10956.57 2.256e-08
10958.27 2.446e-08
10959.97 2.364e-08
10961.67 3.277e-08
10963.37 5.209e-08
10965.06 5.324e-08
10966.76 2.907e-08
10968.46 2.869e-08
10970.16 7.792e-08
10971.86 1.309e-07
10973.56 1.479e-07
10975.25 1.161e-07
10976.95 3.615e-08
10978.65 -2.428e-08
10980.35 -7.435e-09
10982.05 -1.782e-09
10983.75 -9.564e-08
10985.44 -1.973e-07
10987.14 -1.974e-07
10988.84 -6.677e-08
10990.54 2.049e-07
10992.24 4.035e-07
10993.94 2.462e-07
10995.63 2.053e-09
10997.33 1.548e-07
10999.03 5.159e-07
11000.73 5.907e-07
11002.43 3.380e-07
11004.13 -5.364e-08
11005.82 -3.238e-07
11007.52 -1.398e-07
11009.22 3.650e-07
11010.92 7.196e-07
11012.62 4.298e-07
11014.32 -1.227e-06
11016.01 -3.418e-06
11017.71 -3.000e-06
11019.41 4.586e-07
11021.11 2.916e-06
11022.81 2.097e-06
11024.51 -9.531e-07
11026.20 -4.754e-06
11027.90 -6.537e-06
11029.60 -4.792e-06
11031.30 -2.360e-06
11033.00 -1.615e-06
11034.70 -1.894e-06
11036.39 -2.428e-06
11038.09 -2.907e-06
