08078.72 3.759e-15
08082.19 3.478e-15
08085.61 3.849e-15
08089.00 1.276e-14
08092.36 8.275e-15
08095.69 1.460e-14
08098.98 1.047e-14
08102.25 1.095e-14
08105.49 1.131e-14
08108.70 1.097e-14
08111.89 1.127e-14
08115.04 1.160e-14
08118.17 1.088e-14
08121.27 1.123e-14
08124.34 1.202e-14
08127.39 1.139e-14
08130.42 9.364e-15
08133.41 1.118e-14
08136.39 1.111e-14
08139.34 1.046e-14
08142.27 1.133e-14
08145.17 1.021e-14
08148.05 1.069e-14
08150.91 1.018e-14
08153.75 1.013e-14
08156.56 1.107e-14
08159.36 1.037e-14
08162.13 1.029e-14
08164.88 1.074e-14
08167.62 1.085e-14
08170.34 1.089e-14
08173.04 1.068e-14
08175.72 1.061e-14
08178.38 1.047e-14
08181.02 9.291e-15
08183.65 9.193e-15
08186.26 9.121e-15
08188.85 9.354e-15
08191.43 9.249e-15
08193.99 9.405e-15
08196.53 9.265e-15
08199.07 9.020e-15
08201.58 9.266e-15
08204.08 8.747e-15
08206.57 8.948e-15
08209.04 8.786e-15
08211.50 9.622e-15
08213.95 8.667e-15
08216.38 9.014e-15
08218.80 8.807e-15
08221.21 8.812e-15
08223.61 9.283e-15
08225.99 8.671e-15
08228.37 8.746e-15
08230.73 1.006e-14
08233.09 1.256e-14
08235.42 9.011e-15
08237.75 8.051e-15
08240.07 8.996e-15
08242.38 8.928e-15
08244.68 8.635e-15
08246.98 8.263e-15
08249.26 8.172e-15
08251.54 8.035e-15
08253.80 8.171e-15
08256.06 8.548e-15
08258.31 8.766e-15
08260.56 8.299e-15
08262.79 8.558e-15
08265.02 8.662e-15
08267.24 8.178e-15
08269.45 8.821e-15
08271.66 8.277e-15
08273.86 8.039e-15
08276.06 8.018e-15
08278.24 7.738e-15
08280.43 6.819e-15
08282.61 7.443e-15
08284.78 7.727e-15
08286.95 8.155e-15
08289.11 7.948e-15
08291.27 7.891e-15
08293.42 8.406e-15
08295.57 8.062e-15
08297.71 7.922e-15
08299.85 8.111e-15
08301.99 8.233e-15
08304.12 8.223e-15
08306.25 8.358e-15
08308.38 8.058e-15
08310.50 8.469e-15
08312.62 8.163e-15
08314.74 7.555e-15
08316.85 7.692e-15
08318.97 8.131e-15
08321.07 7.825e-15
08323.18 7.789e-15
08325.29 7.161e-15
08327.39 8.586e-15
08329.49 8.073e-15
08331.59 7.724e-15
08333.69 8.545e-15
08335.78 8.164e-15
08337.88 7.798e-15
08339.97 7.847e-15
08342.06 7.823e-15
08344.16 7.844e-15
08346.25 7.642e-15
08348.34 7.962e-15
08350.44 7.715e-15
08352.52 7.735e-15
08354.61 8.009e-15
08356.70 7.584e-15
08358.79 8.367e-15
08360.87 8.165e-15
08362.97 7.406e-15
08365.05 7.568e-15
08367.14 7.485e-15
08369.23 7.846e-15
08371.32 8.037e-15
08373.41 8.176e-15
08375.51 3.918e-15
08377.60 7.894e-15
08379.68 7.725e-15
08381.78 8.119e-15
08383.88 7.587e-15
08385.98 7.853e-15
08388.07 7.489e-15
08390.17 7.737e-15
08392.27 7.925e-15
08394.37 7.554e-15
08396.48 7.661e-15
08398.58 8.221e-15
08400.69 7.991e-15
08402.80 8.093e-15
08404.90 7.997e-15
08407.02 7.652e-15
08409.13 8.140e-15
08411.24 8.089e-15
08413.36 8.148e-15
08415.48 7.248e-15
08417.60 7.719e-15
08419.73 8.266e-15
08421.85 8.010e-15
08423.98 7.829e-15
08426.11 8.276e-15
08428.23 7.263e-15
08430.39 7.495e-15
08432.52 8.047e-15
08434.66 8.557e-15
08436.80 8.673e-15
08438.95 8.372e-15
08441.09 8.535e-15
08443.25 8.651e-15
08445.40 8.521e-15
08447.56 8.567e-15
08449.72 8.978e-15
08451.88 8.765e-15
08454.05 8.535e-15
08456.21 9.229e-15
08458.39 8.671e-15
08460.56 9.101e-15
08462.74 8.814e-15
08464.92 9.050e-15
08467.10 8.982e-15
08469.29 9.333e-15
08471.48 8.793e-15
08473.67 8.715e-15
08475.87 8.697e-15
08478.07 9.124e-15
08480.27 9.527e-15
08482.48 9.587e-15
08484.69 9.334e-15
08486.91 9.277e-15
08489.12 4.019e-15
08491.34 9.000e-15
08493.56 9.625e-15
08495.79 9.232e-15
08498.02 9.568e-15
08500.26 9.915e-15
08502.49 9.261e-15
08504.74 9.424e-15
08506.98 1.007e-14
08509.23 1.017e-14
08511.48 9.775e-15
08513.73 1.012e-14
08515.99 1.031e-14
08518.25 1.006e-14
08520.52 1.012e-14
08522.79 1.029e-14
08525.06 9.830e-15
08527.34 9.492e-15
08529.62 9.711e-15
08531.91 9.913e-15
08534.19 1.023e-14
08536.49 1.028e-14
08538.78 1.050e-14
08541.08 1.056e-14
08543.38 1.041e-14
08545.69 1.052e-14
08548.00 1.109e-14
08550.31 1.130e-14
08552.63 1.110e-14
08554.95 1.143e-14
08557.28 1.160e-14
08559.60 1.123e-14
08561.93 1.136e-14
08564.27 1.106e-14
08566.61 1.138e-14
08568.96 1.705e-14
08571.31 2.369e-14
08573.65 1.171e-14
08576.01 1.011e-14
08578.36 1.095e-14
08580.73 1.015e-14
08583.09 1.040e-14
08585.46 1.157e-14
08587.83 1.152e-14
08590.21 1.259e-14
08592.59 1.225e-14
08594.97 1.199e-14
08597.36 1.184e-14
08599.75 1.204e-14
08602.16 1.709e-14
08604.54 1.149e-14
08606.95 1.248e-14
08609.35 1.301e-14
08611.76 1.271e-14
08614.22 1.277e-14
08616.36 1.257e-14
08619.06 1.211e-14
08621.43 1.231e-14
08623.86 1.227e-14
08626.29 1.183e-14
08628.73 1.204e-14
08631.17 1.209e-14
08633.61 1.214e-14
08636.05 1.208e-14
08638.50 1.208e-14
08640.96 1.202e-14
08643.41 1.214e-14
08645.87 1.285e-14
08648.33 1.235e-14
08650.80 1.247e-14
08653.27 1.236e-14
08655.74 1.277e-14
08658.22 1.314e-14
08660.70 1.339e-14
08663.18 1.355e-14
08665.67 1.395e-14
08668.16 1.447e-14
08670.66 1.457e-14
08673.16 1.437e-14
08675.66 1.446e-14
08678.16 1.458e-14
08680.67 1.424e-14
08683.18 1.377e-14
08685.69 1.371e-14
08688.21 1.362e-14
08690.73 1.365e-14
08693.26 1.304e-14
08695.79 1.294e-14
08698.32 1.256e-14
08700.85 1.293e-14
08703.39 1.299e-14
08705.93 1.263e-14
08708.47 1.256e-14
08711.02 1.245e-14
08713.57 1.216e-14
08716.13 1.218e-14
08718.68 1.222e-14
08721.24 1.227e-14
08723.81 1.235e-14
08726.37 1.247e-14
08728.95 1.229e-14
08731.52 1.227e-14
08734.09 1.254e-14
08736.67 1.230e-14
08739.27 1.310e-14
08741.84 1.426e-14
08744.43 2.110e-14
08747.02 1.402e-14
08749.62 1.336e-14
08752.22 1.416e-14
08754.82 1.460e-14
08757.42 1.474e-14
08760.03 1.482e-14
08762.64 1.493e-14
08765.25 1.492e-14
08767.87 1.472e-14
08770.49 1.432e-14
08773.11 1.380e-14
08775.74 1.344e-14
08778.36 1.292e-14
08780.99 1.308e-14
08783.63 1.259e-14
08786.27 1.246e-14
08788.91 1.224e-14
08791.55 1.185e-14
08794.19 1.209e-14
08796.84 1.214e-14
08799.50 1.187e-14
08802.15 1.199e-14
08804.81 1.166e-14
08807.47 1.176e-14
08810.13 1.220e-14
08812.80 1.179e-14
08815.47 1.160e-14
08818.14 1.151e-14
08820.81 1.140e-14
08823.49 1.109e-14
08826.17 1.144e-14
08828.85 1.143e-14
08831.54 1.153e-14
08834.23 1.147e-14
08836.92 1.134e-14
08839.61 1.153e-14
08842.31 1.150e-14
08845.01 1.161e-14
08847.71 1.187e-14
08850.42 1.175e-14
08853.13 1.182e-14
08855.84 1.220e-14
08858.55 1.209e-14
08861.27 1.260e-14
08863.99 1.286e-14
08866.71 1.368e-14
08869.44 1.316e-14
08872.16 1.385e-14
08874.89 1.363e-14
08877.62 1.357e-14
08880.36 1.355e-14
08883.10 1.354e-14
08885.84 1.333e-14
08888.58 1.271e-14
08891.33 1.275e-14
08894.07 1.231e-14
08896.83 1.191e-14
08899.58 1.179e-14
08902.33 1.139e-14
08905.10 1.144e-14
08907.86 1.111e-14
08910.62 1.103e-14
08913.39 1.099e-14
08916.16 1.096e-14
08918.93 1.062e-14
08921.71 1.056e-14
08924.48 1.079e-14
08927.26 1.068e-14
08930.05 1.042e-14
08932.83 1.035e-14
08935.62 1.069e-14
08938.42 1.013e-14
08941.20 1.025e-14
08944.00 1.004e-14
08946.80 1.012e-14
08949.60 1.003e-14
08952.41 9.931e-15
08955.21 1.000e-14
08958.02 9.872e-15
08960.83 9.740e-15
08963.65 9.596e-15
08966.46 9.125e-15
08969.28 6.931e-15
08972.11 9.560e-15
08974.93 9.727e-15
08977.76 9.666e-15
08980.59 9.647e-15
08983.42 9.791e-15
08986.25 9.620e-15
08989.09 9.695e-15
08991.94 9.323e-15
08994.77 9.356e-15
08997.64 8.860e-15
09000.47 9.523e-15
09003.32 9.829e-15
09006.17 9.912e-15
09009.03 9.962e-15
09011.89 9.948e-15
09014.75 1.007e-14
09017.61 1.030e-14
09020.48 1.079e-14
09023.35 1.038e-14
09026.22 1.145e-14
09029.10 1.117e-14
09031.97 1.135e-14
09034.86 1.137e-14
09037.74 1.098e-14
09040.62 1.053e-14
09043.51 1.030e-14
09046.40 9.866e-15
09049.30 9.572e-15
09052.19 9.711e-15
09055.09 9.298e-15
09057.99 9.179e-15
09060.90 9.238e-15
09063.80 8.907e-15
09066.71 9.072e-15
09069.63 8.824e-15
09072.54 8.760e-15
09075.46 8.937e-15
09078.38 9.020e-15
09081.30 9.045e-15
09084.23 8.780e-15
09087.16 8.803e-15
09090.09 8.954e-15
09093.02 8.785e-15
09095.96 8.522e-15
09098.90 8.709e-15
09101.84 8.509e-15
09104.79 8.602e-15
09107.73 8.711e-15
09110.69 8.694e-15
09113.64 8.475e-15
09116.60 8.492e-15
09119.55 8.581e-15
09122.52 8.735e-15
09125.48 8.769e-15
09128.45 8.653e-15
09131.42 8.512e-15
09134.40 8.489e-15
09137.37 8.996e-15
09140.42 9.273e-15
09143.33 9.065e-15
09146.32 8.925e-15
09149.31 8.786e-15
09152.30 8.887e-15
09155.29 8.680e-15
09158.29 8.708e-15
09161.29 8.630e-15
09164.29 8.707e-15
09167.30 8.653e-15
09170.30 8.874e-15
09173.32 8.615e-15
09176.34 8.764e-15
09179.35 8.767e-15
09182.37 8.908e-15
09185.40 8.875e-15
09188.42 8.835e-15
09191.46 8.972e-15
09194.49 8.929e-15
09197.52 9.004e-15
09200.56 9.150e-15
09203.61 8.948e-15
09206.65 9.144e-15
09209.70 9.105e-15
09212.75 9.265e-15
09215.81 9.402e-15
09218.87 9.643e-15
09221.93 1.026e-14
09224.99 9.959e-15
09228.06 1.043e-14
09231.13 1.082e-14
09234.21 1.108e-14
09237.28 1.137e-14
09240.36 1.146e-14
09243.45 1.189e-14
09246.53 1.170e-14
09249.63 1.171e-14
09252.72 1.151e-14
09255.82 1.141e-14
09258.92 1.093e-14
09262.02 1.044e-14
09265.13 1.022e-14
09268.24 9.910e-15
09271.35 9.877e-15
09274.47 9.710e-15
09277.59 9.910e-15
09280.71 8.687e-15
09283.84 7.033e-15
09286.97 9.507e-15
09290.11 9.497e-15
09293.24 9.413e-15
09296.39 9.414e-15
09299.53 9.276e-15
09302.68 9.350e-15
09305.83 9.319e-15
09308.99 9.294e-15
09312.14 9.336e-15
09315.31 9.233e-15
09318.47 9.335e-15
09321.64 9.518e-15
09324.82 9.378e-15
09327.99 9.311e-15
09331.17 9.436e-15
09334.36 9.334e-15
09337.55 9.270e-15
09340.74 9.208e-15
09343.93 9.267e-15
09347.13 9.403e-15
09350.33 9.428e-15
09353.54 9.573e-15
09356.75 8.902e-15
09359.96 8.991e-15
09363.18 8.986e-15
09366.40 8.627e-15
09369.63 8.449e-15
09372.85 8.711e-15
09376.09 8.697e-15
09379.33 8.923e-15
09382.57 8.961e-15
09385.81 8.828e-15
09389.06 8.692e-15
09392.31 8.616e-15
09395.57 8.405e-15
09398.83 8.492e-15
09402.09 8.726e-15
09405.36 8.216e-15
09408.63 8.332e-15
09411.91 8.475e-15
09415.19 8.759e-15
09418.47 8.858e-15
09421.76 9.044e-15
09425.05 9.032e-15
09428.35 9.129e-15
09431.65 9.112e-15
09434.96 9.159e-15
09438.26 8.885e-15
09441.58 9.161e-15
09444.89 8.902e-15
09448.21 8.983e-15
09451.54 8.708e-15
09454.87 8.484e-15
09458.20 8.394e-15
09461.54 8.592e-15
09464.88 8.332e-15
09468.23 8.271e-15
09471.58 8.221e-15
09474.94 8.402e-15
09478.29 8.229e-15
09481.66 8.222e-15
09485.03 8.077e-15
09488.40 8.003e-15
09491.78 8.117e-15
09495.16 7.920e-15
09498.54 8.241e-15
09501.93 8.092e-15
09505.33 8.096e-15
09508.72 8.161e-15
09512.13 8.019e-15
09515.54 8.018e-15
09518.95 7.985e-15
09522.37 7.911e-15
09525.79 8.221e-15
09529.21 8.302e-15
09532.64 8.310e-15
09536.08 8.674e-15
09539.52 8.640e-15
09542.96 8.902e-15
09546.41 9.127e-15
09549.86 9.090e-15
09553.32 9.499e-15
09556.78 9.819e-15
09560.25 9.741e-15
09563.72 9.661e-15
09567.20 9.437e-15
09570.68 9.287e-15
09574.17 8.632e-15
09577.65 8.423e-15
09581.15 8.400e-15
09584.65 8.057e-15
09588.16 7.931e-15
09591.67 8.034e-15
09595.18 7.756e-15
09598.70 7.819e-15
09602.23 7.851e-15
09605.75 7.906e-15
09609.29 7.717e-15
09612.83 7.619e-15
09616.37 7.579e-15
09619.92 7.591e-15
09623.47 7.539e-15
09627.03 7.585e-15
09630.60 7.462e-15
09634.17 7.503e-15
09637.74 7.616e-15
09641.32 7.593e-15
09644.90 7.597e-15
09648.49 7.569e-15
09652.08 7.410e-15
09655.69 7.489e-15
09659.29 7.497e-15
09662.90 7.433e-15
09666.51 7.430e-15
09670.13 7.488e-15
09673.75 7.345e-15
09677.38 7.446e-15
09681.02 7.344e-15
09684.66 7.298e-15
09688.31 7.260e-15
09691.95 7.308e-15
09695.61 7.238e-15
09699.27 7.191e-15
09702.93 7.259e-15
09706.61 7.224e-15
09710.28 7.221e-15
09713.97 7.237e-15
09717.65 7.213e-15
09721.34 7.081e-15
09725.04 7.029e-15
09728.75 6.963e-15
09732.45 6.860e-15
09736.17 6.853e-15
09739.89 6.997e-15
09743.61 7.056e-15
09747.34 7.164e-15
09751.08 7.116e-15
09754.82 6.974e-15
09758.56 7.038e-15
09762.32 6.883e-15
09766.07 6.834e-15
09769.83 6.648e-15
09773.61 6.779e-15
09777.38 6.757e-15
09781.16 6.611e-15
09784.94 6.801e-15
09788.73 6.766e-15
09792.53 6.744e-15
09796.33 6.698e-15
09800.14 6.822e-15
09803.95 6.780e-15
09807.77 6.638e-15
09811.59 6.669e-15
09815.42 6.577e-15
09819.26 6.594e-15
09823.10 6.581e-15
09826.94 6.631e-15
09830.80 6.588e-15
09834.65 6.563e-15
09838.52 6.519e-15
09842.39 6.528e-15
09846.26 6.713e-15
09850.14 6.543e-15
09854.03 6.700e-15
09857.92 6.618e-15
09861.82 6.571e-15
09865.72 6.749e-15
09869.63 6.440e-15
09873.55 6.609e-15
09877.47 6.514e-15
09881.40 6.496e-15
09885.33 6.538e-15
09889.27 6.620e-15
09893.21 6.553e-15
09897.16 6.291e-15
09901.12 6.376e-15
09905.08 6.378e-15
09909.05 6.328e-15
09913.03 6.308e-15
09917.00 6.239e-15
09920.99 6.172e-15
09924.98 6.174e-15
09928.98 6.180e-15
09932.98 6.150e-15
09936.99 6.052e-15
09941.01 6.024e-15
09945.03 5.978e-15
09949.06 5.890e-15
09953.09 5.633e-15
09957.14 5.571e-15
09961.18 5.676e-15
09965.23 5.667e-15
09969.29 5.597e-15
09973.36 5.540e-15
09977.43 5.329e-15
09981.50 5.434e-15
09985.59 5.316e-15
09989.68 5.281e-15
09993.77 5.283e-15
09997.87 5.243e-15
10002.00 5.146e-15
10006.10 5.069e-15
10010.20 5.052e-15
10014.30 5.134e-15
10018.50 5.058e-15
10022.60 5.024e-15
10026.80 5.117e-15
10030.90 5.235e-15
10035.10 5.100e-15
10039.20 5.214e-15
10043.40 5.285e-15
10047.60 5.576e-15
10051.80 5.575e-15
10055.90 5.655e-15
10060.10 5.534e-15
10064.30 5.588e-15
10068.50 5.437e-15
10072.80 5.289e-15
10077.00 5.009e-15
10081.20 4.802e-15
10085.40 4.759e-15
10089.70 4.552e-15
10093.90 4.541e-15
10098.20 4.270e-15
10102.40 4.367e-15
10106.70 4.072e-15
10111.00 4.190e-15
10115.20 3.958e-15
10119.50 3.975e-15
10123.80 3.934e-15
10128.10 3.826e-15
10132.40 3.694e-15
10136.70 3.659e-15
10141.00 3.727e-15
10145.40 3.586e-15
10149.70 3.555e-15
10154.00 3.396e-15
10158.40 3.437e-15
10162.70 3.403e-15
10167.10 3.368e-15
10171.40 3.301e-15
10175.80 3.160e-15
10180.20 3.232e-15
10184.60 3.101e-15
10189.00 3.114e-15
10193.30 3.077e-15
10197.70 2.971e-15
10202.20 2.907e-15
10206.60 2.974e-15
10211.00 2.861e-15
10215.40 2.794e-15
10219.90 2.863e-15
10224.30 2.774e-15
10228.70 2.705e-15
10233.20 2.602e-15
10237.70 2.543e-15
10242.10 2.654e-15
10246.60 2.526e-15
10251.10 2.527e-15
10255.60 2.410e-15
10260.10 2.394e-15
10264.60 2.399e-15
10269.10 2.340e-15
10273.60 2.364e-15
10278.10 2.417e-15
10282.60 2.354e-15
10287.20 2.378e-15
10291.70 2.255e-15
10296.30 2.162e-15
10300.80 2.294e-15
10305.40 2.250e-15
10309.90 2.163e-15
10314.50 2.043e-15
10319.10 2.204e-15
10323.70 2.164e-15
10328.30 2.130e-15
10332.90 2.205e-15
10337.50 2.179e-15
10342.10 2.145e-15
10346.70 2.131e-15
10351.40 2.153e-15
10356.00 2.136e-15
10360.60 2.137e-15
10365.30 2.167e-15
10369.90 2.149e-15
10374.60 2.121e-15
10379.30 2.132e-15
10384.00 2.283e-15
10388.70 2.191e-15
10393.30 2.257e-15
10398.00 2.204e-15
10402.70 2.154e-15
10407.50 2.205e-15
10412.20 2.245e-15
10416.90 2.187e-15
10421.60 2.306e-15
10426.40 2.392e-15
10431.10 2.225e-15
10435.90 2.295e-15
10440.60 2.493e-15
10445.40 2.545e-15
10450.20 2.493e-15
10455.00 2.516e-15
10459.80 2.735e-15
10464.60 2.740e-15
10469.40 2.921e-15
10474.20 2.928e-15
10479.00 2.996e-15
10483.80 3.012e-15
10488.70 3.056e-15
10493.50 3.149e-15
10498.30 3.222e-15
10503.20 3.299e-15
10508.10 3.416e-15
10512.90 3.347e-15
10517.80 3.428e-15
10522.70 3.566e-15
10527.60 3.628e-15
10532.50 3.674e-15
10537.40 3.688e-15
10542.30 3.626e-15
10547.20 3.932e-15
10552.10 3.985e-15
10557.10 4.026e-15
10562.00 4.031e-15
10567.00 4.131e-15
10571.90 4.257e-15
10576.90 4.287e-15
10581.80 4.342e-15
10586.80 4.336e-15
10591.80 4.444e-15
10596.80 4.500e-15
10601.80 4.545e-15
10606.80 4.643e-15
10611.80 4.677e-15
10616.80 4.762e-15
10621.80 4.777e-15
10626.90 4.793e-15
10631.90 4.803e-15
10637.00 4.930e-15
10642.00 4.996e-15
10647.10 5.053e-15
10652.20 5.119e-15
10657.20 5.194e-15
10662.30 5.108e-15
10667.40 5.221e-15
10672.50 5.249e-15
10677.60 5.244e-15
10682.70 5.494e-15
10687.90 5.405e-15
10693.00 5.699e-15
10698.10 5.612e-15
10703.30 5.862e-15
10708.40 5.762e-15
10713.60 5.858e-15
10718.80 5.988e-15
10723.90 5.946e-15
10729.10 6.047e-15
10734.30 6.169e-15
10739.50 6.074e-15
10744.70 6.068e-15
10749.90 6.079e-15
10755.20 6.075e-15
10760.40 6.127e-15
10765.60 6.437e-15
10770.90 6.300e-15
10776.10 6.255e-15
10781.40 6.270e-15
10786.60 6.376e-15
10791.90 6.379e-15
10797.20 6.414e-15
10802.50 6.452e-15
10807.80 6.556e-15
10813.10 6.680e-15
10818.40 6.654e-15
10823.70 6.631e-15
10829.10 6.685e-15
10834.40 6.755e-15
10839.70 6.748e-15
10845.10 6.759e-15
10850.40 6.752e-15
10855.80 6.724e-15
10861.40 8.642e-15
10866.60 1.621e-14
10872.00 6.930e-15
10877.40 6.958e-15
10882.80 6.936e-15
10888.20 6.678e-15
10893.60 6.763e-15
10899.00 6.858e-15
10904.50 6.899e-15
10909.90 6.936e-15
10915.40 6.860e-15
10920.80 7.123e-15
10926.30 7.104e-15
10931.80 7.334e-15
10937.30 7.425e-15
10942.70 7.732e-15
10948.20 7.826e-15
10953.80 7.996e-15
10959.30 8.053e-15
10964.80 7.966e-15
10970.30 7.872e-15
10975.90 7.722e-15
10981.40 7.609e-15
10987.00 7.522e-15
10992.50 7.304e-15
10998.10 7.184e-15
11003.70 7.078e-15
11009.30 7.034e-15
11014.90 6.883e-15
11020.50 6.869e-15
11026.10 6.798e-15
11031.70 6.827e-15
11037.30 6.736e-15
11043.00 6.631e-15
11048.60 6.688e-15
11054.30 6.613e-15
11060.00 6.591e-15
11065.60 6.676e-15
11071.30 6.579e-15
11077.00 6.475e-15
11082.70 6.478e-15
11088.40 6.447e-15
11094.10 6.449e-15
11099.80 6.401e-15
11105.60 6.289e-15
11111.30 6.245e-15
11117.00 6.280e-15
11122.80 6.249e-15
11128.60 6.217e-15
11134.30 6.210e-15
11140.10 6.257e-15
11145.90 6.263e-15
11151.70 6.127e-15
11157.50 6.060e-15
11163.30 6.044e-15
11169.10 6.137e-15
11175.00 6.147e-15
11180.80 6.140e-15
11186.60 6.035e-15
11192.50 5.920e-15
11198.40 5.816e-15
11204.20 5.733e-15
11210.10 5.614e-15
11216.00 5.478e-15
11221.90 5.612e-15
11227.80 5.677e-15
11233.70 5.665e-15
11239.70 5.796e-15
11245.60 5.409e-15
11251.50 5.213e-15
11257.50 5.205e-15
11263.40 5.180e-15
11269.40 5.194e-15
11275.40 5.103e-15
11281.40 5.072e-15
11287.40 5.143e-15
11293.40 5.025e-15
11299.40 5.123e-15
11305.40 5.072e-15
11311.40 4.944e-15
11317.50 4.782e-15
11323.50 4.685e-15
11329.60 4.613e-15
11335.60 4.596e-15
11341.70 4.867e-15
11347.80 5.174e-15
11353.90 5.466e-15
11360.00 5.522e-15
11366.10 5.472e-15
11372.20 5.049e-15
11378.40 4.563e-15
11384.50 4.359e-15
11390.70 3.998e-15
11396.80 4.069e-15
11403.00 4.189e-15
11409.20 4.359e-15
11415.30 4.594e-15
11421.50 4.619e-15
11427.70 4.652e-15
11433.90 4.503e-15
11440.20 4.465e-15
11446.40 4.703e-15
11452.60 4.537e-15
11458.90 4.579e-15
11465.10 4.475e-15
11471.40 4.621e-15
11477.70 4.629e-15
11484.00 4.627e-15
11490.30 4.313e-15
11496.60 4.241e-15
11502.90 4.150e-15
11509.20 4.241e-15
11515.60 4.105e-15
11521.90 4.113e-15
11528.20 4.097e-15
11534.60 4.135e-15
11541.00 3.830e-15
11547.40 3.903e-15
11553.80 3.990e-15
11560.20 3.992e-15
11566.60 4.146e-15
11573.00 3.998e-15
11579.40 3.894e-15
11585.90 3.850e-15
11592.30 3.862e-15
11598.80 3.926e-15
11605.20 3.853e-15
11611.70 3.833e-15
11618.20 3.916e-15
11624.70 4.008e-15
11631.20 3.885e-15
11637.70 3.790e-15
11644.30 3.847e-15
11650.80 3.919e-15
11657.40 3.910e-15
11663.90 3.901e-15
11670.50 3.942e-15
11677.10 4.016e-15
11683.70 3.937e-15
11690.30 3.832e-15
11696.90 3.797e-15
11703.50 3.808e-15
11710.10 3.695e-15
11716.70 3.760e-15
11723.40 3.791e-15
11730.10 3.860e-15
11736.70 3.759e-15
11743.40 3.805e-15
11750.10 3.823e-15
11756.80 3.795e-15
11763.50 3.849e-15
11770.30 3.790e-15
11777.00 3.815e-15
11783.70 3.812e-15
11790.50 3.697e-15
11797.20 3.760e-15
11804.00 3.698e-15
11810.80 3.736e-15
11817.60 3.708e-15
11824.40 3.703e-15
11831.20 3.635e-15
11838.10 3.558e-15
11844.90 3.345e-15
11851.70 3.399e-15
11858.60 3.306e-15
11865.50 3.439e-15
11872.40 3.550e-15
11879.20 3.682e-15
11886.10 3.496e-15
11893.00 3.561e-15
11900.00 3.603e-15
11906.90 3.513e-15
11913.90 3.489e-15
11920.80 3.495e-15
11927.80 3.513e-15
11934.80 3.379e-15
11941.80 3.536e-15
11948.80 3.558e-15
11955.80 3.664e-15
11962.80 3.690e-15
11969.80 3.491e-15
11976.90 3.467e-15
11983.90 3.488e-15
11991.00 3.399e-15
11998.10 3.420e-15
12005.20 3.456e-15
12012.30 3.591e-15
12019.40 3.419e-15
12026.50 3.336e-15
12033.60 3.450e-15
12040.80 3.534e-15
12048.00 3.543e-15
12055.10 3.510e-15
12062.30 3.281e-15
12069.50 3.505e-15
12076.70 3.363e-15
12083.90 3.188e-15
12091.20 3.417e-15
12098.40 3.483e-15
12105.60 3.361e-15
12112.90 3.205e-15
12120.20 3.351e-15
12127.50 3.227e-15
12134.80 3.239e-15
12142.10 3.266e-15
12149.40 3.241e-15
12156.70 3.258e-15
12164.10 3.103e-15
12171.40 3.156e-15
12178.80 3.198e-15
12186.20 3.220e-15
12193.60 3.099e-15
12201.00 3.155e-15
12208.40 3.190e-15
12215.80 3.165e-15
12223.20 3.187e-15
12230.70 3.106e-15
12238.20 3.088e-15
12245.60 3.092e-15
12253.10 3.048e-15
12260.60 3.083e-15
12268.10 3.045e-15
12275.70 3.074e-15
12283.20 3.138e-15
12290.80 3.060e-15
12298.30 3.021e-15
12305.90 3.006e-15
12313.50 3.072e-15
12321.10 2.929e-15
12328.70 2.831e-15
12336.30 3.167e-15
12344.00 3.016e-15
12351.60 2.925e-15
12359.30 2.990e-15
12366.90 3.007e-15
12374.60 2.944e-15
12382.30 2.983e-15
12390.00 2.988e-15
12397.80 3.046e-15
12405.50 3.040e-15
12413.20 2.979e-15
12421.00 2.946e-15
12428.80 3.012e-15
12436.60 2.904e-15
12444.40 2.932e-15
12452.20 2.953e-15
12460.00 2.949e-15
12467.90 2.918e-15
12475.70 2.947e-15
12483.60 2.984e-15
12491.50 2.939e-15
12499.40 2.987e-15
12507.30 2.887e-15
12515.20 2.881e-15
12523.10 2.938e-15
12531.10 2.947e-15
12539.00 2.855e-15
12547.00 2.942e-15
12555.00 2.918e-15
12563.00 2.898e-15
12571.00 2.891e-15
12579.00 2.921e-15
12587.00 2.897e-15
12595.10 2.926e-15
12603.20 2.987e-15
12611.20 3.077e-15
12619.30 2.857e-15
12627.40 2.983e-15
12635.60 2.979e-15
12643.70 2.954e-15
12651.80 2.963e-15
12660.00 2.982e-15
12668.20 2.977e-15
12676.30 2.934e-15
12684.50 2.925e-15
12692.80 2.959e-15
12701.00 2.886e-15
12709.20 2.742e-15
12717.50 2.779e-15
12725.80 2.769e-15
12734.00 2.882e-15
12742.30 2.813e-15
12750.60 2.715e-15
12759.00 2.688e-15
12767.30 2.720e-15
12775.70 2.778e-15
12784.00 2.784e-15
12792.40 2.690e-15
12800.80 2.687e-15
12809.20 2.754e-15
12817.60 2.857e-15
12826.10 2.968e-15
12834.50 3.032e-15
12843.00 3.055e-15
12851.50 3.135e-15
12860.00 3.107e-15
12868.50 3.012e-15
12877.00 2.967e-15
12885.60 2.965e-15
12894.10 2.907e-15
12902.70 2.874e-15
12911.30 2.892e-15
12919.90 2.803e-15
12928.50 2.753e-15
12937.10 2.724e-15
12945.70 2.668e-15
12954.40 2.760e-15
12963.10 2.748e-15
12971.70 2.700e-15
12980.40 2.714e-15
12989.20 2.689e-15
12997.90 2.695e-15
13006.60 2.629e-15
13015.40 2.669e-15
13024.20 2.678e-15
13032.90 2.584e-15
13041.70 2.550e-15
13050.60 2.021e-15
13059.40 2.266e-15
13068.20 2.461e-15
13077.10 2.408e-15
13086.00 2.514e-15
13094.90 2.391e-15
13103.80 2.502e-15
13112.70 2.562e-15
13121.70 1.922e-15
13130.70 1.549e-15
13139.60 2.486e-15
13148.50 2.470e-15
13157.50 2.421e-15
13166.60 2.321e-15
13175.60 2.364e-15
13184.60 2.343e-15
13193.70 2.323e-15
13202.80 2.406e-15
13211.80 2.450e-15
13221.00 2.417e-15
13230.10 2.310e-15
13239.20 2.254e-15
13248.40 2.276e-15
13257.50 2.195e-15
13266.70 2.118e-15
13275.90 2.158e-15
13285.10 2.189e-15
13294.40 2.212e-15
13303.60 2.191e-15
13312.90 2.202e-15
13322.10 2.293e-15
13331.40 2.279e-15
13340.70 2.254e-15
13350.10 2.219e-15
13359.40 2.093e-15
13368.70 2.185e-15
13378.10 2.151e-15
13387.50 2.069e-15
13396.90 2.019e-15
13406.30 2.118e-15
13415.80 2.008e-15
13425.20 2.281e-15
13434.70 2.114e-15
13444.20 2.179e-15
13453.70 2.294e-15
13463.20 2.285e-15
13472.70 2.181e-15
13482.20 2.432e-15
13491.80 2.168e-15
13501.40 2.335e-15
13511.00 2.207e-15
13520.60 2.107e-15
13530.20 2.354e-15
13539.90 2.218e-15
13549.50 2.359e-15
13559.20 2.415e-15
13568.90 2.379e-15
13578.60 2.384e-15
13588.30 2.465e-15
13598.00 2.379e-15
13607.80 2.273e-15
13617.60 2.366e-15
13627.40 2.313e-15
13637.20 2.209e-15
13647.00 1.963e-15
13656.80 1.385e-15
13666.70 1.542e-15
13676.60 1.570e-15
13686.40 1.650e-15
13696.40 1.827e-15
13706.30 1.655e-15
13716.20 2.144e-15
13726.20 1.841e-15
13736.10 1.277e-15
13746.10 1.198e-15
13756.10 1.369e-15
13766.10 1.305e-15
13776.20 1.270e-15
13786.20 1.408e-15
13796.30 1.478e-15
13806.40 1.651e-15
13816.50 1.908e-15
13826.60 2.047e-15
13836.80 2.229e-15
13846.90 2.465e-15
13857.10 2.459e-15
13867.30 1.913e-15
13877.50 1.540e-15
13887.70 1.680e-15
13897.90 1.058e-15
13908.20 9.281e-16
13918.50 1.086e-15
13928.70 1.293e-15
13939.00 1.389e-15
13949.40 1.577e-15
13959.70 1.770e-15
13970.10 1.929e-15
13980.40 1.573e-15
13990.80 1.479e-15
14001.20 1.404e-15
14011.70 1.629e-15
14022.10 1.595e-15
14032.50 1.548e-15
14043.00 1.631e-15
14053.50 1.724e-15
14064.00 1.468e-15
14074.60 1.423e-15
14085.10 1.428e-15
14095.70 1.554e-15
14106.20 1.578e-15
14116.80 1.617e-15
14127.40 1.368e-15
14138.10 1.381e-15
14148.70 1.417e-15
14159.40 1.415e-15
14170.10 1.468e-15
14180.80 1.370e-15
14191.50 1.521e-15
14202.20 1.535e-15
14212.90 1.002e-15
14223.70 1.508e-15
14234.50 1.526e-15
14245.30 1.407e-15
14256.10 1.613e-15
14267.00 1.484e-15
14277.80 1.484e-15
14288.70 1.636e-15
14299.60 1.563e-15
14310.50 1.486e-15
14321.40 1.539e-15
14332.30 1.614e-15
14343.30 1.569e-15
14354.30 1.598e-15
14365.30 1.461e-15
14376.30 1.538e-15
14387.30 1.493e-15
14398.30 1.454e-15
14409.40 1.474e-15
14420.50 1.482e-15
14431.60 1.482e-15
14442.70 1.460e-15
14453.80 1.466e-15
14465.00 1.513e-15
14476.10 1.533e-15
14487.30 1.467e-15
14498.50 1.485e-15
14509.70 1.455e-15
14521.00 1.461e-15
14532.20 1.502e-15
14543.50 1.522e-15
14554.80 1.457e-15
14566.10 1.474e-15
14577.40 1.437e-15
14588.70 1.412e-15
14600.10 1.456e-15
14611.50 1.514e-15
14622.90 1.536e-15
14634.30 1.550e-15
14645.70 1.591e-15
14657.20 1.623e-15
14668.60 1.546e-15
14680.10 1.589e-15
14691.60 1.521e-15
14703.20 1.492e-15
14714.60 1.574e-15
14726.20 1.589e-15
14737.80 1.515e-15
14749.30 1.426e-15
14760.90 1.380e-15
14772.60 1.428e-15
14784.20 1.411e-15
14795.90 1.424e-15
14807.50 1.057e-15
14819.20 1.313e-15
14830.90 1.358e-15
14842.70 1.419e-15
14854.30 1.459e-15
14866.10 1.416e-15
14877.90 1.422e-15
14889.70 1.343e-15
14901.50 1.422e-15
14913.40 1.447e-15
14925.20 1.385e-15
14937.10 1.434e-15
14949.00 1.454e-15
14960.90 1.474e-15
14972.80 1.429e-15
14984.70 1.493e-15
14996.70 1.468e-15
15008.60 1.489e-15
15020.60 1.464e-15
15032.60 1.486e-15
15044.70 1.469e-15
15056.80 1.079e-15
15068.80 1.433e-15
15080.80 1.490e-15
15092.90 1.450e-15
15105.00 1.449e-15
15117.20 1.501e-15
15129.30 1.567e-15
15141.50 1.505e-15
15153.60 1.488e-15
15165.90 1.463e-15
15178.10 1.423e-15
15190.30 1.442e-15
15202.50 1.404e-15
15214.80 1.410e-15
15227.10 1.439e-15
15239.40 1.434e-15
15251.70 1.475e-15
15264.00 1.434e-15
15276.40 1.446e-15
15288.80 1.395e-15
15301.20 1.412e-15
15313.60 1.437e-15
15326.00 1.432e-15
15338.40 1.385e-15
15350.90 1.389e-15
15363.40 1.380e-15
15375.80 1.363e-15
15388.40 1.348e-15
15400.90 1.312e-15
15413.40 1.311e-15
15426.00 1.313e-15
15438.40 1.387e-15
15451.20 1.284e-15
15463.80 1.358e-15
15476.40 1.295e-15
15489.10 1.290e-15
15501.70 1.281e-15
15514.40 1.293e-15
15527.10 1.321e-15
15539.80 1.284e-15
15552.50 1.288e-15
15565.30 1.284e-15
15578.10 1.303e-15
15590.80 1.281e-15
15603.60 1.286e-15
15616.50 1.251e-15
15629.30 1.231e-15
15642.30 1.226e-15
15655.00 1.270e-15
15667.90 1.209e-15
15680.80 1.105e-15
15693.70 1.163e-15
15706.70 1.233e-15
15719.60 1.251e-15
15732.60 1.266e-15
15745.60 1.272e-15
15758.60 1.264e-15
15771.60 1.247e-15
15784.70 1.214e-15
15797.70 1.222e-15
15810.80 1.194e-15
15823.80 1.168e-15
15837.00 1.139e-15
15850.10 1.174e-15
15863.20 1.178e-15
15876.40 1.154e-15
15889.60 1.083e-15
15902.80 1.215e-15
15916.00 1.183e-15
15929.20 1.221e-15
15942.40 1.210e-15
15955.70 1.215e-15
15969.00 1.218e-15
15982.30 1.192e-15
15995.60 1.204e-15
16008.90 1.214e-15
16022.20 1.215e-15
16035.60 1.266e-15
16049.00 1.213e-15
16062.30 1.206e-15
16075.80 1.196e-15
16089.20 1.139e-15
16102.60 1.161e-15
16116.10 1.156e-15
16129.50 1.195e-15
16143.00 1.227e-15
16156.50 1.186e-15
16170.10 1.149e-15
16183.60 1.191e-15
16197.20 1.194e-15
16210.70 1.201e-15
16224.30 1.166e-15
16237.90 1.180e-15
16251.50 1.155e-15
16265.20 1.168e-15
16278.80 1.176e-15
16292.50 1.095e-15
16306.40 1.137e-15
16319.90 1.100e-15
16333.60 1.091e-15
16347.30 1.091e-15
16361.10 1.165e-15
16374.80 1.074e-15
16388.60 9.840e-16
16402.40 1.027e-15
16416.20 1.081e-15
16430.10 1.087e-15
16443.90 1.144e-15
16457.80 1.100e-15
16471.70 1.103e-15
16485.60 1.147e-15
16499.50 1.124e-15
16513.40 1.128e-15
16527.20 1.101e-15
16541.30 1.079e-15
16555.30 1.047e-15
16569.30 1.054e-15
16583.30 1.069e-15
16597.30 1.079e-15
16611.30 1.053e-15
16625.40 1.077e-15
16639.40 1.073e-15
16653.50 1.063e-15
16667.60 1.096e-15
16681.70 1.081e-15
16695.90 1.069e-15
16710.00 1.112e-15
16724.20 1.065e-15
16738.30 1.018e-15
16752.50 9.530e-16
16766.80 9.686e-16
16781.00 1.011e-15
16795.20 1.051e-15
16809.50 1.027e-15
16823.80 1.076e-15
16838.00 1.114e-15
16852.30 1.140e-15
16866.60 1.167e-15
16881.00 1.178e-15
16895.30 1.202e-15
16909.70 1.189e-15
16924.10 1.170e-15
16938.50 1.134e-15
16952.90 1.187e-15
16967.30 1.163e-15
16981.70 1.171e-15
16996.20 1.160e-15
17010.60 1.042e-15
17025.10 1.095e-15
17039.60 1.123e-15
17054.10 1.120e-15
17068.70 1.118e-15
17083.20 1.113e-15
17097.80 1.119e-15
17112.40 1.107e-15
17126.90 1.111e-15
17141.60 1.124e-15
17156.20 1.106e-15
17170.90 1.060e-15
17185.50 1.087e-15
17200.10 1.093e-15
17214.80 1.085e-15
17229.50 1.092e-15
17244.20 1.064e-15
17258.90 1.037e-15
17273.70 1.045e-15
17288.40 1.042e-15
17303.20 1.026e-15
17318.00 1.004e-15
17332.70 1.032e-15
17347.60 1.008e-15
17362.40 9.937e-16
17377.20 1.093e-15
17392.10 1.081e-15
17407.00 1.081e-15
17421.80 1.095e-15
17436.70 1.110e-15
17451.70 1.086e-15
17466.60 1.032e-15
17481.50 1.080e-15
17496.50 9.963e-16
17511.50 1.029e-15
17526.50 9.949e-16
17541.50 1.001e-15
17556.50 1.011e-15
17571.50 9.892e-16
17586.50 9.768e-16
17601.60 9.813e-16
17616.70 9.876e-16
17631.70 9.859e-16
17646.80 9.635e-16
17662.00 9.976e-16
17677.10 1.025e-15
17692.30 9.549e-16
17707.40 9.135e-16
17722.60 8.879e-16
17737.80 9.961e-16
17753.00 9.223e-16
17768.20 9.532e-16
17783.40 9.537e-16
17798.60 9.383e-16
17813.90 9.665e-16
17829.10 9.207e-16
17844.50 9.354e-16
17859.70 9.589e-16
17875.10 9.108e-16
17890.40 9.460e-16
17905.70 9.084e-16
17921.10 9.012e-16
17936.50 9.220e-16
17951.80 9.037e-16
17967.30 9.334e-16
17982.60 8.891e-16
17998.10 8.870e-16
18013.50 8.861e-16
18029.00 8.980e-16
18044.40 8.511e-16
18059.90 8.133e-16
18075.40 8.430e-16
18090.90 7.335e-16
18106.40 7.550e-16
18122.00 7.555e-16
18137.50 8.052e-16
18153.10 8.599e-16
18168.60 8.407e-16
18184.20 8.970e-16
18199.80 8.759e-16
18215.50 9.575e-16
18231.10 8.858e-16
18246.70 8.714e-16
18262.40 8.383e-16
18278.10 8.927e-16
18293.70 7.884e-16
18309.40 9.080e-16
18325.20 1.084e-15
18340.90 1.136e-15
18356.60 1.034e-15
18372.40 8.894e-16
18388.10 1.060e-15
18403.90 1.050e-15
18419.70 1.022e-15
18435.50 7.247e-16
18451.30 6.340e-16
18467.20 6.073e-16
18483.00 8.819e-16
18498.90 7.039e-16
18514.80 8.677e-16
18530.70 8.701e-16
18546.60 7.772e-16
18562.50 8.774e-16
18578.40 9.265e-16
18594.40 6.165e-16
18610.30 7.633e-16
18626.30 5.955e-16
18642.30 4.857e-16
18658.30 7.456e-16
18674.30 9.320e-16
18690.30 8.761e-16
18706.30 9.634e-16
18722.40 1.360e-15
18738.50 1.485e-15
18754.50 1.764e-15
18770.60 7.138e-16
18786.70 5.506e-16
18802.90 4.210e-16
18819.00 4.526e-16
18835.10 5.163e-16
18851.30 6.865e-16
18867.50 6.267e-16
18883.70 8.682e-16
18899.90 7.384e-16
18916.10 8.381e-16
18932.30 7.209e-16
18948.60 8.725e-16
18964.80 9.966e-16
18981.10 8.055e-16
18997.40 8.150e-16
19013.70 1.001e-15
19030.00 1.228e-15
19046.30 1.138e-15
19062.60 9.010e-16
19079.00 5.844e-16
19095.30 5.473e-16
19111.70 5.750e-16
19128.10 6.790e-16
19144.50 9.632e-16
19160.90 4.365e-15
19177.40 9.700e-16
19193.80 5.588e-16
19210.30 5.663e-16
19226.70 6.538e-16
19243.20 7.528e-16
19259.70 6.159e-16
19276.20 7.175e-16
19292.80 7.142e-16
19309.30 7.441e-16
19325.90 7.484e-16
19342.40 6.304e-16
19359.00 5.328e-16
19375.60 5.786e-16
19392.20 6.505e-16
19408.90 6.404e-16
19425.50 6.399e-16
19442.20 6.367e-16
19458.80 5.955e-16
19475.50 6.047e-16
19492.20 6.330e-16
19508.90 6.213e-16
19525.60 6.137e-16
19542.40 6.639e-16
19559.10 6.583e-16
19575.90 6.564e-16
19592.70 5.775e-16
19609.50 5.774e-16
19626.30 4.744e-16
19643.10 4.789e-16
19659.90 2.243e-16
19676.80 3.875e-16
19693.60 5.005e-16
19710.50 4.867e-16
19727.40 4.796e-16
19744.30 5.017e-16
19761.20 4.567e-16
19778.20 4.822e-16
19795.10 4.640e-16
19812.10 4.651e-16
19829.10 4.577e-16
19846.10 4.515e-16
19863.10 4.480e-16
19880.10 4.484e-16
19897.10 4.512e-16
19914.20 4.656e-16
19931.20 4.602e-16
19948.30 4.674e-16
19965.40 4.868e-16
19982.50 5.286e-16
19999.70 5.328e-16
20016.80 5.360e-16
20034.00 6.242e-16
20051.10 5.573e-16
20068.30 5.566e-16
20085.50 3.704e-16
20102.70 4.250e-16
20120.00 4.464e-16
20137.20 4.697e-16
20154.50 4.649e-16
20171.70 4.714e-16
20189.00 4.799e-16
20206.30 4.791e-16
20223.70 4.614e-16
20241.00 4.632e-16
20258.30 4.698e-16
20275.70 4.930e-16
20293.10 5.121e-16
20310.50 5.474e-16
20327.90 5.642e-16
20345.30 5.506e-16
20362.80 5.639e-16
20380.30 5.497e-16
20397.70 5.965e-16
20415.20 6.345e-16
20432.70 6.131e-16
20450.30 6.272e-16
20467.80 6.231e-16
20485.40 6.421e-16
20502.90 6.503e-16
20520.50 6.801e-16
20538.10 6.948e-16
20555.80 7.159e-16
20573.40 6.954e-16
20591.10 6.409e-16
20608.70 6.016e-16
20626.40 6.192e-16
20644.10 6.331e-16
20661.80 6.269e-16
20679.60 6.440e-16
20697.30 6.622e-16
20715.10 6.205e-16
20732.90 6.387e-16
20750.70 6.423e-16
20768.50 6.332e-16
20786.40 6.185e-16
20804.20 6.089e-16
20822.10 6.003e-16
20840.00 6.130e-16
20857.90 6.246e-16
20875.80 6.085e-16
20893.80 6.097e-16
20911.70 6.276e-16
20929.70 6.251e-16
20947.70 5.995e-16
20965.70 5.912e-16
20983.70 5.956e-16
21001.80 6.173e-16
21019.80 6.131e-16
21037.90 5.740e-16
21056.00 5.864e-16
21074.20 5.805e-16
21092.30 5.806e-16
21110.40 5.829e-16
21128.60 5.964e-16
21146.80 5.908e-16
21165.00 5.562e-16
21183.30 5.542e-16
21201.50 5.550e-16
21219.80 5.527e-16
21238.10 5.643e-16
21256.40 5.602e-16
21274.70 5.686e-16
21293.00 5.435e-16
21311.40 5.341e-16
21329.80 5.456e-16
21348.20 6.241e-16
21366.60 5.835e-16
21385.00 5.685e-16
21403.50 5.388e-16
21422.00 5.606e-16
21440.50 5.345e-16
21459.00 5.277e-16
21477.50 5.266e-16
21496.20 5.003e-16
21514.70 5.496e-16
21533.30 5.438e-16
21551.90 5.421e-16
21570.50 5.300e-16
21589.20 4.886e-16
21607.80 5.055e-16
21626.50 4.940e-16
21645.30 4.649e-16
21664.00 4.700e-16
21682.80 4.902e-16
21701.60 5.066e-16
21720.40 5.079e-16
21739.20 5.259e-16
21758.00 5.263e-16
21776.90 5.300e-16
21795.80 5.206e-16
21814.70 5.093e-16
21833.60 4.979e-16
21852.60 4.924e-16
21871.60 4.679e-16
21890.50 4.736e-16
21909.60 4.412e-16
21928.80 3.578e-16
21947.80 4.207e-16
21966.80 4.290e-16
21985.90 4.315e-16
22005.00 4.635e-16
22024.10 4.585e-16
22043.30 4.540e-16
22062.50 4.564e-16
22081.70 4.559e-16
22101.00 4.554e-16
22120.20 4.512e-16
22139.50 4.383e-16
22158.80 4.254e-16
22178.20 4.193e-16
22197.50 4.129e-16
22216.90 4.495e-16
22236.30 4.048e-16
22255.70 4.222e-16
22275.20 4.173e-16
22294.60 4.118e-16
22314.10 4.100e-16
22333.70 4.118e-16
22353.20 3.912e-16
22372.80 4.011e-16
22392.40 4.006e-16
22412.00 3.975e-16
22431.60 3.579e-16
22451.30 3.678e-16
22471.00 3.833e-16
22490.70 4.176e-16
22510.40 3.933e-16
22530.20 3.952e-16
22550.00 3.825e-16
22569.80 3.733e-16
22589.70 3.868e-16
22609.50 3.681e-16
22629.40 3.978e-16
22649.30 3.605e-16
22669.30 3.713e-16
22689.30 3.712e-16
22709.20 3.813e-16
22729.30 3.718e-16
22749.30 3.789e-16
22769.40 3.761e-16
22789.50 3.755e-16
22809.60 3.790e-16
22829.80 3.671e-16
22849.90 3.697e-16
22870.10 3.634e-16
22890.40 3.575e-16
22910.70 3.701e-16
22930.90 3.505e-16
22951.20 3.782e-16
22971.60 3.637e-16
22992.00 3.569e-16
23012.40 3.405e-16
23032.80 3.342e-16
23053.30 3.128e-16
23073.60 2.745e-16
23094.20 3.099e-16
23114.70 3.432e-16
23135.30 3.489e-16
23155.90 3.515e-16
23176.50 3.434e-16
23197.20 3.090e-16
23217.80 3.400e-16
23238.50 3.314e-16
23259.30 3.488e-16
23280.00 3.327e-16
23300.80 3.281e-16
23321.60 3.154e-16
23342.50 3.136e-16
23363.40 3.113e-16
23384.30 3.190e-16
23405.20 3.420e-16
23426.10 3.596e-16
23447.10 3.421e-16
23468.20 3.325e-16
23489.20 3.346e-16
23510.30 3.235e-16
23531.40 3.031e-16
23552.50 3.273e-16
23573.70 3.394e-16
23594.90 3.222e-16
23616.10 3.237e-16
23637.40 3.072e-16
23658.70 2.863e-16
23680.00 3.113e-16
23701.40 3.029e-16
23722.70 3.130e-16
23744.20 3.266e-16
23765.60 3.312e-16
23787.10 3.385e-16
23808.60 3.489e-16
23830.10 3.283e-16
23851.70 3.297e-16
23873.30 3.137e-16
23894.90 3.298e-16
23916.60 3.322e-16
23938.30 3.201e-16
23960.00 3.248e-16
23981.70 3.325e-16
24003.50 3.266e-16
24025.30 3.537e-16
24047.20 3.487e-16
24069.10 3.580e-16
24091.00 3.360e-16
24112.90 3.448e-16
24134.90 3.366e-16
24156.90 3.011e-16
24178.90 2.848e-16
24200.90 2.632e-16
24223.10 3.367e-16
24245.20 3.271e-16
24267.40 3.569e-16
24289.60 3.389e-16
24311.80 3.286e-16
24334.10 3.171e-16
24356.40 2.622e-16
24378.70 2.989e-16
24401.10 3.057e-16
24423.50 2.988e-16
24445.90 3.109e-16
24468.40 2.821e-16
24490.90 3.362e-16
24513.40 2.833e-16
24535.90 3.331e-16
24558.50 3.290e-16
24581.10 3.711e-16
24603.80 3.509e-16
24626.50 3.765e-16
24649.20 3.715e-16
24672.00 3.750e-16
24694.70 3.387e-16
24717.60 2.939e-16
24740.40 3.069e-16
24763.30 2.360e-16
24786.20 2.841e-16
24809.20 2.410e-16
24832.10 2.597e-16
24854.90 3.381e-16
24878.20 3.200e-16
24901.30 2.542e-16
24924.40 2.519e-16
24947.60 1.431e-16
24970.80 2.442e-16
24994.00 3.425e-16
