03200.00 1.300e-15
03201.70 8.162e-16
03203.40 8.519e-16
03205.09 3.234e-16
03206.79 1.893e-16
03208.49 2.530e-16
03210.19 -1.307e-16
03211.88 -3.228e-16
03213.58 -2.646e-17
03215.28 7.039e-17
03216.98 6.453e-16
03218.68 9.763e-16
03220.37 7.209e-16
03222.07 6.428e-16
03223.77 1.436e-16
03225.47 -4.963e-16
03227.16 -4.199e-16
03228.86 3.333e-17
03230.56 9.713e-17
03232.26 3.495e-16
03233.96 3.815e-16
03235.65 1.547e-16
03237.35 -3.871e-17
03239.05 -3.061e-16
03240.75 -6.936e-16
03242.44 -7.575e-16
03244.14 -4.824e-16
03245.84 -5.098e-16
03247.54 -5.236e-16
03249.24 -5.242e-16
03250.93 -6.680e-16
03252.63 -1.030e-15
03254.33 -9.825e-16
03256.03 -7.044e-16
03257.72 -1.909e-16
03259.42 3.980e-16
03261.12 6.892e-16
03262.82 8.278e-16
03264.52 4.872e-16
03266.21 -4.597e-16
03267.91 -1.145e-15
03269.61 -1.507e-15
03271.31 -1.727e-15
03273.01 -1.650e-15
03274.70 -8.690e-16
03276.40 -3.286e-16
03278.10 -9.519e-17
03279.80 -6.784e-17
03281.49 2.459e-16
03283.19 3.075e-16
03284.89 2.136e-16
03286.59 3.778e-16
03288.29 5.046e-16
03289.98 9.879e-17
03291.68 -3.196e-16
03293.38 -5.049e-16
03295.08 -6.731e-16
03296.77 -9.690e-16
03298.47 -9.706e-16
03300.17 -5.877e-16
03301.87 -2.225e-16
03303.57 -1.973e-17
03305.26 3.985e-16
03306.96 6.357e-16
03308.66 5.932e-16
03310.36 8.635e-16
03312.05 9.648e-16
03313.75 9.672e-16
03315.45 1.327e-15
03317.15 1.377e-15
03318.85 9.836e-16
03320.54 8.263e-16
03322.24 3.742e-16
03323.94 -2.206e-16
03325.64 -3.826e-16
03327.33 -2.788e-16
03329.03 -1.112e-16
03330.73 2.489e-16
03332.43 4.092e-16
03334.13 2.523e-16
03335.82 -1.408e-17
03337.52 -2.865e-16
03339.22 -3.851e-16
03340.92 -3.588e-16
03342.61 -4.328e-16
03344.31 -4.534e-16
03346.01 -2.103e-16
03347.71 -7.106e-17
03349.41 -1.084e-16
03351.10 9.558e-17
03352.80 1.648e-16
03354.50 -2.865e-16
03356.20 -6.168e-16
03357.89 -6.110e-16
03359.59 -4.683e-16
03361.29 -1.715e-16
03362.99 2.348e-16
03364.69 6.398e-16
03366.38 9.699e-16
03368.08 9.713e-16
03369.78 6.927e-16
03371.48 5.450e-16
03373.17 4.709e-16
03374.87 2.154e-16
03376.57 8.293e-17
03378.27 1.611e-16
03379.97 2.305e-16
03381.66 1.931e-16
03383.36 2.173e-16
03385.06 2.444e-16
03386.76 1.423e-16
03388.46 1.248e-16
03390.15 7.100e-17
03391.85 1.784e-17
03393.55 6.734e-17
03395.25 2.729e-16
03396.94 4.126e-16
03398.64 6.261e-16
03400.34 8.161e-16
03402.04 7.060e-16
03403.74 5.184e-16
03405.43 6.146e-16
03407.13 5.475e-16
03408.83 2.086e-16
03410.53 1.984e-16
03412.22 3.889e-16
03413.92 3.194e-16
03415.62 4.622e-16
03417.32 8.364e-16
03419.02 9.623e-16
03420.71 9.867e-16
03422.41 1.052e-15
03424.11 9.603e-16
03425.81 8.320e-16
03427.50 8.356e-16
03429.20 7.550e-16
03430.90 6.261e-16
03432.60 6.138e-16
03434.30 5.846e-16
03435.99 5.377e-16
03437.69 5.967e-16
03439.39 5.410e-16
03441.09 3.671e-16
03442.78 3.549e-16
03444.48 3.406e-16
03446.18 2.271e-16
03447.88 3.368e-16
03449.58 5.730e-16
03451.27 6.127e-16
03452.97 7.558e-16
03454.67 9.449e-16
03456.37 9.477e-16
03458.06 8.872e-16
03459.76 8.632e-16
03461.46 6.135e-16
03463.16 4.329e-16
03464.86 4.219e-16
03466.55 3.765e-16
03468.25 3.454e-16
03469.95 4.574e-16
03471.65 4.121e-16
03473.34 2.972e-16
03475.04 2.173e-16
03476.74 1.672e-16
03478.44 1.340e-16
03480.14 2.562e-16
03481.83 4.187e-16
03483.53 4.957e-16
03485.23 6.431e-16
03486.93 7.594e-16
03488.62 5.772e-16
03490.32 2.373e-16
03492.02 9.733e-17
03493.72 1.656e-16
03495.42 2.283e-16
03497.11 3.931e-16
03498.81 6.399e-16
03500.51 7.425e-16
03502.21 4.855e-16
03503.90 1.790e-16
03505.60 -7.933e-19
03507.30 3.942e-17
03509.00 2.849e-16
03510.70 6.099e-16
03512.39 8.110e-16
03514.09 9.905e-16
03515.79 9.684e-16
03517.49 6.219e-16
03519.19 3.090e-16
03520.88 2.477e-16
03522.58 1.637e-16
03524.28 8.849e-17
03525.98 1.197e-16
03527.67 1.345e-16
03529.37 1.714e-16
03531.07 2.907e-16
03532.77 3.734e-16
03534.47 3.985e-16
03536.16 4.239e-16
03537.86 4.385e-16
03539.56 4.061e-16
03541.26 3.559e-16
03542.95 4.150e-16
03544.65 4.957e-16
03546.35 2.965e-16
03548.05 1.213e-16
03549.75 9.628e-17
03551.44 -5.483e-17
03553.14 -1.174e-16
03554.84 7.630e-17
03556.54 3.772e-16
03558.23 4.983e-16
03559.93 6.539e-16
03561.63 6.897e-16
03563.33 5.945e-16
03565.03 4.299e-16
03566.72 3.825e-16
03568.42 3.579e-16
03570.12 3.770e-16
03571.82 3.969e-16
03573.51 3.485e-16
03575.21 3.486e-16
03576.91 3.761e-16
03578.61 2.489e-16
03580.31 2.657e-16
03582.00 4.249e-16
03583.70 4.433e-16
03585.40 4.547e-16
03587.10 5.314e-16
03588.79 3.418e-16
03590.49 9.711e-17
03592.19 1.966e-17
03593.89 -7.690e-17
03595.59 -8.436e-17
03597.28 1.485e-16
03598.98 2.264e-16
03600.68 2.303e-16
03602.38 3.642e-16
03604.07 4.577e-16
03605.77 4.877e-16
03607.47 5.560e-16
03609.17 4.844e-16
03610.87 3.797e-16
03612.56 4.206e-16
03614.26 4.310e-16
03615.96 5.185e-16
03617.66 7.143e-16
03619.35 7.527e-16
03621.05 6.824e-16
03622.75 6.847e-16
03624.45 6.379e-16
03626.15 6.544e-16
03627.84 6.665e-16
03629.54 5.236e-16
03631.24 4.405e-16
03632.94 3.832e-16
03634.63 2.802e-16
03636.33 2.662e-16
03638.03 3.270e-16
03639.73 2.963e-16
03641.43 2.900e-16
03643.12 3.067e-16
03644.82 4.740e-16
03646.52 6.716e-16
03648.22 7.473e-16
03649.92 7.114e-16
03651.61 6.448e-16
03653.31 5.092e-16
03655.01 4.538e-16
03656.71 5.065e-16
03658.40 5.418e-16
03660.10 4.896e-16
03661.80 3.724e-16
03663.50 2.997e-16
03665.20 2.756e-16
03666.89 2.702e-16
03668.59 3.242e-16
03670.29 3.757e-16
03671.99 3.627e-16
03673.68 2.475e-16
03675.38 2.393e-16
03677.08 2.291e-16
03678.78 1.233e-16
03680.48 6.899e-17
03682.17 1.643e-16
03683.87 1.662e-16
03685.57 6.462e-17
03687.27 5.099e-18
03688.96 -2.801e-17
03690.66 -1.623e-16
03692.36 -2.983e-16
03694.06 -2.562e-16
03695.76 -1.420e-16
03697.45 -1.451e-16
03699.15 -3.778e-17
03700.85 1.650e-16
03702.55 2.916e-16
03704.24 4.305e-16
03705.94 5.677e-16
03707.64 5.180e-16
03709.34 3.853e-16
03711.04 3.322e-16
03712.73 2.795e-16
03714.43 2.021e-16
03716.13 1.431e-16
03717.83 1.936e-16
03719.52 1.581e-16
03721.22 5.303e-17
03722.92 8.309e-17
03724.62 6.706e-17
03726.32 -1.089e-16
03728.01 -1.049e-16
03729.71 9.194e-17
03731.41 1.777e-16
03733.11 2.611e-16
03734.80 4.733e-16
03736.50 5.579e-16
03738.20 5.397e-16
03739.90 5.954e-16
03741.60 6.305e-16
03743.29 4.807e-16
03744.99 2.922e-16
03746.69 1.919e-16
03748.39 1.655e-16
03750.08 2.799e-16
03751.78 5.428e-16
03753.48 7.693e-16
03755.18 7.118e-16
03756.88 6.133e-16
03758.57 5.940e-16
03760.27 4.681e-16
03761.97 3.564e-16
03763.67 3.631e-16
03765.37 3.348e-16
03767.06 2.141e-16
03768.76 7.485e-17
03770.46 2.314e-17
03772.16 8.250e-17
03773.85 4.086e-17
03775.55 -9.502e-17
03777.25 -4.395e-17
03778.95 8.815e-17
03780.65 8.760e-17
03782.34 7.317e-17
03784.04 1.426e-16
03785.74 1.269e-16
03787.44 8.025e-17
03789.13 5.785e-18
03790.83 -1.287e-16
03792.53 -7.767e-17
03794.23 1.044e-16
03795.93 1.007e-16
03797.62 2.313e-16
03799.32 6.071e-16
03801.02 6.995e-16
03802.72 6.293e-16
03804.41 6.517e-16
03806.11 5.740e-16
03807.81 3.701e-16
03809.51 3.244e-16
03811.21 2.440e-16
03812.90 1.931e-16
03814.60 3.757e-16
03816.30 5.295e-16
03818.00 5.615e-16
03819.69 6.469e-16
03821.39 7.262e-16
03823.09 6.625e-16
03824.79 5.922e-16
03826.49 5.447e-16
03828.18 4.600e-16
03829.88 3.944e-16
03831.58 3.973e-16
03833.28 4.458e-16
03834.97 4.994e-16
03836.67 5.680e-16
03838.37 4.755e-16
03840.07 2.830e-16
03841.77 2.520e-16
03843.46 3.866e-16
03845.16 5.433e-16
03846.86 6.994e-16
03848.56 8.410e-16
03850.25 9.021e-16
03851.95 7.944e-16
03853.65 7.488e-16
03855.35 8.599e-16
03857.05 8.853e-16
03858.74 7.993e-16
03860.44 8.348e-16
03862.14 8.088e-16
03863.84 7.165e-16
03865.53 7.559e-16
03867.23 8.567e-16
03868.93 8.970e-16
03870.63 9.148e-16
03872.33 9.892e-16
03874.02 1.083e-15
03875.72 1.094e-15
03877.42 9.509e-16
03879.12 8.820e-16
03880.81 8.967e-16
03882.51 8.584e-16
03884.21 8.121e-16
03885.91 9.203e-16
03887.61 1.113e-15
03889.30 1.183e-15
03891.00 1.135e-15
03892.70 1.100e-15
03894.40 1.155e-15
03896.10 1.220e-15
03897.79 1.285e-15
03899.49 1.285e-15
03901.19 1.203e-15
03902.89 1.075e-15
03904.58 9.037e-16
03906.28 7.935e-16
03907.98 8.939e-16
03909.68 1.096e-15
03911.38 1.231e-15
03913.07 1.298e-15
03914.77 1.296e-15
03916.47 1.209e-15
03918.17 1.082e-15
03919.86 9.675e-16
03921.56 9.033e-16
03923.26 7.945e-16
03924.96 7.184e-16
03926.66 7.662e-16
03928.35 8.576e-16
03930.05 9.434e-16
03931.75 1.032e-15
03933.45 1.099e-15
03935.14 1.124e-15
03936.84 1.090e-15
03938.54 9.672e-16
03940.24 9.085e-16
03941.94 9.192e-16
03943.63 9.737e-16
03945.33 1.010e-15
03947.03 9.824e-16
03948.73 9.948e-16
03950.42 1.056e-15
03952.12 1.051e-15
03953.82 1.047e-15
03955.52 1.048e-15
03957.22 9.959e-16
03958.91 9.287e-16
03960.61 9.292e-16
03962.31 9.691e-16
03964.01 1.022e-15
03965.70 1.150e-15
03967.40 1.292e-15
03969.10 1.247e-15
03970.80 1.131e-15
03972.50 1.198e-15
03974.19 1.178e-15
03975.89 1.001e-15
03977.59 9.600e-16
03979.29 9.936e-16
03980.98 9.712e-16
03982.68 9.831e-16
03984.38 9.807e-16
03986.08 9.787e-16
03987.78 1.044e-15
03989.47 1.036e-15
03991.17 9.964e-16
03992.87 1.038e-15
03994.57 1.127e-15
03996.26 1.199e-15
03997.96 1.214e-15
03999.66 1.121e-15
04001.36 1.103e-15
04003.06 1.075e-15
04004.75 9.786e-16
04006.45 1.017e-15
04008.15 1.123e-15
04009.85 1.145e-15
04011.55 1.142e-15
04013.24 1.114e-15
04014.94 9.463e-16
04016.64 8.944e-16
04018.34 8.965e-16
04020.03 8.720e-16
04021.73 9.098e-16
04023.43 9.755e-16
04025.13 9.969e-16
04026.83 9.955e-16
04028.52 9.695e-16
04030.22 9.029e-16
04031.92 9.813e-16
04033.62 1.089e-15
04035.31 1.034e-15
04037.01 9.018e-16
04038.71 7.985e-16
04040.41 7.119e-16
04042.11 7.063e-16
04043.80 7.672e-16
04045.50 8.274e-16
04047.20 8.848e-16
04048.90 9.365e-16
04050.59 8.874e-16
04052.29 8.486e-16
04053.99 8.610e-16
04055.69 8.370e-16
04057.39 7.687e-16
04059.08 6.940e-16
04060.78 7.299e-16
04062.48 8.373e-16
04064.18 9.531e-16
04065.87 1.025e-15
04067.57 1.067e-15
04069.27 1.052e-15
04070.97 9.874e-16
04072.67 8.969e-16
04074.36 7.741e-16
04076.06 6.599e-16
04077.76 6.049e-16
04079.46 6.253e-16
04081.15 6.324e-16
04082.85 6.155e-16
04084.55 6.552e-16
04086.25 7.167e-16
04087.95 7.847e-16
04089.64 9.039e-16
04091.34 9.685e-16
04093.04 9.131e-16
04094.74 8.546e-16
04096.43 7.620e-16
04098.13 6.303e-16
04099.83 5.766e-16
04101.53 6.011e-16
04103.23 5.758e-16
04104.92 4.934e-16
04106.62 4.527e-16
04108.32 3.959e-16
04110.02 2.940e-16
04111.71 2.772e-16
04113.41 3.581e-16
04115.11 4.890e-16
04116.81 6.774e-16
04118.51 8.246e-16
04120.20 8.936e-16
04121.90 9.233e-16
04123.60 9.375e-16
04125.30 9.571e-16
04126.99 9.940e-16
04128.69 9.631e-16
04130.39 8.889e-16
04132.09 7.099e-16
04133.79 5.073e-16
04135.48 4.409e-16
04137.18 4.538e-16
04138.88 4.761e-16
04140.58 5.412e-16
04142.28 6.350e-16
04143.97 6.557e-16
04145.67 5.718e-16
04147.37 5.583e-16
04149.07 6.777e-16
04150.76 7.604e-16
04152.46 7.757e-16
04154.16 8.552e-16
04155.86 8.707e-16
04157.56 7.626e-16
04159.25 6.230e-16
04160.95 5.355e-16
04162.65 4.880e-16
04164.35 4.848e-16
04166.04 5.300e-16
04167.74 5.783e-16
04169.44 6.507e-16
04171.14 6.803e-16
04172.84 5.801e-16
04174.53 4.630e-16
04176.23 4.743e-16
04177.93 4.468e-16
04179.63 3.889e-16
04181.32 4.805e-16
04183.02 6.268e-16
04184.72 6.979e-16
04186.42 7.298e-16
04188.12 8.079e-16
04189.81 8.501e-16
04191.51 7.974e-16
04193.21 7.750e-16
04194.91 8.318e-16
04196.60 7.761e-16
04198.30 7.172e-16
04200.00 7.770e-16
04201.70 6.395e-16
04203.40 4.526e-16
04205.09 5.042e-16
04206.79 5.603e-16
04208.49 4.996e-16
04210.19 6.304e-16
04211.88 8.005e-16
04213.58 8.431e-16
04215.28 8.214e-16
04216.98 7.897e-16
04218.68 6.640e-16
04220.37 4.658e-16
04222.07 3.013e-16
04223.77 3.279e-16
04225.47 4.285e-16
04227.16 5.597e-16
04228.86 7.214e-16
04230.56 8.484e-16
04232.26 8.880e-16
04233.96 9.256e-16
04235.65 8.952e-16
04237.35 7.639e-16
04239.05 6.719e-16
04240.75 6.557e-16
04242.44 5.870e-16
04244.14 4.425e-16
04245.84 1.858e-16
04247.54 -3.173e-16
04249.24 -1.082e-15
04250.93 -1.721e-15
04252.63 -1.878e-15
04254.33 -1.593e-15
04256.03 -9.935e-16
04257.72 -2.232e-16
04259.42 4.002e-16
04261.12 7.724e-16
04262.82 9.586e-16
04264.52 9.677e-16
04266.21 9.317e-16
04267.91 8.769e-16
04269.61 7.800e-16
04271.31 7.651e-16
04273.01 8.001e-16
04274.70 7.512e-16
04276.40 7.152e-16
04278.10 6.631e-16
04279.80 5.931e-16
04281.49 5.665e-16
04283.19 5.680e-16
04284.89 6.352e-16
04286.59 6.999e-16
04288.29 6.784e-16
04289.98 6.835e-16
04291.68 7.536e-16
04293.38 7.859e-16
04295.08 7.765e-16
04296.77 7.496e-16
04298.47 7.007e-16
04300.17 7.245e-16
04301.87 7.861e-16
04303.57 8.165e-16
04305.26 8.434e-16
04306.96 8.481e-16
04308.66 7.736e-16
04310.36 6.939e-16
04312.05 6.735e-16
04313.75 6.810e-16
04315.45 7.168e-16
04317.15 7.056e-16
04318.85 5.857e-16
04320.54 4.568e-16
04322.24 3.698e-16
04323.94 3.400e-16
04325.64 4.074e-16
04327.33 5.278e-16
04329.03 6.561e-16
04330.73 7.828e-16
04332.43 8.397e-16
04334.13 7.567e-16
04335.82 6.668e-16
04337.52 6.646e-16
04339.22 6.347e-16
04340.92 5.183e-16
04342.61 4.658e-16
04344.31 3.992e-16
04346.01 2.699e-16
04347.71 2.707e-16
04349.41 3.819e-16
04351.10 4.762e-16
04352.80 6.116e-16
04354.50 6.935e-16
04356.20 6.299e-16
04357.89 6.014e-16
04359.59 6.034e-16
04361.29 5.282e-16
04362.99 5.033e-16
04364.69 5.627e-16
04366.38 5.554e-16
04368.08 5.202e-16
04369.78 5.345e-16
04371.48 4.991e-16
04373.17 3.833e-16
04374.87 2.784e-16
04376.57 2.106e-16
04378.27 2.109e-16
04379.97 2.720e-16
04381.66 3.415e-16
04383.36 3.822e-16
04385.06 4.559e-16
04386.76 5.545e-16
04388.46 6.378e-16
04390.15 6.938e-16
04391.85 6.945e-16
04393.55 6.650e-16
04395.25 6.238e-16
04396.94 5.894e-16
04398.64 5.331e-16
04400.34 4.842e-16
04402.04 4.676e-16
04403.74 4.031e-16
04405.43 3.100e-16
04407.13 3.113e-16
04408.83 3.352e-16
04410.53 3.251e-16
04412.22 4.026e-16
04413.92 4.808e-16
04415.62 4.832e-16
04417.32 5.575e-16
04419.02 6.190e-16
04420.71 5.495e-16
04422.41 5.327e-16
04424.11 5.500e-16
04425.81 5.365e-16
04427.50 5.443e-16
04429.20 5.907e-16
04430.90 6.005e-16
04432.60 5.664e-16
04434.30 6.055e-16
04435.99 6.986e-16
04437.69 7.191e-16
04439.39 7.079e-16
04441.09 7.232e-16
04442.78 6.723e-16
04444.48 6.152e-16
04446.18 6.086e-16
04447.88 5.497e-16
04449.58 5.684e-16
04451.27 6.505e-16
04452.97 5.804e-16
04454.67 5.013e-16
04456.37 5.848e-16
04458.06 6.847e-16
04459.76 7.137e-16
04461.46 8.303e-16
04463.16 9.569e-16
04464.86 9.637e-16
04466.55 9.128e-16
04468.25 9.375e-16
04469.95 9.240e-16
04471.65 8.348e-16
04473.34 8.060e-16
04475.04 7.886e-16
04476.74 6.880e-16
04478.44 6.292e-16
04480.14 6.558e-16
04481.83 6.730e-16
04483.53 6.652e-16
04485.23 7.110e-16
04486.93 7.553e-16
04488.62 8.098e-16
04490.32 9.059e-16
04492.02 9.829e-16
04493.72 9.715e-16
04495.42 9.565e-16
04497.11 9.368e-16
04498.81 8.493e-16
04500.51 7.799e-16
04502.21 7.749e-16
04503.90 7.992e-16
04505.60 8.269e-16
04507.30 8.372e-16
04509.00 8.275e-16
04510.70 8.117e-16
04512.39 7.786e-16
04514.09 7.990e-16
04515.79 8.788e-16
04517.49 9.584e-16
04519.19 9.651e-16
04520.88 9.332e-16
04522.58 8.487e-16
04524.28 7.445e-16
04525.98 7.162e-16
04527.67 7.784e-16
04529.37 8.591e-16
04531.07 9.353e-16
04532.77 1.013e-15
04534.47 1.051e-15
04536.16 1.072e-15
04537.86 1.093e-15
04539.56 1.035e-15
04541.26 1.002e-15
04542.95 1.051e-15
04544.65 1.026e-15
04546.35 9.967e-16
04548.05 1.045e-15
04549.75 1.008e-15
04551.44 8.985e-16
04553.14 9.076e-16
04554.84 9.312e-16
04556.54 9.166e-16
04558.23 9.358e-16
04559.93 9.869e-16
04561.63 1.019e-15
04563.33 1.066e-15
04565.03 1.192e-15
04566.72 1.333e-15
04568.42 1.377e-15
04570.12 1.370e-15
04571.82 1.325e-15
04573.51 1.278e-15
04575.21 1.241e-15
04576.91 1.220e-15
04578.61 1.191e-15
04580.31 1.203e-15
04582.00 1.193e-15
04583.70 1.172e-15
04585.40 1.136e-15
04587.10 1.069e-15
04588.79 1.081e-15
04590.49 1.151e-15
04592.19 1.169e-15
04593.89 1.226e-15
04595.59 1.371e-15
04597.28 1.386e-15
04598.98 1.262e-15
04600.68 1.188e-15
04602.38 1.164e-15
04604.07 1.073e-15
04605.77 1.004e-15
04607.47 9.328e-16
04609.17 8.378e-16
04610.87 8.516e-16
04612.56 9.847e-16
04614.26 1.071e-15
04615.96 1.180e-15
04617.66 1.307e-15
04619.35 1.297e-15
04621.05 1.166e-15
04622.75 1.088e-15
04624.45 1.078e-15
04626.15 1.054e-15
04627.84 1.012e-15
04629.54 1.041e-15
04631.24 1.066e-15
04632.94 1.018e-15
04634.63 9.854e-16
04636.33 9.053e-16
04638.03 7.774e-16
04639.73 7.510e-16
04641.43 7.928e-16
04643.12 7.846e-16
04644.82 8.591e-16
04646.52 9.336e-16
04648.22 8.891e-16
04649.92 8.632e-16
04651.61 8.745e-16
04653.31 7.951e-16
04655.01 7.462e-16
04656.71 7.735e-16
04658.40 7.827e-16
04660.10 8.031e-16
04661.80 8.455e-16
04663.50 8.535e-16
04665.20 8.552e-16
04666.89 8.707e-16
04668.59 8.176e-16
04670.29 7.594e-16
04671.99 7.760e-16
04673.68 7.926e-16
04675.38 7.804e-16
04677.08 8.017e-16
04678.78 8.185e-16
04680.48 7.576e-16
04682.17 6.724e-16
04683.87 6.040e-16
04685.57 5.947e-16
04687.27 6.713e-16
04688.96 7.776e-16
04690.66 8.160e-16
04692.36 8.266e-16
04694.06 8.391e-16
04695.76 7.651e-16
04697.45 6.632e-16
04699.15 6.367e-16
04700.85 6.212e-16
04702.55 6.066e-16
04704.24 6.372e-16
04705.94 6.790e-16
04707.64 7.259e-16
04709.34 7.852e-16
04711.04 7.793e-16
04712.73 7.120e-16
04714.43 6.535e-16
04716.13 6.301e-16
04717.83 6.065e-16
04719.52 5.921e-16
04721.22 6.498e-16
04722.92 7.183e-16
04724.62 6.914e-16
04726.32 6.552e-16
04728.01 6.680e-16
04729.71 6.053e-16
04731.41 5.424e-16
04733.11 5.268e-16
04734.80 4.560e-16
04736.50 3.674e-16
04738.20 4.127e-16
04739.90 4.473e-16
04741.60 4.370e-16
04743.29 4.894e-16
04744.99 5.739e-16
04746.69 5.739e-16
04748.39 5.549e-16
04750.08 5.740e-16
04751.78 6.265e-16
04753.48 6.327e-16
04755.18 6.131e-16
04756.88 6.317e-16
04758.57 6.589e-16
04760.27 6.031e-16
04761.97 5.532e-16
04763.67 5.220e-16
04765.37 4.891e-16
04767.06 4.448e-16
04768.76 3.968e-16
04770.46 3.608e-16
04772.16 3.390e-16
04773.85 3.062e-16
04775.55 3.223e-16
04777.25 3.737e-16
04778.95 3.924e-16
04780.65 4.231e-16
04782.34 4.576e-16
04784.04 4.127e-16
04785.74 4.253e-16
04787.44 4.769e-16
04789.13 5.204e-16
04790.83 5.663e-16
04792.53 6.050e-16
04794.23 6.069e-16
04795.93 6.433e-16
04797.62 6.501e-16
04799.32 6.490e-16
04801.02 6.713e-16
04802.72 6.872e-16
04804.41 6.674e-16
04806.11 6.356e-16
04807.81 5.857e-16
04809.51 5.182e-16
04811.21 4.415e-16
04812.90 3.875e-16
04814.60 3.304e-16
04816.30 3.127e-16
04818.00 3.519e-16
04819.69 4.162e-16
04821.39 4.509e-16
04823.09 4.601e-16
04824.79 4.443e-16
04826.49 4.283e-16
04828.18 4.264e-16
04829.88 4.683e-16
04831.58 5.592e-16
04833.28 6.139e-16
04834.97 6.618e-16
04836.67 6.194e-16
04838.37 5.381e-16
04840.07 5.346e-16
04841.77 5.372e-16
04843.46 5.115e-16
04845.16 5.171e-16
04846.86 4.851e-16
04848.56 4.329e-16
04850.25 4.216e-16
04851.95 4.742e-16
04853.65 5.419e-16
04855.35 5.699e-16
04857.05 5.363e-16
04858.74 5.397e-16
04860.44 5.381e-16
04862.14 5.249e-16
04863.84 5.621e-16
04865.53 6.253e-16
04867.23 6.436e-16
04868.93 5.793e-16
04870.63 5.136e-16
04872.33 5.083e-16
04874.02 4.858e-16
04875.72 4.550e-16
04877.42 4.822e-16
04879.12 5.369e-16
04880.81 5.283e-16
04882.51 5.028e-16
04884.21 5.059e-16
04885.91 5.000e-16
04887.61 4.738e-16
04889.30 4.339e-16
04891.00 4.060e-16
04892.70 4.009e-16
04894.40 4.443e-16
04896.10 5.060e-16
04897.79 5.208e-16
04899.49 4.742e-16
04901.19 4.165e-16
04902.89 3.795e-16
04904.58 3.751e-16
04906.28 4.348e-16
04907.98 5.146e-16
04909.68 5.377e-16
04911.38 5.230e-16
04913.07 5.047e-16
04914.77 4.937e-16
04916.47 4.801e-16
04918.17 5.072e-16
04919.86 5.547e-16
04921.56 5.823e-16
04923.26 5.804e-16
04924.96 5.702e-16
04926.66 5.164e-16
04928.35 4.402e-16
04930.05 4.113e-16
04931.75 4.432e-16
04933.45 4.639e-16
04935.14 4.460e-16
04936.84 4.483e-16
04938.54 4.773e-16
04940.24 4.730e-16
04941.94 4.667e-16
04943.63 5.098e-16
04945.33 5.598e-16
04947.03 5.677e-16
04948.73 5.305e-16
04950.42 4.772e-16
04952.12 4.139e-16
04953.82 3.631e-16
04955.52 3.494e-16
04957.22 3.809e-16
04958.91 3.994e-16
04960.61 4.134e-16
04962.31 4.659e-16
04964.01 4.748e-16
04965.70 3.897e-16
04967.40 3.630e-16
04969.10 4.532e-16
04970.80 5.172e-16
04972.50 5.190e-16
04974.19 5.221e-16
04975.89 5.282e-16
04977.59 5.235e-16
04979.29 5.124e-16
04980.98 5.018e-16
04982.68 4.704e-16
04984.38 4.234e-16
04986.08 4.018e-16
04987.78 4.125e-16
04989.47 4.209e-16
04991.17 4.215e-16
04992.87 4.184e-16
04994.57 4.637e-16
04996.26 6.040e-16
04997.96 7.633e-16
04999.66 8.027e-16
05001.36 7.139e-16
05003.06 6.005e-16
05004.75 5.125e-16
05006.45 4.552e-16
05008.15 4.236e-16
05009.85 3.919e-16
05011.55 3.595e-16
05013.24 3.733e-16
05014.94 4.460e-16
05016.64 5.513e-16
05018.34 6.312e-16
05020.03 6.281e-16
05021.73 5.721e-16
05023.43 4.848e-16
05025.13 3.760e-16
05026.83 3.129e-16
05028.52 3.776e-16
05030.22 4.583e-16
05031.92 5.053e-16
05033.62 5.187e-16
05035.31 5.210e-16
05037.01 5.136e-16
05038.71 5.186e-16
05040.41 5.291e-16
05042.11 5.465e-16
05043.80 5.378e-16
05045.50 4.998e-16
05047.20 4.594e-16
05048.90 4.406e-16
05050.59 4.340e-16
05052.29 4.285e-16
05053.99 4.370e-16
05055.69 4.338e-16
05057.39 4.056e-16
05059.08 3.606e-16
05060.78 3.568e-16
05062.48 4.173e-16
05064.18 5.066e-16
05065.87 5.558e-16
05067.57 5.629e-16
05069.27 5.748e-16
05070.97 5.643e-16
05072.67 5.234e-16
05074.36 5.157e-16
05076.06 5.183e-16
05077.76 5.198e-16
05079.46 5.304e-16
05081.15 5.465e-16
05082.85 5.322e-16
05084.55 5.315e-16
05086.25 5.501e-16
05087.95 5.842e-16
05089.64 6.221e-16
05091.34 6.281e-16
05093.04 6.348e-16
05094.74 6.257e-16
05096.43 6.019e-16
05098.13 6.005e-16
05099.83 6.307e-16
05101.53 6.448e-16
05103.23 6.800e-16
05104.92 6.658e-16
05106.62 5.683e-16
05108.32 5.017e-16
05110.02 5.164e-16
05111.71 5.652e-16
05113.41 6.114e-16
05115.11 6.453e-16
05116.81 6.386e-16
05118.51 5.939e-16
05120.20 5.801e-16
05121.90 6.416e-16
05123.60 7.153e-16
05125.30 7.037e-16
05126.99 6.402e-16
05128.69 5.719e-16
05130.39 5.263e-16
05132.09 5.282e-16
05133.79 5.733e-16
05135.48 6.440e-16
05137.18 7.292e-16
05138.88 7.888e-16
05140.58 7.398e-16
05142.28 6.372e-16
05143.97 5.427e-16
05145.67 4.879e-16
05147.37 4.904e-16
05149.07 5.686e-16
05150.76 6.607e-16
05152.46 7.312e-16
05154.16 7.402e-16
05155.86 7.459e-16
05157.56 7.471e-16
05159.25 7.302e-16
05160.95 7.151e-16
05162.65 7.244e-16
05164.35 6.995e-16
05166.04 6.557e-16
05167.74 6.899e-16
05169.44 7.415e-16
05171.14 7.159e-16
05172.84 6.718e-16
05174.53 6.717e-16
05176.23 6.512e-16
05177.93 6.887e-16
05179.63 7.822e-16
05181.32 8.274e-16
05183.02 8.366e-16
05184.72 8.260e-16
05186.42 7.478e-16
05188.12 6.652e-16
05189.81 6.544e-16
05191.51 6.684e-16
05193.21 6.978e-16
05194.91 7.373e-16
05196.60 8.065e-16
05198.30 8.725e-16
05200.00 9.232e-16
05201.70 9.156e-16
05203.40 8.137e-16
05205.09 6.846e-16
05206.79 6.386e-16
05208.49 6.232e-16
05210.19 6.169e-16
05211.88 6.697e-16
05213.58 7.224e-16
05215.28 7.367e-16
05216.98 7.870e-16
05218.68 8.594e-16
05220.37 9.092e-16
05222.07 9.097e-16
05223.77 8.916e-16
05225.47 8.935e-16
05227.16 9.198e-16
05228.86 9.222e-16
05230.56 9.027e-16
05232.26 9.002e-16
05233.96 9.118e-16
05235.65 8.954e-16
05237.35 8.342e-16
05239.05 8.070e-16
05240.75 8.017e-16
05242.44 7.970e-16
05244.14 8.036e-16
05245.84 8.194e-16
05247.54 8.179e-16
05249.24 8.897e-16
05250.93 9.314e-16
05252.63 9.119e-16
05254.33 9.048e-16
05256.03 9.402e-16
05257.72 8.970e-16
05259.42 8.865e-16
05261.12 9.325e-16
05262.82 9.352e-16
05264.52 8.823e-16
05266.21 8.652e-16
05267.91 8.740e-16
05269.61 8.577e-16
05271.31 8.488e-16
05273.01 8.764e-16
05274.70 8.621e-16
05276.40 8.405e-16
05278.10 8.764e-16
05279.80 8.783e-16
05281.49 8.412e-16
05283.19 8.268e-16
05284.89 8.124e-16
05286.59 8.099e-16
05288.29 8.573e-16
05289.98 8.681e-16
05291.68 9.133e-16
05293.38 9.626e-16
05295.08 4.584e-16
05296.77 -4.790e-16
05298.47 -6.592e-16
05300.17 -6.771e-16
05301.87 -7.363e-16
05303.57 -2.392e-16
05305.26 6.976e-16
05306.96 8.982e-16
05308.66 8.731e-16
05310.36 8.545e-16
05312.05 7.853e-16
05313.75 7.379e-16
05315.45 7.316e-16
05317.15 7.603e-16
05318.85 8.061e-16
05320.54 8.606e-16
05322.24 8.960e-16
05323.94 9.228e-16
05325.64 9.420e-16
05327.33 9.614e-16
05329.03 9.691e-16
05330.73 9.738e-16
05332.43 9.380e-16
05334.13 8.358e-16
05335.82 7.569e-16
05337.52 7.910e-16
05339.22 8.517e-16
05340.92 8.669e-16
05342.61 8.567e-16
05344.31 8.533e-16
05346.01 8.392e-16
05347.71 8.151e-16
05349.41 8.192e-16
05351.10 8.483e-16
05352.80 8.745e-16
05354.50 8.762e-16
05356.20 8.788e-16
05357.89 8.876e-16
05359.59 8.860e-16
05361.29 8.611e-16
05362.99 8.375e-16
05364.69 8.525e-16
05366.38 8.682e-16
05368.08 9.052e-16
05369.78 9.442e-16
05371.48 9.309e-16
05373.17 8.773e-16
05374.87 8.600e-16
05376.57 8.377e-16
05378.27 8.142e-16
05379.97 8.293e-16
05381.66 8.531e-16
05383.36 8.561e-16
05385.06 8.869e-16
05386.76 9.279e-16
05388.46 8.968e-16
05390.15 8.813e-16
05391.85 9.186e-16
05393.55 9.254e-16
05395.25 8.494e-16
05396.94 7.924e-16
05398.64 7.818e-16
05400.34 7.658e-16
05402.04 7.835e-16
05403.74 8.372e-16
05405.43 8.653e-16
05407.13 8.440e-16
05408.83 8.302e-16
05410.53 8.224e-16
05412.22 8.395e-16
05413.92 8.611e-16
05415.62 8.288e-16
05417.32 7.872e-16
05419.02 7.483e-16
05420.71 6.967e-16
05422.41 6.975e-16
05424.11 7.549e-16
05425.81 8.100e-16
05427.50 8.714e-16
05429.20 9.001e-16
05430.90 8.587e-16
05432.60 8.009e-16
05434.30 7.744e-16
05435.99 7.551e-16
05437.69 7.329e-16
05439.39 7.442e-16
05441.09 7.995e-16
05442.78 8.469e-16
05444.48 8.309e-16
05446.18 8.209e-16
05447.88 7.896e-16
05449.58 7.228e-16
05451.27 6.905e-16
05452.97 6.812e-16
05454.67 6.342e-16
05456.37 6.516e-16
05458.06 7.632e-16
05459.76 8.620e-16
05461.46 9.254e-16
05463.16 1.002e-15
05464.86 1.056e-15
05466.55 9.966e-16
05468.25 8.778e-16
05469.95 8.266e-16
05471.65 8.053e-16
05473.34 7.683e-16
05475.04 7.690e-16
05476.74 7.887e-16
05478.44 7.699e-16
05480.14 7.492e-16
05481.83 7.384e-16
05483.53 7.153e-16
05485.23 6.867e-16
05486.93 6.952e-16
05488.62 7.430e-16
05490.32 7.869e-16
05492.02 7.848e-16
05493.72 7.927e-16
05495.42 8.369e-16
05497.11 8.498e-16
05498.81 8.370e-16
05500.51 8.542e-16
05502.21 8.527e-16
05503.90 8.076e-16
05505.60 8.034e-16
05507.30 8.078e-16
05509.00 7.934e-16
05510.70 7.896e-16
05512.39 7.563e-16
05514.09 6.758e-16
05515.79 5.826e-16
05517.49 5.746e-16
05519.19 6.168e-16
05520.88 6.692e-16
05522.58 7.149e-16
05524.28 7.568e-16
05525.98 7.377e-16
05527.67 7.130e-16
05529.37 7.473e-16
05531.07 7.850e-16
05532.77 8.385e-16
05534.47 8.536e-16
05536.16 7.503e-16
05537.86 6.565e-16
05539.56 6.423e-16
05541.26 5.889e-16
05542.95 5.498e-16
05544.65 6.299e-16
05546.35 6.902e-16
05548.05 6.844e-16
05549.75 7.298e-16
05551.44 8.070e-16
05553.14 8.069e-16
05554.84 7.434e-16
05556.54 7.821e-16
05558.23 8.324e-16
05559.93 7.894e-16
05561.63 7.286e-16
05563.33 7.105e-16
05565.03 6.434e-16
05566.72 5.837e-16
05568.42 5.719e-16
05570.12 5.654e-16
05571.82 5.655e-16
05573.51 5.886e-16
05575.21 5.821e-16
05576.91 5.889e-16
05578.61 6.128e-16
05580.31 6.093e-16
05582.00 6.005e-16
05583.70 6.059e-16
05585.40 6.019e-16
05587.10 6.285e-16
05588.79 6.789e-16
05590.49 7.140e-16
05592.19 7.634e-16
05593.89 8.574e-16
05595.59 9.688e-16
05597.28 1.063e-15
05598.98 1.005e-15
05600.68 8.733e-16
05602.38 6.825e-16
05604.07 4.869e-16
05605.77 3.813e-16
05607.47 4.185e-16
05609.17 4.776e-16
05610.87 5.878e-16
05612.56 7.044e-16
05614.26 7.750e-16
05615.96 8.070e-16
05617.66 8.818e-16
05619.35 1.003e-15
05621.05 1.148e-15
05622.75 1.157e-15
05624.45 1.100e-15
05626.15 1.072e-15
05627.84 9.934e-16
05629.54 8.267e-16
05631.24 6.937e-16
05632.94 6.050e-16
05634.64 5.364e-16
05636.33 5.556e-16
05638.03 5.819e-16
05639.73 6.338e-16
05641.43 7.272e-16
05643.12 7.559e-16
05644.82 7.099e-16
05646.52 6.988e-16
05648.22 6.556e-16
05649.92 5.576e-16
05651.61 5.357e-16
05653.31 5.695e-16
05655.01 5.771e-16
05656.71 6.344e-16
05658.40 7.111e-16
05660.10 6.994e-16
05661.80 6.905e-16
05663.50 7.552e-16
05665.20 7.753e-16
05666.89 7.441e-16
05668.59 6.963e-16
05670.29 6.446e-16
05671.99 6.344e-16
05673.68 6.317e-16
05675.38 5.742e-16
05677.08 5.618e-16
05678.78 5.992e-16
05680.48 6.030e-16
05682.17 6.275e-16
05683.87 6.971e-16
05685.57 7.197e-16
05687.27 6.873e-16
05688.96 6.518e-16
05690.66 5.779e-16
05692.36 5.225e-16
05694.06 5.044e-16
05695.76 5.018e-16
05697.45 5.133e-16
05699.15 5.546e-16
05700.85 6.562e-16
05702.55 7.251e-16
05704.24 7.452e-16
05705.94 7.381e-16
05707.64 7.433e-16
05709.34 7.356e-16
05711.04 7.902e-16
05712.73 8.572e-16
05714.43 8.643e-16
05716.13 8.178e-16
05717.83 7.560e-16
05719.52 7.111e-16
05721.22 6.896e-16
05722.92 6.982e-16
05724.62 7.299e-16
05726.32 7.421e-16
05728.01 7.101e-16
05729.71 6.807e-16
05731.41 6.519e-16
05733.11 6.221e-16
05734.80 5.992e-16
05736.50 6.616e-16
05738.20 7.275e-16
05739.90 7.446e-16
05741.60 7.761e-16
05743.29 8.275e-16
05744.99 8.322e-16
05746.69 8.655e-16
05748.39 9.534e-16
05750.08 9.598e-16
05751.78 9.275e-16
05753.48 8.984e-16
05755.18 8.629e-16
05756.88 8.326e-16
05758.57 8.557e-16
05760.27 8.581e-16
05761.97 8.671e-16
05763.67 8.483e-16
05765.37 6.145e-16
05767.06 4.041e-16
05768.76 4.438e-16
05770.46 5.226e-16
05772.16 5.785e-16
05773.85 7.754e-16
05775.55 9.164e-16
05777.25 8.966e-16
05778.95 8.034e-16
05780.65 7.483e-16
05782.34 7.348e-16
05784.04 7.105e-16
05785.74 6.554e-16
05787.44 6.215e-16
05789.13 5.839e-16
05790.83 5.536e-16
05792.53 5.927e-16
05794.23 6.181e-16
05795.93 6.490e-16
05797.62 7.322e-16
05799.32 8.034e-16
05801.02 8.212e-16
05802.72 8.488e-16
05804.41 8.982e-16
05806.11 9.011e-16
05807.81 8.999e-16
05809.51 9.380e-16
05811.21 9.427e-16
05812.90 8.827e-16
05814.60 7.747e-16
05816.30 7.779e-16
05818.00 8.072e-16
05819.69 8.529e-16
05821.39 8.895e-16
05823.09 9.319e-16
05824.79 9.038e-16
05826.49 8.307e-16
05828.18 7.204e-16
05829.88 6.489e-16
05831.58 6.950e-16
05833.28 7.402e-16
05834.97 7.824e-16
05836.67 8.880e-16
05838.37 9.599e-16
05840.07 9.300e-16
05841.77 9.014e-16
05843.46 8.645e-16
05845.16 7.787e-16
05846.86 7.455e-16
05848.56 7.372e-16
05850.25 7.089e-16
05851.95 7.134e-16
05853.65 6.867e-16
05855.35 6.464e-16
05857.05 6.813e-16
05858.74 7.511e-16
05860.44 8.129e-16
05862.14 8.333e-16
05863.84 8.089e-16
05865.53 7.768e-16
05867.23 8.005e-16
05868.93 7.724e-16
05870.63 7.492e-16
05872.33 7.683e-16
05874.02 7.486e-16
05875.72 7.182e-16
05877.42 7.719e-16
05879.12 8.710e-16
05880.81 9.386e-16
05882.51 9.244e-16
05884.21 8.768e-16
05885.91 8.836e-16
05887.61 9.037e-16
05889.30 9.056e-16
05891.00 9.495e-16
05892.70 9.692e-16
05894.40 9.223e-16
05896.10 9.027e-16
05897.79 9.204e-16
05899.49 9.105e-16
05901.19 8.667e-16
05902.89 7.714e-16
05904.58 6.591e-16
05906.28 6.175e-16
05907.98 6.294e-16
05909.68 6.423e-16
05911.38 6.803e-16
05913.07 6.734e-16
05914.77 6.175e-16
05916.47 6.380e-16
05918.17 6.983e-16
05919.86 7.831e-16
05921.56 9.142e-16
05923.26 9.413e-16
05924.96 8.631e-16
05926.66 8.140e-16
05928.35 7.817e-16
05930.05 7.498e-16
05931.75 7.700e-16
05933.45 8.178e-16
05935.14 8.192e-16
05936.84 8.270e-16
05938.54 8.582e-16
05940.24 8.704e-16
05941.94 8.369e-16
05943.63 7.998e-16
05945.33 7.990e-16
05947.03 8.252e-16
05948.73 8.576e-16
05950.42 8.746e-16
05952.12 8.618e-16
05953.82 8.441e-16
05955.52 8.519e-16
05957.22 8.582e-16
05958.91 8.237e-16
05960.61 7.807e-16
05962.31 7.868e-16
05964.01 8.326e-16
05965.70 8.718e-16
05967.40 8.898e-16
05969.10 8.947e-16
05970.80 8.968e-16
05972.50 9.089e-16
05974.19 9.136e-16
05975.89 8.653e-16
05977.59 7.807e-16
05979.29 7.476e-16
05980.98 7.866e-16
05982.68 8.245e-16
05984.38 8.222e-16
05986.08 7.997e-16
05987.78 7.743e-16
05989.47 7.564e-16
05991.17 7.530e-16
05992.87 7.611e-16
05994.57 7.762e-16
05996.26 7.973e-16
05997.96 8.181e-16
05999.66 8.155e-16
06001.36 7.790e-16
06003.06 7.485e-16
06004.75 7.589e-16
06006.45 7.879e-16
06008.15 8.042e-16
06009.85 8.016e-16
06011.55 7.844e-16
06013.24 7.629e-16
06014.94 7.497e-16
06016.64 7.546e-16
06018.34 7.812e-16
06020.03 8.128e-16
06021.73 8.242e-16
06023.43 8.096e-16
06025.13 7.782e-16
06026.83 7.427e-16
06028.52 7.173e-16
06030.22 7.160e-16
06031.92 7.487e-16
06033.62 7.929e-16
06035.31 7.934e-16
06037.01 7.396e-16
06038.71 6.790e-16
06040.41 6.444e-16
06042.11 6.424e-16
06043.80 6.677e-16
06045.50 6.925e-16
06047.20 7.042e-16
06048.90 7.293e-16
06050.59 7.770e-16
06052.29 8.100e-16
06053.99 8.035e-16
06055.69 7.788e-16
06057.39 7.570e-16
06059.08 7.345e-16
06060.78 7.071e-16
06062.48 6.820e-16
06064.18 6.668e-16
06065.87 6.648e-16
06067.57 6.754e-16
06069.27 6.862e-16
06070.97 6.842e-16
06072.67 6.768e-16
06074.36 6.774e-16
06076.06 6.889e-16
06077.76 7.066e-16
06079.46 7.099e-16
06081.15 6.738e-16
06082.85 6.213e-16
06084.55 6.057e-16
06086.25 6.286e-16
06087.95 6.474e-16
06089.64 6.417e-16
06091.34 6.150e-16
06093.04 5.810e-16
06094.74 5.672e-16
06096.43 5.762e-16
06098.13 5.736e-16
06099.83 5.473e-16
06101.53 5.215e-16
06103.23 5.155e-16
06104.92 5.362e-16
06106.62 5.816e-16
06108.32 6.342e-16
06110.02 6.743e-16
06111.71 6.820e-16
06113.41 6.514e-16
06115.11 6.140e-16
06116.81 5.974e-16
06118.51 5.896e-16
06120.20 5.756e-16
06121.90 5.651e-16
06123.60 5.686e-16
06125.30 5.712e-16
06126.99 5.571e-16
06128.69 5.472e-16
06130.39 5.688e-16
06132.09 6.068e-16
06133.79 6.295e-16
06135.48 6.294e-16
06137.18 6.139e-16
06138.88 5.919e-16
06140.58 5.740e-16
06142.28 5.630e-16
06143.97 5.539e-16
06145.67 5.535e-16
06147.37 5.775e-16
06149.07 6.157e-16
06150.76 6.304e-16
06152.46 6.123e-16
06154.16 5.903e-16
06155.86 5.749e-16
06157.56 5.470e-16
06159.25 5.027e-16
06160.95 4.656e-16
06162.65 4.500e-16
06164.35 4.501e-16
06166.04 4.574e-16
06167.74 4.630e-16
06169.44 4.606e-16
06171.14 4.517e-16
06172.84 4.408e-16
06174.53 4.360e-16
06176.23 4.428e-16
06177.93 4.588e-16
06179.63 4.769e-16
06181.32 4.795e-16
06183.02 4.536e-16
06184.72 4.102e-16
06186.42 3.721e-16
06188.12 3.787e-16
06189.81 4.611e-16
06191.51 5.734e-16
06193.21 6.364e-16
06194.91 6.265e-16
06196.60 5.621e-16
06198.30 4.879e-16
06200.00 4.634e-16
06201.70 4.955e-16
06203.40 5.404e-16
06205.09 5.742e-16
06206.79 5.963e-16
06208.49 5.975e-16
06210.19 5.618e-16
06211.88 4.957e-16
06213.58 4.344e-16
06215.28 4.031e-16
06216.98 4.067e-16
06218.68 4.413e-16
06220.37 4.924e-16
06222.07 5.388e-16
06223.77 5.509e-16
06225.47 5.145e-16
06227.16 4.509e-16
06228.86 3.887e-16
06230.56 3.552e-16
06232.26 3.682e-16
06233.96 4.244e-16
06235.65 5.051e-16
06237.35 5.627e-16
06239.05 5.575e-16
06240.75 5.102e-16
06242.44 4.612e-16
06244.14 4.438e-16
06245.84 4.770e-16
06247.54 5.122e-16
06249.24 4.819e-16
06250.93 4.251e-16
06252.63 4.318e-16
06254.33 4.931e-16
06256.03 5.343e-16
06257.72 5.402e-16
06259.42 5.429e-16
06261.12 5.434e-16
06262.82 5.160e-16
06264.52 4.728e-16
06266.21 4.656e-16
06267.91 4.968e-16
06269.61 5.028e-16
06271.31 4.634e-16
06273.01 4.291e-16
06274.70 4.287e-16
06276.40 4.473e-16
06278.10 4.698e-16
06279.80 4.843e-16
06281.49 4.836e-16
06283.19 4.719e-16
06284.89 4.567e-16
06286.59 4.468e-16
06288.29 4.482e-16
06289.98 4.559e-16
06291.68 4.646e-16
06293.38 4.815e-16
06295.08 5.103e-16
06296.77 5.284e-16
06298.47 5.133e-16
06300.17 4.787e-16
06301.87 4.496e-16
06303.57 4.368e-16
06305.26 4.427e-16
06306.96 4.539e-16
06308.66 4.527e-16
06310.36 4.634e-16
06312.05 5.291e-16
06313.75 6.191e-16
06315.45 6.519e-16
06317.15 6.038e-16
06318.85 5.071e-16
06320.54 4.112e-16
06322.24 3.808e-16
06323.94 4.304e-16
06325.64 5.080e-16
06327.33 5.701e-16
06329.03 5.917e-16
06330.73 5.681e-16
06332.43 5.292e-16
06334.13 5.014e-16
06335.82 4.951e-16
06337.52 5.114e-16
06339.22 5.320e-16
06340.92 5.443e-16
06342.61 5.613e-16
06344.31 5.905e-16
06346.01 6.142e-16
06347.71 6.156e-16
06349.41 5.894e-16
06351.10 5.412e-16
06352.80 5.083e-16
06354.50 5.221e-16
06356.20 5.476e-16
06357.89 5.375e-16
06359.59 5.062e-16
06361.29 4.895e-16
06362.99 4.813e-16
06364.69 4.602e-16
06366.38 4.474e-16
06368.08 4.810e-16
06369.78 5.321e-16
06371.48 5.318e-16
06373.17 4.855e-16
06374.87 4.589e-16
06376.57 4.824e-16
06378.27 5.491e-16
06379.97 6.265e-16
06381.66 6.524e-16
06383.36 6.179e-16
06385.06 5.901e-16
06386.76 6.006e-16
06388.46 6.204e-16
06390.15 6.243e-16
06391.85 5.963e-16
06393.55 5.389e-16
06395.25 4.938e-16
06396.94 4.912e-16
06398.64 5.282e-16
06400.34 5.864e-16
06402.04 6.169e-16
06403.74 5.896e-16
06405.43 5.523e-16
06407.13 5.518e-16
06408.83 5.695e-16
06410.53 5.744e-16
06412.22 5.581e-16
06413.92 5.224e-16
06415.62 4.802e-16
06417.32 4.489e-16
06419.02 4.461e-16
06420.71 4.825e-16
06422.41 5.300e-16
06424.11 5.455e-16
06425.81 5.380e-16
06427.50 5.483e-16
06429.20 5.676e-16
06430.90 5.520e-16
06432.60 5.068e-16
06434.30 4.801e-16
06435.99 4.892e-16
06437.69 5.178e-16
06439.39 5.417e-16
06441.09 5.273e-16
06442.78 4.758e-16
06444.48 4.414e-16
06446.18 4.565e-16
06447.88 5.130e-16
06449.58 5.893e-16
06451.27 6.443e-16
06452.97 6.539e-16
06454.67 6.393e-16
06456.37 6.223e-16
06458.06 6.091e-16
06459.76 6.005e-16
06461.46 5.837e-16
06463.16 5.519e-16
06464.86 5.293e-16
06466.55 5.382e-16
06468.25 5.664e-16
06469.95 5.931e-16
06471.65 6.103e-16
06473.34 6.148e-16
06475.04 5.949e-16
06476.74 5.436e-16
06478.44 4.969e-16
06480.14 5.030e-16
06481.83 5.465e-16
06483.53 5.759e-16
06485.23 5.788e-16
06486.93 5.725e-16
06488.62 5.755e-16
06490.32 6.068e-16
06492.02 6.533e-16
06493.72 6.689e-16
06495.42 6.443e-16
06497.11 6.150e-16
06498.81 5.973e-16
06500.51 5.806e-16
06502.21 5.603e-16
06503.90 5.388e-16
06505.60 5.256e-16
06507.30 5.452e-16
06509.00 5.994e-16
06510.70 6.402e-16
06512.39 6.353e-16
06514.09 5.975e-16
06515.79 5.524e-16
06517.49 5.438e-16
06519.19 5.947e-16
06520.88 6.539e-16
06522.58 6.684e-16
06524.28 6.368e-16
06525.98 5.788e-16
06527.67 5.395e-16
06529.37 5.575e-16
06531.07 5.977e-16
06532.77 6.050e-16
06534.47 5.919e-16
06536.16 5.979e-16
06537.86 6.162e-16
06539.56 6.180e-16
06541.26 6.087e-16
06542.95 6.132e-16
06544.65 6.231e-16
06546.35 6.068e-16
06548.05 5.687e-16
06549.75 5.459e-16
06551.44 5.473e-16
06553.14 5.502e-16
06554.84 5.500e-16
06556.54 5.661e-16
06558.23 5.962e-16
06559.93 6.060e-16
06561.63 5.879e-16
06563.33 5.829e-16
06565.03 6.129e-16
06566.72 6.591e-16
06568.42 6.967e-16
06570.12 6.929e-16
06571.82 6.355e-16
06573.51 5.670e-16
06575.21 5.282e-16
06576.91 5.305e-16
06578.61 5.685e-16
06580.31 6.024e-16
06582.00 5.972e-16
06583.70 5.694e-16
06585.40 5.489e-16
06587.10 5.553e-16
06588.79 5.951e-16
06590.49 6.312e-16
06592.19 6.164e-16
06593.89 5.522e-16
06595.59 4.700e-16
06597.28 4.061e-16
06598.98 3.945e-16
06600.68 4.334e-16
06602.38 4.916e-16
06604.07 5.442e-16
06605.77 5.751e-16
06607.47 5.778e-16
06609.17 5.588e-16
06610.87 5.274e-16
06612.56 4.951e-16
06614.26 4.681e-16
06615.96 4.417e-16
06617.66 4.248e-16
06619.35 4.511e-16
06621.05 5.204e-16
06622.75 5.665e-16
06624.45 5.556e-16
06626.15 5.373e-16
06627.84 5.479e-16
06629.54 5.654e-16
06631.24 5.718e-16
06632.94 5.845e-16
06634.64 6.152e-16
06636.33 6.403e-16
06638.03 6.375e-16
06639.73 6.132e-16
06641.43 5.832e-16
06643.12 5.720e-16
06644.82 5.965e-16
06646.52 6.212e-16
06648.22 6.008e-16
06649.92 5.631e-16
06651.61 5.626e-16
06653.31 5.903e-16
06655.01 6.034e-16
06656.71 5.988e-16
06658.40 5.994e-16
06660.10 6.066e-16
06661.80 6.068e-16
06663.50 6.004e-16
06665.20 5.991e-16
06666.89 6.077e-16
06668.59 6.227e-16
06670.29 6.333e-16
06671.99 6.190e-16
06673.68 5.787e-16
06675.38 5.417e-16
06677.08 5.260e-16
06678.78 5.257e-16
06680.48 5.367e-16
06682.17 5.656e-16
06683.87 6.074e-16
06685.57 6.296e-16
06687.27 6.156e-16
06688.96 6.017e-16
06690.66 6.162e-16
06692.36 6.352e-16
06694.06 6.329e-16
06695.76 6.143e-16
06697.45 5.920e-16
06699.15 5.843e-16
06700.85 6.022e-16
06702.55 6.086e-16
06704.24 5.629e-16
06705.94 5.050e-16
06707.64 4.992e-16
06709.34 5.364e-16
06711.04 5.692e-16
06712.73 5.719e-16
06714.43 5.372e-16
06716.13 4.870e-16
06717.83 4.647e-16
06719.52 4.815e-16
06721.22 5.161e-16
06722.92 5.516e-16
06724.62 5.763e-16
06726.32 5.855e-16
06728.01 5.842e-16
06729.71 5.870e-16
06731.41 6.218e-16
06733.11 6.802e-16
06734.80 6.896e-16
06736.50 6.254e-16
06738.20 5.630e-16
06739.90 5.508e-16
06741.60 5.565e-16
06743.29 5.536e-16
06744.99 5.529e-16
06746.69 5.625e-16
06748.39 5.705e-16
06750.08 5.679e-16
06751.78 5.643e-16
06753.48 5.698e-16
06755.18 5.770e-16
06756.88 5.771e-16
06758.57 5.723e-16
06760.27 5.680e-16
06761.97 5.732e-16
06763.67 5.933e-16
06765.37 5.986e-16
06767.06 5.527e-16
06768.76 4.893e-16
06770.46 4.760e-16
06772.16 5.126e-16
06773.85 5.498e-16
06775.55 5.578e-16
06777.25 5.260e-16
06778.95 4.727e-16
06780.65 4.455e-16
06782.34 4.620e-16
06784.04 5.008e-16
06785.74 5.436e-16
06787.44 5.778e-16
06789.13 5.941e-16
06790.83 5.903e-16
06792.53 5.737e-16
06794.23 5.675e-16
06795.93 5.792e-16
06797.62 5.798e-16
06799.32 5.535e-16
06801.02 5.248e-16
06802.72 5.136e-16
06804.41 5.137e-16
06806.11 5.163e-16
06807.81 5.214e-16
06809.51 5.268e-16
06811.21 5.133e-16
06812.90 4.693e-16
06814.60 4.262e-16
06816.30 4.203e-16
06818.00 4.472e-16
06819.69 4.865e-16
06821.39 5.296e-16
06823.09 5.719e-16
06824.79 6.085e-16
06826.49 6.345e-16
06828.18 6.371e-16
06829.88 6.019e-16
06831.58 5.442e-16
06833.28 5.008e-16
06834.97 4.899e-16
06836.67 5.101e-16
06838.37 5.371e-16
06840.07 5.236e-16
06841.77 4.716e-16
06843.46 4.482e-16
06845.16 4.740e-16
06846.86 4.979e-16
06848.56 4.952e-16
06850.25 4.890e-16
06851.95 4.954e-16
06853.65 5.153e-16
06855.35 5.420e-16
06857.05 5.516e-16
06858.74 5.331e-16
06860.44 5.159e-16
06862.14 5.238e-16
06863.84 5.469e-16
06865.53 5.715e-16
06867.23 5.953e-16
06868.93 6.173e-16
06870.63 6.308e-16
06872.33 6.306e-16
06874.02 6.210e-16
06875.72 6.084e-16
06877.42 5.856e-16
06879.12 5.442e-16
06880.81 5.028e-16
06882.51 4.885e-16
06884.21 4.920e-16
06885.91 4.844e-16
06887.61 4.665e-16
06889.30 4.598e-16
06891.00 4.689e-16
06892.70 4.839e-16
06894.40 5.011e-16
06896.10 5.218e-16
06897.79 5.376e-16
06899.49 5.287e-16
06901.19 5.007e-16
06902.89 4.932e-16
06904.58 5.192e-16
06906.28 5.467e-16
06907.98 5.545e-16
06909.68 5.442e-16
06911.38 5.225e-16
06913.07 5.034e-16
06914.77 4.956e-16
06916.47 4.900e-16
06918.17 4.796e-16
06919.86 4.711e-16
06921.56 4.694e-16
06923.26 4.655e-16
06924.96 4.518e-16
06926.66 4.365e-16
06928.35 4.286e-16
06930.05 4.215e-16
06931.75 4.067e-16
06933.45 3.897e-16
06935.14 3.807e-16
06936.84 3.875e-16
06938.54 4.140e-16
06940.24 4.521e-16
06941.94 4.875e-16
06943.63 5.109e-16
06945.33 5.186e-16
06947.03 5.128e-16
06948.73 5.009e-16
06950.42 4.935e-16
06952.12 5.025e-16
06953.82 5.231e-16
06955.52 5.320e-16
06957.22 5.211e-16
06958.91 5.029e-16
06960.61 4.878e-16
06962.31 4.810e-16
06964.01 4.849e-16
06965.70 4.960e-16
06967.40 5.068e-16
06969.10 5.014e-16
06970.80 4.773e-16
06972.50 4.667e-16
06974.19 4.869e-16
06975.89 5.027e-16
06977.59 4.893e-16
06979.29 4.830e-16
06980.98 5.115e-16
06982.68 5.281e-16
06984.38 4.899e-16
06986.08 4.385e-16
06987.78 4.265e-16
06989.47 4.414e-16
06991.17 4.512e-16
06992.87 4.513e-16
06994.57 4.483e-16
06996.26 4.467e-16
06997.96 4.500e-16
06999.66 4.554e-16
07001.36 4.563e-16
07003.06 4.525e-16
07004.75 4.484e-16
07006.45 4.405e-16
07008.15 4.201e-16
07009.85 3.887e-16
07011.55 3.588e-16
07013.24 3.446e-16
07014.94 3.621e-16
07016.64 4.058e-16
07018.34 4.397e-16
07020.03 4.480e-16
07021.73 4.515e-16
07023.43 4.625e-16
07025.13 4.750e-16
07026.83 4.837e-16
07028.52 4.875e-16
07030.22 4.848e-16
07031.92 4.704e-16
07033.62 4.454e-16
07035.31 4.291e-16
07037.01 4.349e-16
07038.71 4.475e-16
07040.41 4.494e-16
07042.11 4.406e-16
07043.80 4.270e-16
07045.50 4.097e-16
07047.20 3.917e-16
07048.90 3.982e-16
07050.59 4.505e-16
07052.29 4.966e-16
07053.99 4.656e-16
07055.69 3.910e-16
07057.39 3.602e-16
07059.08 3.825e-16
07060.78 4.132e-16
07062.48 4.297e-16
07064.18 4.280e-16
07065.87 4.154e-16
07067.57 4.125e-16
07069.27 4.261e-16
07070.97 4.453e-16
07072.67 4.595e-16
07074.36 4.578e-16
07076.06 4.409e-16
07077.76 4.260e-16
07079.46 4.270e-16
07081.15 4.500e-16
07082.85 4.897e-16
07084.55 5.197e-16
07086.25 5.230e-16
07087.95 5.085e-16
07089.64 4.891e-16
07091.34 4.759e-16
07093.04 4.762e-16
07094.74 4.863e-16
07096.43 4.991e-16
07098.13 5.082e-16
07099.83 5.076e-16
07101.53 4.912e-16
07103.23 4.572e-16
07104.92 4.229e-16
07106.62 4.079e-16
07108.32 4.096e-16
07110.02 4.156e-16
07111.71 4.210e-16
07113.41 4.257e-16
07115.11 4.299e-16
07116.81 4.345e-16
07118.51 4.430e-16
07120.20 4.597e-16
07121.90 4.736e-16
07123.60 4.612e-16
07125.30 4.273e-16
07126.99 4.056e-16
07128.69 4.104e-16
07130.39 4.310e-16
07132.09 4.568e-16
07133.79 4.770e-16
07135.48 4.890e-16
07137.18 5.071e-16
07138.88 5.308e-16
07140.58 5.282e-16
07142.28 4.860e-16
07143.97 4.335e-16
07145.67 3.989e-16
07147.37 3.946e-16
07149.07 4.208e-16
07150.76 4.533e-16
07152.46 4.660e-16
07154.16 4.327e-16
07155.86 3.499e-16
07157.56 2.988e-16
07159.25 3.516e-16
07160.95 4.445e-16
07162.65 4.830e-16
07164.35 4.677e-16
07166.04 4.384e-16
07167.74 4.178e-16
07169.44 4.178e-16
07171.14 4.235e-16
07172.84 4.059e-16
07174.53 3.806e-16
07176.23 3.913e-16
07177.93 4.362e-16
07179.63 4.765e-16
07181.32 4.937e-16
07183.02 4.904e-16
07184.72 4.753e-16
07186.42 4.657e-16
07188.12 4.656e-16
07189.81 4.591e-16
07191.51 4.435e-16
07193.21 4.385e-16
07194.91 4.504e-16
07196.60 4.603e-16
07198.30 4.569e-16
07200.00 4.485e-16
07201.70 4.410e-16
07203.40 4.277e-16
07205.09 4.099e-16
07206.79 4.200e-16
07208.49 4.735e-16
07210.19 5.200e-16
07211.88 5.148e-16
07213.58 4.773e-16
07215.28 4.411e-16
07216.98 4.228e-16
07218.68 4.288e-16
07220.37 4.423e-16
07222.07 4.411e-16
07223.77 4.302e-16
07225.47 4.255e-16
07227.16 4.214e-16
07228.86 4.036e-16
07230.56 3.768e-16
07232.26 3.572e-16
07233.96 3.537e-16
07235.65 3.681e-16
07237.35 3.910e-16
07239.05 4.034e-16
07240.75 4.046e-16
07242.44 4.153e-16
07244.14 4.352e-16
07245.84 4.375e-16
07247.54 4.199e-16
07249.24 4.162e-16
07250.93 4.364e-16
07252.63 4.479e-16
07254.33 4.365e-16
07256.03 4.282e-16
07257.73 4.379e-16
07259.42 4.511e-16
07261.12 4.538e-16
07262.82 4.404e-16
07264.52 4.123e-16
07266.21 3.872e-16
07267.91 3.810e-16
07269.61 3.916e-16
07271.31 4.120e-16
07273.01 4.395e-16
07274.70 4.702e-16
07276.40 4.898e-16
07278.10 4.855e-16
07279.80 4.631e-16
07281.49 4.362e-16
07283.19 4.113e-16
07284.89 3.909e-16
07286.59 3.808e-16
07288.29 3.861e-16
07289.98 4.038e-16
07291.68 4.246e-16
07293.38 4.386e-16
07295.08 4.375e-16
07296.77 4.240e-16
07298.47 4.119e-16
07300.17 4.127e-16
07301.87 4.339e-16
07303.57 4.653e-16
07305.26 4.705e-16
07306.96 4.467e-16
07308.66 4.483e-16
07310.36 4.888e-16
07312.05 4.993e-16
07313.75 4.502e-16
07315.45 4.049e-16
07317.15 4.045e-16
07318.85 4.153e-16
07320.54 4.064e-16
07322.24 3.796e-16
07323.94 3.452e-16
07325.64 3.264e-16
07327.33 3.388e-16
07329.03 3.588e-16
07330.73 3.611e-16
07332.43 3.630e-16
07334.13 3.877e-16
07335.82 4.194e-16
07337.52 4.327e-16
07339.22 4.316e-16
07340.92 4.329e-16
07342.61 4.399e-16
07344.31 4.490e-16
07346.01 4.577e-16
07347.71 4.639e-16
07349.41 4.712e-16
07351.10 4.872e-16
07352.80 4.955e-16
07354.50 4.598e-16
07356.20 3.930e-16
07357.89 3.617e-16
07359.59 3.838e-16
07361.29 4.138e-16
07362.99 4.236e-16
07364.69 4.140e-16
07366.38 3.899e-16
07368.08 3.660e-16
07369.78 3.499e-16
07371.48 3.291e-16
07373.17 3.042e-16
07374.87 3.119e-16
07376.57 3.689e-16
07378.27 4.305e-16
07379.97 4.596e-16
07381.66 4.743e-16
07383.36 4.930e-16
07385.06 4.962e-16
07386.76 4.659e-16
07388.46 4.179e-16
07390.15 3.762e-16
07391.85 3.588e-16
07393.55 3.734e-16
07395.25 3.881e-16
07396.94 3.639e-16
07398.64 3.259e-16
07400.34 3.263e-16
07402.04 3.656e-16
07403.74 4.104e-16
07405.43 4.315e-16
07407.13 4.066e-16
07408.83 3.535e-16
07410.53 3.255e-16
07412.22 3.360e-16
07413.92 3.544e-16
07415.62 3.701e-16
07417.32 3.969e-16
07419.02 4.244e-16
07420.71 4.100e-16
07422.41 3.517e-16
07424.11 3.122e-16
07425.81 3.236e-16
07427.50 3.554e-16
07429.20 3.813e-16
07430.90 3.935e-16
07432.60 3.912e-16
07434.30 3.875e-16
07435.99 3.939e-16
07437.69 4.092e-16
07439.39 4.284e-16
07441.09 4.453e-16
07442.78 4.523e-16
07444.48 4.327e-16
07446.18 3.799e-16
07447.88 3.329e-16
07449.58 3.333e-16
07451.27 3.667e-16
07452.97 3.960e-16
07454.67 3.967e-16
07456.37 3.572e-16
07458.06 2.997e-16
07459.76 2.644e-16
07461.46 2.613e-16
07463.16 2.767e-16
07464.86 3.047e-16
07466.55 3.443e-16
07468.25 3.834e-16
07469.95 4.028e-16
07471.65 3.971e-16
07473.34 3.765e-16
07475.04 3.567e-16
07476.74 3.608e-16
07478.44 3.864e-16
07480.14 3.919e-16
07481.83 3.638e-16
07483.53 3.427e-16
07485.23 3.522e-16
07486.93 3.754e-16
07488.62 3.963e-16
07490.32 4.105e-16
07492.02 4.134e-16
07493.72 3.947e-16
07495.42 3.548e-16
07497.11 3.235e-16
07498.81 3.252e-16
07500.51 3.474e-16
07502.21 3.704e-16
07503.90 3.848e-16
07505.60 3.882e-16
07507.30 3.966e-16
07509.00 4.256e-16
07510.70 4.545e-16
07512.39 4.508e-16
07514.09 4.042e-16
07515.79 3.237e-16
07517.49 2.534e-16
07519.19 2.523e-16
07520.88 3.056e-16
07522.58 3.425e-16
07524.28 3.464e-16
07525.98 3.502e-16
07527.67 3.632e-16
07529.37 3.725e-16
07531.07 3.727e-16
07532.77 3.645e-16
07534.47 3.530e-16
07536.16 3.499e-16
07537.86 3.589e-16
07539.56 3.695e-16
07541.26 3.745e-16
07542.95 3.756e-16
07544.65 3.741e-16
07546.35 3.717e-16
07548.05 3.681e-16
07549.75 3.575e-16
07551.44 3.387e-16
07553.14 3.259e-16
07554.84 3.306e-16
07556.54 3.482e-16
07558.23 3.692e-16
07559.93 3.793e-16
07561.63 3.692e-16
07563.33 3.518e-16
07565.03 3.453e-16
07566.72 3.556e-16
07568.42 3.805e-16
07570.12 4.042e-16
07571.82 4.080e-16
07573.51 4.030e-16
07575.21 4.155e-16
07576.91 4.425e-16
07578.61 4.605e-16
07580.31 4.584e-16
07582.00 4.365e-16
07583.70 3.989e-16
07585.40 3.543e-16
07587.10 3.138e-16
07588.79 2.890e-16
07590.49 2.828e-16
07592.19 2.871e-16
07593.89 2.928e-16
07595.59 2.914e-16
07597.28 2.841e-16
07598.98 2.921e-16
07600.68 3.198e-16
07602.38 3.317e-16
07604.07 3.113e-16
07605.77 2.936e-16
07607.47 3.070e-16
07609.17 3.488e-16
07610.87 4.044e-16
07612.56 4.385e-16
07614.26 4.270e-16
07615.96 3.986e-16
07617.66 3.871e-16
07619.35 3.882e-16
07621.05 3.862e-16
07622.75 3.684e-16
07624.45 3.296e-16
07626.15 2.924e-16
07627.84 2.876e-16
07629.54 3.222e-16
07631.24 3.842e-16
07632.94 4.357e-16
07634.64 4.290e-16
07636.33 3.779e-16
07638.03 3.445e-16
07639.73 3.520e-16
07641.43 3.860e-16
07643.12 4.208e-16
07644.82 4.174e-16
07646.52 3.801e-16
07648.22 3.689e-16
07649.92 4.086e-16
07651.61 4.726e-16
07653.31 5.272e-16
07655.01 5.283e-16
07656.71 4.660e-16
07658.40 3.972e-16
07660.10 3.632e-16
07661.80 3.561e-16
07663.50 3.603e-16
07665.20 3.527e-16
07666.89 3.224e-16
07668.59 3.019e-16
07670.29 3.165e-16
07671.99 3.372e-16
07673.68 3.338e-16
07675.38 3.210e-16
07677.08 3.209e-16
07678.78 3.293e-16
07680.48 3.347e-16
07682.17 3.347e-16
07683.87 3.310e-16
07685.57 3.248e-16
07687.27 3.180e-16
07688.96 3.146e-16
07690.66 3.188e-16
07692.36 3.278e-16
07694.06 3.339e-16
07695.76 3.333e-16
07697.45 3.263e-16
07699.15 3.157e-16
07700.85 3.066e-16
07702.55 3.064e-16
07704.24 3.247e-16
07705.94 3.566e-16
07707.64 3.775e-16
07709.34 3.774e-16
07711.04 3.711e-16
07712.73 3.654e-16
07714.43 3.488e-16
07716.13 3.201e-16
07717.83 3.026e-16
07719.52 3.063e-16
07721.22 3.029e-16
07722.92 2.773e-16
07724.62 2.670e-16
07726.32 2.992e-16
07728.01 3.439e-16
07729.71 3.682e-16
07731.41 3.777e-16
07733.11 3.841e-16
07734.80 3.752e-16
07736.50 3.404e-16
07738.20 3.100e-16
07739.90 3.196e-16
07741.60 3.516e-16
07743.29 3.675e-16
07744.99 3.670e-16
07746.69 3.705e-16
07748.39 3.811e-16
07750.08 3.907e-16
07751.78 3.938e-16
07753.48 3.868e-16
07755.18 3.763e-16
07756.88 3.777e-16
07758.57 3.959e-16
07760.27 4.241e-16
07761.97 4.446e-16
07763.67 4.261e-16
07765.37 3.735e-16
07767.06 3.462e-16
07768.76 3.674e-16
07770.46 3.936e-16
07772.16 3.964e-16
07773.85 3.844e-16
07775.55 3.668e-16
07777.25 3.467e-16
07778.95 3.297e-16
07780.65 3.274e-16
07782.34 3.439e-16
07784.04 3.638e-16
07785.74 3.718e-16
07787.44 3.659e-16
07789.13 3.506e-16
07790.83 3.413e-16
07792.53 3.508e-16
07794.23 3.604e-16
07795.93 3.482e-16
07797.62 3.438e-16
07799.32 3.867e-16
07801.02 4.485e-16
07802.72 4.714e-16
07804.41 4.475e-16
07806.11 4.029e-16
07807.81 3.654e-16
07809.51 3.616e-16
07811.21 3.814e-16
07812.90 3.813e-16
07814.60 3.605e-16
07816.30 3.631e-16
07818.00 3.917e-16
07819.69 4.003e-16
07821.39 3.793e-16
07823.09 3.693e-16
07824.79 3.837e-16
07826.49 3.903e-16
07828.18 3.743e-16
07829.88 3.559e-16
07831.58 3.457e-16
07833.28 3.261e-16
07834.97 2.921e-16
07836.67 2.734e-16
07838.37 2.906e-16
07840.07 3.326e-16
07841.77 3.782e-16
07843.46 3.932e-16
07845.16 3.580e-16
07846.86 3.090e-16
07848.56 2.901e-16
07850.25 3.029e-16
07851.95 3.329e-16
07853.65 3.716e-16
07855.35 4.099e-16
07857.05 4.301e-16
07858.74 4.167e-16
07860.44 3.830e-16
07862.14 3.569e-16
07863.84 3.415e-16
07865.53 3.220e-16
07867.23 3.022e-16
07868.93 2.989e-16
07870.63 3.043e-16
07872.33 2.901e-16
07874.02 2.602e-16
07875.72 2.543e-16
07877.42 2.844e-16
07879.12 3.293e-16
07880.81 3.604e-16
07882.51 3.376e-16
07884.21 2.672e-16
07885.91 2.382e-16
07887.61 2.911e-16
07889.30 3.597e-16
07891.00 3.914e-16
07892.70 3.869e-16
07894.40 3.581e-16
07896.10 3.309e-16
07897.79 3.240e-16
07899.49 3.226e-16
07901.19 3.124e-16
07902.89 3.106e-16
07904.58 3.323e-16
07906.28 3.611e-16
07907.98 3.740e-16
07909.68 3.584e-16
07911.38 3.136e-16
07913.07 2.694e-16
07914.77 2.623e-16
07916.47 2.939e-16
07918.17 3.416e-16
07919.86 3.684e-16
07921.56 3.365e-16
07923.26 2.693e-16
07924.96 2.362e-16
07926.66 2.588e-16
07928.35 3.129e-16
07930.05 3.676e-16
07931.75 3.855e-16
07933.45 3.633e-16
07935.14 3.445e-16
07936.84 3.435e-16
07938.54 3.310e-16
07940.24 3.021e-16
07941.94 2.923e-16
07943.63 3.182e-16
07945.33 3.633e-16
07947.03 4.036e-16
07948.73 4.031e-16
07950.42 3.493e-16
07952.12 2.883e-16
07953.82 2.599e-16
07955.52 2.608e-16
07957.22 2.782e-16
07958.91 2.997e-16
07960.61 3.153e-16
07962.31 3.333e-16
07964.01 3.610e-16
07965.70 3.771e-16
07967.40 3.593e-16
07969.10 3.209e-16
07970.80 2.882e-16
07972.50 2.716e-16
07974.19 2.713e-16
07975.89 2.780e-16
07977.59 2.779e-16
07979.29 2.704e-16
07980.98 2.653e-16
07982.68 2.619e-16
07984.38 2.523e-16
07986.08 2.354e-16
07987.78 2.162e-16
07989.47 2.049e-16
07991.17 2.164e-16
07992.87 2.494e-16
07994.57 2.810e-16
07996.26 2.959e-16
07997.96 2.915e-16
07999.66 2.715e-16
08001.36 2.504e-16
08003.06 2.354e-16
08004.75 2.164e-16
08006.45 1.891e-16
08008.15 1.682e-16
08009.85 1.630e-16
08011.55 1.616e-16
08013.24 1.549e-16
08014.94 1.533e-16
08016.64 1.657e-16
08018.34 1.838e-16
08020.03 1.971e-16
08021.73 2.069e-16
08023.43 2.168e-16
08025.13 2.207e-16
08026.83 2.116e-16
08028.52 1.965e-16
08030.22 1.862e-16
08031.92 1.754e-16
08033.62 1.523e-16
08035.31 1.241e-16
08037.01 1.096e-16
08038.71 1.109e-16
08040.41 1.169e-16
08042.11 1.262e-16
08043.80 1.453e-16
08045.50 1.740e-16
08047.20 2.063e-16
08048.90 2.318e-16
08050.59 2.354e-16
08052.29 2.126e-16
08053.99 1.739e-16
08055.69 1.314e-16
08057.39 9.575e-17
08059.08 7.998e-17
08060.78 1.035e-16
08062.48 1.630e-16
08064.18 2.086e-16
08065.87 2.069e-16
08067.57 1.785e-16
08069.27 1.492e-16
08070.97 1.305e-16
08072.67 1.293e-16
08074.36 1.489e-16
08076.06 1.843e-16
08077.76 2.106e-16
08079.46 2.055e-16
08081.15 1.823e-16
08082.85 1.639e-16
08084.55 1.499e-16
08086.25 1.322e-16
08087.95 1.160e-16
08089.64 1.113e-16
08091.34 1.216e-16
08093.04 1.453e-16
08094.74 1.729e-16
08096.43 1.903e-16
08098.13 1.922e-16
08099.83 1.827e-16
08101.53 1.678e-16
08103.23 1.562e-16
08104.92 1.487e-16
08106.62 1.364e-16
08108.32 1.218e-16
08110.02 1.237e-16
08111.71 1.442e-16
08113.41 1.607e-16
08115.11 1.550e-16
08116.81 1.145e-16
08118.51 5.074e-17
08120.20 2.393e-17
08121.90 6.369e-17
08123.60 1.166e-16
08125.30 1.386e-16
08126.99 1.428e-16
08128.69 1.472e-16
08130.39 1.516e-16
08132.09 1.532e-16
08133.79 1.498e-16
08135.48 1.397e-16
08137.18 1.228e-16
08138.88 1.016e-16
08140.58 9.060e-17
08142.28 1.028e-16
08143.97 1.250e-16
08145.67 1.339e-16
08147.37 1.236e-16
08149.07 1.009e-16
08150.76 8.072e-17
08152.46 8.190e-17
08154.16 1.034e-16
08155.86 1.268e-16
08157.56 1.452e-16
08159.25 1.626e-16
08160.95 1.772e-16
08162.65 1.817e-16
08164.35 1.775e-16
08166.04 1.760e-16
08167.74 1.785e-16
08169.44 1.715e-16
08171.14 1.483e-16
08172.84 1.128e-16
08174.53 7.293e-17
08176.23 4.094e-17
08177.93 2.728e-17
08179.63 3.938e-17
08181.32 7.363e-17
08183.02 1.031e-16
08184.72 1.071e-16
08186.42 9.021e-17
08188.12 6.640e-17
08189.81 6.386e-17
08191.51 9.933e-17
08193.21 1.373e-16
08194.91 1.371e-16
08196.60 1.029e-16
08198.30 5.832e-17
08200.00 3.266e-17
08201.70 4.937e-17
08203.40 8.538e-17
08205.09 9.759e-17
08206.79 9.256e-17
08208.49 1.061e-16
08210.19 1.396e-16
08211.88 1.700e-16
08213.58 1.831e-16
08215.28 1.729e-16
08216.98 1.477e-16
08218.68 1.317e-16
08220.37 1.298e-16
08222.07 1.222e-16
08223.77 1.038e-16
08225.47 8.978e-17
08227.16 8.570e-17
08228.86 8.154e-17
08230.56 7.576e-17
08232.26 8.383e-17
08233.96 1.105e-16
08235.65 1.362e-16
08237.35 1.480e-16
08239.05 1.544e-16
08240.75 1.622e-16
08242.44 1.633e-16
08244.14 1.520e-16
08245.84 1.373e-16
08247.54 1.282e-16
08249.24 1.247e-16
08250.93 1.229e-16
08252.63 1.107e-16
08254.33 8.065e-17
08256.03 5.662e-17
08257.73 6.725e-17
08259.42 9.871e-17
08261.12 1.185e-16
08262.82 1.147e-16
08264.52 9.111e-17
08266.21 6.720e-17
08267.91 7.133e-17
08269.61 9.938e-17
08271.31 1.198e-16
08273.01 1.195e-16
08274.70 1.038e-16
08276.40 8.264e-17
08278.10 7.231e-17
08279.80 7.865e-17
08281.49 9.232e-17
08283.19 1.078e-16
08284.89 1.268e-16
08286.59 1.465e-16
08288.29 1.572e-16
08289.98 1.551e-16
08291.68 1.482e-16
08293.38 1.435e-16
08295.08 1.441e-16
08296.77 1.499e-16
08298.47 1.560e-16
08300.17 1.578e-16
08301.87 1.540e-16
08303.57 1.451e-16
08305.26 1.333e-16
08306.96 1.208e-16
08308.66 1.074e-16
08310.36 9.272e-17
08312.05 7.732e-17
08313.75 6.331e-17
08315.45 6.101e-17
08317.15 8.036e-17
08318.85 1.118e-16
08320.54 1.362e-16
08322.24 1.473e-16
08323.94 1.486e-16
08325.64 1.478e-16
08327.33 1.552e-16
08329.03 1.691e-16
08330.73 1.765e-16
08332.43 1.707e-16
08334.13 1.524e-16
08335.82 1.300e-16
08337.52 1.215e-16
08339.22 1.278e-16
08340.92 1.235e-16
08342.61 1.019e-16
08344.31 8.649e-17
08346.01 9.334e-17
08347.71 1.237e-16
08349.41 1.684e-16
08351.10 1.989e-16
08352.80 1.980e-16
08354.50 1.797e-16
08356.20 1.609e-16
08357.89 1.518e-16
08359.59 1.573e-16
08361.29 1.721e-16
08362.99 1.869e-16
08364.69 1.898e-16
08366.38 1.735e-16
08368.08 1.481e-16
08369.78 1.288e-16
08371.48 1.175e-16
08373.17 1.119e-16
08374.87 1.220e-16
08376.57 1.592e-16
08378.27 2.089e-16
08379.97 2.433e-16
08381.66 2.563e-16
08383.36 2.578e-16
08385.06 2.498e-16
08386.76 2.295e-16
08388.46 1.934e-16
08390.15 1.373e-16
08391.85 8.473e-17
08393.55 8.908e-17
08395.25 1.534e-16
08396.94 2.147e-16
08398.64 2.356e-16
08400.34 2.208e-16
08402.04 1.860e-16
08403.74 1.639e-16
08405.43 1.695e-16
08407.13 1.755e-16
08408.83 1.640e-16
08410.53 1.489e-16
08412.22 1.433e-16
08413.92 1.491e-16
08415.62 1.641e-16
08417.32 1.805e-16
08419.02 1.910e-16
08420.71 1.981e-16
08422.41 2.049e-16
08424.11 2.051e-16
08425.81 1.936e-16
08427.50 1.851e-16
08429.20 1.961e-16
08430.90 2.140e-16
08432.60 2.164e-16
08434.30 2.055e-16
08435.99 1.969e-16
08437.69 1.977e-16
08439.39 2.082e-16
08441.09 2.167e-16
08442.78 2.032e-16
08444.48 1.740e-16
08446.18 1.588e-16
08447.88 1.697e-16
08449.58 1.988e-16
08451.27 2.335e-16
08452.97 2.545e-16
08454.67 2.547e-16
08456.37 2.470e-16
08458.06 2.374e-16
08459.76 2.189e-16
08461.46 1.905e-16
08463.16 1.606e-16
08464.86 1.394e-16
08466.55 1.396e-16
08468.25 1.646e-16
08469.95 1.977e-16
08471.65 2.218e-16
08473.34 2.274e-16
08475.04 2.139e-16
08476.74 1.996e-16
08478.44 2.017e-16
08480.14 2.138e-16
08481.83 2.232e-16
08483.53 2.214e-16
08485.23 2.052e-16
08486.93 1.880e-16
08488.62 1.877e-16
08490.32 2.018e-16
08492.02 2.179e-16
08493.72 2.364e-16
08495.42 2.637e-16
08497.11 2.923e-16
08498.81 3.067e-16
08500.51 3.012e-16
08502.21 2.795e-16
08503.90 2.560e-16
08505.60 2.545e-16
08507.30 2.781e-16
08509.00 3.043e-16
08510.70 3.206e-16
08512.39 3.299e-16
08514.09 3.295e-16
08515.79 3.081e-16
08517.49 2.671e-16
08519.19 2.276e-16
08520.88 2.075e-16
08522.58 2.184e-16
08524.28 2.560e-16
08525.98 2.825e-16
08527.67 2.731e-16
08529.37 2.492e-16
08531.07 2.344e-16
08532.77 2.356e-16
08534.47 2.508e-16
08536.16 2.615e-16
08537.86 2.518e-16
08539.56 2.363e-16
08541.26 2.347e-16
08542.95 2.429e-16
08544.65 2.478e-16
08546.35 2.452e-16
08548.05 2.360e-16
08549.75 2.252e-16
08551.44 2.205e-16
08553.14 2.255e-16
08554.84 2.394e-16
08556.54 2.595e-16
08558.23 2.814e-16
08559.93 2.964e-16
08561.63 2.938e-16
08563.33 2.780e-16
08565.03 2.697e-16
08566.72 2.763e-16
08568.42 2.873e-16
08570.12 2.971e-16
08571.82 3.070e-16
08573.51 3.164e-16
08575.21 3.225e-16
08576.91 3.213e-16
08578.61 3.053e-16
08580.31 2.754e-16
08582.00 2.507e-16
08583.70 2.441e-16
08585.40 2.472e-16
08587.10 2.515e-16
08588.79 2.570e-16
08590.49 2.649e-16
08592.19 2.786e-16
08593.89 2.973e-16
08595.59 3.041e-16
08597.28 2.846e-16
08598.98 2.513e-16
08600.68 2.256e-16
08602.38 2.199e-16
08604.07 2.379e-16
08605.77 2.637e-16
08607.47 2.736e-16
08609.17 2.709e-16
08610.87 2.753e-16
08612.56 2.866e-16
08614.26 2.913e-16
08615.96 2.858e-16
08617.66 2.749e-16
08619.35 2.746e-16
08621.05 3.109e-16
08622.75 3.810e-16
08624.45 4.496e-16
08626.15 4.817e-16
08627.84 4.455e-16
08629.54 3.477e-16
08631.24 2.536e-16
08632.94 2.071e-16
08634.64 2.069e-16
08636.33 2.361e-16
08638.03 2.529e-16
08639.73 2.361e-16
08641.43 2.221e-16
08643.12 2.394e-16
08644.82 2.725e-16
08646.52 3.000e-16
08648.22 3.062e-16
08649.92 2.849e-16
08651.61 2.552e-16
08653.31 2.398e-16
08655.01 2.431e-16
08656.71 2.608e-16
08658.40 2.853e-16
08660.10 3.075e-16
08661.80 3.226e-16
08663.50 3.288e-16
08665.20 3.212e-16
08666.89 2.961e-16
08668.59 2.650e-16
08670.29 2.481e-16
08671.99 2.489e-16
08673.68 2.568e-16
08675.38 2.672e-16
08677.08 2.814e-16
08678.78 2.991e-16
08680.48 3.198e-16
08682.17 3.394e-16
08683.87 3.496e-16
08685.57 3.451e-16
08687.27 3.241e-16
08688.96 2.928e-16
08690.66 2.691e-16
08692.36 2.641e-16
08694.06 2.748e-16
08695.76 2.936e-16
08697.45 3.078e-16
08699.15 3.083e-16
08700.85 2.972e-16
08702.55 2.805e-16
08704.24 2.679e-16
08705.94 2.670e-16
08707.64 2.810e-16
08709.34 3.065e-16
08711.04 3.211e-16
08712.73 3.063e-16
08714.43 2.845e-16
08716.13 2.863e-16
08717.83 3.027e-16
08719.52 3.093e-16
08721.22 3.036e-16
08722.92 2.950e-16
08724.62 2.943e-16
08726.32 3.110e-16
08728.01 3.332e-16
08729.71 3.342e-16
08731.41 3.162e-16
08733.11 3.071e-16
08734.80 3.148e-16
08736.50 3.261e-16
08738.20 3.318e-16
08739.90 3.264e-16
08741.60 3.104e-16
08743.29 2.931e-16
08744.99 2.813e-16
08746.69 2.759e-16
08748.39 2.756e-16
08750.08 2.747e-16
08751.78 2.694e-16
08753.48 2.589e-16
08755.18 2.491e-16
08756.88 2.611e-16
08758.57 3.045e-16
08760.27 3.551e-16
08761.97 3.874e-16
08763.67 3.912e-16
08765.37 3.669e-16
08767.06 3.364e-16
08768.76 3.201e-16
08770.46 3.019e-16
08772.16 2.607e-16
08773.85 2.067e-16
08775.55 1.638e-16
08777.25 1.577e-16
08778.95 2.055e-16
08780.65 2.725e-16
08782.34 2.981e-16
08784.04 2.822e-16
08785.74 2.688e-16
08787.44 2.681e-16
08789.13 2.640e-16
08790.83 2.548e-16
08792.53 2.497e-16
08794.23 2.504e-16
08795.93 2.519e-16
08797.62 2.472e-16
08799.32 2.268e-16
08801.02 1.959e-16
08802.72 1.833e-16
08804.41 1.979e-16
08806.11 2.137e-16
08807.81 2.137e-16
08809.51 2.042e-16
08811.21 1.927e-16
08812.90 1.858e-16
08814.60 1.859e-16
08816.30 1.841e-16
08818.00 1.741e-16
08819.69 1.636e-16
08821.39 1.612e-16
08823.09 1.697e-16
08824.79 1.878e-16
08826.49 2.084e-16
08828.18 2.232e-16
08829.88 2.284e-16
08831.58 2.241e-16
08833.28 2.173e-16
08834.97 2.165e-16
08836.67 2.188e-16
08838.37 2.159e-16
08840.07 2.107e-16
08841.77 2.126e-16
08843.46 2.156e-16
08845.16 2.041e-16
08846.86 1.804e-16
08848.56 1.632e-16
08850.25 1.642e-16
08851.95 1.878e-16
08853.65 2.273e-16
08855.35 2.624e-16
08857.05 2.868e-16
08858.74 3.161e-16
08860.44 3.498e-16
08862.14 3.588e-16
08863.84 3.317e-16
08865.53 2.893e-16
08867.23 2.526e-16
08868.93 2.395e-16
08870.63 2.528e-16
08872.33 2.593e-16
08874.02 2.382e-16
08875.72 2.175e-16
08877.42 2.249e-16
08879.12 2.609e-16
08880.82 3.133e-16
08882.51 3.525e-16
08884.21 3.533e-16
08885.91 3.289e-16
08887.61 3.044e-16
08889.30 2.825e-16
08891.00 2.590e-16
08892.70 2.514e-16
08894.40 2.808e-16
08896.10 3.289e-16
08897.79 3.560e-16
08899.49 3.559e-16
08901.19 3.473e-16
08902.89 3.240e-16
08904.58 2.624e-16
08906.28 1.919e-16
08907.98 1.898e-16
08909.68 2.567e-16
08911.38 3.065e-16
08913.07 2.941e-16
08914.77 2.304e-16
08916.47 1.465e-16
08918.17 1.066e-16
08919.86 1.303e-16
08921.56 1.525e-16
08923.26 1.365e-16
08924.96 1.162e-16
08926.66 1.188e-16
08928.35 1.445e-16
08930.05 1.842e-16
08931.75 2.131e-16
08933.45 2.139e-16
08935.14 2.013e-16
08936.84 1.934e-16
08938.54 1.919e-16
08940.24 1.946e-16
08941.94 1.979e-16
08943.63 2.002e-16
08945.33 2.173e-16
08947.03 2.632e-16
08948.73 3.119e-16
08950.42 3.244e-16
08952.12 3.077e-16
08953.82 2.935e-16
08955.52 2.831e-16
08957.22 2.595e-16
08958.91 2.249e-16
08960.61 1.955e-16
08962.31 1.802e-16
08964.01 1.807e-16
08965.70 1.933e-16
08967.40 2.080e-16
08969.10 2.130e-16
08970.80 1.949e-16
08972.50 1.624e-16
08974.19 1.563e-16
08975.89 1.894e-16
08977.59 2.252e-16
08979.29 2.407e-16
08980.98 2.460e-16
08982.68 2.452e-16
08984.38 2.186e-16
08986.08 1.669e-16
08987.78 1.461e-16
08989.47 1.913e-16
08991.17 2.571e-16
08992.87 2.975e-16
08994.57 3.200e-16
08996.26 3.399e-16
08997.96 3.477e-16
08999.66 3.320e-16
09001.36 2.990e-16
09003.06 2.607e-16
09004.75 2.280e-16
09006.45 2.082e-16
09008.15 1.939e-16
09009.85 1.713e-16
09011.55 1.416e-16
09013.24 1.162e-16
09014.94 1.072e-16
09016.64 1.255e-16
09018.34 1.679e-16
09020.03 2.174e-16
09021.73 2.592e-16
09023.43 2.826e-16
09025.13 2.758e-16
09026.83 2.268e-16
09028.52 1.558e-16
09030.22 1.258e-16
09031.92 1.570e-16
09033.62 2.011e-16
09035.31 2.268e-16
09037.01 2.413e-16
09038.71 2.506e-16
09040.41 2.540e-16
09042.11 2.508e-16
09043.80 2.379e-16
09045.50 2.154e-16
09047.20 1.944e-16
09048.90 1.817e-16
09050.59 1.624e-16
09052.29 1.271e-16
09053.99 9.991e-17
09055.69 1.048e-16
09057.39 1.336e-16
09059.08 1.655e-16
09060.78 1.824e-16
09062.48 1.720e-16
09064.18 1.381e-16
09065.87 9.655e-17
09067.57 8.345e-17
09069.27 1.349e-16
09070.97 2.119e-16
09072.67 2.287e-16
09074.36 1.831e-16
09076.06 1.421e-16
09077.76 1.335e-16
09079.46 1.483e-16
09081.15 1.766e-16
09082.85 2.049e-16
09084.55 2.145e-16
09086.25 1.827e-16
09087.95 1.214e-16
09089.64 9.117e-17
09091.34 1.207e-16
09093.04 1.832e-16
09094.74 2.470e-16
09096.43 2.784e-16
09098.13 2.658e-16
09099.83 2.457e-16
09101.53 2.484e-16
09103.23 2.735e-16
09104.92 3.095e-16
09106.62 3.313e-16
09108.32 3.216e-16
09110.02 2.965e-16
09111.71 2.773e-16
09113.41 2.662e-16
09115.11 2.584e-16
09116.81 2.448e-16
09118.51 2.186e-16
09120.20 1.941e-16
09121.90 1.915e-16
09123.60 2.086e-16
09125.30 2.299e-16
09126.99 2.383e-16
09128.69 2.195e-16
09130.39 1.923e-16
09132.09 1.985e-16
09133.79 2.313e-16
09135.48 2.416e-16
09137.18 2.268e-16
09138.88 2.316e-16
09140.58 2.620e-16
09142.28 2.791e-16
09143.97 2.707e-16
09145.67 2.590e-16
09147.37 2.599e-16
09149.07 2.802e-16
09150.76 3.110e-16
09152.46 3.138e-16
09154.16 2.718e-16
09155.86 2.196e-16
09157.56 1.809e-16
09159.25 1.334e-16
09160.95 6.978e-17
09162.65 4.156e-17
09164.35 8.314e-17
09166.04 1.560e-16
09167.74 2.095e-16
09169.44 2.098e-16
09171.14 1.487e-16
09172.84 8.609e-17
09174.53 8.858e-17
09176.23 1.381e-16
09177.93 1.820e-16
09179.63 1.981e-16
09181.32 1.848e-16
09183.02 1.700e-16
09184.72 1.954e-16
09186.42 2.496e-16
09188.12 2.843e-16
09189.81 2.828e-16
09191.51 2.567e-16
09193.21 2.329e-16
09194.91 2.534e-16
09196.60 3.087e-16
09198.30 3.301e-16
09200.00 2.982e-16
09201.70 2.590e-16
09203.40 2.420e-16
09205.09 2.525e-16
09206.79 2.788e-16
09208.49 2.784e-16
09210.19 2.366e-16
09211.88 1.984e-16
09213.58 1.937e-16
09215.28 2.025e-16
09216.98 2.103e-16
09218.68 2.385e-16
09220.37 2.936e-16
09222.07 3.242e-16
09223.77 2.905e-16
09225.47 2.193e-16
09227.16 1.541e-16
09228.86 1.275e-16
09230.56 1.548e-16
09232.26 1.993e-16
09233.96 2.135e-16
09235.65 2.068e-16
09237.35 2.142e-16
09239.05 2.483e-16
09240.75 3.055e-16
09242.44 3.658e-16
09244.14 3.985e-16
09245.84 3.917e-16
09247.54 3.520e-16
09249.24 2.930e-16
09250.93 2.349e-16
09252.63 1.932e-16
09254.33 1.751e-16
09256.03 1.839e-16
09257.73 2.184e-16
09259.42 2.598e-16
09261.12 2.669e-16
09262.82 2.294e-16
09264.52 1.880e-16
09266.21 1.709e-16
09267.91 1.788e-16
09269.61 2.008e-16
09271.31 2.038e-16
09273.01 1.737e-16
09274.70 1.485e-16
09276.40 1.574e-16
09278.10 1.846e-16
09279.80 2.077e-16
09281.49 2.085e-16
09283.19 1.814e-16
09284.89 1.607e-16
09286.59 1.795e-16
09288.29 2.131e-16
09289.98 2.244e-16
09291.68 2.306e-16
09293.38 2.630e-16
09295.08 2.896e-16
09296.77 2.597e-16
09298.47 2.163e-16
09300.17 2.473e-16
09301.87 3.241e-16
09303.57 3.398e-16
09305.26 2.869e-16
09306.96 2.396e-16
09308.66 2.258e-16
09310.36 2.309e-16
09312.05 2.352e-16
09313.75 2.071e-16
09315.45 1.666e-16
09317.15 2.052e-16
09318.85 3.335e-16
09320.54 4.424e-16
09322.24 4.545e-16
09323.94 3.514e-16
09325.64 1.640e-16
09327.33 1.171e-17
09329.03 -3.599e-17
09330.73 -4.759e-17
09332.43 -8.006e-17
09334.13 -1.089e-16
09335.82 -1.017e-16
09337.52 -3.990e-17
09339.22 7.801e-17
09340.92 2.137e-16
09342.61 3.218e-16
09344.31 3.805e-16
09346.01 3.836e-16
09347.71 3.367e-16
09349.41 2.585e-16
09351.10 1.909e-16
09352.80 1.759e-16
09354.50 2.080e-16
09356.20 2.498e-16
09357.89 2.707e-16
09359.59 2.495e-16
09361.29 1.966e-16
09362.99 1.502e-16
09364.69 1.172e-16
09366.38 7.530e-17
09368.08 3.133e-17
09369.78 1.977e-17
09371.48 5.671e-17
09373.17 1.391e-16
09374.87 2.294e-16
09376.57 2.395e-16
09378.27 1.567e-16
09379.97 9.262e-17
09381.66 1.124e-16
09383.36 1.827e-16
09385.06 2.600e-16
09386.76 2.945e-16
09388.46 2.699e-16
09390.15 2.588e-16
09391.85 3.096e-16
09393.55 3.603e-16
09395.25 3.547e-16
09396.94 3.256e-16
09398.64 3.157e-16
09400.34 3.282e-16
09402.04 3.485e-16
09403.74 3.399e-16
09405.43 2.726e-16
09407.13 1.792e-16
09408.83 1.184e-16
09410.53 1.242e-16
09412.22 2.045e-16
09413.92 3.158e-16
09415.62 3.840e-16
09417.32 3.758e-16
09419.02 2.971e-16
09420.71 1.953e-16
09422.41 1.509e-16
09424.11 1.650e-16
09425.81 1.539e-16
09427.50 1.076e-16
09429.20 1.028e-16
09430.90 1.522e-16
09432.60 1.845e-16
09434.30 1.781e-16
09435.99 1.895e-16
09437.69 2.432e-16
09439.39 3.064e-16
09441.09 3.463e-16
09442.78 3.330e-16
09444.48 2.652e-16
09446.18 2.030e-16
09447.88 1.917e-16
09449.58 2.172e-16
09451.27 2.518e-16
09452.97 2.668e-16
09454.67 2.455e-16
09456.37 2.047e-16
09458.06 1.728e-16
09459.76 1.802e-16
09461.46 2.422e-16
09463.16 3.144e-16
09464.86 3.386e-16
09466.55 3.201e-16
09468.25 2.955e-16
09469.95 2.769e-16
09471.65 2.612e-16
09473.34 2.388e-16
09475.04 1.967e-16
09476.74 1.388e-16
09478.44 8.448e-17
09480.14 7.239e-17
09481.83 1.550e-16
09483.53 2.996e-16
09485.23 3.807e-16
09486.93 3.600e-16
09488.62 3.118e-16
09490.32 2.797e-16
09492.02 2.611e-16
09493.72 2.490e-16
09495.42 2.250e-16
09497.11 1.897e-16
09498.81 1.868e-16
09500.51 2.329e-16
09502.21 2.785e-16
09503.90 2.890e-16
09505.60 2.906e-16
09507.30 3.034e-16
09509.00 2.992e-16
09510.70 2.557e-16
09512.39 1.976e-16
09514.09 1.541e-16
09515.79 1.168e-16
09517.49 7.650e-17
09519.19 7.793e-17
09520.88 1.622e-16
09522.58 2.651e-16
09524.28 2.914e-16
09525.98 2.518e-16
09527.67 2.149e-16
09529.37 2.143e-16
09531.07 2.561e-16
09532.77 3.157e-16
09534.47 3.438e-16
09536.16 3.281e-16
09537.86 2.934e-16
09539.56 2.608e-16
09541.26 2.483e-16
09542.95 2.538e-16
09544.65 2.495e-16
09546.35 2.218e-16
09548.05 1.776e-16
09549.75 1.301e-16
09551.44 9.799e-17
09553.14 9.961e-17
09554.84 1.574e-16
09556.54 2.548e-16
09558.23 2.929e-16
09559.93 2.292e-16
09561.63 1.734e-16
09563.33 2.042e-16
09565.03 2.585e-16
09566.72 2.696e-16
09568.42 2.379e-16
09570.12 1.862e-16
09571.82 1.513e-16
09573.51 1.659e-16
09575.21 2.300e-16
09576.91 3.236e-16
09578.61 4.124e-16
09580.31 4.607e-16
09582.00 4.558e-16
09583.70 4.039e-16
09585.40 3.241e-16
09587.10 2.442e-16
09588.79 1.889e-16
09590.49 1.755e-16
09592.19 1.902e-16
09593.89 1.936e-16
09595.59 1.918e-16
09597.28 2.341e-16
09598.98 3.088e-16
09600.68 3.379e-16
09602.38 3.046e-16
09604.07 2.696e-16
09605.77 2.634e-16
09607.47 2.704e-16
09609.17 2.751e-16
09610.87 2.623e-16
09612.56 2.287e-16
09614.26 1.930e-16
09615.96 1.735e-16
09617.66 1.819e-16
09619.35 2.163e-16
09621.05 2.465e-16
09622.75 2.464e-16
09624.45 2.091e-16
09626.15 1.466e-16
09627.84 1.075e-16
09629.54 1.328e-16
09631.24 2.062e-16
09632.94 2.896e-16
09634.64 3.496e-16
09636.33 3.628e-16
09638.03 3.348e-16
09639.73 2.891e-16
09641.43 2.475e-16
09643.12 2.272e-16
09644.82 2.251e-16
09646.52 2.238e-16
09648.22 2.232e-16
09649.92 2.358e-16
09651.61 2.697e-16
09653.31 3.299e-16
09655.01 3.769e-16
09656.71 3.263e-16
09658.40 2.005e-16
09660.10 1.478e-16
09661.80 2.292e-16
09663.50 3.843e-16
09665.20 5.376e-16
09666.89 5.955e-16
09668.59 5.286e-16
09670.29 4.276e-16
09671.99 3.641e-16
09673.68 3.459e-16
09675.38 3.593e-16
09677.08 3.628e-16
09678.78 3.229e-16
09680.48 2.372e-16
09682.17 1.255e-16
09683.87 4.740e-17
09685.57 4.803e-17
09687.27 1.001e-16
09688.96 1.541e-16
09690.66 1.714e-16
09692.36 1.337e-16
09694.06 8.353e-17
09695.76 7.983e-17
09697.45 1.100e-16
09699.15 1.255e-16
09700.85 1.130e-16
09702.55 8.279e-17
09704.24 5.768e-17
09705.94 6.824e-17
09707.64 1.093e-16
09709.34 1.443e-16
09711.04 1.562e-16
09712.73 1.478e-16
09714.43 1.333e-16
09716.13 1.411e-16
09717.83 1.734e-16
09719.52 1.974e-16
09721.22 1.934e-16
09722.92 1.611e-16
09724.62 1.167e-16
09726.32 1.041e-16
09728.01 1.408e-16
09729.71 1.902e-16
09731.41 2.210e-16
09733.11 2.260e-16
09734.80 2.105e-16
09736.50 2.026e-16
09738.20 2.208e-16
09739.90 2.495e-16
09741.60 2.653e-16
09743.29 2.420e-16
09744.99 1.717e-16
09746.69 1.146e-16
09748.39 1.293e-16
09750.08 1.736e-16
09751.78 1.755e-16
09753.48 1.271e-16
09755.18 5.928e-17
09756.88 2.956e-17
09758.57 9.654e-17
09760.27 2.169e-16
09761.97 2.807e-16
09763.67 2.511e-16
09765.37 1.569e-16
09767.06 6.006e-17
09768.76 5.313e-17
09770.46 1.375e-16
09772.16 2.119e-16
09773.85 2.375e-16
09775.55 2.538e-16
09777.25 2.839e-16
09778.95 3.299e-16
09780.65 3.837e-16
09782.34 4.196e-16
09784.04 4.177e-16
09785.74 3.691e-16
09787.44 2.844e-16
09789.13 2.110e-16
09790.83 1.778e-16
09792.53 1.598e-16
09794.23 1.319e-16
09795.93 9.103e-17
09797.62 4.602e-17
09799.32 3.310e-17
09801.02 7.476e-17
09802.72 1.207e-16
09804.41 1.183e-16
09806.11 9.959e-17
09807.81 1.167e-16
09809.51 1.653e-16
09811.21 2.134e-16
09812.90 2.235e-16
09814.60 1.661e-16
09816.30 8.066e-17
09818.00 4.584e-17
09819.69 6.913e-17
09821.39 1.031e-16
09823.09 1.327e-16
09824.79 1.681e-16
09826.49 1.968e-16
09828.18 1.881e-16
09829.88 1.527e-16
09831.58 1.468e-16
09833.28 1.915e-16
09834.97 2.631e-16
09836.67 3.290e-16
09838.37 3.442e-16
09840.07 2.976e-16
09841.77 2.380e-16
09843.46 2.014e-16
09845.16 1.885e-16
09846.86 1.921e-16
09848.56 1.968e-16
09850.25 1.920e-16
09851.95 1.861e-16
09853.65 1.850e-16
09855.35 1.716e-16
09857.05 1.347e-16
09858.74 1.019e-16
09860.44 9.927e-17
09862.14 9.949e-17
09863.84 7.228e-17
09865.53 6.632e-17
09867.23 1.408e-16
09868.93 2.339e-16
09870.63 2.453e-16
09872.33 2.301e-16
09874.02 3.143e-16
09875.72 4.583e-16
09877.42 5.151e-16
09879.12 4.197e-16
09880.82 1.819e-16
09882.51 -8.588e-17
09884.21 -1.768e-16
09885.91 -6.695e-17
09887.61 6.305e-17
09889.30 1.099e-16
09891.00 6.778e-17
09892.70 -1.621e-17
09894.40 -1.160e-17
09896.10 1.158e-16
09897.79 2.345e-16
09899.49 2.524e-16
09901.19 1.647e-16
09902.89 1.112e-17
09904.58 -9.327e-17
09906.28 -8.020e-17
09907.98 -1.893e-17
09909.68 2.032e-17
09911.38 3.746e-17
09913.07 4.843e-17
09914.77 7.089e-17
09916.47 1.167e-16
09918.17 1.740e-16
09919.86 2.219e-16
09921.56 2.416e-16
09923.26 2.228e-16
09924.96 1.797e-16
09926.66 1.388e-16
09928.35 1.233e-16
09930.05 1.463e-16
09931.75 1.750e-16
09933.45 1.529e-16
09935.14 9.511e-17
09936.84 6.869e-17
09938.54 8.384e-17
09940.24 1.013e-16
09941.94 9.992e-17
09943.63 7.421e-17
09945.33 3.772e-17
09947.03 3.035e-17
09948.73 4.736e-17
09950.42 2.055e-17
09952.12 -6.162e-17
09953.82 -1.223e-16
09955.52 -1.148e-16
09957.22 -5.184e-17
09958.91 4.662e-17
09960.61 1.577e-16
09962.31 2.620e-16
09964.01 3.610e-16
09965.70 4.445e-16
09967.40 4.616e-16
09969.10 3.833e-16
09970.80 2.494e-16
09972.50 1.187e-16
09974.19 5.120e-17
09975.89 8.063e-17
09977.59 1.652e-16
09979.29 2.372e-16
09980.98 2.636e-16
09982.68 2.350e-16
09984.38 1.588e-16
09986.08 5.941e-17
09987.78 -2.657e-17
09989.47 -6.206e-17
09991.17 -3.044e-17
09992.87 6.142e-17
09994.57 1.525e-16
09996.26 1.454e-16
09997.96 6.566e-17
09999.66 5.582e-17
10001.36 1.517e-16
10003.06 2.719e-16
10004.75 3.449e-16
10006.45 3.093e-16
10008.15 1.714e-16
10009.85 4.107e-17
10011.55 -2.225e-17
10013.24 -5.770e-17
10014.94 -8.448e-17
10016.64 -6.976e-17
10018.34 -2.181e-18
10020.03 8.296e-17
10021.73 1.516e-16
10023.43 1.867e-16
10025.13 1.850e-16
10026.83 1.662e-16
10028.52 1.522e-16
10030.22 1.516e-16
10031.92 1.641e-16
10033.62 1.781e-16
10035.31 1.780e-16
10037.01 1.485e-16
10038.71 8.407e-17
10040.41 1.235e-17
10042.11 -2.816e-17
10043.80 -3.113e-17
10045.50 -1.280e-17
10047.20 6.015e-19
10048.90 -1.996e-17
10050.59 -5.810e-17
10052.29 -6.370e-17
10053.99 -4.543e-17
10055.69 -6.242e-17
10057.39 -1.286e-16
10059.08 -2.129e-16
10060.78 -2.719e-16
10062.48 -2.474e-16
10064.18 -1.371e-16
10065.87 -1.686e-17
10067.57 6.635e-17
10069.27 1.169e-16
10070.97 1.457e-16
10072.67 1.741e-16
10074.36 2.046e-16
10076.06 1.910e-16
10077.76 1.179e-16
10079.46 5.226e-17
10081.15 4.589e-17
10082.85 8.419e-17
10084.55 1.357e-16
10086.25 1.603e-16
10087.95 1.379e-16
10089.64 1.236e-16
10091.34 1.730e-16
10093.04 2.599e-16
10094.74 3.273e-16
10096.43 3.269e-16
10098.13 2.335e-16
10099.83 1.020e-16
10101.53 2.292e-17
10103.23 1.346e-17
10104.92 3.975e-17
10106.62 6.966e-17
10108.32 7.340e-17
10110.02 6.777e-17
10111.71 1.097e-16
10113.41 1.940e-16
10115.11 2.553e-16
10116.81 2.645e-16
10118.51 2.320e-16
10120.20 1.739e-16
10121.90 1.142e-16
10123.60 6.627e-17
10125.30 2.291e-17
10126.99 -1.676e-17
10128.69 -4.096e-17
10130.39 -4.415e-17
10132.09 -3.226e-17
10133.79 -1.143e-17
10135.48 1.461e-17
10137.18 4.416e-17
10138.88 7.976e-17
10140.58 1.214e-16
10142.28 1.675e-16
10143.97 2.056e-16
10145.67 1.869e-16
10147.37 8.054e-17
10149.07 -5.466e-17
10150.76 -1.427e-16
10152.46 -1.704e-16
10154.16 -1.563e-16
10155.86 -1.341e-16
10157.56 -1.342e-16
10159.25 -9.948e-17
10160.95 5.781e-17
10162.65 2.601e-16
10164.35 3.337e-16
10166.04 2.856e-16
10167.74 2.620e-16
10169.44 3.266e-16
10171.14 4.674e-16
10172.84 6.018e-16
10174.53 5.692e-16
10176.23 3.460e-16
10177.93 7.941e-17
10179.63 -1.172e-16
10181.32 -1.878e-16
10183.02 -1.202e-16
10184.72 3.804e-17
10186.42 2.027e-16
10188.12 2.274e-16
10189.81 8.603e-17
10191.51 1.436e-17
10193.21 1.421e-16
10194.91 2.817e-16
10196.60 2.652e-16
10198.30 9.115e-17
10200.00 -1.596e-16
