03178.58 1.189e-15
03180.28 1.169e-15
03181.98 1.150e-15
03183.67 1.130e-15
03185.37 1.111e-15
03187.07 1.091e-15
03188.76 1.072e-15
03190.46 1.052e-15
03192.16 1.033e-15
03193.85 1.013e-15
03195.55 9.937e-16
03197.25 4.830e-16
03198.94 -4.215e-16
03200.64 -4.052e-16
03202.34 2.364e-16
03204.03 7.896e-16
03205.73 1.059e-15
03207.43 1.201e-15
03209.12 8.642e-16
03210.82 5.087e-18
03212.52 -4.915e-16
03214.21 -1.934e-16
03215.91 7.046e-18
03217.61 -2.998e-16
03219.30 5.739e-16
03221.00 1.588e-15
03222.70 1.979e-15
03224.39 1.900e-15
03226.09 2.077e-15
03227.79 2.227e-15
03229.48 2.244e-15
03231.18 2.021e-15
03232.88 2.176e-15
03234.57 2.865e-15
03236.27 2.697e-15
03237.97 1.999e-15
03239.66 1.549e-15
03241.36 1.658e-15
03243.06 1.325e-15
03244.75 1.428e-15
03246.45 1.189e-15
03248.15 1.095e-15
03249.84 1.076e-15
03251.54 1.220e-15
03253.24 9.745e-16
03254.93 1.337e-15
03256.63 2.481e-15
03258.33 3.577e-15
03260.02 3.501e-15
03261.72 3.200e-15
03263.42 3.121e-15
03265.11 2.157e-15
03266.81 7.403e-16
03268.51 1.747e-16
03270.20 4.491e-16
03271.90 8.197e-16
03273.60 9.513e-16
03275.29 1.007e-15
03276.99 1.922e-15
03278.69 2.289e-15
03280.38 1.724e-15
03282.08 2.047e-15
03283.78 2.248e-15
03285.47 2.178e-15
03287.17 2.394e-15
03288.87 3.022e-15
03290.56 3.010e-15
03292.26 2.825e-15
03293.96 2.190e-15
03295.65 1.925e-15
03297.35 2.334e-15
03299.05 2.316e-15
03300.74 2.143e-15
03302.44 2.250e-15
03304.14 2.335e-15
03305.83 1.508e-15
03307.53 1.186e-15
03309.23 1.150e-15
03310.92 9.427e-16
03312.62 1.233e-15
03314.32 1.467e-15
03316.01 1.097e-15
03317.71 1.216e-15
03319.41 1.044e-15
03321.10 -6.506e-17
03322.80 -4.972e-17
03324.50 5.630e-16
03326.19 8.767e-16
03327.89 1.740e-15
03329.59 2.921e-15
03331.28 2.904e-15
03332.98 2.679e-15
03334.68 2.773e-15
03336.37 2.645e-15
03338.07 2.465e-15
03339.77 2.365e-15
03341.46 2.059e-15
03343.16 1.718e-15
03344.86 1.323e-15
03346.55 9.144e-16
03348.25 1.003e-15
03349.95 1.439e-15
03351.64 1.613e-15
03353.34 1.863e-15
03355.04 2.136e-15
03356.73 2.238e-15
03358.43 2.200e-15
03360.13 2.649e-15
03361.82 2.569e-15
03363.52 2.102e-15
03365.22 2.200e-15
03366.91 2.412e-15
03368.61 2.297e-15
03370.31 2.341e-15
03372.00 2.669e-15
03373.70 2.385e-15
03375.40 1.692e-15
03377.09 1.207e-15
03378.79 1.267e-15
03380.49 1.078e-15
03382.18 1.066e-15
03383.88 1.330e-15
03385.58 1.114e-15
03387.27 8.315e-16
03388.97 9.314e-16
03390.67 8.746e-16
03392.36 7.068e-16
03394.06 8.436e-16
03395.76 1.188e-15
03397.45 1.586e-15
03399.15 1.740e-15
03400.85 1.891e-15
03402.54 2.109e-15
03404.24 2.188e-15
03405.94 1.996e-15
03407.63 2.147e-15
03409.33 2.538e-15
03411.02 2.854e-15
03412.72 2.815e-15
03414.42 2.778e-15
03416.11 2.880e-15
03417.81 2.560e-15
03419.51 1.981e-15
03421.20 1.878e-15
03422.90 1.616e-15
03424.60 1.007e-15
03426.29 1.236e-15
03427.99 1.974e-15
03429.69 2.423e-15
03431.38 2.775e-15
03433.08 2.920e-15
03434.78 2.797e-15
03436.47 2.376e-15
03438.17 1.623e-15
03439.87 1.244e-15
03441.56 1.398e-15
03443.26 1.299e-15
03444.96 1.262e-15
03446.65 1.785e-15
03448.35 2.236e-15
03450.05 2.451e-15
03451.74 2.779e-15
03453.44 2.803e-15
03455.14 2.339e-15
03456.83 2.172e-15
03458.53 2.074e-15
03460.23 2.110e-15
03461.92 2.448e-15
03463.62 2.585e-15
03465.32 2.069e-15
03467.01 1.772e-15
03468.71 1.708e-15
03470.41 1.595e-15
03472.10 1.821e-15
03473.80 2.338e-15
03475.50 2.548e-15
03477.19 2.524e-15
03478.89 2.701e-15
03480.59 2.647e-15
03482.28 2.484e-15
03483.98 2.597e-15
03485.68 2.434e-15
03487.37 2.351e-15
03489.07 2.066e-15
03490.77 1.856e-15
03492.46 2.164e-15
03494.16 2.343e-15
03495.86 1.968e-15
03497.55 2.446e-15
03499.25 3.153e-15
03500.95 2.851e-15
03502.64 2.508e-15
03504.34 2.771e-15
03506.04 2.769e-15
03507.73 2.449e-15
03509.43 2.560e-15
03511.13 3.017e-15
03512.82 2.926e-15
03514.52 2.591e-15
03516.22 2.438e-15
03517.91 2.589e-15
03519.61 2.594e-15
03521.31 2.696e-15
03523.00 3.036e-15
03524.70 3.228e-15
03526.40 2.962e-15
03528.09 2.702e-15
03529.79 2.490e-15
03531.49 2.064e-15
03533.18 1.900e-15
03534.88 2.029e-15
03536.58 2.319e-15
03538.27 2.637e-15
03539.97 2.833e-15
03541.67 2.794e-15
03543.36 2.789e-15
03545.06 2.638e-15
03546.76 2.404e-15
03548.45 2.279e-15
03550.15 2.294e-15
03551.85 2.371e-15
03553.54 2.300e-15
03555.24 2.322e-15
03556.94 2.634e-15
03558.63 2.692e-15
03560.33 2.361e-15
03562.03 2.318e-15
03563.72 2.225e-15
03565.42 2.083e-15
03567.12 2.370e-15
03568.81 2.453e-15
03570.51 2.363e-15
03572.21 2.465e-15
03573.90 2.445e-15
03575.60 2.258e-15
03577.30 2.413e-15
03578.99 2.584e-15
03580.69 2.874e-15
03582.39 2.935e-15
03584.08 2.492e-15
03585.78 2.260e-15
03587.48 2.461e-15
03589.17 2.489e-15
03590.87 2.850e-15
03592.57 3.355e-15
03594.26 3.431e-15
03595.96 3.298e-15
03597.66 3.003e-15
03599.35 2.438e-15
03601.05 2.462e-15
03602.75 2.576e-15
03604.44 2.425e-15
03606.14 2.547e-15
03607.84 2.864e-15
03609.53 2.708e-15
03611.23 2.261e-15
03612.93 2.126e-15
03614.62 2.363e-15
03616.32 2.972e-15
03618.02 3.313e-15
03619.71 3.733e-15
03621.41 4.084e-15
03623.11 3.661e-15
03624.80 2.735e-15
03626.50 2.421e-15
03628.20 2.379e-15
03629.89 2.012e-15
03631.59 2.007e-15
03633.29 2.106e-15
03634.98 2.151e-15
03636.68 2.336e-15
03638.38 2.390e-15
03640.07 2.375e-15
03641.77 2.637e-15
03643.47 2.700e-15
03645.16 2.536e-15
03646.86 2.758e-15
03648.56 2.733e-15
03650.25 2.304e-15
03651.95 2.122e-15
03653.65 1.971e-15
03655.34 1.745e-15
03657.04 1.797e-15
03658.74 2.013e-15
03660.43 2.164e-15
03662.13 2.271e-15
03663.83 2.414e-15
03665.52 2.441e-15
03667.22 2.361e-15
03668.92 2.134e-15
03670.61 2.233e-15
03672.31 2.312e-15
03674.01 2.423e-15
03675.70 2.400e-15
03677.40 2.272e-15
03679.10 2.177e-15
03680.79 2.242e-15
03682.49 2.029e-15
03684.18 2.139e-15
03685.88 2.407e-15
03687.58 2.400e-15
03689.27 2.251e-15
03690.97 2.339e-15
03692.67 2.293e-15
03694.36 2.277e-15
03696.06 2.321e-15
03697.76 2.109e-15
03699.45 1.881e-15
03701.15 1.795e-15
03702.85 1.745e-15
03704.54 1.555e-15
03706.24 1.394e-15
03707.94 1.075e-15
03709.63 8.979e-16
03711.33 6.448e-16
03713.03 5.949e-16
03714.72 7.949e-16
03716.42 1.186e-15
03718.12 1.274e-15
03719.81 1.485e-15
03721.51 1.612e-15
03723.21 1.594e-15
03724.90 1.478e-15
03726.60 1.401e-15
03728.30 1.416e-15
03729.99 1.553e-15
03731.69 1.629e-15
03733.39 1.546e-15
03735.08 1.508e-15
03736.78 1.467e-15
03738.48 1.338e-15
03740.17 1.389e-15
03741.87 1.674e-15
03743.57 1.714e-15
03745.26 1.494e-15
03746.96 1.387e-15
03748.66 1.391e-15
03750.35 1.354e-15
03752.05 1.254e-15
03753.75 1.186e-15
03755.44 1.265e-15
03757.14 1.322e-15
03758.84 1.198e-15
03760.53 1.387e-15
03762.23 1.674e-15
03763.93 1.580e-15
03765.62 1.333e-15
03767.32 1.050e-15
03769.02 7.496e-16
03770.71 5.597e-16
03772.41 6.125e-16
03774.11 6.204e-16
03775.80 6.968e-16
03777.50 1.005e-15
03779.20 1.111e-15
03780.89 8.849e-16
03782.59 8.514e-16
03784.29 1.091e-15
03785.98 1.013e-15
03787.68 8.918e-16
03789.38 9.682e-16
03791.07 1.472e-15
03792.77 1.116e-15
03794.47 1.276e-15
03796.16 1.323e-15
03797.86 1.369e-15
03799.56 1.433e-15
03801.25 1.382e-15
03802.95 1.508e-15
03804.65 1.554e-15
03806.34 1.600e-15
03808.04 1.433e-15
03809.74 1.693e-15
03811.43 1.739e-15
03813.13 1.785e-15
03814.83 1.586e-15
03816.52 1.484e-15
03818.22 1.554e-15
03819.92 1.816e-15
03821.61 1.945e-15
03823.31 2.062e-15
03825.01 2.054e-15
03826.70 1.907e-15
03828.40 1.691e-15
03830.10 1.663e-15
03831.79 1.658e-15
03833.49 1.737e-15
03835.19 1.785e-15
03836.88 1.904e-15
03838.58 2.038e-15
03840.28 2.182e-15
03841.97 2.098e-15
03843.67 2.094e-15
03845.37 2.050e-15
03847.06 1.774e-15
03848.76 1.487e-15
03850.46 1.605e-15
03852.15 1.823e-15
03853.85 1.827e-15
03855.55 2.131e-15
03857.24 2.412e-15
03858.94 2.367e-15
03860.64 2.335e-15
03862.33 2.461e-15
03864.03 2.472e-15
03865.73 2.403e-15
03867.42 2.566e-15
03869.12 2.606e-15
03870.82 2.504e-15
03872.51 2.467e-15
03874.21 2.732e-15
03875.91 2.719e-15
03877.60 2.516e-15
03879.30 2.566e-15
03881.00 2.610e-15
03882.69 2.619e-15
03884.39 2.726e-15
03886.09 2.944e-15
03887.78 3.086e-15
03889.48 3.167e-15
03891.18 2.856e-15
03892.87 2.590e-15
03894.57 2.595e-15
03896.27 2.483e-15
03897.96 2.251e-15
03899.66 2.460e-15
03901.36 2.718e-15
03903.05 2.767e-15
03904.75 2.935e-15
03906.45 3.228e-15
03908.14 3.424e-15
03909.84 3.557e-15
03911.54 3.387e-15
03913.23 3.319e-15
03914.93 3.164e-15
03916.63 2.962e-15
03918.32 3.006e-15
03920.02 3.256e-15
03921.72 3.213e-15
03923.41 3.221e-15
03925.11 3.378e-15
03926.81 3.242e-15
03928.50 3.126e-15
03930.20 3.428e-15
03931.90 3.581e-15
03933.59 3.459e-15
03935.29 3.458e-15
03936.99 3.472e-15
03938.68 3.156e-15
03940.38 2.980e-15
03942.08 3.099e-15
03943.77 3.238e-15
03945.47 3.318e-15
03947.17 3.446e-15
03948.86 3.616e-15
03950.56 3.523e-15
03952.26 3.396e-15
03953.95 3.440e-15
03955.65 3.468e-15
03957.34 3.445e-15
03959.04 3.585e-15
03960.74 3.540e-15
03962.43 3.543e-15
03964.13 3.614e-15
03965.83 3.664e-15
03967.52 3.446e-15
03969.22 3.274e-15
03970.92 3.200e-15
03972.61 3.068e-15
03974.31 2.928e-15
03976.01 3.002e-15
03977.70 3.133e-15
03979.40 3.079e-15
03981.10 3.083e-15
03982.79 3.088e-15
03984.49 3.046e-15
03986.19 3.132e-15
03987.88 3.332e-15
03989.58 3.492e-15
03991.28 3.684e-15
03992.97 3.974e-15
03994.67 4.208e-15
03996.37 4.125e-15
03998.06 3.981e-15
03999.76 3.913e-15
04001.46 3.854e-15
04003.15 3.844e-15
04004.85 3.930e-15
04006.55 3.901e-15
04008.24 3.782e-15
04009.94 3.619e-15
04011.64 3.677e-15
04013.33 3.905e-15
04015.03 4.073e-15
04016.73 4.141e-15
04018.42 4.039e-15
04020.12 3.833e-15
04021.82 3.504e-15
04023.51 3.384e-15
04025.21 3.521e-15
04026.91 3.792e-15
04028.60 3.787e-15
04030.30 3.849e-15
04032.00 3.837e-15
04033.69 3.544e-15
04035.39 3.245e-15
04037.09 3.160e-15
04038.78 2.997e-15
04040.48 3.069e-15
04042.18 3.273e-15
04043.87 3.328e-15
04045.57 3.080e-15
04047.27 3.150e-15
04048.96 3.156e-15
04050.66 3.079e-15
04052.36 3.216e-15
04054.05 3.617e-15
04055.75 3.622e-15
04057.45 3.428e-15
04059.14 3.415e-15
04060.84 3.280e-15
04062.54 3.114e-15
04064.23 3.203e-15
04065.93 3.449e-15
04067.63 3.528e-15
04069.32 3.574e-15
04071.02 3.318e-15
04072.72 3.056e-15
04074.41 2.839e-15
04076.11 2.760e-15
04077.81 2.742e-15
04079.50 2.924e-15
04081.20 3.032e-15
04082.90 3.043e-15
04084.59 2.912e-15
04086.29 2.748e-15
04087.99 2.628e-15
04089.68 2.413e-15
04091.38 2.370e-15
04093.08 2.615e-15
04094.77 2.908e-15
04096.47 3.165e-15
04098.17 3.435e-15
04099.86 3.485e-15
04101.56 3.287e-15
04103.26 3.072e-15
04104.95 2.883e-15
04106.65 2.844e-15
04108.35 2.798e-15
04110.04 2.784e-15
04111.74 2.992e-15
04113.44 3.201e-15
04115.13 3.235e-15
04116.83 3.295e-15
04118.53 3.213e-15
04120.22 2.837e-15
04121.92 2.598e-15
04123.62 2.582e-15
04125.31 2.618e-15
04127.01 2.716e-15
04128.71 2.848e-15
04130.40 2.851e-15
04132.10 2.911e-15
04133.80 2.952e-15
04135.49 2.948e-15
04137.19 3.004e-15
04138.89 3.112e-15
04140.58 3.046e-15
04142.28 2.904e-15
04143.98 2.814e-15
04145.67 2.814e-15
04147.37 2.864e-15
04149.07 2.868e-15
04150.76 2.775e-15
04152.46 2.657e-15
04154.16 2.509e-15
04155.85 2.374e-15
04157.55 2.338e-15
04159.25 2.394e-15
04160.94 2.498e-15
04162.64 2.498e-15
04164.34 2.409e-15
04166.03 2.272e-15
04167.73 2.267e-15
04169.43 2.420e-15
04171.12 2.608e-15
04172.82 2.856e-15
04174.52 2.937e-15
04176.21 2.942e-15
04177.91 2.941e-15
04179.61 2.841e-15
04181.30 2.743e-15
04183.00 2.775e-15
04184.70 2.858e-15
04186.39 2.880e-15
04188.09 2.995e-15
04189.79 2.881e-15
04191.48 2.779e-15
04193.18 2.831e-15
04194.88 2.689e-15
04196.57 2.469e-15
04198.27 2.526e-15
04199.97 2.587e-15
04201.66 2.475e-15
04203.36 2.527e-15
04205.06 2.631e-15
04206.75 2.741e-15
04208.45 2.907e-15
04210.15 2.922e-15
04211.84 2.843e-15
04213.54 2.996e-15
04215.24 3.002e-15
04216.93 2.873e-15
04218.63 2.803e-15
04220.33 2.732e-15
04222.02 2.716e-15
04223.72 2.841e-15
04225.42 2.812e-15
04227.11 2.789e-15
04228.81 2.887e-15
04230.50 2.832e-15
04232.20 2.716e-15
04233.90 2.654e-15
04235.59 2.592e-15
04237.29 2.583e-15
04238.99 2.613e-15
04240.68 2.602e-15
04242.38 2.799e-15
04244.08 2.939e-15
04245.77 2.842e-15
04247.47 2.692e-15
04249.17 2.711e-15
04250.86 2.745e-15
04252.56 2.832e-15
04254.26 3.044e-15
04255.95 3.238e-15
04257.65 3.116e-15
04259.35 2.878e-15
04261.04 2.762e-15
04262.74 2.797e-15
04264.44 2.821e-15
04266.13 2.906e-15
04267.83 2.898e-15
04269.53 2.889e-15
04271.22 2.883e-15
04272.92 2.771e-15
04274.62 2.659e-15
04276.31 2.694e-15
04278.01 2.597e-15
04279.71 2.346e-15
04281.40 2.278e-15
04283.10 2.391e-15
04284.80 2.570e-15
04286.49 2.773e-15
04288.19 2.952e-15
04289.89 3.074e-15
04291.58 2.976e-15
04293.28 2.815e-15
04294.98 2.663e-15
04296.67 2.587e-15
04298.37 2.526e-15
04300.07 2.632e-15
04301.76 2.721e-15
04303.46 2.773e-15
04305.16 2.738e-15
04306.85 2.592e-15
04308.55 2.413e-15
04310.25 2.184e-15
04311.94 2.061e-15
04313.64 2.112e-15
04315.34 2.185e-15
04317.03 2.163e-15
04318.73 2.231e-15
04320.43 2.387e-15
04322.12 2.394e-15
04323.82 2.510e-15
04325.52 2.486e-15
04327.21 2.431e-15
04328.91 2.199e-15
04330.61 2.059e-15
04332.30 2.048e-15
04334.00 2.171e-15
04335.70 2.309e-15
04337.39 2.518e-15
04339.09 2.605e-15
04340.79 2.626e-15
04342.48 2.568e-15
04344.18 2.511e-15
04345.88 2.519e-15
04347.57 2.492e-15
04349.27 2.401e-15
04350.97 2.500e-15
04352.66 2.444e-15
04354.36 2.329e-15
04356.06 2.318e-15
04357.75 2.327e-15
04359.45 2.202e-15
04361.15 2.184e-15
04362.84 2.261e-15
04364.54 2.382e-15
04366.24 2.341e-15
04367.93 2.261e-15
04369.63 2.231e-15
04371.33 2.274e-15
04373.02 2.227e-15
04374.72 2.250e-15
04376.42 2.460e-15
04378.11 2.656e-15
04379.81 2.660e-15
04381.51 2.629e-15
04383.20 2.460e-15
04384.90 2.320e-15
04386.60 2.270e-15
04388.29 2.125e-15
04389.99 2.103e-15
04391.69 2.200e-15
04393.38 2.172e-15
04395.08 1.999e-15
04396.78 2.035e-15
04398.47 2.104e-15
04400.17 2.261e-15
04401.87 2.367e-15
04403.56 2.473e-15
04405.26 2.397e-15
04406.96 2.235e-15
04408.65 2.101e-15
04410.35 1.969e-15
04412.05 1.825e-15
04413.74 1.900e-15
04415.44 2.080e-15
04417.14 2.114e-15
04418.83 2.312e-15
04420.53 2.448e-15
04422.23 2.289e-15
04423.92 2.082e-15
04425.62 2.116e-15
04427.32 1.998e-15
04429.01 1.651e-15
04430.71 1.565e-15
04432.41 1.686e-15
04434.10 1.629e-15
04435.80 1.609e-15
04437.50 2.031e-15
04439.19 2.370e-15
04440.89 2.515e-15
04442.59 2.583e-15
04444.28 2.729e-15
04445.98 2.834e-15
04447.68 2.880e-15
04449.37 2.746e-15
04451.07 2.544e-15
04452.77 2.632e-15
04454.46 2.590e-15
04456.16 2.332e-15
04457.86 2.332e-15
04459.55 2.553e-15
04461.25 2.550e-15
04462.95 2.620e-15
04464.64 2.735e-15
04466.34 2.736e-15
04468.04 2.686e-15
04469.73 2.556e-15
04471.43 2.335e-15
04473.13 2.346e-15
04474.82 2.398e-15
04476.52 2.520e-15
04478.22 2.715e-15
04479.91 2.890e-15
04481.61 2.899e-15
04483.31 2.804e-15
04485.00 2.680e-15
04486.70 2.574e-15
04488.40 2.577e-15
04490.09 2.620e-15
04491.79 2.714e-15
04493.49 2.869e-15
04495.18 2.966e-15
04496.88 2.999e-15
04498.58 3.200e-15
04500.27 3.296e-15
04501.97 3.158e-15
04503.66 3.125e-15
04505.36 3.234e-15
04507.06 3.127e-15
04508.75 3.108e-15
04510.45 3.186e-15
04512.15 3.178e-15
04513.84 3.096e-15
04515.54 3.188e-15
04517.24 3.354e-15
04518.93 3.428e-15
04520.63 3.514e-15
04522.33 3.582e-15
04524.02 3.479e-15
04525.72 3.338e-15
04527.42 3.354e-15
04529.11 3.251e-15
04530.81 3.155e-15
04532.51 3.191e-15
04534.20 3.207e-15
04535.90 3.150e-15
04537.60 3.237e-15
04539.29 3.294e-15
04540.99 3.305e-15
04542.69 3.406e-15
04544.38 3.561e-15
04546.08 3.552e-15
04547.78 3.542e-15
04549.47 3.579e-15
04551.17 3.518e-15
04552.87 3.439e-15
04554.56 3.366e-15
04556.26 3.295e-15
04557.96 3.336e-15
04559.65 3.335e-15
04561.35 3.264e-15
04563.05 3.392e-15
04564.74 3.554e-15
04566.44 3.509e-15
04568.14 3.609e-15
04569.83 3.810e-15
04571.53 3.863e-15
04573.23 3.984e-15
04574.92 4.118e-15
04576.62 4.040e-15
04578.32 3.865e-15
04580.01 3.746e-15
04581.71 3.631e-15
04583.41 3.628e-15
04585.10 3.672e-15
04586.80 3.716e-15
04588.50 3.796e-15
04590.19 3.810e-15
04591.89 3.731e-15
04593.59 3.773e-15
04595.28 3.882e-15
04596.98 3.860e-15
04598.68 3.864e-15
04600.37 3.907e-15
04602.07 3.773e-15
04603.77 3.501e-15
04605.46 3.335e-15
04607.16 3.311e-15
04608.86 3.353e-15
04610.55 3.530e-15
04612.25 3.924e-15
04613.95 4.195e-15
04615.64 4.106e-15
04617.34 4.037e-15
04619.04 4.125e-15
04620.73 4.057e-15
04622.43 4.069e-15
04624.13 4.290e-15
04625.82 4.380e-15
04627.52 4.252e-15
04629.22 4.162e-15
04630.91 4.130e-15
04632.61 3.960e-15
04634.31 3.752e-15
04636.00 3.733e-15
04637.70 3.726e-15
04639.40 3.519e-15
04641.09 3.408e-15
04642.79 3.416e-15
04644.49 3.321e-15
04646.18 3.221e-15
04647.88 3.244e-15
04649.58 3.389e-15
04651.27 3.511e-15
04652.97 3.576e-15
04654.67 3.744e-15
04656.36 3.927e-15
04658.06 3.965e-15
04659.76 4.022e-15
04661.45 4.138e-15
04663.15 4.119e-15
04664.85 4.017e-15
04666.54 3.849e-15
04668.24 3.729e-15
04669.94 3.607e-15
04671.63 3.518e-15
04673.33 3.566e-15
04675.03 3.669e-15
04676.72 3.635e-15
04678.42 3.652e-15
04680.12 3.655e-15
04681.81 3.543e-15
04683.51 3.463e-15
04685.21 3.398e-15
04686.90 3.209e-15
04688.60 3.012e-15
04690.30 2.908e-15
04691.99 2.752e-15
04693.69 2.647e-15
04695.39 2.711e-15
04697.08 2.837e-15
04698.78 2.881e-15
04700.48 2.911e-15
04702.17 2.981e-15
04703.87 3.038e-15
04705.57 2.585e-15
04707.26 1.934e-15
04708.96 1.860e-15
04710.66 1.916e-15
04712.35 1.829e-15
04714.05 2.221e-15
04715.75 2.831e-15
04717.44 3.004e-15
04719.14 2.999e-15
04720.84 2.970e-15
04722.53 2.868e-15
04724.23 2.830e-15
04725.93 2.735e-15
04727.62 2.639e-15
04729.32 2.662e-15
04731.02 2.717e-15
04732.71 2.729e-15
04734.41 2.688e-15
04736.11 2.514e-15
04737.80 2.334e-15
04739.50 2.362e-15
04741.20 2.336e-15
04742.89 2.253e-15
04744.59 2.383e-15
04746.29 2.436e-15
04747.98 2.422e-15
04749.68 2.429e-15
04751.38 2.456e-15
04753.07 2.468e-15
04754.77 2.580e-15
04756.47 2.662e-15
04758.16 2.634e-15
04759.86 2.634e-15
04761.56 2.623e-15
04763.25 2.473e-15
04764.95 2.370e-15
04766.65 2.390e-15
04768.34 2.372e-15
04770.04 2.343e-15
04771.74 2.293e-15
04773.43 2.236e-15
04775.13 2.238e-15
04776.82 2.297e-15
04778.52 2.355e-15
04780.22 2.342e-15
04781.91 2.253e-15
04783.61 2.151e-15
04785.31 2.081e-15
04787.00 2.105e-15
04788.70 2.220e-15
04790.40 2.330e-15
04792.09 2.382e-15
04793.79 2.385e-15
04795.49 2.260e-15
04797.18 2.055e-15
04798.88 2.021e-15
04800.58 2.210e-15
04802.27 2.309e-15
04803.97 2.216e-15
04805.67 2.122e-15
04807.36 2.032e-15
04809.06 1.965e-15
04810.76 2.005e-15
04812.45 2.076e-15
04814.15 2.075e-15
04815.85 1.994e-15
04817.54 1.865e-15
04819.24 1.816e-15
04820.94 1.878e-15
04822.63 1.913e-15
04824.33 1.921e-15
04826.03 1.971e-15
04827.72 2.002e-15
04829.42 1.983e-15
04831.12 2.016e-15
04832.81 2.091e-15
04834.51 2.100e-15
04836.21 2.072e-15
04837.90 2.025e-15
04839.60 1.962e-15
04841.30 1.898e-15
04842.99 1.779e-15
04844.69 1.651e-15
04846.39 1.642e-15
04848.08 1.729e-15
04849.78 1.820e-15
04851.48 1.849e-15
04853.17 1.857e-15
04854.87 1.879e-15
04856.57 1.859e-15
04858.26 1.827e-15
04859.96 1.856e-15
04861.66 1.806e-15
04863.35 1.656e-15
04865.05 1.579e-15
04866.75 1.609e-15
04868.44 1.624e-15
04870.14 1.661e-15
04871.84 1.806e-15
04873.53 1.986e-15
04875.23 2.126e-15
04876.93 2.203e-15
04878.62 2.229e-15
04880.32 2.129e-15
04882.02 2.016e-15
04883.71 1.956e-15
04885.41 1.959e-15
04887.11 1.938e-15
04888.80 1.969e-15
04890.50 2.120e-15
04892.20 2.246e-15
04893.89 2.309e-15
04895.59 2.314e-15
04897.29 2.280e-15
04898.98 2.159e-15
04900.68 2.056e-15
04902.38 2.017e-15
04904.07 1.941e-15
04905.77 1.841e-15
04907.47 1.880e-15
04909.16 1.983e-15
04910.86 2.000e-15
04912.56 1.997e-15
04914.25 1.962e-15
04915.95 1.891e-15
04917.65 1.912e-15
04919.34 1.974e-15
04921.04 2.027e-15
04922.74 2.102e-15
04924.43 2.151e-15
04926.13 2.160e-15
04927.83 2.191e-15
04929.52 2.179e-15
04931.22 2.089e-15
04932.92 2.037e-15
04934.61 2.019e-15
04936.31 2.034e-15
04938.01 2.149e-15
04939.70 2.258e-15
04941.40 2.206e-15
04943.10 2.048e-15
04944.79 1.832e-15
04946.49 1.421e-15
04948.19 1.138e-15
04949.88 1.437e-15
04951.58 2.101e-15
04953.28 2.513e-15
04954.97 2.566e-15
04956.67 2.443e-15
04958.37 2.284e-15
04960.06 2.195e-15
04961.76 2.175e-15
04963.46 2.237e-15
04965.15 2.402e-15
04966.85 2.498e-15
04968.55 2.459e-15
04970.24 2.476e-15
04971.94 2.524e-15
04973.64 2.481e-15
04975.33 2.379e-15
04977.03 2.240e-15
04978.73 2.113e-15
04980.42 2.096e-15
04982.12 2.074e-15
04983.82 2.012e-15
04985.51 2.048e-15
04987.21 2.185e-15
04988.91 2.321e-15
04990.60 2.429e-15
04992.30 2.459e-15
04994.00 2.395e-15
04995.69 2.290e-15
04997.39 2.144e-15
04999.09 2.092e-15
05000.78 2.210e-15
05002.48 2.245e-15
05004.18 2.236e-15
05005.87 2.216e-15
05007.57 2.145e-15
05009.27 2.092e-15
05010.96 2.174e-15
05012.66 2.250e-15
05014.36 2.408e-15
05016.05 2.558e-15
05017.75 2.515e-15
05019.45 2.368e-15
05021.14 2.274e-15
05022.84 2.233e-15
05024.54 2.207e-15
05026.23 2.172e-15
05027.93 2.116e-15
05029.63 2.136e-15
05031.32 2.238e-15
05033.02 2.325e-15
05034.72 2.364e-15
05036.41 2.391e-15
05038.11 2.357e-15
05039.81 2.323e-15
05041.50 2.323e-15
05043.20 2.356e-15
05044.90 2.440e-15
05046.59 2.477e-15
05048.29 2.279e-15
05049.98 2.087e-15
05051.68 2.080e-15
05053.38 2.192e-15
05055.07 2.318e-15
05056.77 2.440e-15
05058.47 2.408e-15
05060.16 2.249e-15
05061.86 2.144e-15
05063.56 2.128e-15
05065.25 2.092e-15
05066.95 2.094e-15
05068.65 2.175e-15
05070.34 2.241e-15
05072.04 2.251e-15
05073.74 2.309e-15
05075.43 2.349e-15
05077.13 2.332e-15
05078.83 2.380e-15
05080.52 2.484e-15
05082.22 2.474e-15
05083.92 2.419e-15
05085.61 2.412e-15
05087.31 2.439e-15
05089.01 2.447e-15
05090.70 2.456e-15
05092.40 2.479e-15
05094.10 2.481e-15
05095.79 2.369e-15
05097.49 2.231e-15
05099.19 2.189e-15
05100.88 2.131e-15
05102.58 2.156e-15
05104.28 2.395e-15
05105.97 2.655e-15
05107.67 2.697e-15
05109.37 2.692e-15
05111.06 2.590e-15
05112.76 2.348e-15
05114.46 2.220e-15
05116.15 2.281e-15
05117.85 2.358e-15
05119.55 2.427e-15
05121.24 2.520e-15
05122.94 2.555e-15
05124.64 2.560e-15
05126.33 2.522e-15
05128.03 2.499e-15
05129.73 2.504e-15
05131.42 2.503e-15
05133.12 2.538e-15
05134.82 2.676e-15
05136.51 2.714e-15
05138.21 2.615e-15
05139.91 2.567e-15
05141.60 2.555e-15
05143.30 2.464e-15
05145.00 2.427e-15
05146.69 2.480e-15
05148.39 2.559e-15
05150.09 2.631e-15
05151.78 2.649e-15
05153.48 2.645e-15
05155.18 2.672e-15
05156.87 2.691e-15
05158.57 2.629e-15
05160.27 2.599e-15
05161.96 2.595e-15
05163.66 2.555e-15
05165.36 2.470e-15
05167.05 2.451e-15
05168.75 2.510e-15
05170.45 2.530e-15
05172.14 2.522e-15
05173.84 2.562e-15
05175.54 2.580e-15
05177.23 2.544e-15
05178.93 2.492e-15
05180.63 2.551e-15
05182.32 2.631e-15
05184.02 2.608e-15
05185.72 2.524e-15
05187.41 2.511e-15
05189.11 2.539e-15
05190.81 2.630e-15
05192.50 2.805e-15
05194.20 2.877e-15
05195.90 2.835e-15
05197.59 2.754e-15
05199.29 2.673e-15
05200.99 2.644e-15
05202.68 2.645e-15
05204.38 2.610e-15
05206.08 2.620e-15
05207.77 2.710e-15
05209.47 2.816e-15
05211.17 2.874e-15
05212.86 2.921e-15
05214.56 2.938e-15
05216.26 2.908e-15
05217.95 2.866e-15
05219.65 2.785e-15
05221.35 2.776e-15
05223.04 2.881e-15
05224.74 2.987e-15
05226.44 2.983e-15
05228.13 2.984e-15
05229.83 3.004e-15
05231.53 2.954e-15
05233.22 2.943e-15
05234.92 2.973e-15
05236.62 3.024e-15
05238.31 3.014e-15
05240.01 3.025e-15
05241.71 3.080e-15
05243.40 3.108e-15
05245.10 3.062e-15
05246.80 3.002e-15
05248.49 3.003e-15
05250.19 2.925e-15
05251.89 2.796e-15
05253.58 2.750e-15
05255.28 2.804e-15
05256.98 2.921e-15
05258.67 3.082e-15
05260.37 3.208e-15
05262.07 3.198e-15
05263.76 3.162e-15
05265.46 3.161e-15
05267.16 3.150e-15
05268.85 3.199e-15
05270.55 3.266e-15
05272.25 3.279e-15
05273.94 3.271e-15
05275.64 3.341e-15
05277.34 3.368e-15
05279.03 3.293e-15
05280.73 3.220e-15
05282.43 3.176e-15
05284.12 3.181e-15
05285.82 3.158e-15
05287.52 3.156e-15
05289.21 3.167e-15
05290.91 3.188e-15
05292.61 3.186e-15
05294.30 3.235e-15
05296.00 3.270e-15
05297.70 3.182e-15
05299.39 3.036e-15
05301.09 2.939e-15
05302.79 2.962e-15
05304.48 3.060e-15
05306.18 3.138e-15
05307.88 3.127e-15
05309.57 3.061e-15
05311.27 2.994e-15
05312.97 2.899e-15
05314.66 2.864e-15
05316.36 2.956e-15
05318.06 3.014e-15
05319.75 3.028e-15
05321.45 3.187e-15
05323.14 3.307e-15
05324.84 3.232e-15
05326.54 3.140e-15
05328.23 3.028e-15
05329.93 2.905e-15
05331.63 2.875e-15
05333.32 2.908e-15
05335.02 2.946e-15
05336.72 2.990e-15
05338.41 2.987e-15
05340.11 3.075e-15
05341.81 3.204e-15
05343.50 3.267e-15
05345.20 3.237e-15
05346.90 3.217e-15
05348.59 3.173e-15
05350.29 3.162e-15
05351.99 3.199e-15
05353.68 3.210e-15
05355.38 3.156e-15
05357.08 3.111e-15
05358.77 3.118e-15
05360.47 3.038e-15
05362.17 3.000e-15
05363.86 3.145e-15
05365.56 3.290e-15
05367.26 3.307e-15
05368.95 3.306e-15
05370.65 3.284e-15
05372.35 3.185e-15
05374.04 3.165e-15
05375.74 3.156e-15
05377.44 3.155e-15
05379.13 3.195e-15
05380.83 3.194e-15
05382.53 3.113e-15
05384.22 3.057e-15
05385.92 3.001e-15
05387.62 2.935e-15
05389.31 2.887e-15
05391.01 2.856e-15
05392.71 2.935e-15
05394.40 3.078e-15
05396.10 3.153e-15
05397.80 3.234e-15
05399.49 3.274e-15
05401.19 3.214e-15
05402.89 3.049e-15
05404.58 2.924e-15
05406.28 2.848e-15
05407.98 2.852e-15
05409.67 2.871e-15
05411.37 2.876e-15
05413.07 2.871e-15
05414.76 2.893e-15
05416.46 2.901e-15
05418.16 2.833e-15
05419.85 2.834e-15
05421.55 2.855e-15
05423.25 2.812e-15
05424.94 2.780e-15
05426.64 2.796e-15
05428.34 2.727e-15
05430.03 2.673e-15
05431.73 2.690e-15
05433.43 2.693e-15
05435.12 2.713e-15
05436.82 2.752e-15
05438.52 2.746e-15
05440.21 2.771e-15
05441.91 2.889e-15
05443.61 2.928e-15
05445.30 2.837e-15
05447.00 2.750e-15
05448.70 2.726e-15
05450.39 2.630e-15
05452.09 2.553e-15
05453.79 2.654e-15
05455.48 2.770e-15
05457.18 2.737e-15
05458.88 2.734e-15
05460.57 2.783e-15
05462.27 2.833e-15
05463.97 2.932e-15
05465.66 3.123e-15
05467.36 3.195e-15
05469.06 3.180e-15
05470.75 3.090e-15
05472.45 3.048e-15
05474.15 2.989e-15
05475.84 2.945e-15
05477.54 2.938e-15
05479.24 2.877e-15
05480.93 2.760e-15
05482.63 2.753e-15
05484.33 2.789e-15
05486.02 2.742e-15
05487.72 2.773e-15
05489.42 2.832e-15
05491.11 2.794e-15
05492.81 2.761e-15
05494.51 2.751e-15
05496.20 2.793e-15
05497.90 2.794e-15
05499.60 2.723e-15
05501.29 2.709e-15
05502.99 2.825e-15
05504.69 2.882e-15
05506.38 2.902e-15
05508.08 2.970e-15
05509.78 2.965e-15
05511.47 2.859e-15
05513.17 2.901e-15
05514.87 2.966e-15
05516.56 2.910e-15
05518.26 2.777e-15
05519.96 2.765e-15
05521.65 2.780e-15
05523.35 2.741e-15
05525.05 2.699e-15
05526.74 2.829e-15
05528.44 2.967e-15
05530.14 2.965e-15
05531.83 3.006e-15
05533.53 3.071e-15
05535.23 3.041e-15
05536.92 2.907e-15
05538.62 2.869e-15
05540.32 2.816e-15
05542.01 2.660e-15
05543.71 2.501e-15
05545.41 2.527e-15
05547.10 2.609e-15
05548.80 2.697e-15
05550.50 2.780e-15
05552.19 2.757e-15
05553.89 2.768e-15
05555.59 2.685e-15
05557.28 2.619e-15
05558.98 2.649e-15
05560.68 2.670e-15
05562.37 2.625e-15
05564.07 2.695e-15
05565.77 2.801e-15
05567.46 2.731e-15
05569.16 2.626e-15
05570.86 2.581e-15
05572.55 2.528e-15
05574.25 2.449e-15
05575.95 2.434e-15
05577.64 2.542e-15
05579.34 2.729e-15
05581.04 2.939e-15
05582.73 2.969e-15
05584.43 2.915e-15
05586.13 2.836e-15
05587.82 2.746e-15
05589.52 2.628e-15
05591.22 2.556e-15
05592.91 2.456e-15
05594.61 2.471e-15
05596.30 2.454e-15
05598.00 2.499e-15
05599.70 2.634e-15
05601.39 2.698e-15
05603.09 2.635e-15
05604.79 2.639e-15
05606.48 2.637e-15
05608.18 2.569e-15
05609.88 2.515e-15
05611.57 2.467e-15
05613.27 2.414e-15
05614.97 2.397e-15
05616.66 2.320e-15
05618.36 2.321e-15
05620.06 2.322e-15
05621.75 2.296e-15
05623.45 2.273e-15
05625.15 2.283e-15
05626.84 2.286e-15
05628.54 2.315e-15
05630.24 2.306e-15
05631.93 2.242e-15
05633.63 2.251e-15
05635.33 2.226e-15
05637.02 2.148e-15
05638.72 2.194e-15
05640.42 2.283e-15
05642.11 2.292e-15
05643.81 2.313e-15
05645.51 2.329e-15
05647.20 2.255e-15
05648.90 2.241e-15
05650.60 2.159e-15
05652.29 2.004e-15
05653.99 1.907e-15
05655.69 1.929e-15
05657.38 2.006e-15
05659.08 2.210e-15
05660.78 2.368e-15
05662.47 2.430e-15
05664.17 2.425e-15
05665.87 2.394e-15
05667.56 2.273e-15
05669.26 2.133e-15
05670.96 2.007e-15
05672.65 1.956e-15
05674.35 1.952e-15
05676.05 2.041e-15
05677.74 2.139e-15
05679.44 2.125e-15
05681.14 2.071e-15
05682.83 2.000e-15
05684.53 1.966e-15
05686.23 2.031e-15
05687.92 2.186e-15
05689.62 2.233e-15
05691.32 2.262e-15
05693.01 2.309e-15
05694.71 2.309e-15
05696.41 2.220e-15
05698.10 2.143e-15
05699.80 2.036e-15
05701.50 1.971e-15
05703.19 1.958e-15
05704.89 1.874e-15
05706.59 1.845e-15
05708.28 1.934e-15
05709.98 1.984e-15
05711.68 1.992e-15
05713.37 2.110e-15
05715.07 2.160e-15
05716.77 2.074e-15
05718.46 2.016e-15
05720.16 2.101e-15
05721.86 2.168e-15
05723.55 2.199e-15
05725.25 2.317e-15
05726.95 2.379e-15
05728.64 2.342e-15
05730.34 2.303e-15
05732.04 2.286e-15
05733.73 2.296e-15
05735.43 2.358e-15
05737.13 2.357e-15
05738.82 2.427e-15
05740.52 2.457e-15
05742.22 2.332e-15
05743.91 2.325e-15
05745.61 2.463e-15
05747.31 2.497e-15
05749.00 2.477e-15
05750.70 2.456e-15
05752.40 2.399e-15
05754.09 2.332e-15
05755.79 2.288e-15
05757.49 2.325e-15
05759.18 2.435e-15
05760.88 2.469e-15
05762.58 2.415e-15
05764.27 2.456e-15
05765.97 2.408e-15
05767.67 2.357e-15
05769.36 2.358e-15
05771.06 2.361e-15
05772.76 2.280e-15
05774.45 2.333e-15
05776.15 2.369e-15
05777.85 2.333e-15
05779.54 2.318e-15
05781.24 2.322e-15
05782.94 2.381e-15
05784.63 2.521e-15
05786.33 2.535e-15
05788.03 2.544e-15
05789.72 2.666e-15
05791.42 2.674e-15
05793.12 2.438e-15
05794.81 2.338e-15
05796.51 2.415e-15
05798.21 2.471e-15
05799.90 2.680e-15
05801.60 2.874e-15
05803.30 2.853e-15
05804.99 2.702e-15
05806.69 2.673e-15
05808.39 2.444e-15
05810.08 2.312e-15
05811.78 2.367e-15
05813.48 2.444e-15
05815.17 2.414e-15
05816.87 2.534e-15
05818.57 2.731e-15
05820.26 2.774e-15
05821.96 2.883e-15
05823.66 3.009e-15
05825.35 2.989e-15
05827.05 2.874e-15
05828.75 2.820e-15
05830.44 2.694e-15
05832.14 2.565e-15
05833.84 2.583e-15
05835.53 2.680e-15
05837.23 2.820e-15
05838.93 2.957e-15
05840.62 3.053e-15
05842.32 3.080e-15
05844.02 3.020e-15
05845.71 2.866e-15
05847.41 2.701e-15
05849.11 2.646e-15
05850.80 2.677e-15
05852.50 2.697e-15
05854.20 2.710e-15
05855.89 2.777e-15
05857.59 2.877e-15
05859.29 2.940e-15
05860.98 2.933e-15
05862.68 2.847e-15
05864.38 2.723e-15
05866.07 2.664e-15
05867.77 2.707e-15
05869.46 2.785e-15
05871.16 2.856e-15
05872.86 2.925e-15
05874.55 2.981e-15
05876.25 2.990e-15
05877.95 2.939e-15
05879.64 2.883e-15
05881.34 2.859e-15
05883.04 2.830e-15
05884.73 2.773e-15
05886.43 2.733e-15
05888.13 2.749e-15
05889.82 2.809e-15
05891.52 2.892e-15
05893.22 2.966e-15
05894.91 3.004e-15
05896.61 3.011e-15
05898.31 3.001e-15
05900.00 2.963e-15
05901.70 2.881e-15
05903.40 2.802e-15
05905.09 2.797e-15
05906.79 2.851e-15
05908.49 2.910e-15
05910.18 2.934e-15
05911.88 2.883e-15
05913.58 2.800e-15
05915.27 2.789e-15
05916.97 2.844e-15
05918.67 2.857e-15
05920.36 2.809e-15
05922.06 2.768e-15
05923.76 2.764e-15
05925.45 2.766e-15
05927.15 2.776e-15
05928.85 2.853e-15
05930.54 2.990e-15
05932.24 3.041e-15
05933.94 2.936e-15
05935.63 2.810e-15
05937.33 2.761e-15
05939.03 2.756e-15
05940.72 2.760e-15
05942.42 2.771e-15
05944.12 2.785e-15
05945.81 2.788e-15
05947.51 2.773e-15
05949.21 2.797e-15
05950.90 2.917e-15
05952.60 3.028e-15
05954.30 3.002e-15
05955.99 2.904e-15
05957.69 2.848e-15
05959.39 2.825e-15
05961.08 2.785e-15
05962.78 2.749e-15
05964.48 2.762e-15
05966.17 2.811e-15
05967.87 2.851e-15
05969.57 2.868e-15
05971.26 2.863e-15
05972.96 2.844e-15
05974.66 2.823e-15
05976.35 2.808e-15
05978.05 2.804e-15
05979.75 2.799e-15
05981.44 2.764e-15
05983.14 2.699e-15
05984.84 2.654e-15
05986.53 2.653e-15
05988.23 2.657e-15
05989.93 2.646e-15
05991.62 2.651e-15
05993.32 2.690e-15
05995.02 2.758e-15
05996.71 2.837e-15
05998.41 2.866e-15
06000.11 2.802e-15
06001.80 2.697e-15
06003.50 2.613e-15
06005.20 2.564e-15
06006.89 2.556e-15
06008.59 2.555e-15
06010.29 2.520e-15
06011.98 2.482e-15
06013.68 2.489e-15
06015.38 2.528e-15
06017.07 2.567e-15
06018.77 2.591e-15
06020.47 2.597e-15
06022.16 2.581e-15
06023.86 2.539e-15
06025.56 2.487e-15
06027.25 2.451e-15
06028.95 2.436e-15
06030.65 2.431e-15
06032.34 2.428e-15
06034.04 2.417e-15
06035.74 2.411e-15
06037.43 2.457e-15
06039.13 2.520e-15
06040.83 2.409e-15
06042.52 2.100e-15
06044.22 1.890e-15
06045.92 1.949e-15
06047.61 2.134e-15
06049.31 2.318e-15
06051.01 2.455e-15
06052.70 2.506e-15
06054.40 2.492e-15
06056.10 2.441e-15
06057.79 2.347e-15
06059.49 2.215e-15
06061.19 2.112e-15
06062.88 2.103e-15
06064.58 2.141e-15
06066.28 2.163e-15
06067.97 2.172e-15
06069.67 2.183e-15
06071.37 2.228e-15
06073.06 2.345e-15
06074.76 2.457e-15
06076.46 2.445e-15
06078.15 2.336e-15
06079.85 2.229e-15
06081.55 2.178e-15
06083.24 2.209e-15
06084.94 2.295e-15
06086.64 2.373e-15
06088.33 2.399e-15
06090.03 2.346e-15
06091.73 2.247e-15
06093.42 2.209e-15
06095.12 2.267e-15
06096.82 2.349e-15
06098.51 2.401e-15
06100.21 2.411e-15
06101.91 2.365e-15
06103.60 2.238e-15
06105.30 2.045e-15
06107.00 1.900e-15
06108.69 1.885e-15
06110.39 1.935e-15
06112.09 1.987e-15
06113.78 2.035e-15
06115.48 2.075e-15
06117.18 2.115e-15
06118.87 2.165e-15
06120.57 2.195e-15
06122.27 2.172e-15
06123.96 2.130e-15
06125.66 2.119e-15
06127.36 2.099e-15
06129.05 2.005e-15
06130.75 1.900e-15
06132.45 1.893e-15
06134.14 1.981e-15
06135.84 2.109e-15
06137.54 2.200e-15
06139.23 2.158e-15
06140.93 2.021e-15
06142.62 1.940e-15
06144.32 1.940e-15
06146.02 1.924e-15
06147.71 1.877e-15
06149.41 1.871e-15
06151.11 1.931e-15
06152.80 2.018e-15
06154.50 2.093e-15
06156.20 2.104e-15
06157.89 2.027e-15
06159.59 1.896e-15
06161.29 1.761e-15
06162.98 1.716e-15
06164.68 1.810e-15
06166.38 1.930e-15
06168.07 1.975e-15
06169.77 1.972e-15
06171.47 1.953e-15
06173.16 1.906e-15
06174.86 1.824e-15
06176.56 1.748e-15
06178.25 1.721e-15
06179.95 1.725e-15
06181.65 1.727e-15
06183.34 1.721e-15
06185.04 1.708e-15
06186.74 1.706e-15
06188.43 1.743e-15
06190.13 1.804e-15
06191.83 1.851e-15
06193.52 1.868e-15
06195.22 1.849e-15
06196.92 1.804e-15
06198.61 1.752e-15
06200.31 1.725e-15
06202.01 1.769e-15
06203.70 1.863e-15
06205.40 1.902e-15
06207.10 1.859e-15
06208.79 1.808e-15
06210.49 1.793e-15
06212.19 1.819e-15
06213.88 1.867e-15
06215.58 1.848e-15
06217.28 1.731e-15
06218.97 1.644e-15
06220.67 1.676e-15
06222.37 1.748e-15
06224.06 1.787e-15
06225.76 1.772e-15
06227.46 1.700e-15
06229.15 1.637e-15
06230.85 1.649e-15
06232.55 1.721e-15
06234.24 1.820e-15
06235.94 1.870e-15
06237.64 1.789e-15
06239.33 1.654e-15
06241.03 1.583e-15
06242.73 1.571e-15
06244.42 1.574e-15
06246.12 1.563e-15
06247.82 1.515e-15
06249.51 1.456e-15
06251.21 1.439e-15
06252.91 1.477e-15
06254.60 1.549e-15
06256.30 1.645e-15
06258.00 1.766e-15
06259.69 1.865e-15
06261.39 1.842e-15
06263.09 1.698e-15
06264.78 1.575e-15
06266.48 1.547e-15
06268.18 1.578e-15
06269.87 1.641e-15
06271.57 1.719e-15
06273.27 1.794e-15
06274.96 1.839e-15
06276.66 1.842e-15
06278.36 1.806e-15
06280.05 1.746e-15
06281.75 1.712e-15
06283.45 1.741e-15
06285.14 1.785e-15
06286.84 1.797e-15
06288.54 1.810e-15
06290.23 1.863e-15
06291.93 1.932e-15
06293.63 1.980e-15
06295.32 2.005e-15
06297.02 2.012e-15
06298.72 2.016e-15
06300.41 2.039e-15
06302.11 2.058e-15
06303.81 2.026e-15
06305.50 1.982e-15
06307.20 2.014e-15
06308.90 2.089e-15
06310.59 2.089e-15
06312.29 2.007e-15
06313.99 1.931e-15
06315.68 1.899e-15
06317.38 1.903e-15
06319.08 1.928e-15
06320.77 1.956e-15
06322.47 1.965e-15
06324.17 1.939e-15
06325.86 1.887e-15
06327.56 1.877e-15
06329.26 1.939e-15
06330.95 2.020e-15
06332.65 2.073e-15
06334.35 2.078e-15
06336.04 2.034e-15
06337.74 2.008e-15
06339.44 2.056e-15
06341.13 2.156e-15
06342.83 2.269e-15
06344.53 2.302e-15
06346.22 2.173e-15
06347.92 1.989e-15
06349.62 1.889e-15
06351.31 1.895e-15
06353.01 1.996e-15
06354.71 2.117e-15
06356.40 2.159e-15
06358.10 2.136e-15
06359.80 2.113e-15
06361.49 2.108e-15
06363.19 2.120e-15
06364.89 2.125e-15
06366.58 2.076e-15
06368.28 2.000e-15
06369.98 1.982e-15
06371.67 2.029e-15
06373.37 2.061e-15
06375.07 2.060e-15
06376.76 2.085e-15
06378.46 2.150e-15
06380.16 2.211e-15
06381.85 2.236e-15
06383.55 2.212e-15
06385.25 2.145e-15
06386.94 2.092e-15
06388.64 2.093e-15
06390.34 2.152e-15
06392.03 2.249e-15
06393.73 2.277e-15
06395.43 2.159e-15
06397.12 2.003e-15
06398.82 1.922e-15
06400.52 1.957e-15
06402.21 2.122e-15
06403.91 2.267e-15
06405.61 2.223e-15
06407.30 2.068e-15
06409.00 1.937e-15
06410.70 1.881e-15
06412.39 1.926e-15
06414.09 2.024e-15
06415.78 2.087e-15
06417.48 2.103e-15
06419.18 2.094e-15
06420.87 2.083e-15
06422.57 2.095e-15
06424.27 2.129e-15
06425.96 2.161e-15
06427.66 2.184e-15
06429.36 2.212e-15
06431.05 2.224e-15
06432.75 2.156e-15
06434.45 2.025e-15
06436.14 1.972e-15
06437.84 2.047e-15
06439.54 2.132e-15
06441.23 2.150e-15
06442.93 2.118e-15
06444.63 2.054e-15
06446.32 1.976e-15
06448.02 1.908e-15
06449.72 1.880e-15
06451.41 1.909e-15
06453.11 1.962e-15
06454.81 2.006e-15
06456.50 2.075e-15
06458.20 2.197e-15
06459.90 2.287e-15
06461.59 2.250e-15
06463.29 2.145e-15
06464.99 2.062e-15
06466.68 2.028e-15
06468.38 2.053e-15
06470.08 2.087e-15
06471.77 2.053e-15
06473.47 1.971e-15
06475.17 1.903e-15
06476.86 1.888e-15
06478.56 1.964e-15
06480.26 2.071e-15
06481.95 2.070e-15
06483.65 1.973e-15
06485.35 1.935e-15
06487.04 1.998e-15
06488.74 2.071e-15
06490.44 2.106e-15
06492.13 2.097e-15
06493.83 2.059e-15
06495.53 2.059e-15
06497.22 2.119e-15
06498.92 2.157e-15
06500.62 2.124e-15
06502.31 2.088e-15
06504.01 2.095e-15
06505.71 2.103e-15
06507.40 2.082e-15
06509.10 2.088e-15
06510.80 2.166e-15
06512.49 2.231e-15
06514.19 2.200e-15
06515.89 2.112e-15
06517.58 2.027e-15
06519.28 1.985e-15
06520.98 2.020e-15
06522.67 2.078e-15
06524.37 2.077e-15
06526.07 2.049e-15
06527.76 2.069e-15
06529.46 2.119e-15
06531.16 2.145e-15
06532.85 2.139e-15
06534.55 2.119e-15
06536.25 2.093e-15
06537.94 2.062e-15
06539.64 2.034e-15
06541.34 2.012e-15
06543.03 2.005e-15
06544.73 2.027e-15
06546.43 2.059e-15
06548.12 2.026e-15
06549.82 1.926e-15
06551.52 1.886e-15
06553.21 1.965e-15
06554.91 2.067e-15
06556.61 2.122e-15
06558.30 2.122e-15
06560.00 2.069e-15
06561.70 2.028e-15
06563.39 2.041e-15
06565.09 2.031e-15
06566.79 1.934e-15
06568.48 1.849e-15
06570.18 1.875e-15
06571.88 1.954e-15
06573.57 2.010e-15
06575.27 2.018e-15
06576.97 1.968e-15
06578.66 1.925e-15
06580.36 1.976e-15
06582.06 2.077e-15
06583.75 2.139e-15
06585.45 2.149e-15
06587.15 2.133e-15
06588.84 2.098e-15
06590.54 2.042e-15
06592.24 1.982e-15
06593.93 1.948e-15
06595.63 1.939e-15
06597.33 1.925e-15
06599.02 1.920e-15
06600.72 1.983e-15
06602.42 2.121e-15
06604.11 2.275e-15
06605.81 2.384e-15
06607.51 2.373e-15
06609.20 2.236e-15
06610.90 2.115e-15
06612.60 2.092e-15
06614.29 2.075e-15
06615.99 2.005e-15
06617.69 1.954e-15
06619.38 1.975e-15
06621.08 2.045e-15
06622.78 2.133e-15
06624.47 2.203e-15
06626.17 2.221e-15
06627.87 2.195e-15
06629.56 2.142e-15
06631.26 2.085e-15
06632.96 2.048e-15
06634.65 2.033e-15
06636.35 2.034e-15
06638.05 2.041e-15
06639.74 2.045e-15
06641.44 2.047e-15
06643.14 2.054e-15
06644.83 2.076e-15
06646.53 2.127e-15
06648.23 2.177e-15
06649.92 2.162e-15
06651.62 2.097e-15
06653.32 2.064e-15
06655.01 2.085e-15
06656.71 2.122e-15
06658.41 2.156e-15
06660.10 2.202e-15
06661.80 2.247e-15
06663.50 2.240e-15
06665.19 2.171e-15
06666.89 2.130e-15
06668.59 2.158e-15
06670.28 2.182e-15
06671.98 2.155e-15
06673.68 2.118e-15
06675.37 2.106e-15
06677.07 2.125e-15
06678.77 2.175e-15
06680.46 2.224e-15
06682.16 2.243e-15
06683.86 2.230e-15
06685.55 2.191e-15
06687.25 2.151e-15
06688.94 2.135e-15
06690.64 2.142e-15
06692.34 2.166e-15
06694.03 2.184e-15
06695.73 2.171e-15
06697.43 2.137e-15
06699.12 2.109e-15
06700.82 2.084e-15
06702.52 2.051e-15
06704.21 2.012e-15
06705.91 1.979e-15
06707.61 1.978e-15
06709.30 2.061e-15
06711.00 2.191e-15
06712.70 2.245e-15
06714.39 2.195e-15
06716.09 2.129e-15
06717.79 2.098e-15
06719.48 2.084e-15
06721.18 2.084e-15
06722.88 2.100e-15
06724.57 2.128e-15
06726.27 2.143e-15
06727.97 2.130e-15
06729.66 2.096e-15
06731.36 2.051e-15
06733.06 1.998e-15
06734.75 1.947e-15
06736.45 1.926e-15
06738.15 1.957e-15
06739.84 1.989e-15
06741.54 1.970e-15
06743.24 1.945e-15
06744.93 1.974e-15
06746.63 2.015e-15
06748.33 2.004e-15
06750.02 1.978e-15
06751.72 2.005e-15
06753.42 2.055e-15
06755.11 2.063e-15
06756.81 2.017e-15
06758.51 1.927e-15
06760.20 1.850e-15
06761.90 1.887e-15
06763.60 2.001e-15
06765.29 2.048e-15
06766.99 2.009e-15
06768.69 1.987e-15
06770.38 2.005e-15
06772.08 1.989e-15
06773.78 1.923e-15
06775.47 1.861e-15
06777.17 1.840e-15
06778.87 1.865e-15
06780.56 1.931e-15
06782.26 2.009e-15
06783.96 2.070e-15
06785.65 2.106e-15
06787.35 2.113e-15
06789.05 2.085e-15
06790.74 2.027e-15
06792.44 1.994e-15
06794.14 2.029e-15
06795.83 2.071e-15
06797.53 2.057e-15
06799.23 2.017e-15
06800.92 1.993e-15
06802.62 1.981e-15
06804.32 1.968e-15
06806.01 1.918e-15
06807.71 1.788e-15
06809.41 1.660e-15
06811.10 1.659e-15
06812.80 1.751e-15
06814.50 1.821e-15
06816.19 1.841e-15
06817.89 1.836e-15
06819.59 1.803e-15
06821.28 1.717e-15
06822.98 1.624e-15
06824.68 1.635e-15
06826.37 1.751e-15
06828.07 1.845e-15
06829.77 1.859e-15
06831.46 1.828e-15
06833.16 1.782e-15
06834.86 1.744e-15
06836.55 1.727e-15
06838.25 1.721e-15
06839.95 1.717e-15
06841.64 1.702e-15
06843.34 1.673e-15
06845.04 1.659e-15
06846.73 1.679e-15
06848.43 1.705e-15
06850.13 1.711e-15
06851.82 1.736e-15
06853.52 1.812e-15
06855.22 1.887e-15
06856.91 1.895e-15
06858.61 1.852e-15
06860.31 1.784e-15
06862.00 1.736e-15
06863.70 1.757e-15
06865.40 1.787e-15
06867.09 1.727e-15
06868.79 1.624e-15
06870.49 1.595e-15
06872.18 1.631e-15
06873.88 1.651e-15
06875.58 1.655e-15
06877.27 1.703e-15
06878.97 1.792e-15
06880.67 1.879e-15
06882.36 1.918e-15
06884.06 1.842e-15
06885.76 1.683e-15
06887.45 1.616e-15
06889.15 1.699e-15
06890.85 1.791e-15
06892.54 1.796e-15
06894.24 1.700e-15
06895.94 1.535e-15
06897.63 1.485e-15
06899.33 1.654e-15
06901.03 1.843e-15
06902.72 1.888e-15
06904.42 1.865e-15
06906.12 1.849e-15
06907.81 1.808e-15
06909.51 1.712e-15
06911.21 1.614e-15
06912.90 1.573e-15
06914.60 1.588e-15
06916.30 1.642e-15
06917.99 1.712e-15
06919.69 1.769e-15
06921.39 1.794e-15
06923.08 1.772e-15
06924.78 1.735e-15
06926.48 1.739e-15
06928.17 1.760e-15
06929.87 1.724e-15
06931.57 1.656e-15
06933.26 1.647e-15
06934.96 1.708e-15
06936.66 1.777e-15
06938.35 1.826e-15
06940.05 1.860e-15
06941.75 1.875e-15
06943.44 1.868e-15
06945.14 1.839e-15
06946.84 1.796e-15
06948.53 1.747e-15
06950.23 1.692e-15
06951.93 1.642e-15
06953.62 1.641e-15
06955.32 1.707e-15
06957.02 1.764e-15
06958.71 1.754e-15
06960.41 1.718e-15
06962.10 1.698e-15
06963.80 1.700e-15
06965.50 1.722e-15
06967.19 1.761e-15
06968.89 1.807e-15
06970.59 1.829e-15
06972.28 1.796e-15
06973.98 1.731e-15
06975.68 1.673e-15
06977.37 1.645e-15
06979.07 1.667e-15
06980.77 1.712e-15
06982.46 1.728e-15
06984.16 1.729e-15
06985.86 1.767e-15
06987.55 1.825e-15
06989.25 1.833e-15
06990.95 1.798e-15
06992.64 1.790e-15
06994.34 1.815e-15
06996.04 1.813e-15
06997.73 1.779e-15
06999.43 1.786e-15
07001.13 1.847e-15
07002.82 1.875e-15
07004.52 1.838e-15
07006.22 1.808e-15
07007.91 1.821e-15
07009.61 1.835e-15
07011.31 1.819e-15
07013.00 1.777e-15
07014.70 1.719e-15
07016.40 1.698e-15
07018.09 1.749e-15
07019.79 1.788e-15
07021.49 1.738e-15
07023.18 1.676e-15
07024.88 1.686e-15
07026.58 1.740e-15
07028.27 1.785e-15
07029.97 1.829e-15
07031.67 1.887e-15
07033.36 1.932e-15
07035.06 1.927e-15
07036.76 1.882e-15
07038.45 1.825e-15
07040.15 1.799e-15
07041.85 1.863e-15
07043.54 1.965e-15
07045.24 1.983e-15
07046.94 1.906e-15
07048.63 1.818e-15
07050.33 1.762e-15
07052.03 1.738e-15
07053.72 1.750e-15
07055.42 1.796e-15
07057.12 1.857e-15
07058.81 1.883e-15
07060.51 1.858e-15
07062.21 1.830e-15
07063.90 1.828e-15
07065.60 1.847e-15
07067.30 1.871e-15
07068.99 1.854e-15
07070.69 1.772e-15
07072.39 1.714e-15
07074.08 1.746e-15
07075.78 1.772e-15
07077.48 1.706e-15
07079.17 1.637e-15
07080.87 1.661e-15
07082.57 1.739e-15
07084.26 1.810e-15
07085.96 1.859e-15
07087.66 1.880e-15
07089.35 1.877e-15
07091.05 1.854e-15
07092.75 1.836e-15
07094.44 1.850e-15
07096.14 1.880e-15
07097.84 1.882e-15
07099.53 1.849e-15
07101.23 1.791e-15
07102.93 1.722e-15
07104.62 1.655e-15
07106.32 1.610e-15
07108.02 1.616e-15
07109.71 1.663e-15
07111.41 1.690e-15
07113.11 1.677e-15
07114.80 1.657e-15
07116.50 1.657e-15
07118.20 1.686e-15
07119.89 1.743e-15
07121.59 1.781e-15
07123.29 1.779e-15
07124.98 1.790e-15
07126.68 1.846e-15
07128.38 1.870e-15
07130.07 1.809e-15
07131.77 1.754e-15
07133.47 1.781e-15
07135.16 1.839e-15
07136.86 1.864e-15
07138.56 1.827e-15
07140.25 1.710e-15
07141.95 1.584e-15
07143.65 1.537e-15
07145.34 1.547e-15
07147.04 1.555e-15
07148.74 1.576e-15
07150.43 1.648e-15
07152.13 1.739e-15
07153.83 1.787e-15
07155.52 1.775e-15
07157.22 1.716e-15
07158.92 1.645e-15
07160.61 1.619e-15
07162.31 1.653e-15
07164.01 1.727e-15
07165.70 1.805e-15
07167.40 1.828e-15
07169.10 1.792e-15
07170.79 1.779e-15
07172.49 1.812e-15
07174.19 1.790e-15
07175.88 1.682e-15
07177.58 1.608e-15
07179.28 1.634e-15
07180.97 1.685e-15
07182.67 1.700e-15
07184.37 1.675e-15
07186.06 1.617e-15
07187.76 1.594e-15
07189.46 1.659e-15
07191.15 1.737e-15
07192.85 1.747e-15
07194.55 1.700e-15
07196.24 1.622e-15
07197.94 1.576e-15
07199.64 1.628e-15
07201.33 1.717e-15
07203.03 1.746e-15
07204.73 1.722e-15
07206.42 1.690e-15
07208.12 1.682e-15
07209.82 1.729e-15
07211.51 1.800e-15
07213.21 1.822e-15
07214.91 1.791e-15
07216.60 1.751e-15
07218.30 1.714e-15
07220.00 1.665e-15
07221.69 1.611e-15
07223.39 1.585e-15
07225.09 1.593e-15
07226.78 1.618e-15
07228.48 1.640e-15
07230.18 1.648e-15
07231.87 1.637e-15
07233.57 1.624e-15
07235.26 1.620e-15
07236.96 1.618e-15
07238.66 1.613e-15
07240.35 1.607e-15
07242.05 1.600e-15
07243.75 1.597e-15
07245.44 1.599e-15
07247.14 1.610e-15
07248.84 1.630e-15
07250.53 1.632e-15
07252.23 1.588e-15
07253.93 1.551e-15
07255.62 1.584e-15
07257.32 1.653e-15
07259.02 1.696e-15
07260.71 1.712e-15
07262.41 1.718e-15
07264.11 1.715e-15
07265.80 1.700e-15
07267.50 1.679e-15
07269.20 1.665e-15
07270.89 1.653e-15
07272.59 1.619e-15
07274.29 1.571e-15
07275.98 1.544e-15
07277.68 1.547e-15
07279.38 1.570e-15
07281.07 1.606e-15
07282.77 1.657e-15
07284.47 1.714e-15
07286.16 1.754e-15
07287.86 1.762e-15
07289.56 1.747e-15
07291.25 1.721e-15
07292.95 1.697e-15
07294.65 1.688e-15
07296.34 1.701e-15
07298.04 1.735e-15
07299.74 1.773e-15
07301.43 1.797e-15
07303.13 1.778e-15
07304.83 1.698e-15
07306.52 1.634e-15
07308.22 1.663e-15
07309.92 1.720e-15
07311.61 1.717e-15
07313.31 1.667e-15
07315.01 1.607e-15
07316.70 1.555e-15
07318.40 1.523e-15
07320.10 1.515e-15
07321.79 1.528e-15
07323.49 1.550e-15
07325.19 1.561e-15
07326.88 1.560e-15
07328.58 1.560e-15
07330.28 1.560e-15
07331.97 1.547e-15
07333.67 1.528e-15
07335.37 1.533e-15
07337.06 1.577e-15
07338.76 1.666e-15
07340.46 1.771e-15
07342.15 1.805e-15
07343.85 1.737e-15
07345.55 1.659e-15
07347.24 1.625e-15
07348.94 1.587e-15
07350.64 1.522e-15
07352.33 1.506e-15
07354.03 1.578e-15
07355.73 1.638e-15
07357.42 1.603e-15
07359.12 1.542e-15
07360.82 1.529e-15
07362.51 1.550e-15
07364.21 1.582e-15
07365.91 1.615e-15
07367.60 1.638e-15
07369.30 1.649e-15
07371.00 1.652e-15
07372.69 1.626e-15
07374.39 1.548e-15
07376.09 1.457e-15
07377.78 1.418e-15
07379.48 1.443e-15
07381.18 1.517e-15
07382.87 1.590e-15
07384.57 1.581e-15
07386.27 1.507e-15
07387.96 1.468e-15
07389.66 1.494e-15
07391.36 1.542e-15
07393.05 1.585e-15
07394.75 1.604e-15
07396.45 1.597e-15
07398.14 1.583e-15
07399.84 1.572e-15
07401.54 1.555e-15
07403.23 1.524e-15
07404.93 1.469e-15
07406.63 1.397e-15
07408.32 1.365e-15
07410.02 1.410e-15
07411.72 1.491e-15
07413.41 1.566e-15
07415.11 1.632e-15
07416.81 1.682e-15
07418.50 1.660e-15
07420.20 1.523e-15
07421.90 1.304e-15
07423.59 1.055e-15
07425.29 9.264e-16
07426.99 1.075e-15
07428.68 1.351e-15
07430.38 1.508e-15
07432.08 1.536e-15
07433.77 1.515e-15
07435.47 1.491e-15
07437.17 1.498e-15
07438.86 1.542e-15
07440.56 1.607e-15
07442.26 1.661e-15
07443.95 1.661e-15
07445.65 1.607e-15
07447.35 1.543e-15
07449.04 1.494e-15
07450.74 1.466e-15
07452.44 1.454e-15
07454.13 1.434e-15
07455.83 1.407e-15
07457.53 1.423e-15
07459.22 1.495e-15
07460.92 1.537e-15
07462.62 1.499e-15
07464.31 1.431e-15
07466.01 1.375e-15
07467.71 1.330e-15
07469.40 1.298e-15
07471.10 1.297e-15
07472.80 1.341e-15
07474.49 1.413e-15
07476.19 1.495e-15
07477.89 1.546e-15
07479.58 1.530e-15
07481.28 1.488e-15
07482.98 1.476e-15
07484.67 1.468e-15
07486.37 1.411e-15
07488.07 1.358e-15
07489.76 1.395e-15
07491.46 1.490e-15
07493.16 1.551e-15
07494.85 1.561e-15
07496.55 1.544e-15
07498.25 1.518e-15
07499.94 1.498e-15
07501.64 1.485e-15
07503.34 1.455e-15
07505.03 1.413e-15
07506.73 1.397e-15
07508.42 1.418e-15
07510.12 1.451e-15
07511.82 1.481e-15
07513.51 1.517e-15
07515.21 1.554e-15
07516.91 1.558e-15
07518.60 1.514e-15
07520.30 1.459e-15
07522.00 1.425e-15
07523.69 1.407e-15
07525.39 1.400e-15
07527.09 1.390e-15
07528.78 1.364e-15
07530.48 1.352e-15
07532.18 1.378e-15
07533.87 1.401e-15
07535.57 1.373e-15
07537.27 1.343e-15
07538.96 1.373e-15
07540.66 1.436e-15
07542.36 1.477e-15
07544.05 1.495e-15
07545.75 1.508e-15
07547.45 1.511e-15
07549.14 1.493e-15
07550.84 1.464e-15
07552.54 1.444e-15
07554.23 1.447e-15
07555.93 1.486e-15
07557.63 1.536e-15
07559.32 1.539e-15
07561.02 1.486e-15
07562.72 1.424e-15
07564.41 1.383e-15
07566.11 1.374e-15
07567.81 1.386e-15
07569.50 1.364e-15
07571.20 1.287e-15
07572.90 1.215e-15
07574.59 1.190e-15
07576.29 1.224e-15
07577.99 1.311e-15
07579.68 1.391e-15
07581.38 1.423e-15
07583.08 1.452e-15
07584.77 1.516e-15
07586.47 1.563e-15
07588.17 1.544e-15
07589.86 1.484e-15
07591.56 1.423e-15
07593.26 1.367e-15
07594.95 1.320e-15
07596.65 1.264e-15
07598.35 1.178e-15
07600.04 1.100e-15
07601.74 1.087e-15
07603.44 1.134e-15
07605.13 1.207e-15
07606.83 1.287e-15
07608.53 1.364e-15
07610.22 1.428e-15
07611.92 1.467e-15
07613.62 1.497e-15
07615.31 1.557e-15
07617.01 1.627e-15
07618.71 1.615e-15
07620.40 1.510e-15
07622.10 1.402e-15
07623.80 1.342e-15
07625.49 1.312e-15
07627.19 1.302e-15
07628.89 1.310e-15
07630.58 1.336e-15
07632.28 1.401e-15
07633.98 1.505e-15
07635.67 1.581e-15
07637.37 1.582e-15
07639.07 1.521e-15
07640.76 1.430e-15
07642.46 1.381e-15
07644.16 1.437e-15
07645.85 1.566e-15
07647.55 1.716e-15
07649.25 1.794e-15
07650.94 1.712e-15
07652.64 1.553e-15
07654.34 1.448e-15
07656.03 1.393e-15
07657.73 1.339e-15
07659.43 1.289e-15
07661.12 1.261e-15
07662.82 1.253e-15
07664.52 1.261e-15
07666.21 1.253e-15
07667.91 1.181e-15
07669.61 1.075e-15
07671.30 1.032e-15
07673.00 1.084e-15
07674.70 1.199e-15
07676.39 1.330e-15
07678.09 1.400e-15
07679.79 1.386e-15
07681.48 1.351e-15
07683.18 1.337e-15
07684.88 1.333e-15
07686.57 1.336e-15
07688.27 1.354e-15
07689.97 1.387e-15
07691.66 1.416e-15
07693.36 1.430e-15
07695.06 1.433e-15
07696.75 1.432e-15
07698.45 1.447e-15
07700.15 1.493e-15
07701.84 1.526e-15
07703.54 1.502e-15
07705.24 1.453e-15
07706.93 1.423e-15
07708.63 1.437e-15
07710.33 1.511e-15
07712.02 1.588e-15
07713.72 1.589e-15
07715.42 1.507e-15
07717.11 1.369e-15
07718.81 1.235e-15
07720.51 1.187e-15
07722.20 1.227e-15
07723.90 1.307e-15
07725.60 1.385e-15
07727.29 1.420e-15
07728.99 1.414e-15
07730.69 1.411e-15
07732.38 1.424e-15
07734.08 1.425e-15
07735.78 1.404e-15
07737.47 1.381e-15
07739.17 1.364e-15
07740.87 1.345e-15
07742.56 1.323e-15
07744.26 1.326e-15
07745.96 1.366e-15
07747.65 1.419e-15
07749.35 1.461e-15
07751.05 1.473e-15
07752.74 1.447e-15
07754.44 1.434e-15
07756.14 1.481e-15
07757.83 1.529e-15
07759.53 1.518e-15
07761.23 1.488e-15
07762.92 1.495e-15
07764.62 1.523e-15
07766.32 1.546e-15
07768.01 1.545e-15
07769.71 1.505e-15
07771.41 1.448e-15
07773.10 1.411e-15
07774.80 1.407e-15
07776.50 1.441e-15
07778.19 1.475e-15
07779.89 1.445e-15
07781.58 1.358e-15
07783.28 1.279e-15
07784.98 1.244e-15
07786.67 1.259e-15
07788.37 1.313e-15
07790.07 1.368e-15
07791.76 1.402e-15
07793.46 1.420e-15
07795.16 1.430e-15
07796.85 1.442e-15
07798.55 1.459e-15
07800.25 1.465e-15
07801.94 1.450e-15
07803.64 1.419e-15
07805.34 1.386e-15
07807.03 1.389e-15
07808.73 1.452e-15
07810.43 1.528e-15
07812.12 1.568e-15
07813.82 1.567e-15
07815.52 1.530e-15
07817.21 1.481e-15
07818.91 1.447e-15
07820.61 1.435e-15
07822.30 1.447e-15
07824.00 1.441e-15
07825.70 1.361e-15
07827.39 1.273e-15
07829.09 1.286e-15
07830.79 1.387e-15
07832.48 1.508e-15
07834.18 1.577e-15
07835.88 1.519e-15
07837.57 1.369e-15
07839.27 1.252e-15
07840.97 1.212e-15
07842.66 1.219e-15
07844.36 1.254e-15
07846.06 1.307e-15
07847.75 1.363e-15
07849.45 1.413e-15
07851.15 1.451e-15
07852.84 1.479e-15
07854.54 1.500e-15
07856.24 1.520e-15
07857.93 1.540e-15
07859.63 1.531e-15
07861.33 1.477e-15
07863.02 1.433e-15
07864.72 1.419e-15
07866.42 1.419e-15
07868.11 1.419e-15
07869.81 1.419e-15
07871.51 1.419e-15
07873.20 1.419e-15
07874.90 1.419e-15
07876.60 1.419e-15
07878.29 1.419e-15
07879.99 1.419e-15
07881.69 1.419e-15
07883.38 1.419e-15
07885.08 1.419e-15
07886.78 1.419e-15
07888.47 1.419e-15
07890.17 1.419e-15
07891.87 1.419e-15
07893.56 1.419e-15
07895.26 1.419e-15
07896.96 1.410e-15
07898.65 1.431e-15
07900.35 1.450e-15
07902.05 1.463e-15
07903.74 1.474e-15
07905.44 1.507e-15
07907.14 1.568e-15
07908.83 1.633e-15
07910.53 1.680e-15
07912.23 1.687e-15
07913.92 1.649e-15
07915.62 1.602e-15
07917.32 1.574e-15
07919.01 1.549e-15
07920.71 1.512e-15
07922.41 1.458e-15
07924.10 1.388e-15
07925.80 1.329e-15
07927.50 1.308e-15
07929.19 1.320e-15
07930.89 1.355e-15
07932.59 1.391e-15
07934.28 1.407e-15
07935.98 1.409e-15
07937.68 1.412e-15
07939.37 1.410e-15
07941.07 1.391e-15
07942.77 1.358e-15
07944.46 1.318e-15
07946.16 1.287e-15
07947.86 1.284e-15
07949.55 1.304e-15
07951.25 1.321e-15
07952.95 1.329e-15
07954.64 1.335e-15
07956.34 1.347e-15
07958.04 1.369e-15
07959.73 1.400e-15
07961.43 1.425e-15
07963.13 1.433e-15
07964.82 1.412e-15
07966.52 1.365e-15
07968.22 1.321e-15
07969.91 1.304e-15
07971.61 1.318e-15
07973.31 1.359e-15
07975.00 1.403e-15
07976.70 1.422e-15
07978.40 1.397e-15
07980.09 1.318e-15
07981.79 1.239e-15
07983.49 1.207e-15
07985.18 1.206e-15
07986.88 1.209e-15
07988.58 1.217e-15
07990.27 1.236e-15
07991.97 1.264e-15
07993.67 1.299e-15
07995.36 1.323e-15
07997.06 1.320e-15
07998.76 1.287e-15
08000.45 1.232e-15
08002.15 1.175e-15
08003.85 1.140e-15
08005.54 1.138e-15
08007.24 1.167e-15
08008.94 1.204e-15
08010.63 1.204e-15
08012.33 1.173e-15
08014.03 1.167e-15
08015.72 1.206e-15
08017.42 1.256e-15
08019.12 1.291e-15
08020.81 1.283e-15
08022.51 1.238e-15
08024.21 1.242e-15
08025.90 1.330e-15
08027.60 1.425e-15
08029.30 1.461e-15
08030.99 1.408e-15
08032.69 1.263e-15
08034.39 1.116e-15
08036.08 1.047e-15
08037.78 1.056e-15
08039.48 1.125e-15
08041.17 1.194e-15
08042.87 1.202e-15
08044.57 1.170e-15
08046.26 1.135e-15
08047.96 1.105e-15
08049.66 1.084e-15
08051.35 1.075e-15
08053.05 1.082e-15
08054.74 1.097e-15
08056.44 1.104e-15
08058.14 1.110e-15
08059.83 1.129e-15
08061.53 1.156e-15
08063.23 1.173e-15
08064.92 1.156e-15
08066.62 1.074e-15
08068.32 9.580e-16
08070.01 9.045e-16
08071.71 9.385e-16
08073.41 1.000e-15
08075.10 1.049e-15
08076.80 1.069e-15
08078.50 1.057e-15
08080.19 1.039e-15
08081.89 1.031e-15
08083.59 1.018e-15
08085.28 9.964e-16
08086.98 9.926e-16
08088.68 1.022e-15
08090.37 1.053e-15
08092.07 1.059e-15
08093.77 1.045e-15
08095.46 1.021e-15
08097.16 1.014e-15
08098.86 1.048e-15
08100.55 1.070e-15
08102.25 1.018e-15
08103.95 9.601e-16
08105.64 9.850e-16
08107.34 1.055e-15
08109.04 1.093e-15
08110.73 1.079e-15
08112.43 1.008e-15
08114.13 9.196e-16
08115.82 8.762e-16
08117.52 8.792e-16
08119.22 8.900e-16
08120.91 8.926e-16
08122.61 8.862e-16
08124.31 8.748e-16
08126.00 8.669e-16
08127.70 8.737e-16
08129.40 9.118e-16
08131.09 9.681e-16
08132.79 9.845e-16
08134.49 9.404e-16
08136.18 8.824e-16
08137.88 8.464e-16
08139.58 8.462e-16
08141.27 8.835e-16
08142.97 9.268e-16
08144.67 9.472e-16
08146.36 9.324e-16
08148.06 8.817e-16
08149.76 8.435e-16
08151.45 8.596e-16
08153.15 8.983e-16
08154.85 9.213e-16
08156.54 9.215e-16
08158.24 8.986e-16
08159.94 8.767e-16
08161.63 8.839e-16
08163.33 9.211e-16
08165.03 9.801e-16
08166.72 1.027e-15
08168.42 1.021e-15
08170.12 9.705e-16
08171.81 9.091e-16
08173.51 8.728e-16
08175.21 9.036e-16
08176.90 9.686e-16
08178.60 9.758e-16
08180.30 9.172e-16
08181.99 8.621e-16
08183.69 8.367e-16
08185.39 8.248e-16
08187.08 8.092e-16
08188.78 7.609e-16
08190.48 6.896e-16
08192.17 6.833e-16
08193.87 7.714e-16
08195.57 8.561e-16
08197.26 8.716e-16
08198.96 8.418e-16
08200.66 7.945e-16
08202.35 7.666e-16
08204.05 7.844e-16
08205.75 8.083e-16
08207.44 8.010e-16
08209.14 7.827e-16
08210.84 7.771e-16
08212.53 7.647e-16
08214.23 7.242e-16
08215.93 6.921e-16
08217.62 7.118e-16
08219.32 7.645e-16
08221.02 8.144e-16
08222.71 8.349e-16
08224.41 8.033e-16
08226.11 7.396e-16
08227.80 6.859e-16
08229.50 6.514e-16
08231.20 6.267e-16
08232.89 6.077e-16
08234.59 5.916e-16
08236.29 5.816e-16
08237.98 5.895e-16
08239.68 6.097e-16
08241.38 6.152e-16
08243.07 6.081e-16
08244.77 6.334e-16
08246.47 6.975e-16
08248.16 7.439e-16
08249.86 7.405e-16
08251.56 7.007e-16
08253.25 6.462e-16
08254.95 6.211e-16
08256.65 6.517e-16
08258.34 6.991e-16
08260.04 7.276e-16
08261.74 7.385e-16
08263.43 7.352e-16
08265.13 7.172e-16
08266.83 6.869e-16
08268.52 6.417e-16
08270.22 5.808e-16
08271.92 5.446e-16
08273.61 5.760e-16
08275.31 6.394e-16
08277.01 6.788e-16
08278.70 6.818e-16
08280.40 6.508e-16
08282.10 6.123e-16
08283.79 6.058e-16
08285.49 6.259e-16
08287.19 6.439e-16
08288.88 6.446e-16
08290.58 6.156e-16
08292.28 5.955e-16
08293.97 6.715e-16
08295.67 8.293e-16
08297.37 9.461e-16
08299.06 9.701e-16
08300.76 9.409e-16
08302.46 8.883e-16
08304.15 8.328e-16
08305.85 7.883e-16
08307.55 7.426e-16
08309.24 6.937e-16
08310.94 6.746e-16
08312.64 6.976e-16
08314.33 7.093e-16
08316.03 6.720e-16
08317.73 6.219e-16
08319.42 5.948e-16
08321.12 5.854e-16
08322.82 5.866e-16
08324.51 6.224e-16
08326.21 7.123e-16
08327.90 7.914e-16
08329.60 7.852e-16
08331.30 7.335e-16
08332.99 7.052e-16
08334.69 6.994e-16
08336.39 6.941e-16
08338.08 6.856e-16
08339.78 6.744e-16
08341.48 6.706e-16
08343.17 6.924e-16
08344.87 7.229e-16
08346.57 7.188e-16
08348.26 6.919e-16
08349.96 7.011e-16
08351.66 7.471e-16
08353.35 7.702e-16
08355.05 7.565e-16
08356.75 7.484e-16
08358.44 7.630e-16
08360.14 7.808e-16
08361.84 7.915e-16
08363.53 8.003e-16
08365.23 8.056e-16
08366.93 7.901e-16
08368.62 7.459e-16
08370.32 6.896e-16
08372.02 6.380e-16
08373.71 6.008e-16
08375.41 5.859e-16
08377.11 5.900e-16
08378.80 6.081e-16
08380.50 6.619e-16
08382.20 7.673e-16
08383.89 8.489e-16
08385.59 8.245e-16
08387.29 7.382e-16
08388.98 6.656e-16
08390.68 6.294e-16
08392.38 6.360e-16
08394.07 6.666e-16
08395.77 6.875e-16
08397.47 6.974e-16
08399.16 7.132e-16
08400.86 7.301e-16
08402.56 7.299e-16
08404.25 7.186e-16
08405.95 7.177e-16
08407.65 7.404e-16
08409.34 7.976e-16
08411.04 8.615e-16
08412.74 8.523e-16
08414.43 7.616e-16
08416.13 6.880e-16
08417.83 6.905e-16
08419.52 7.601e-16
08421.22 8.679e-16
08422.92 9.305e-16
08424.61 9.031e-16
08426.31 8.657e-16
08428.01 8.811e-16
08429.70 9.296e-16
08431.40 9.835e-16
08433.10 9.797e-16
08434.79 8.729e-16
08436.49 7.635e-16
08438.19 7.565e-16
08439.88 8.206e-16
08441.58 8.997e-16
08443.28 9.409e-16
08444.97 8.939e-16
08446.67 8.058e-16
08448.37 7.580e-16
08450.06 7.394e-16
08451.76 7.002e-16
08453.46 6.764e-16
08455.15 7.429e-16
08456.85 8.698e-16
08458.55 9.659e-16
08460.24 9.966e-16
08461.94 9.665e-16
08463.64 9.030e-16
08465.33 8.581e-16
08467.03 8.531e-16
08468.73 8.678e-16
08470.42 8.898e-16
08472.12 9.188e-16
08473.82 9.447e-16
08475.51 9.412e-16
08477.21 9.030e-16
08478.91 8.692e-16
08480.60 8.685e-16
08482.30 9.043e-16
08484.00 9.668e-16
08485.69 9.977e-16
08487.39 9.557e-16
08489.09 8.962e-16
08490.78 8.737e-16
08492.48 8.579e-16
08494.18 8.164e-16
08495.87 7.944e-16
08497.57 8.405e-16
08499.27 9.188e-16
08500.96 9.764e-16
08502.66 9.967e-16
08504.36 9.749e-16
08506.05 9.298e-16
08507.75 8.921e-16
08509.45 8.690e-16
08511.14 8.551e-16
08512.84 8.529e-16
08514.54 8.699e-16
08516.23 8.886e-16
08517.93 8.722e-16
08519.63 8.313e-16
08521.32 8.190e-16
08523.02 8.533e-16
08524.72 9.153e-16
08526.41 9.796e-16
08528.11 1.005e-15
08529.81 9.874e-16
08531.50 9.949e-16
08533.20 1.058e-15
08534.90 1.129e-15
08536.59 1.171e-15
08538.29 1.184e-15
08539.99 1.172e-15
08541.68 1.153e-15
08543.38 1.147e-15
08545.08 1.167e-15
08546.77 1.214e-15
08548.47 1.241e-15
08550.17 1.204e-15
08551.86 1.117e-15
08553.56 1.002e-15
08555.26 9.138e-16
08556.95 9.051e-16
08558.65 9.642e-16
08560.35 1.060e-15
08562.04 1.132e-15
08563.74 1.110e-15
08565.44 1.046e-15
08567.13 1.055e-15
08568.83 1.113e-15
08570.53 1.120e-15
08572.22 1.066e-15
08573.92 1.001e-15
08575.62 9.571e-16
08577.31 9.608e-16
08579.01 1.006e-15
08580.71 1.047e-15
08582.40 1.067e-15
08584.10 1.100e-15
08585.80 1.148e-15
08587.49 1.164e-15
08589.19 1.132e-15
08590.89 1.111e-15
08592.58 1.131e-15
08594.28 1.157e-15
08595.98 1.165e-15
08597.67 1.182e-15
08599.37 1.222e-15
08601.06 1.248e-15
08602.76 1.233e-15
08604.46 1.205e-15
08606.15 1.196e-15
08607.85 1.226e-15
08609.55 1.306e-15
08611.24 1.391e-15
08612.94 1.426e-15
08614.64 1.401e-15
08616.33 1.325e-15
08618.03 1.227e-15
08619.73 1.145e-15
08621.42 1.103e-15
08623.12 1.112e-15
08624.82 1.154e-15
08626.51 1.191e-15
08628.21 1.212e-15
08629.91 1.221e-15
08631.60 1.225e-15
08633.30 1.238e-15
08635.00 1.262e-15
08636.69 1.282e-15
08638.39 1.290e-15
08640.09 1.284e-15
08641.78 1.263e-15
08643.48 1.224e-15
08645.18 1.180e-15
08646.87 1.170e-15
08648.57 1.206e-15
08650.27 1.221e-15
08651.96 1.182e-15
08653.66 1.159e-15
08655.36 1.205e-15
08657.05 1.282e-15
08658.75 1.345e-15
08660.45 1.368e-15
08662.14 1.332e-15
08663.84 1.285e-15
08665.54 1.280e-15
08667.23 1.302e-15
08668.93 1.324e-15
08670.63 1.333e-15
08672.32 1.322e-15
08674.02 1.300e-15
08675.72 1.290e-15
08677.41 1.280e-15
08679.11 1.241e-15
08680.81 1.211e-15
08682.50 1.265e-15
08684.20 1.362e-15
08685.90 1.384e-15
08687.59 1.329e-15
08689.29 1.288e-15
08690.99 1.287e-15
08692.68 1.288e-15
08694.38 1.288e-15
08696.08 1.323e-15
08697.77 1.390e-15
08699.47 1.426e-15
08701.17 1.394e-15
08702.86 1.308e-15
08704.56 1.190e-15
08706.26 1.092e-15
08707.95 1.050e-15
08709.65 1.068e-15
08711.35 1.133e-15
08713.04 1.212e-15
08714.74 1.272e-15
08716.44 1.302e-15
08718.13 1.296e-15
08719.83 1.272e-15
08721.53 1.250e-15
08723.22 1.249e-15
08724.92 1.280e-15
08726.62 1.318e-15
08728.31 1.326e-15
08730.01 1.328e-15
08731.71 1.365e-15
08733.40 1.414e-15
08735.10 1.428e-15
08736.80 1.399e-15
08738.49 1.340e-15
08740.19 1.287e-15
08741.89 1.297e-15
08743.58 1.350e-15
08745.28 1.358e-15
08746.98 1.315e-15
08748.67 1.291e-15
08750.37 1.300e-15
08752.07 1.284e-15
08753.76 1.240e-15
08755.46 1.242e-15
08757.16 1.310e-15
08758.85 1.361e-15
08760.55 1.353e-15
08762.25 1.341e-15
08763.94 1.362e-15
08765.64 1.413e-15
08767.34 1.477e-15
08769.03 1.476e-15
08770.73 1.360e-15
08772.43 1.246e-15
08774.12 1.240e-15
08775.82 1.242e-15
08777.52 1.145e-15
08779.21 1.042e-15
08780.91 1.052e-15
08782.61 1.100e-15
08784.30 1.077e-15
08786.00 1.033e-15
08787.70 1.064e-15
08789.39 1.139e-15
08791.09 1.189e-15
08792.79 1.203e-15
08794.48 1.205e-15
08796.18 1.200e-15
08797.88 1.193e-15
08799.57 1.181e-15
08801.27 1.160e-15
08802.97 1.131e-15
08804.66 1.100e-15
08806.36 1.070e-15
08808.06 1.042e-15
08809.75 1.014e-15
08811.45 9.811e-16
08813.15 9.398e-16
08814.84 8.903e-16
08816.54 8.390e-16
08818.24 8.075e-16
08819.93 8.077e-16
08821.63 8.242e-16
08823.33 8.446e-16
08825.02 8.752e-16
08826.72 9.196e-16
08828.42 9.653e-16
08830.11 1.001e-15
08831.81 1.033e-15
08833.51 1.068e-15
08835.20 1.094e-15
08836.90 1.095e-15
08838.60 1.091e-15
08840.29 1.104e-15
08841.99 1.120e-15
08843.69 1.112e-15
08845.38 1.081e-15
08847.08 1.033e-15
08848.78 9.961e-16
08850.47 1.009e-15
08852.17 1.060e-15
08853.87 1.101e-15
08855.56 1.122e-15
08857.26 1.130e-15
08858.96 1.131e-15
08860.65 1.129e-15
08862.35 1.119e-15
08864.05 1.083e-15
08865.74 1.032e-15
08867.44 1.016e-15
08869.14 1.052e-15
08870.83 1.101e-15
08872.53 1.133e-15
08874.22 1.135e-15
08875.92 1.108e-15
08877.62 1.101e-15
08879.31 1.142e-15
08881.01 1.170e-15
08882.71 1.141e-15
08884.40 1.108e-15
08886.10 1.117e-15
08887.80 1.154e-15
08889.49 1.199e-15
08891.19 1.253e-15
08892.89 1.321e-15
08894.58 1.365e-15
08896.28 1.344e-15
08897.98 1.291e-15
08899.67 1.263e-15
08901.37 1.248e-15
08903.07 1.219e-15
08904.76 1.157e-15
08906.46 1.040e-15
08908.16 9.195e-16
08909.85 8.838e-16
08911.55 9.373e-16
08913.25 1.028e-15
08914.94 1.101e-15
08916.64 1.090e-15
08918.34 1.008e-15
08920.03 9.673e-16
08921.73 9.987e-16
08923.43 1.022e-15
08925.12 1.001e-15
08926.82 9.564e-16
08928.52 9.134e-16
08930.21 9.028e-16
08931.91 9.410e-16
08933.61 1.004e-15
08935.30 1.068e-15
08937.00 1.117e-15
08938.70 1.136e-15
08940.39 1.103e-15
08942.09 1.008e-15
08943.79 9.196e-16
08945.48 9.000e-16
08947.18 9.296e-16
08948.88 9.744e-16
08950.57 1.029e-15
08952.27 1.092e-15
08953.97 1.135e-15
08955.66 1.127e-15
08957.36 1.098e-15
08959.06 1.101e-15
08960.75 1.121e-15
08962.45 1.119e-15
08964.15 1.094e-15
08965.84 1.068e-15
08967.54 1.047e-15
08969.24 1.024e-15
08970.93 1.004e-15
08972.63 1.010e-15
08974.33 1.027e-15
08976.02 1.007e-15
08977.72 9.504e-16
08979.42 9.180e-16
08981.11 9.351e-16
08982.81 9.771e-16
08984.51 1.009e-15
08986.20 9.593e-16
08987.90 8.225e-16
08989.60 7.746e-16
08991.29 9.130e-16
08992.99 1.076e-15
08994.69 1.129e-15
08996.38 1.096e-15
08998.08 1.016e-15
08999.78 9.698e-16
09001.47 1.027e-15
09003.17 1.084e-15
09004.87 1.029e-15
09006.56 9.276e-16
09008.26 8.735e-16
09009.96 8.583e-16
09011.65 8.505e-16
09013.35 8.416e-16
09015.05 8.260e-16
09016.74 8.222e-16
09018.44 8.611e-16
09020.14 9.148e-16
09021.83 9.248e-16
09023.53 8.921e-16
09025.23 8.546e-16
09026.92 8.390e-16
09028.62 8.648e-16
09030.32 9.251e-16
09032.01 9.845e-16
09033.71 1.019e-15
09035.41 1.021e-15
09037.10 9.903e-16
09038.80 9.308e-16
09040.50 8.611e-16
09042.19 8.220e-16
09043.89 8.323e-16
09045.59 8.570e-16
09047.28 8.693e-16
09048.98 8.700e-16
09050.68 8.654e-16
09052.37 8.892e-16
09054.07 9.623e-16
09055.77 1.030e-15
09057.46 1.040e-15
09059.16 1.001e-15
09060.86 9.358e-16
09062.55 8.838e-16
09064.25 8.862e-16
09065.95 9.253e-16
09067.64 9.678e-16
09069.34 9.993e-16
09071.04 1.009e-15
09072.73 1.019e-15
09074.43 1.067e-15
09076.13 1.114e-15
09077.82 1.085e-15
09079.52 9.926e-16
09081.22 9.021e-16
09082.91 8.533e-16
09084.61 8.689e-16
09086.31 9.278e-16
09088.00 9.612e-16
09089.70 9.460e-16
09091.40 9.180e-16
09093.09 8.948e-16
09094.79 8.706e-16
09096.49 8.436e-16
09098.18 8.136e-16
09099.88 7.847e-16
09101.58 7.723e-16
09103.27 7.877e-16
09104.97 8.363e-16
09106.67 9.115e-16
09108.36 9.662e-16
09110.06 9.631e-16
09111.76 9.181e-16
09113.45 8.550e-16
09115.15 8.023e-16
09116.85 7.858e-16
09118.54 7.870e-16
09120.24 7.798e-16
09121.94 7.743e-16
09123.63 7.871e-16
09125.33 8.120e-16
09127.03 8.368e-16
09128.72 8.610e-16
09130.42 8.872e-16
09132.12 9.175e-16
09133.81 9.547e-16
09135.51 9.894e-16
09137.21 1.004e-15
09138.90 1.001e-15
09140.60 1.002e-15
09142.30 1.005e-15
09143.99 9.904e-16
09145.69 9.521e-16
09147.38 8.969e-16
09149.08 8.379e-16
09150.78 7.982e-16
09152.47 7.866e-16
09154.17 7.867e-16
09155.87 7.842e-16
09157.56 7.701e-16
09159.26 7.411e-16
09160.96 7.088e-16
09162.65 6.872e-16
09164.35 7.052e-16
09166.05 7.751e-16
09167.74 8.270e-16
09169.44 8.020e-16
09171.14 7.644e-16
09172.83 7.835e-16
09174.53 8.184e-16
09176.23 8.168e-16
09177.92 8.094e-16
09179.62 8.401e-16
09181.32 8.948e-16
09183.01 9.445e-16
09184.71 9.710e-16
09186.41 9.598e-16
09188.10 9.292e-16
09189.80 9.129e-16
09191.50 9.193e-16
09193.19 9.426e-16
09194.89 9.645e-16
09196.59 9.553e-16
09198.28 9.214e-16
09199.98 9.036e-16
09201.68 9.169e-16
09203.37 9.466e-16
09205.07 9.887e-16
09206.77 1.056e-15
09208.46 1.137e-15
09210.16 1.176e-15
09211.86 1.150e-15
09213.55 1.100e-15
09215.25 1.056e-15
09216.95 1.024e-15
09218.64 1.005e-15
09220.34 9.744e-16
09222.04 9.181e-16
09223.73 8.896e-16
09225.43 9.327e-16
09227.13 1.019e-15
09228.82 1.110e-15
09230.52 1.170e-15
09232.22 1.164e-15
09233.91 1.109e-15
09235.61 1.035e-15
09237.31 9.461e-16
09239.00 8.357e-16
09240.70 7.549e-16
09242.40 7.699e-16
09244.09 8.528e-16
09245.79 9.332e-16
09247.49 9.783e-16
09249.18 9.756e-16
09250.88 9.375e-16
09252.58 8.955e-16
09254.27 8.711e-16
09255.97 8.772e-16
09257.67 9.016e-16
09259.36 9.009e-16
09261.06 8.687e-16
09262.76 8.486e-16
09264.45 8.632e-16
09266.15 9.042e-16
09267.85 9.534e-16
09269.54 9.658e-16
09271.24 9.226e-16
09272.94 8.747e-16
09274.63 8.622e-16
09276.33 8.860e-16
09278.03 9.380e-16
09279.72 9.845e-16
09281.42 9.955e-16
09283.12 9.752e-16
09284.81 9.355e-16
09286.51 9.162e-16
09288.21 9.551e-16
09289.90 1.001e-15
09291.60 9.876e-16
09293.30 9.554e-16
09294.99 9.718e-16
09296.69 9.976e-16
09298.39 9.581e-16
09300.08 8.918e-16
09301.78 8.864e-16
09303.48 9.164e-16
09305.17 8.978e-16
09306.87 8.330e-16
09308.57 7.746e-16
09310.26 7.666e-16
09311.96 8.541e-16
09313.66 1.000e-15
09315.35 1.077e-15
09317.05 1.046e-15
09318.75 9.805e-16
09320.44 9.300e-16
09322.14 9.086e-16
09323.84 9.287e-16
09325.53 9.917e-16
09327.23 1.089e-15
09328.93 1.205e-15
09330.62 1.312e-15
09332.32 1.337e-15
09334.02 1.240e-15
09335.71 1.084e-15
09337.41 9.403e-16
09339.11 8.636e-16
09340.80 8.942e-16
09342.50 9.841e-16
09344.20 1.070e-15
09345.89 1.143e-15
09347.59 1.203e-15
09349.29 1.227e-15
09350.98 1.197e-15
09352.68 1.111e-15
09354.38 9.743e-16
09356.07 8.600e-16
09357.77 8.654e-16
09359.47 9.681e-16
09361.16 1.085e-15
09362.86 1.149e-15
09364.56 1.101e-15
09366.25 9.810e-16
09367.95 9.060e-16
09369.65 9.355e-16
09371.34 1.076e-15
09373.04 1.264e-15
09374.74 1.330e-15
09376.43 1.236e-15
09378.13 1.149e-15
09379.83 1.159e-15
09381.52 1.202e-15
09383.22 1.236e-15
09384.92 1.265e-15
09386.61 1.277e-15
09388.31 1.208e-15
09390.01 1.038e-15
09391.70 9.464e-16
09393.40 1.062e-15
09395.10 1.198e-15
09396.79 1.170e-15
09398.49 1.028e-15
09400.19 8.517e-16
09401.88 6.985e-16
09403.58 6.200e-16
09405.28 6.481e-16
09406.97 7.955e-16
09408.67 9.914e-16
09410.37 1.140e-15
09412.06 1.187e-15
09413.76 1.098e-15
09415.46 9.403e-16
09417.15 8.319e-16
09418.85 8.092e-16
09420.54 8.570e-16
09422.24 9.272e-16
09423.94 9.395e-16
09425.63 8.839e-16
09427.33 8.246e-16
09429.03 7.849e-16
09430.72 7.411e-16
09432.42 6.889e-16
09434.12 6.407e-16
09435.81 6.212e-16
09437.51 6.919e-16
09439.21 8.567e-16
09440.90 9.834e-16
09442.60 9.925e-16
09444.30 9.688e-16
09445.99 9.775e-16
09447.69 9.827e-16
09449.39 9.555e-16
09451.08 9.096e-16
09452.78 8.609e-16
09454.48 8.290e-16
09456.17 8.307e-16
09457.87 8.361e-16
09459.57 8.104e-16
09461.26 7.932e-16
09462.96 8.360e-16
09464.66 9.142e-16
09466.35 9.810e-16
09468.05 1.004e-15
09469.75 9.589e-16
09471.44 8.514e-16
09473.14 6.989e-16
09474.84 5.736e-16
09476.53 5.818e-16
09478.23 7.067e-16
09479.93 8.349e-16
09481.62 9.260e-16
09483.32 1.006e-15
09485.02 1.073e-15
09486.71 1.099e-15
09488.41 1.069e-15
09490.11 9.693e-16
09491.80 8.353e-16
09493.50 7.905e-16
09495.20 8.787e-16
09496.89 9.634e-16
09498.59 9.555e-16
09500.29 9.033e-16
09501.98 8.551e-16
09503.68 8.588e-16
09505.38 9.407e-16
09507.07 1.006e-15
09508.77 9.712e-16
09510.47 9.153e-16
09512.16 9.217e-16
09513.86 9.568e-16
09515.56 9.725e-16
09517.25 9.525e-16
09518.95 8.902e-16
09520.65 8.109e-16
09522.34 7.479e-16
09524.04 7.471e-16
09525.74 8.565e-16
09527.43 1.007e-15
09529.13 1.077e-15
09530.83 1.048e-15
09532.52 9.565e-16
09534.22 8.676e-16
09535.92 8.703e-16
09537.61 9.558e-16
09539.31 1.027e-15
09541.01 1.029e-15
09542.70 9.494e-16
09544.40 8.285e-16
09546.10 7.982e-16
09547.79 8.925e-16
09549.49 9.717e-16
09551.19 9.558e-16
09552.88 8.896e-16
09554.58 8.137e-16
09556.28 7.641e-16
09557.97 7.632e-16
09559.67 7.674e-16
09561.37 7.470e-16
09563.06 7.672e-16
09564.76 8.775e-16
09566.46 1.012e-15
09568.15 1.101e-15
09569.85 1.113e-15
09571.55 1.034e-15
09573.24 9.643e-16
09574.94 1.024e-15
09576.64 1.114e-15
09578.33 1.078e-15
09580.03 9.866e-16
09581.73 9.864e-16
09583.42 1.044e-15
09585.12 1.048e-15
09586.82 1.002e-15
09588.51 9.665e-16
09590.21 9.514e-16
09591.91 9.312e-16
09593.60 9.087e-16
09595.30 9.039e-16
09597.00 9.303e-16
09598.69 1.001e-15
09600.39 1.083e-15
09602.09 1.076e-15
09603.78 9.484e-16
09605.48 7.622e-16
09607.18 6.012e-16
09608.87 6.053e-16
09610.57 8.116e-16
09612.27 9.856e-16
09613.96 9.648e-16
09615.66 8.434e-16
09617.36 7.231e-16
09619.05 7.055e-16
09620.75 8.529e-16
09622.45 9.657e-16
09624.14 8.569e-16
09625.84 6.851e-16
09627.54 6.417e-16
09629.23 6.991e-16
09630.93 7.879e-16
09632.63 8.661e-16
09634.32 8.955e-16
09636.02 8.809e-16
09637.72 8.467e-16
09639.41 8.150e-16
09641.11 8.077e-16
09642.81 8.309e-16
09644.50 8.772e-16
09646.20 9.427e-16
09647.90 1.029e-15
09649.59 1.094e-15
09651.29 1.056e-15
09652.99 9.194e-16
09654.68 7.677e-16
09656.38 6.734e-16
09658.08 6.970e-16
09659.77 8.364e-16
09661.47 9.885e-16
09663.17 1.076e-15
09664.86 1.076e-15
09666.56 9.891e-16
09668.26 8.695e-16
09669.95 7.629e-16
09671.65 6.645e-16
09673.35 5.746e-16
09675.04 5.212e-16
09676.74 5.241e-16
09678.44 5.864e-16
09680.13 6.987e-16
09681.83 7.717e-16
09683.53 7.215e-16
09685.22 6.411e-16
09686.92 6.507e-16
09688.62 7.062e-16
09690.31 7.243e-16
09692.01 7.242e-16
09693.70 7.542e-16
09695.40 7.934e-16
09697.10 8.002e-16
09698.79 7.600e-16
09700.49 6.615e-16
09702.19 5.878e-16
09703.88 6.931e-16
09705.58 9.025e-16
09707.28 9.517e-16
09708.97 8.070e-16
09710.67 6.584e-16
09712.37 6.058e-16
09714.06 6.539e-16
09715.76 7.658e-16
09717.46 8.211e-16
09719.15 7.717e-16
09720.85 7.201e-16
09722.55 7.290e-16
09724.24 7.633e-16
09725.94 7.967e-16
09727.64 8.300e-16
09729.33 8.571e-16
09731.03 8.403e-16
09732.73 7.606e-16
09734.42 6.980e-16
09736.12 7.233e-16
09737.82 7.765e-16
09739.51 7.876e-16
09741.21 7.806e-16
09742.91 7.923e-16
09744.60 8.120e-16
09746.30 8.208e-16
09748.00 8.193e-16
09749.69 8.113e-16
09751.39 8.163e-16
09753.09 8.600e-16
09754.78 9.143e-16
09756.48 9.265e-16
09758.18 8.843e-16
09759.87 7.941e-16
09761.57 7.144e-16
09763.27 7.517e-16
09764.96 8.745e-16
09766.66 9.184e-16
09768.36 8.292e-16
09770.05 6.775e-16
09771.75 5.391e-16
09773.45 5.067e-16
09775.14 6.097e-16
09776.84 7.617e-16
09778.54 8.767e-16
09780.23 8.698e-16
09781.93 7.155e-16
09783.63 5.661e-16
09785.32 5.359e-16
09787.02 5.519e-16
09788.72 5.487e-16
09790.41 5.728e-16
09792.11 6.585e-16
09793.81 7.264e-16
09795.50 6.996e-16
09797.20 6.234e-16
09798.90 5.619e-16
09800.59 5.257e-16
09802.29 5.151e-16
09803.99 5.178e-16
09805.68 5.118e-16
09807.38 5.386e-16
09809.08 6.647e-16
09810.77 8.169e-16
09812.47 8.551e-16
09814.17 7.933e-16
09815.86 7.376e-16
09817.56 7.254e-16
09819.26 7.456e-16
09820.95 7.893e-16
09822.65 8.447e-16
09824.35 8.868e-16
09826.04 8.800e-16
09827.74 8.132e-16
09829.44 7.066e-16
09831.13 5.967e-16
09832.83 5.482e-16
09834.53 5.917e-16
09836.22 6.883e-16
09837.92 7.909e-16
09839.62 8.381e-16
09841.31 7.931e-16
09843.01 7.015e-16
09844.71 6.146e-16
09846.40 5.644e-16
09848.10 5.746e-16
09849.80 6.572e-16
09851.49 8.078e-16
09853.19 9.015e-16
09854.89 8.138e-16
09856.58 6.847e-16
09858.28 7.021e-16
09859.98 8.136e-16
09861.67 9.024e-16
09863.37 9.297e-16
09865.07 8.771e-16
09866.76 8.164e-16
09868.46 8.663e-16
09870.16 9.853e-16
09871.85 1.044e-15
09873.55 9.863e-16
09875.25 8.020e-16
09876.94 5.675e-16
09878.64 4.400e-16
09880.34 4.730e-16
09882.03 6.061e-16
09883.73 7.591e-16
09885.43 8.129e-16
09887.12 7.432e-16
09888.82 7.081e-16
09890.52 7.720e-16
09892.21 7.815e-16
09893.91 6.658e-16
09895.61 5.761e-16
09897.30 6.096e-16
09899.00 6.826e-16
09900.70 7.170e-16
09902.39 6.777e-16
09904.09 5.522e-16
09905.79 4.608e-16
09907.48 5.156e-16
09909.18 6.216e-16
09910.88 6.614e-16
09912.57 6.450e-16
09914.27 6.060e-16
09915.97 5.959e-16
09917.66 6.708e-16
09919.36 7.669e-16
09921.06 7.797e-16
09922.75 7.087e-16
09924.45 5.994e-16
09926.15 5.008e-16
09927.84 4.681e-16
09929.54 4.998e-16
09931.24 5.498e-16
09932.93 6.080e-16
09934.63 6.939e-16
09936.33 8.007e-16
09938.02 9.043e-16
09939.72 9.624e-16
09941.42 8.979e-16
09943.11 7.290e-16
09944.81 6.274e-16
09946.51 6.934e-16
09948.20 8.984e-16
09949.90 1.164e-15
09951.60 1.290e-15
09953.29 1.150e-15
09954.99 8.546e-16
09956.69 5.354e-16
09958.38 3.324e-16
09960.08 3.440e-16
09961.78 4.112e-16
09963.47 3.706e-16
09965.17 3.146e-16
09966.86 3.586e-16
09968.56 4.635e-16
09970.26 5.659e-16
09971.95 6.653e-16
09973.65 7.729e-16
09975.35 8.874e-16
09977.04 1.006e-15
09978.74 1.098e-15
09980.44 1.123e-15
09982.13 1.084e-15
09983.83 1.008e-15
09985.53 9.358e-16
09987.22 9.284e-16
09988.92 9.519e-16
09990.62 8.859e-16
09992.31 7.432e-16
09994.01 6.762e-16
09995.71 7.250e-16
09997.40 7.875e-16
09999.10 8.190e-16
10000.80 8.616e-16
10002.49 9.196e-16
10004.19 9.397e-16
10005.89 8.770e-16
10007.58 6.833e-16
10009.28 3.668e-16
10010.98 9.806e-17
10012.67 1.364e-17
10014.37 8.940e-17
10016.07 2.762e-16
10017.76 5.247e-16
10019.46 7.728e-16
10021.16 8.909e-16
10022.85 7.742e-16
10024.55 5.648e-16
10026.25 4.476e-16
10027.94 4.301e-16
10029.64 4.715e-16
10031.34 5.440e-16
10033.03 6.159e-16
10034.73 6.623e-16
10036.43 6.680e-16
10038.12 6.271e-16
10039.82 5.377e-16
10041.52 4.525e-16
10043.21 4.591e-16
10044.91 5.500e-16
10046.61 6.415e-16
10048.30 6.850e-16
10050.00 6.673e-16
10051.70 5.857e-16
10053.39 4.518e-16
10055.09 3.017e-16
10056.79 2.030e-16
10058.48 1.914e-16
10060.18 2.472e-16
10061.88 3.350e-16
10063.57 3.886e-16
10065.27 3.684e-16
10066.97 3.085e-16
10068.66 2.546e-16
10070.36 3.052e-16
10072.06 5.093e-16
10073.75 6.380e-16
10075.45 4.921e-16
10077.15 2.224e-16
10078.84 1.610e-17
10080.54 -4.184e-17
10082.24 1.003e-16
10083.93 2.823e-16
10085.63 2.969e-16
10087.33 1.739e-16
10089.02 2.174e-17
10090.72 -8.898e-17
10092.42 -1.032e-16
10094.11 3.367e-18
10095.81 2.379e-16
10097.51 4.939e-16
10099.20 5.895e-16
10100.90 5.442e-16
10102.60 5.372e-16
10104.29 6.127e-16
10105.99 6.901e-16
10107.69 7.295e-16
10109.38 7.292e-16
10111.08 6.874e-16
10112.78 6.108e-16
10114.47 5.102e-16
10116.17 3.958e-16
10117.87 2.864e-16
10119.56 2.224e-16
10121.26 2.189e-16
10122.96 2.185e-16
10124.65 1.812e-16
10126.35 1.420e-16
10128.05 1.347e-16
10129.74 1.754e-16
10131.44 2.705e-16
10133.14 3.820e-16
10134.83 4.672e-16
10136.53 5.265e-16
10138.23 5.674e-16
10139.92 5.687e-16
10141.62 5.106e-16
10143.32 3.966e-16
10145.01 2.396e-16
10146.71 1.036e-16
10148.41 6.760e-17
10150.10 1.312e-16
10151.80 2.510e-16
10153.50 3.752e-16
10155.19 4.519e-16
10156.89 4.325e-16
10158.59 2.722e-16
10160.28 3.091e-17
10161.98 -1.375e-16
10163.68 -1.628e-16
10165.37 -6.930e-17
10167.07 8.818e-17
10168.77 2.089e-16
10170.46 2.386e-16
10172.16 2.076e-16
10173.86 1.621e-16
10175.55 1.923e-16
10177.25 3.241e-16
10178.95 3.899e-16
10180.64 2.806e-16
10182.34 9.607e-17
10184.04 -5.536e-17
10185.73 -5.851e-17
10187.43 1.573e-16
10189.13 3.982e-16
10190.82 4.643e-16
10192.52 4.046e-16
10194.22 3.128e-16
10195.91 2.473e-16
10197.61 2.579e-16
10199.31 3.558e-16
10201.00 5.337e-16
10202.70 6.968e-16
10204.40 7.162e-16
10206.09 6.424e-16
10207.79 6.171e-16
10209.49 6.145e-16
10211.18 5.091e-16
10212.88 3.446e-16
10214.58 2.747e-16
10216.27 3.027e-16
10217.97 3.380e-16
10219.67 1.990e-16
10221.36 -4.477e-16
10223.06 -1.417e-15
10224.76 -1.795e-15
10226.45 -1.234e-15
10228.15 -3.027e-16
10229.85 4.993e-16
10231.54 7.905e-16
10233.24 4.420e-16
10234.94 5.900e-17
10236.63 8.159e-17
10238.33 2.170e-16
10240.02 2.162e-16
10241.72 1.726e-16
10243.42 1.706e-16
10245.11 1.971e-16
10246.81 2.337e-16
10248.51 2.358e-16
10250.20 1.635e-16
10251.90 5.872e-17
10253.60 -2.192e-17
10255.29 -2.638e-17
10256.99 9.258e-17
10258.69 2.320e-16
10260.38 2.377e-16
10262.08 1.507e-16
10263.78 9.512e-17
10265.47 1.278e-16
10267.17 2.768e-16
10268.87 4.693e-16
10270.56 5.543e-16
10272.26 5.217e-16
10273.96 4.821e-16
10275.65 4.860e-16
10277.35 5.264e-16
10279.05 5.763e-16
10280.74 5.711e-16
10282.44 4.850e-16
10284.14 3.670e-16
10285.83 2.371e-16
10287.53 3.331e-17
10289.23 -2.254e-16
10290.92 -3.115e-16
10292.62 -9.611e-17
10294.32 2.475e-16
10296.01 5.480e-16
10297.71 7.075e-16
10299.41 6.694e-16
10301.10 6.045e-16
10302.80 6.785e-16
10304.50 7.046e-16
10306.19 4.812e-16
10307.89 2.296e-16
10309.59 2.280e-16
10311.28 3.613e-16
10312.98 4.224e-16
10314.68 3.911e-16
10316.37 2.976e-16
10318.07 2.510e-16
10319.77 4.018e-16
10321.46 6.426e-16
10323.16 7.331e-16
10324.86 6.078e-16
10326.55 3.059e-16
10328.25 -2.064e-17
10329.95 -1.161e-16
10331.64 5.549e-17
10333.34 2.965e-16
10335.04 4.836e-16
10336.73 5.874e-16
10338.43 5.881e-16
10340.13 4.972e-16
10341.82 3.471e-16
10343.52 1.828e-16
10345.22 6.548e-17
10346.91 1.099e-16
10348.61 3.428e-16
10350.31 5.316e-16
10352.00 4.975e-16
10353.70 3.050e-16
10355.40 4.880e-17
10357.09 -1.139e-16
10358.79 -5.473e-17
10360.49 5.181e-17
10362.18 8.914e-18
10363.88 -4.926e-17
10365.58 5.227e-17
10367.27 2.049e-16
10368.97 2.461e-16
10370.67 1.418e-16
10372.36 -1.056e-16
10374.06 -3.323e-16
10375.76 -2.982e-16
10377.45 -1.187e-16
10379.15 -1.010e-16
10380.85 -2.253e-16
10382.54 -2.666e-16
10384.24 -1.874e-16
10385.94 -8.546e-17
10387.63 -9.211e-18
10389.33 2.493e-17
10391.03 2.222e-17
10392.72 3.874e-17
10394.42 4.581e-17
10396.12 -1.403e-16
10397.81 -5.168e-16
10399.51 -7.343e-16
10401.21 -6.003e-16
10402.90 -2.434e-16
10404.60 1.374e-16
10406.30 1.212e-16
10407.99 -5.226e-16
10409.69 -1.344e-15
10411.39 -1.885e-15
10413.08 -1.796e-15
10414.78 -8.978e-16
10416.48 -5.869e-17
10418.17 -1.581e-16
10419.87 -5.623e-16
10421.57 -4.261e-16
10423.26 -4.154e-17
10424.96 7.435e-17
10426.66 -8.829e-17
10428.35 -3.999e-16
10430.05 -6.844e-16
10431.75 -7.419e-16
10433.44 -5.295e-16
10435.14 -8.415e-17
10436.84 3.850e-16
10438.53 5.449e-16
10440.23 4.471e-16
10441.93 4.558e-16
10443.62 6.134e-16
10445.32 6.613e-16
10447.02 5.303e-16
10448.71 3.587e-16
10450.41 2.199e-16
10452.11 9.592e-17
10453.80 3.088e-17
10455.50 1.991e-16
10457.20 5.980e-16
10458.89 8.237e-16
10460.59 6.476e-16
10462.29 3.451e-16
10463.98 1.568e-16
10465.68 1.366e-16
10467.38 2.917e-16
10469.07 4.403e-16
10470.77 4.121e-16
10472.47 2.534e-16
10474.16 4.624e-17
10475.86 -8.623e-17
10477.56 -2.521e-17
10479.25 1.144e-16
10480.95 1.629e-16
10482.65 2.041e-16
10484.34 3.890e-16
10486.04 6.130e-16
10487.74 6.847e-16
10489.43 6.007e-16
10491.13 4.432e-16
10492.83 2.868e-16
10494.52 2.151e-16
10496.22 2.124e-16
10497.92 1.624e-16
10499.61 1.301e-16
10501.31 3.731e-16
10503.01 7.769e-16
10504.70 7.936e-16
10506.40 3.106e-16
10508.10 -1.846e-16
10509.79 -3.983e-16
10511.49 -3.567e-16
10513.18 -1.156e-16
10514.88 1.916e-16
10516.58 4.326e-16
10518.27 5.258e-16
10519.97 4.423e-16
10521.67 3.143e-16
10523.36 2.598e-16
10525.06 2.328e-16
10526.76 1.890e-16
10528.45 2.111e-16
10530.15 3.679e-16
10531.85 5.187e-16
10533.54 5.107e-16
10535.24 4.446e-16
10536.94 4.643e-16
10538.63 5.850e-16
10540.33 7.946e-16
10542.03 9.173e-16
10543.72 7.003e-16
10545.42 4.042e-16
10547.12 5.546e-16
10548.81 8.838e-16
10550.51 6.448e-16
10552.21 2.188e-17
10553.90 -1.339e-16
10555.60 2.115e-16
10557.30 3.998e-16
10558.99 2.253e-16
10560.69 -7.777e-17
10562.39 -2.952e-16
10564.08 -1.683e-16
10565.78 2.946e-16
10567.48 5.797e-16
10569.17 4.475e-16
10570.87 2.808e-16
10572.57 2.750e-16
10574.26 6.632e-17
10575.96 -4.998e-16
10577.66 -8.636e-16
10579.35 -6.220e-16
10581.05 -9.777e-17
10582.75 3.575e-16
10584.44 5.313e-16
10586.14 2.853e-16
10587.84 9.381e-18
10589.53 1.316e-16
10591.23 4.265e-16
10592.93 5.548e-16
10594.62 4.157e-16
10596.32 -3.093e-17
10598.02 -4.542e-16
10599.71 -3.863e-16
10601.41 -3.978e-17
10603.11 6.748e-17
10604.80 -8.626e-17
10606.50 -2.593e-16
10608.20 -3.513e-16
10609.89 -3.457e-16
10611.59 -2.206e-16
10613.29 4.687e-17
10614.98 3.486e-16
10616.68 4.298e-16
10618.38 2.751e-16
10620.07 2.002e-16
10621.77 3.141e-16
10623.47 3.771e-16
10625.16 2.983e-16
10626.86 2.978e-16
10628.56 4.490e-16
10630.25 4.230e-16
10631.95 7.467e-17
10633.65 -6.599e-17
10635.34 3.221e-16
10637.04 5.099e-16
10638.74 -7.032e-17
10640.43 -7.043e-16
10642.13 -6.868e-16
10643.83 -3.404e-16
10645.52 -9.963e-17
10647.22 -2.440e-17
10648.92 -1.153e-16
10650.61 -2.078e-16
10652.31 -7.531e-17
10654.01 2.999e-17
10655.70 -3.111e-16
10657.40 -7.396e-16
10659.10 -5.678e-16
10660.79 -1.118e-17
10662.49 2.437e-16
10664.19 1.198e-16
10665.88 -7.573e-17
10667.58 -1.802e-16
10669.28 -1.469e-16
10670.97 1.251e-16
10672.67 8.106e-16
10674.37 1.649e-15
10676.06 1.812e-15
10677.76 1.093e-15
10679.46 2.634e-16
10681.15 -1.890e-16
10682.85 -3.067e-16
10684.55 -1.802e-16
10686.24 -8.262e-17
10687.94 -1.740e-16
10689.64 -1.146e-16
10691.33 2.933e-16
10693.03 6.131e-16
10694.73 4.829e-16
10696.42 -4.686e-17
10698.12 -8.229e-16
10699.82 -1.154e-15
10701.51 -4.174e-16
10703.21 5.682e-16
10704.91 7.812e-16
10706.60 4.887e-16
10708.30 2.555e-16
10710.00 2.842e-16
10711.69 6.858e-16
10713.39 1.141e-15
10715.09 1.141e-15
10716.78 7.273e-16
10718.48 2.179e-16
10720.18 -1.478e-16
10721.87 -1.503e-16
10723.57 9.117e-17
10725.27 1.629e-16
10726.96 3.980e-18
10728.66 -1.024e-16
10730.36 -1.617e-17
10732.05 2.593e-16
10733.75 6.393e-16
10735.45 8.803e-16
10737.14 8.931e-16
10738.84 9.095e-16
10740.54 1.036e-15
10742.23 1.068e-15
10743.93 8.965e-16
10745.63 6.988e-16
10747.32 6.133e-16
10749.02 6.423e-16
10750.72 7.568e-16
10752.41 7.854e-16
10754.11 5.924e-16
10755.81 3.756e-16
10757.50 3.460e-16
10759.20 5.340e-16
10760.90 9.154e-16
10762.59 1.143e-15
10764.29 8.334e-16
10765.99 1.501e-16
10767.68 -5.780e-16
10769.38 -9.427e-16
10771.08 -5.211e-16
10772.77 4.103e-16
10774.47 1.214e-15
10776.17 1.582e-15
10777.86 1.421e-15
10779.56 8.112e-16
10781.26 -7.705e-19
10782.95 -7.566e-16
10784.65 -1.222e-15
10786.34 -1.248e-15
10788.04 -7.731e-16
10789.74 1.091e-17
10791.43 5.475e-16
10793.13 5.793e-16
10794.83 4.063e-16
10796.52 2.491e-16
10798.22 1.118e-16
10799.92 3.326e-17
10801.61 1.346e-16
10803.31 4.442e-16
10805.01 6.777e-16
10806.70 6.234e-16
10808.40 5.298e-16
10810.10 6.252e-16
10811.79 7.628e-16
10813.49 7.766e-16
10815.19 5.655e-16
10816.88 6.698e-17
10818.58 -3.256e-16
10820.28 -1.492e-16
10821.97 3.314e-16
10823.67 6.325e-16
10825.37 7.401e-16
10827.06 8.173e-16
10828.76 8.155e-16
10830.46 6.005e-16
10832.15 3.077e-16
10833.85 2.272e-16
10835.55 3.496e-16
10837.24 4.549e-16
10838.94 4.501e-16
10840.64 3.296e-16
10842.33 2.089e-16
10844.03 3.718e-16
10845.73 8.087e-16
10847.42 1.093e-15
10849.12 9.976e-16
10850.82 6.172e-16
10852.51 9.747e-17
10854.21 -3.159e-16
10855.91 -4.330e-16
10857.60 -2.194e-16
10859.30 2.602e-16
10861.00 6.528e-16
10862.69 6.893e-16
10864.39 6.133e-16
10866.09 6.590e-16
10867.78 6.295e-16
10869.48 3.399e-16
10871.18 3.342e-17
10872.87 -1.846e-17
10874.57 1.246e-16
10876.27 3.293e-16
10877.96 4.449e-16
10879.66 3.182e-16
10881.36 4.554e-17
10883.05 -1.732e-16
10884.75 -3.230e-16
10886.45 -4.705e-16
10888.14 -5.703e-16
10889.84 -5.395e-16
10891.54 -3.171e-16
10893.23 1.640e-16
10894.93 6.986e-16
10896.63 8.310e-16
10898.32 5.168e-16
10900.02 1.610e-16
10901.72 -3.337e-17
10903.41 -1.102e-16
10905.11 -1.723e-16
10906.81 -4.736e-16
10908.50 -1.070e-15
10910.20 -1.590e-15
10911.90 -1.767e-15
10913.59 -1.591e-15
10915.29 -1.132e-15
10916.99 -6.939e-16
10918.68 -5.142e-16
10920.38 -4.353e-16
10922.08 -2.967e-16
10923.77 -2.525e-16
10925.47 -4.284e-16
10927.17 -3.714e-16
10928.86 3.595e-16
10930.56 1.117e-15
10932.26 1.095e-15
10933.95 6.046e-16
10935.65 2.405e-16
10937.35 1.391e-16
10939.04 3.010e-16
10940.74 4.887e-16
10942.44 3.361e-16
10944.13 -5.856e-17
10945.83 -3.414e-16
10947.53 -3.873e-16
10949.22 -2.100e-16
10950.92 5.938e-17
10952.62 1.721e-16
10954.31 6.641e-17
10956.01 -1.077e-16
10957.71 -2.603e-16
10959.40 -3.767e-16
10961.10 -4.103e-16
10962.80 -3.217e-16
10964.49 -1.772e-18
10966.19 9.125e-16
10967.89 2.355e-15
10969.58 3.161e-15
10971.28 2.624e-15
10972.98 1.489e-15
10974.67 4.799e-16
10976.37 -1.069e-16
10978.07 -9.661e-17
10979.76 -1.008e-16
10981.46 -1.049e-16
10983.16 -1.091e-16
10984.85 -1.132e-16
10986.55 -1.173e-16
10988.25 -1.215e-16
10989.94 -1.256e-16
10991.64 -1.298e-16
10993.34 -1.339e-16
10995.03 -1.381e-16
10996.73 -1.422e-16
10998.43 -1.464e-16
11000.12 -1.505e-16
11001.82 -1.547e-16
11003.52 -1.588e-16
11005.21 -1.629e-16
11006.91 -1.671e-16
11008.61 -1.712e-16
11010.30 -1.754e-16
11012.00 -1.795e-16
11013.70 -1.837e-16
11015.39 -1.878e-16
11017.09 -1.920e-16
11018.79 -1.961e-16
11020.48 -2.002e-16
11022.18 -2.044e-16
11023.88 -2.085e-16
11025.57 -2.127e-16
11027.27 -2.168e-16
11028.97 -2.210e-16
11030.66 -2.251e-16
11032.36 -2.293e-16
11034.06 -2.334e-16
11035.75 -2.376e-16
