03179.48 4.732e-16
03181.18 -1.575e-17
03182.88 2.464e-16
03184.58 -3.543e-17
03186.27 -4.527e-17
03187.97 2.464e-16
03189.67 1.958e-17
03191.37 -7.479e-17
03193.07 -2.689e-16
03194.76 -2.689e-16
03196.46 6.073e-17
03198.16 1.024e-16
03199.86 -1.240e-16
03201.55 8.130e-17
03203.25 -9.910e-19
03204.95 -1.535e-16
03206.65 -6.271e-17
03208.34 -1.450e-16
03210.04 8.130e-17
03211.74 2.258e-16
03213.44 -2.689e-16
03215.13 1.847e-16
03216.83 1.847e-16
03218.53 3.904e-16
03220.23 1.847e-16
03221.92 -2.519e-16
03223.62 1.641e-16
03225.32 -2.716e-16
03227.02 1.435e-16
03228.71 -2.913e-16
03230.41 -3.011e-16
03232.11 -3.109e-16
03233.81 2.258e-16
03235.50 1.435e-16
03237.20 2.258e-16
03238.90 -3.126e-16
03240.60 -3.398e-16
03242.29 -3.670e-16
03243.99 -3.942e-16
03245.69 -2.938e-16
03247.39 5.501e-17
03249.09 -5.180e-16
03250.78 1.024e-16
03252.48 -4.283e-17
03254.18 1.459e-16
03255.88 4.383e-16
03257.57 1.180e-16
03259.27 3.265e-16
03260.97 6.974e-16
03262.67 7.693e-16
03264.36 3.564e-16
03266.06 5.126e-16
03267.76 8.311e-17
03269.46 -8.665e-16
03271.15 -1.360e-15
03272.85 -1.215e-15
03274.55 -7.970e-16
03276.25 -8.966e-16
03277.94 -9.039e-16
03279.64 -1.230e-15
03281.34 -1.657e-15
03283.04 -2.257e-15
03284.73 -2.118e-15
03286.43 -9.474e-16
03288.13 -1.670e-16
03289.83 -4.748e-16
03291.52 -5.157e-16
03293.22 -4.622e-16
03294.92 -1.324e-15
03296.62 -1.895e-15
03298.32 -9.821e-16
03300.01 -3.899e-16
03301.71 -5.255e-16
03303.41 -1.423e-15
03305.11 -1.613e-15
03306.80 -1.410e-15
03308.50 -1.840e-15
03310.20 -1.500e-15
03311.90 2.870e-16
03313.59 1.826e-15
03315.29 1.929e-15
03316.99 2.209e-15
03318.69 1.727e-15
03320.38 5.765e-16
03322.08 -1.137e-15
03323.78 -1.926e-15
03325.48 -2.149e-15
03327.17 -1.939e-15
03328.87 -1.049e-15
03330.57 2.175e-17
03332.27 2.275e-17
03333.96 3.390e-16
03335.66 4.656e-16
03337.36 -1.464e-16
03339.06 -2.547e-16
03340.75 4.197e-17
03342.45 -4.867e-16
03344.15 -2.275e-16
03345.85 -2.316e-16
03347.54 -3.928e-16
03349.24 2.000e-16
03350.94 1.172e-15
03352.64 7.668e-16
03354.34 4.584e-16
03356.03 2.119e-16
03357.73 -1.085e-16
03359.43 -1.196e-16
03361.13 6.893e-16
03362.82 1.323e-15
03364.52 1.195e-15
03366.22 1.090e-15
03367.92 4.134e-16
03369.61 -3.006e-16
03371.31 -3.160e-16
03373.01 -1.109e-16
03374.71 -2.920e-16
03376.40 -2.295e-16
03378.10 1.285e-17
03379.80 -8.177e-17
03381.50 -2.219e-16
03383.19 -7.121e-17
03384.89 7.901e-17
03386.59 -1.820e-16
03388.29 -6.615e-16
03389.98 -5.849e-16
03391.68 -5.559e-16
03393.38 -4.416e-16
03395.08 -3.894e-17
03396.77 2.686e-16
03398.47 3.679e-16
03400.17 6.193e-16
03401.87 9.992e-16
03403.56 1.159e-15
03405.26 1.437e-15
03406.96 1.353e-15
03408.66 9.629e-16
03410.36 4.610e-16
03412.05 2.362e-17
03413.75 -4.479e-16
03415.45 -5.490e-16
03417.15 -7.479e-16
03418.84 -9.009e-16
03420.54 -5.767e-16
03422.24 -2.573e-16
03423.94 -3.194e-16
03425.63 -4.818e-16
03427.33 -1.100e-16
03429.03 2.083e-16
03430.73 6.188e-16
03432.42 7.207e-16
03434.12 6.513e-16
03435.82 4.193e-17
03437.52 -8.651e-16
03439.21 -1.547e-15
03440.91 -1.844e-15
03442.61 -1.615e-15
03444.31 -1.370e-15
03446.00 -1.095e-15
03447.70 -5.753e-16
03449.40 -1.193e-16
03451.10 1.022e-17
03452.79 4.433e-16
03454.49 4.364e-16
03456.19 9.710e-17
03457.89 4.638e-18
03459.58 -3.505e-17
03461.28 -5.596e-16
03462.98 -7.123e-16
03464.68 -7.804e-16
03466.38 -9.296e-16
03468.07 -1.151e-15
03469.77 -1.125e-15
03471.47 -1.112e-15
03473.17 -1.267e-15
03474.86 -1.022e-15
03476.56 -5.182e-16
03478.26 -5.817e-16
03479.96 -8.156e-16
03481.65 -8.517e-16
03483.35 -1.009e-15
03485.05 -1.325e-15
03486.75 -1.197e-15
03488.44 -7.126e-16
03490.14 -3.653e-16
03491.84 -5.331e-16
03493.54 -8.409e-16
03495.23 -8.625e-16
03496.93 -8.262e-16
03498.63 -1.033e-15
03500.33 -1.306e-15
03502.02 -8.731e-16
03503.72 -4.652e-16
03505.42 -6.939e-16
03507.12 -6.912e-16
03508.81 -7.637e-17
03510.51 -4.564e-17
03512.21 -5.671e-16
03513.91 -9.438e-16
03515.60 -1.488e-15
03517.30 -1.754e-15
03519.00 -1.637e-15
03520.70 -1.438e-15
03522.40 -1.166e-15
03524.09 -6.066e-16
03525.79 -2.572e-16
03527.49 -3.007e-16
03529.19 -4.104e-16
03530.88 -4.120e-17
03532.58 2.452e-16
03534.28 3.956e-16
03535.98 6.599e-16
03537.67 8.312e-16
03539.37 6.464e-16
03541.07 3.795e-16
03542.77 -1.454e-16
03544.46 -8.038e-16
03546.16 -9.932e-16
03547.86 -1.001e-15
03549.56 -1.031e-15
03551.25 -7.425e-16
03552.95 -6.500e-16
03554.65 -1.094e-15
03556.35 -1.413e-15
03558.04 -1.412e-15
03559.74 -1.625e-15
03561.44 -1.745e-15
03563.14 -1.381e-15
03564.83 -1.201e-15
03566.53 -1.119e-15
03568.23 -9.807e-16
03569.93 -7.022e-16
03571.62 -6.842e-16
03573.32 -6.239e-16
03575.02 -6.305e-16
03576.72 -6.498e-16
03578.42 -5.207e-16
03580.11 -8.325e-17
03581.81 3.236e-16
03583.51 5.931e-16
03585.21 6.917e-16
03586.90 5.991e-16
03588.60 3.340e-16
03590.30 7.262e-17
03592.00 -8.098e-17
03593.69 -1.657e-16
03595.39 -3.254e-16
03597.09 -2.832e-16
03598.79 -6.093e-17
03600.48 -2.925e-17
03602.18 -2.472e-16
03603.88 -2.054e-16
03605.58 -1.062e-16
03607.27 -1.851e-16
03608.97 -4.952e-16
03610.67 -4.135e-16
03612.37 -2.405e-16
03614.06 -6.426e-16
03615.76 -7.127e-16
03617.46 -2.983e-16
03619.16 -1.952e-16
03620.85 -3.808e-16
03622.55 -2.788e-16
03624.25 -3.792e-16
03625.95 -5.331e-16
03627.65 -6.997e-16
03629.34 -6.289e-16
03631.04 -4.548e-16
03632.74 -5.337e-16
03634.44 -4.535e-16
03636.13 -9.138e-17
03637.83 -1.082e-16
03639.53 9.373e-17
03641.23 6.815e-16
03642.92 8.416e-16
03644.62 7.663e-16
03646.32 8.916e-16
03648.02 7.408e-16
03649.71 1.490e-16
03651.41 -2.002e-16
03653.11 -2.451e-16
03654.81 -7.774e-18
03656.50 4.068e-16
03658.20 7.377e-16
03659.90 8.014e-16
03661.60 6.576e-16
03663.29 6.077e-16
03664.99 5.871e-16
03666.69 4.920e-16
03668.39 5.310e-16
03670.08 5.581e-16
03671.78 2.918e-16
03673.48 -3.570e-17
03675.18 -4.996e-18
03676.87 1.671e-16
03678.57 3.335e-16
03680.27 3.551e-16
03681.97 1.972e-16
03683.67 -1.602e-16
03685.36 -5.226e-16
03687.06 -5.808e-16
03688.76 -5.547e-16
03690.46 -4.725e-16
03692.15 -1.982e-16
03693.85 1.677e-16
03695.55 3.910e-16
03697.25 6.798e-16
03698.94 9.134e-16
03700.64 9.641e-16
03702.34 6.055e-16
03704.04 3.836e-16
03705.73 3.763e-16
03707.43 3.314e-16
03709.13 4.375e-16
03710.83 6.937e-16
03712.52 6.452e-16
03714.22 3.572e-16
03715.92 3.145e-16
03717.62 3.779e-16
03719.31 5.924e-16
03721.01 8.148e-16
03722.71 9.592e-16
03724.41 1.056e-15
03726.10 8.035e-16
03727.80 4.385e-16
03729.50 2.093e-16
03731.20 1.790e-16
03732.89 4.938e-17
03734.59 3.228e-17
03736.29 1.271e-16
03737.99 2.490e-16
03739.69 2.680e-16
03741.38 1.459e-16
03743.08 1.394e-16
03744.78 3.027e-16
03746.48 4.890e-16
03748.17 5.519e-16
03749.87 6.689e-16
03751.57 6.648e-16
03753.27 5.019e-16
03754.96 4.166e-16
03756.66 2.664e-16
03758.36 -1.055e-17
03760.06 1.905e-16
03761.75 5.037e-16
03763.45 2.589e-16
03765.15 2.748e-16
03766.85 9.958e-16
03768.54 1.291e-15
03770.24 1.135e-15
03771.94 1.304e-15
03773.64 1.390e-15
03775.33 1.029e-15
03777.03 7.091e-16
03778.73 5.364e-16
03780.43 4.865e-16
03782.12 8.059e-16
03783.82 1.063e-15
03785.52 1.069e-15
03787.22 1.323e-15
03788.91 1.632e-15
03790.61 1.501e-15
03792.31 1.229e-15
03794.01 1.209e-15
03795.71 1.369e-15
03797.40 1.448e-15
03799.10 1.292e-15
03800.80 1.104e-15
03802.50 9.656e-16
03804.19 7.183e-16
03805.89 5.136e-16
03807.59 5.857e-16
03809.29 8.777e-16
03810.98 9.845e-16
03812.68 9.170e-16
03814.38 8.274e-16
03816.08 7.825e-16
03817.77 7.386e-16
03819.47 8.970e-16
03821.17 1.072e-15
03822.87 1.300e-15
03824.56 1.456e-15
03826.26 1.548e-15
03827.96 1.580e-15
03829.66 1.494e-15
03831.35 1.422e-15
03833.05 1.488e-15
03834.75 1.229e-15
03836.45 8.446e-16
03838.14 8.770e-16
03839.84 8.999e-16
03841.54 7.524e-16
03843.24 1.020e-15
03844.93 1.490e-15
03846.63 1.490e-15
03848.33 1.389e-15
03850.03 1.418e-15
03851.73 1.341e-15
03853.42 1.138e-15
03855.12 1.240e-15
03856.82 1.529e-15
03858.52 1.625e-15
03860.21 1.723e-15
03861.91 1.881e-15
03863.61 1.896e-15
03865.31 1.774e-15
03867.00 1.676e-15
03868.70 1.599e-15
03870.40 1.376e-15
03872.10 1.105e-15
03873.79 1.049e-15
03875.49 1.218e-15
03877.19 1.253e-15
03878.89 1.212e-15
03880.58 1.298e-15
03882.28 1.293e-15
03883.98 1.098e-15
03885.68 1.072e-15
03887.37 1.381e-15
03889.07 1.679e-15
03890.77 1.977e-15
03892.47 2.319e-15
03894.16 2.527e-15
03895.86 2.528e-15
03897.56 2.581e-15
03899.26 2.602e-15
03900.96 2.469e-15
03902.65 2.349e-15
03904.35 2.329e-15
03906.05 2.113e-15
03907.75 1.785e-15
03909.44 1.845e-15
03911.14 2.054e-15
03912.84 2.132e-15
03914.54 2.224e-15
03916.23 2.303e-15
03917.93 2.387e-15
03919.63 2.377e-15
03921.33 2.287e-15
03923.02 2.454e-15
03924.72 2.690e-15
03926.42 2.525e-15
03928.12 2.323e-15
03929.81 2.320e-15
03931.51 2.374e-15
03933.21 2.417e-15
03934.91 2.357e-15
03936.60 2.332e-15
03938.30 2.476e-15
03940.00 2.300e-15
03941.70 1.760e-15
03943.39 1.710e-15
03945.09 2.019e-15
03946.79 2.043e-15
03948.49 2.147e-15
03950.18 2.516e-15
03951.88 2.766e-15
03953.58 2.773e-15
03955.28 2.848e-15
03956.98 2.858e-15
03958.67 2.701e-15
03960.37 2.412e-15
03962.07 2.129e-15
03963.77 1.887e-15
03965.46 1.788e-15
03967.16 2.002e-15
03968.86 2.199e-15
03970.56 2.157e-15
03972.25 2.199e-15
03973.95 2.395e-15
03975.65 2.447e-15
03977.35 2.288e-15
03979.04 2.248e-15
03980.74 2.320e-15
03982.44 2.067e-15
03984.14 1.701e-15
03985.83 1.771e-15
03987.53 2.157e-15
03989.23 2.230e-15
03990.93 2.121e-15
03992.62 2.297e-15
03994.32 2.461e-15
03996.02 2.272e-15
03997.72 2.110e-15
03999.41 2.361e-15
04001.11 2.336e-15
04002.81 2.107e-15
04004.51 2.150e-15
04006.20 2.140e-15
04007.90 2.102e-15
04009.60 2.315e-15
04011.30 2.536e-15
04013.00 2.478e-15
04014.69 2.594e-15
04016.39 2.666e-15
04018.09 2.499e-15
04019.79 2.367e-15
04021.48 2.338e-15
04023.18 2.139e-15
04024.88 1.861e-15
04026.58 1.944e-15
04028.27 2.115e-15
04029.97 2.091e-15
04031.67 2.004e-15
04033.37 1.973e-15
04035.06 1.883e-15
04036.76 1.848e-15
04038.46 2.010e-15
04040.16 2.171e-15
04041.85 2.249e-15
04043.55 2.347e-15
04045.25 2.212e-15
04046.95 1.983e-15
04048.64 2.004e-15
04050.34 1.967e-15
04052.04 1.844e-15
04053.74 1.911e-15
04055.43 1.901e-15
04057.13 1.807e-15
04058.83 1.883e-15
04060.53 1.813e-15
04062.22 1.592e-15
04063.92 1.480e-15
04065.62 1.517e-15
04067.32 1.574e-15
04069.02 1.641e-15
04070.71 1.812e-15
04072.41 1.989e-15
04074.11 2.036e-15
04075.81 2.025e-15
04077.50 1.914e-15
04079.20 1.725e-15
04080.90 1.552e-15
04082.60 1.427e-15
04084.29 1.392e-15
04085.99 1.409e-15
04087.69 1.519e-15
04089.39 1.811e-15
04091.08 2.086e-15
04092.78 2.198e-15
04094.48 2.286e-15
04096.18 2.212e-15
04097.87 2.069e-15
04099.57 1.994e-15
04101.27 1.813e-15
04102.97 1.711e-15
04104.66 1.775e-15
04106.36 1.587e-15
04108.06 1.241e-15
04109.76 1.258e-15
04111.45 1.402e-15
04113.15 1.577e-15
04114.85 2.065e-15
04116.55 2.539e-15
04118.24 2.704e-15
04119.94 2.632e-15
04121.64 2.399e-15
04123.34 2.117e-15
04125.04 1.816e-15
04126.73 1.537e-15
04128.43 1.369e-15
04130.13 1.154e-15
04131.83 1.053e-15
04133.52 1.072e-15
04135.22 1.060e-15
04136.92 1.144e-15
04138.62 1.268e-15
04140.31 1.113e-15
04142.01 1.005e-15
04143.71 1.161e-15
04145.41 1.253e-15
04147.10 1.345e-15
04148.80 1.509e-15
04150.50 1.678e-15
04152.20 1.643e-15
04153.89 1.559e-15
04155.59 1.535e-15
04157.29 1.553e-15
04158.99 1.559e-15
04160.68 1.507e-15
04162.38 1.484e-15
04164.08 1.574e-15
04165.78 1.518e-15
04167.47 1.279e-15
04169.17 1.243e-15
04170.87 1.319e-15
04172.57 1.342e-15
04174.26 1.484e-15
04175.96 1.739e-15
04177.66 1.846e-15
04179.36 1.911e-15
04181.06 1.885e-15
04182.75 1.723e-15
04184.45 1.560e-15
04186.15 1.379e-15
04187.85 1.060e-15
04189.54 9.150e-16
04191.24 9.737e-16
04192.94 1.128e-15
04194.64 1.463e-15
04196.33 1.815e-15
04198.03 2.114e-15
04199.73 2.345e-15
04201.43 2.431e-15
04203.12 2.336e-15
04204.82 2.198e-15
04206.52 1.903e-15
04208.22 1.637e-15
04209.91 1.555e-15
04211.61 1.556e-15
04213.31 1.499e-15
04215.01 1.531e-15
04216.70 1.568e-15
04218.40 1.502e-15
04220.10 1.431e-15
04221.80 1.490e-15
04223.49 1.590e-15
04225.19 1.594e-15
04226.89 1.592e-15
04228.59 1.567e-15
04230.29 1.570e-15
04231.98 1.591e-15
04233.68 1.674e-15
04235.38 1.685e-15
04237.08 1.689e-15
04238.77 1.720e-15
04240.47 1.651e-15
04242.17 1.556e-15
04243.87 1.486e-15
04245.56 1.532e-15
04247.26 1.643e-15
04248.96 1.766e-15
04250.66 1.855e-15
04252.35 1.767e-15
04254.05 1.581e-15
04255.75 1.568e-15
04257.45 1.603e-15
04259.14 1.545e-15
04260.84 1.662e-15
04262.54 1.831e-15
04264.24 1.647e-15
04265.93 1.343e-15
04267.63 1.212e-15
04269.33 1.029e-15
04271.03 9.321e-16
04272.72 1.060e-15
04274.42 1.158e-15
04276.12 1.286e-15
04277.82 1.446e-15
04279.51 1.365e-15
04281.21 1.222e-15
04282.91 1.261e-15
04284.61 1.224e-15
04286.31 1.161e-15
04288.00 1.265e-15
04289.70 1.373e-15
04291.40 1.384e-15
04293.10 1.395e-15
04294.79 1.491e-15
04296.49 1.566e-15
04298.19 1.618e-15
04299.89 1.594e-15
04301.58 1.504e-15
04303.28 1.462e-15
04304.98 1.407e-15
04306.68 1.286e-15
04308.37 1.332e-15
04310.07 1.600e-15
04311.77 1.850e-15
04313.47 1.956e-15
04315.16 1.958e-15
04316.86 1.902e-15
04318.56 1.726e-15
04320.26 1.579e-15
04321.95 1.606e-15
04323.65 1.602e-15
04325.35 1.512e-15
04327.05 1.461e-15
04328.74 1.371e-15
04330.44 1.272e-15
04332.14 1.264e-15
04333.84 1.297e-15
04335.53 1.209e-15
04337.23 1.231e-15
04338.93 1.453e-15
04340.63 1.448e-15
04342.33 1.179e-15
04344.02 1.230e-15
04345.72 1.235e-15
04347.42 8.677e-16
04349.12 8.910e-16
04350.81 1.294e-15
04352.51 1.494e-15
04354.21 1.536e-15
04355.91 1.584e-15
04357.60 1.428e-15
04359.30 1.157e-15
04361.00 8.451e-16
04362.70 6.848e-16
04364.39 7.004e-16
04366.09 7.468e-16
04367.79 9.646e-16
04369.49 1.138e-15
04371.18 1.105e-15
04372.88 1.122e-15
04374.58 1.321e-15
04376.28 1.320e-15
04377.97 1.137e-15
04379.67 1.125e-15
04381.37 1.079e-15
04383.07 8.722e-16
04384.76 7.742e-16
04386.46 8.475e-16
04388.16 9.950e-16
04389.86 1.202e-15
04391.55 1.406e-15
04393.25 1.614e-15
04394.95 1.853e-15
04396.65 1.927e-15
04398.35 1.853e-15
04400.04 1.870e-15
04401.74 1.749e-15
04403.44 1.487e-15
04405.14 1.289e-15
04406.83 1.294e-15
04408.53 1.450e-15
04410.23 1.570e-15
04411.93 1.592e-15
04413.62 1.431e-15
04415.32 1.145e-15
04417.02 7.376e-16
04418.72 3.368e-16
04420.41 2.275e-16
04422.11 4.451e-16
04423.81 6.750e-16
04425.51 9.074e-16
04427.20 1.260e-15
04428.90 1.551e-15
04430.60 1.692e-15
04432.30 1.642e-15
04433.99 1.498e-15
04435.69 1.573e-15
04437.39 1.569e-15
04439.09 1.235e-15
04440.78 1.139e-15
04442.48 1.477e-15
04444.18 1.629e-15
04445.88 1.569e-15
04447.57 1.841e-15
04449.27 2.160e-15
04450.97 2.091e-15
04452.67 2.013e-15
04454.37 2.192e-15
04456.06 2.336e-15
04457.76 2.412e-15
04459.46 2.438e-15
04461.16 2.433e-15
04462.85 2.588e-15
04464.55 2.605e-15
04466.25 2.291e-15
04467.95 1.990e-15
04469.64 1.776e-15
04471.34 1.643e-15
04473.04 1.620e-15
04474.74 1.606e-15
04476.43 1.706e-15
04478.13 1.896e-15
04479.83 1.819e-15
04481.53 1.670e-15
04483.22 1.667e-15
04484.92 1.482e-15
04486.62 1.172e-15
04488.32 1.104e-15
04490.01 1.131e-15
04491.71 1.045e-15
04493.41 1.160e-15
04495.11 1.386e-15
04496.80 1.496e-15
04498.50 1.726e-15
04500.20 2.095e-15
04501.90 2.156e-15
04503.59 2.025e-15
04505.29 1.960e-15
04506.99 1.795e-15
04508.69 1.685e-15
04510.39 1.773e-15
04512.08 1.875e-15
04513.78 1.902e-15
04515.48 1.911e-15
04517.18 1.860e-15
04518.87 1.850e-15
04520.57 1.885e-15
04522.27 1.815e-15
04523.97 1.745e-15
04525.66 1.798e-15
04527.36 1.865e-15
04529.06 1.924e-15
04530.76 1.967e-15
04532.45 1.979e-15
04534.15 1.930e-15
04535.85 1.793e-15
04537.55 1.735e-15
04539.24 1.830e-15
04540.94 1.901e-15
04542.64 1.842e-15
04544.34 1.744e-15
04546.03 1.612e-15
04547.73 1.377e-15
04549.43 1.210e-15
04551.13 1.359e-15
04552.82 1.619e-15
04554.52 1.892e-15
04556.22 2.305e-15
04557.92 2.590e-15
04559.62 2.508e-15
04561.31 2.333e-15
04563.01 2.259e-15
04564.71 2.216e-15
04566.41 2.203e-15
04568.10 2.248e-15
04569.80 2.458e-15
04571.50 2.528e-15
04573.20 2.338e-15
04574.89 2.206e-15
04576.59 2.197e-15
04578.29 2.180e-15
04579.99 2.169e-15
04581.68 2.234e-15
04583.38 2.255e-15
04585.08 2.241e-15
04586.78 2.264e-15
04588.47 2.237e-15
04590.17 2.098e-15
04591.87 2.083e-15
04593.57 2.144e-15
04595.26 2.029e-15
04596.96 1.899e-15
04598.66 1.916e-15
04600.36 1.991e-15
04602.05 2.076e-15
04603.75 2.220e-15
04605.45 2.417e-15
04607.15 2.623e-15
04608.84 2.648e-15
04610.54 2.560e-15
04612.24 2.531e-15
04613.94 2.503e-15
04615.64 2.416e-15
04617.33 2.366e-15
04619.03 2.437e-15
04620.73 2.355e-15
04622.43 2.220e-15
04624.12 2.291e-15
04625.82 2.355e-15
04627.52 2.378e-15
04629.22 2.571e-15
04630.91 2.828e-15
04632.61 2.829e-15
04634.31 2.693e-15
04636.01 2.480e-15
04637.70 2.169e-15
04639.40 1.861e-15
04641.10 1.645e-15
04642.80 1.625e-15
04644.49 1.787e-15
04646.19 2.073e-15
04647.89 2.269e-15
04649.59 2.416e-15
04651.28 2.487e-15
04652.98 2.283e-15
04654.68 1.937e-15
04656.38 1.706e-15
04658.07 1.584e-15
04659.77 1.524e-15
04661.47 1.479e-15
04663.17 1.470e-15
04664.86 1.491e-15
04666.56 1.489e-15
04668.26 1.507e-15
04669.96 1.611e-15
04671.66 1.565e-15
04673.35 1.406e-15
04675.05 1.424e-15
04676.75 1.461e-15
04678.45 1.429e-15
04680.14 1.506e-15
04681.84 1.690e-15
04683.54 1.672e-15
04685.24 1.624e-15
04686.93 1.631e-15
04688.63 1.656e-15
04690.33 1.685e-15
04692.03 1.803e-15
04693.72 1.807e-15
04695.42 1.849e-15
04697.12 1.988e-15
04698.82 2.008e-15
04700.51 1.964e-15
04702.21 1.885e-15
04703.91 1.715e-15
04705.61 1.417e-15
04707.30 1.702e-15
04709.00 2.804e-15
04710.70 3.498e-15
04712.40 3.544e-15
04714.09 3.529e-15
04715.79 2.983e-15
04717.49 1.843e-15
04719.19 1.245e-15
04720.88 1.199e-15
04722.58 1.067e-15
04724.28 1.020e-15
04725.98 8.190e-16
04727.68 6.858e-16
04729.37 8.923e-16
04731.07 1.243e-15
04732.77 1.456e-15
04734.47 1.561e-15
04736.16 1.461e-15
04737.86 1.117e-15
04739.56 9.685e-16
04741.26 1.097e-15
04742.95 1.113e-15
04744.65 1.050e-15
04746.35 1.056e-15
04748.05 9.212e-16
04749.74 6.241e-16
04751.44 4.501e-16
04753.14 5.144e-16
04754.84 5.327e-16
04756.53 5.962e-16
04758.23 8.176e-16
04759.93 1.059e-15
04761.63 1.154e-15
04763.32 1.327e-15
04765.02 1.544e-15
04766.72 1.566e-15
04768.42 1.536e-15
04770.11 1.501e-15
04771.81 1.433e-15
04773.51 1.367e-15
04775.21 1.268e-15
04776.90 1.185e-15
04778.60 1.111e-15
04780.30 1.023e-15
04782.00 8.699e-16
04783.70 6.767e-16
04785.39 5.144e-16
04787.09 4.834e-16
04788.79 6.395e-16
04790.49 8.124e-16
04792.18 8.914e-16
04793.88 9.421e-16
04795.58 1.044e-15
04797.28 1.121e-15
04798.97 1.150e-15
04800.67 1.033e-15
04802.37 9.023e-16
04804.07 9.576e-16
04805.76 1.084e-15
04807.46 1.108e-15
04809.16 1.125e-15
04810.86 1.174e-15
04812.55 1.154e-15
04814.25 1.076e-15
04815.95 9.555e-16
04817.65 8.320e-16
04819.34 7.387e-16
04821.04 7.069e-16
04822.74 7.246e-16
04824.44 7.869e-16
04826.13 8.146e-16
04827.83 7.957e-16
04829.53 9.036e-16
04831.23 1.060e-15
04832.92 1.152e-15
04834.62 1.174e-15
04836.32 1.183e-15
04838.02 1.191e-15
04839.72 1.253e-15
04841.41 1.301e-15
04843.11 1.221e-15
04844.81 1.138e-15
04846.51 1.164e-15
04848.20 1.230e-15
04849.90 1.225e-15
04851.60 1.195e-15
04853.30 1.075e-15
04854.99 9.802e-16
04856.69 1.027e-15
04858.39 1.198e-15
04860.09 1.309e-15
04861.78 1.308e-15
04863.48 1.169e-15
04865.18 9.902e-16
04866.88 9.214e-16
04868.57 1.015e-15
04870.27 1.180e-15
04871.97 1.260e-15
04873.67 1.218e-15
04875.36 1.083e-15
04877.06 9.892e-16
04878.76 9.708e-16
04880.46 9.370e-16
04882.15 8.948e-16
04883.85 9.287e-16
04885.55 9.598e-16
04887.25 9.136e-16
04888.95 9.543e-16
04890.64 1.015e-15
04892.34 9.284e-16
04894.04 7.766e-16
04895.74 7.200e-16
04897.43 6.566e-16
04899.13 5.811e-16
04900.83 6.405e-16
04902.53 7.796e-16
04904.22 8.756e-16
04905.92 1.054e-15
04907.62 1.265e-15
04909.32 1.206e-15
04911.01 1.206e-15
04912.71 1.187e-15
04914.41 1.224e-15
04916.11 1.151e-15
04917.80 1.153e-15
04919.50 1.088e-15
04921.20 1.121e-15
04922.90 1.202e-15
04924.59 1.206e-15
04926.29 1.069e-15
04927.99 1.089e-15
04929.69 1.404e-15
04931.38 1.677e-15
04933.08 1.699e-15
04934.78 1.557e-15
04936.48 1.349e-15
04938.17 1.098e-15
04939.87 9.258e-16
04941.57 8.288e-16
04943.27 8.334e-16
04944.97 9.890e-16
04946.66 1.212e-15
04948.36 1.430e-15
04950.06 1.523e-15
04951.76 1.411e-15
04953.45 1.238e-15
04955.15 1.195e-15
04956.85 1.136e-15
04958.55 1.088e-15
04960.24 1.134e-15
04961.94 1.163e-15
04963.64 1.207e-15
04965.34 1.373e-15
04967.03 1.458e-15
04968.73 1.394e-15
04970.43 1.336e-15
04972.13 1.300e-15
04973.82 1.256e-15
04975.52 1.299e-15
04977.22 1.313e-15
04978.92 1.225e-15
04980.61 1.142e-15
04982.31 1.159e-15
04984.01 1.231e-15
04985.71 1.257e-15
04987.40 1.187e-15
04989.10 1.166e-15
04990.80 1.219e-15
04992.50 1.286e-15
04994.19 1.347e-15
04995.89 1.342e-15
04997.59 1.159e-15
04999.29 1.003e-15
05000.99 9.943e-16
05002.68 1.032e-15
05004.38 1.113e-15
05006.08 1.250e-15
05007.78 1.311e-15
05009.47 1.242e-15
05011.17 1.096e-15
05012.87 9.692e-16
05014.57 9.402e-16
05016.26 1.020e-15
05017.96 1.084e-15
05019.66 1.112e-15
05021.36 1.177e-15
05023.05 1.269e-15
05024.75 1.303e-15
05026.45 1.293e-15
05028.15 1.388e-15
05029.84 1.433e-15
05031.54 1.279e-15
05033.24 1.194e-15
05034.94 1.292e-15
05036.63 1.257e-15
05038.33 1.153e-15
05040.03 1.181e-15
05041.73 1.265e-15
05043.42 1.274e-15
05045.12 1.230e-15
05046.82 1.184e-15
05048.52 1.239e-15
05050.21 1.313e-15
05051.91 1.251e-15
05053.61 1.137e-15
05055.31 1.021e-15
05057.01 8.461e-16
05058.70 7.469e-16
05060.40 8.140e-16
05062.10 9.334e-16
05063.80 1.015e-15
05065.49 1.131e-15
05067.19 1.261e-15
05068.89 1.393e-15
05070.59 1.446e-15
05072.28 1.328e-15
05073.98 1.335e-15
05075.68 1.335e-15
05077.38 1.220e-15
05079.07 1.318e-15
05080.77 1.320e-15
05082.47 1.277e-15
05084.17 1.440e-15
05085.86 1.411e-15
05087.56 1.382e-15
05089.26 1.353e-15
05090.96 1.324e-15
05092.65 1.295e-15
05094.35 1.266e-15
05096.05 1.237e-15
05097.75 1.400e-15
05099.44 1.449e-15
05101.14 1.430e-15
05102.84 1.414e-15
05104.54 1.400e-15
05106.23 1.370e-15
05107.93 1.461e-15
05109.63 1.459e-15
05111.33 1.274e-15
05113.03 1.176e-15
05114.72 1.145e-15
05116.42 1.104e-15
05118.12 1.211e-15
05119.82 1.388e-15
05121.51 1.399e-15
05123.21 1.395e-15
05124.91 1.425e-15
05126.61 1.385e-15
05128.30 1.348e-15
05130.00 1.461e-15
05131.70 1.626e-15
05133.40 1.548e-15
05135.09 1.256e-15
05136.79 1.084e-15
05138.49 1.051e-15
05140.19 1.053e-15
05141.88 1.210e-15
05143.58 1.324e-15
05145.28 1.251e-15
05146.98 1.155e-15
05148.67 1.113e-15
05150.37 1.139e-15
05152.07 1.227e-15
05153.77 1.324e-15
05155.46 1.342e-15
05157.16 1.370e-15
05158.86 1.435e-15
05160.56 1.600e-15
05162.25 1.712e-15
05163.95 1.713e-15
05165.65 1.584e-15
05167.35 1.440e-15
05169.05 1.377e-15
05170.74 1.392e-15
05172.44 1.504e-15
05174.14 1.624e-15
05175.84 1.711e-15
05177.53 1.716e-15
05179.23 1.605e-15
05180.93 1.539e-15
05182.63 1.557e-15
05184.32 1.381e-15
05186.02 1.072e-15
05187.72 1.024e-15
05189.42 1.150e-15
05191.11 1.308e-15
05192.81 1.604e-15
05194.51 1.852e-15
05196.21 1.860e-15
05197.90 1.762e-15
05199.60 1.636e-15
05201.30 1.400e-15
05203.00 1.296e-15
05204.69 1.425e-15
05206.39 1.589e-15
05208.09 1.745e-15
05209.79 1.987e-15
05211.48 2.152e-15
05213.18 2.115e-15
05214.88 2.002e-15
05216.58 1.909e-15
05218.28 1.788e-15
05219.97 1.639e-15
05221.67 1.546e-15
05223.37 1.420e-15
05225.07 1.308e-15
05226.76 1.316e-15
05228.46 1.425e-15
05230.16 1.524e-15
05231.86 1.628e-15
05233.55 1.607e-15
05235.25 1.468e-15
05236.95 1.430e-15
05238.65 1.556e-15
05240.34 1.748e-15
05242.04 1.770e-15
05243.74 1.625e-15
05245.44 1.532e-15
05247.13 1.498e-15
05248.83 1.443e-15
05250.53 1.451e-15
05252.23 1.467e-15
05253.92 1.487e-15
05255.62 1.567e-15
05257.32 1.726e-15
05259.02 1.861e-15
05260.71 1.913e-15
05262.41 1.834e-15
05264.11 1.759e-15
05265.81 1.634e-15
05267.50 1.540e-15
05269.20 1.556e-15
05270.90 1.597e-15
05272.60 1.593e-15
05274.30 1.592e-15
05275.99 1.676e-15
05277.69 1.650e-15
05279.39 1.531e-15
05281.09 1.365e-15
05282.78 1.305e-15
05284.48 1.356e-15
05286.18 1.508e-15
05287.88 1.684e-15
05289.57 1.808e-15
05291.27 1.916e-15
05292.97 1.960e-15
05294.67 1.973e-15
05296.36 1.931e-15
05298.06 1.837e-15
05299.76 1.780e-15
05301.46 1.756e-15
05303.15 1.765e-15
05304.85 1.717e-15
05306.55 1.674e-15
05308.25 1.675e-15
05309.94 1.711e-15
05311.64 1.650e-15
05313.34 1.647e-15
05315.04 1.839e-15
05316.73 1.875e-15
05318.43 1.756e-15
05320.13 1.795e-15
05321.83 1.856e-15
05323.52 1.755e-15
05325.22 1.746e-15
05326.92 1.903e-15
05328.62 2.023e-15
05330.32 2.018e-15
05332.01 1.881e-15
05333.71 1.756e-15
05335.41 1.629e-15
05337.11 1.556e-15
05338.80 1.624e-15
05340.50 1.699e-15
05342.20 1.665e-15
05343.90 1.705e-15
05345.59 1.802e-15
05347.29 1.821e-15
05348.99 1.816e-15
05350.69 1.788e-15
05352.38 1.753e-15
05354.08 1.736e-15
05355.78 1.726e-15
05357.48 1.703e-15
05359.17 1.745e-15
05360.87 1.849e-15
05362.57 1.945e-15
05364.27 2.013e-15
05365.96 2.132e-15
05367.66 2.124e-15
05369.36 1.927e-15
05371.06 1.771e-15
05372.75 1.774e-15
05374.45 1.908e-15
05376.15 2.045e-15
05377.85 2.128e-15
05379.54 2.113e-15
05381.24 2.070e-15
05382.94 2.007e-15
05384.64 2.028e-15
05386.34 2.053e-15
05388.03 2.090e-15
05389.73 2.054e-15
05391.43 1.955e-15
05393.13 1.818e-15
05394.82 1.673e-15
05396.52 1.483e-15
05398.22 1.394e-15
05399.92 1.283e-15
05401.61 1.212e-15
05403.31 1.317e-15
05405.01 1.499e-15
05406.71 1.603e-15
05408.40 1.591e-15
05410.10 1.527e-15
05411.80 1.531e-15
05413.50 1.531e-15
05415.19 1.482e-15
05416.89 1.484e-15
05418.59 1.491e-15
05420.29 1.434e-15
05421.98 1.409e-15
05423.68 1.400e-15
05425.38 1.408e-15
05427.08 1.396e-15
05428.77 1.359e-15
05430.47 1.321e-15
05432.17 1.287e-15
05433.87 1.307e-15
05435.56 1.470e-15
05437.26 1.602e-15
05438.96 1.619e-15
05440.66 1.675e-15
05442.36 1.763e-15
05444.05 1.702e-15
05445.75 1.566e-15
05447.45 1.492e-15
05449.15 1.453e-15
05450.84 1.483e-15
05452.54 1.650e-15
05454.24 1.871e-15
05455.94 1.944e-15
05457.63 1.909e-15
05459.33 1.895e-15
05461.03 1.789e-15
05462.73 1.609e-15
05464.42 1.631e-15
05466.12 1.741e-15
05467.82 1.672e-15
05469.52 1.579e-15
05471.21 1.563e-15
05472.91 1.523e-15
05474.61 1.432e-15
05476.31 1.416e-15
05478.00 1.444e-15
05479.70 1.569e-15
05481.40 1.697e-15
05483.10 1.761e-15
05484.79 1.700e-15
05486.49 1.613e-15
05488.19 1.517e-15
05489.89 1.481e-15
05491.59 1.438e-15
05493.28 1.417e-15
05494.98 1.527e-15
05496.68 1.642e-15
05498.38 1.718e-15
05500.07 1.756e-15
05501.77 1.720e-15
05503.47 1.631e-15
05505.17 1.645e-15
05506.86 1.607e-15
05508.56 1.504e-15
05510.26 1.591e-15
05511.96 1.582e-15
05513.65 1.408e-15
05515.35 1.267e-15
05517.05 1.216e-15
05518.75 1.121e-15
05520.44 1.148e-15
05522.14 1.201e-15
05523.84 1.195e-15
05525.54 1.223e-15
05527.23 1.341e-15
05528.93 1.479e-15
05530.63 1.655e-15
05532.33 1.892e-15
05534.02 2.016e-15
05535.72 1.939e-15
05537.42 1.765e-15
05539.12 1.609e-15
05540.81 1.479e-15
05542.51 1.367e-15
05544.21 1.268e-15
05545.91 1.332e-15
05547.61 1.409e-15
05549.30 1.424e-15
05551.00 1.488e-15
05552.70 1.491e-15
05554.40 1.379e-15
05556.09 1.445e-15
05557.79 1.573e-15
05559.49 1.585e-15
05561.19 1.594e-15
05562.88 1.634e-15
05564.58 1.564e-15
05566.28 1.446e-15
05567.98 1.382e-15
05569.67 1.491e-15
05571.37 1.630e-15
05573.07 1.679e-15
05574.77 1.613e-15
05576.46 1.551e-15
05578.16 1.397e-15
05579.86 1.181e-15
05581.56 1.123e-15
05583.25 1.302e-15
05584.95 1.474e-15
05586.65 1.441e-15
05588.35 1.474e-15
05590.04 1.603e-15
05591.74 1.714e-15
05593.44 1.638e-15
05595.14 1.641e-15
05596.83 1.545e-15
05598.53 1.334e-15
05600.23 1.143e-15
05601.93 1.048e-15
05603.63 9.894e-16
05605.32 1.016e-15
05607.02 9.432e-16
05608.72 7.597e-16
05610.42 7.877e-16
05612.11 9.438e-16
05613.81 9.800e-16
05615.51 1.032e-15
05617.21 1.166e-15
05618.90 1.221e-15
05620.60 1.179e-15
05622.30 1.180e-15
05624.00 1.234e-15
05625.69 1.238e-15
05627.39 1.241e-15
05629.09 1.286e-15
05630.79 1.377e-15
05632.48 1.416e-15
05634.18 1.441e-15
05635.88 1.379e-15
05637.58 1.365e-15
05639.27 1.407e-15
05640.97 1.353e-15
05642.67 1.388e-15
05644.37 1.565e-15
05646.06 1.689e-15
05647.76 1.610e-15
05649.46 1.499e-15
05651.16 1.385e-15
05652.85 1.320e-15
05654.55 1.168e-15
05656.25 1.067e-15
05657.95 9.981e-16
05659.65 9.756e-16
05661.34 1.003e-15
05663.04 1.089e-15
05664.74 1.136e-15
05666.44 1.149e-15
05668.13 1.229e-15
05669.83 1.313e-15
05671.53 1.494e-15
05673.23 1.614e-15
05674.92 1.546e-15
05676.62 1.373e-15
05678.32 1.169e-15
05680.02 1.019e-15
05681.71 9.781e-16
05683.41 1.035e-15
05685.11 9.503e-16
05686.81 9.835e-16
05688.50 1.030e-15
05690.20 9.869e-16
05691.90 1.040e-15
05693.60 1.248e-15
05695.29 1.494e-15
05696.99 1.633e-15
05698.69 1.644e-15
05700.39 1.590e-15
05702.08 1.567e-15
05703.78 1.435e-15
05705.48 1.299e-15
05707.18 1.368e-15
05708.87 1.517e-15
05710.57 1.473e-15
05712.27 1.316e-15
05713.97 1.216e-15
05715.67 1.172e-15
05717.36 1.144e-15
05719.06 1.202e-15
05720.76 1.350e-15
05722.46 1.494e-15
05724.15 1.421e-15
05725.85 1.283e-15
05727.55 1.244e-15
05729.25 1.248e-15
05730.94 1.196e-15
05732.64 1.330e-15
05734.34 1.470e-15
05736.04 1.412e-15
05737.73 1.348e-15
05739.43 1.369e-15
05741.13 1.462e-15
05742.83 1.711e-15
05744.52 1.813e-15
05746.22 1.679e-15
05747.92 1.554e-15
05749.62 1.442e-15
05751.31 1.295e-15
05753.01 1.310e-15
05754.71 1.571e-15
05756.41 1.842e-15
05758.10 1.912e-15
05759.80 1.752e-15
05761.50 1.467e-15
05763.20 1.137e-15
05764.89 1.049e-15
05766.59 1.127e-15
05768.29 1.263e-15
05769.99 1.538e-15
05771.69 1.720e-15
05773.38 1.661e-15
05775.08 1.536e-15
05776.78 1.448e-15
05778.48 1.416e-15
05780.17 1.513e-15
05781.87 1.664e-15
05783.57 1.775e-15
05785.27 1.784e-15
05786.96 1.795e-15
05788.66 1.731e-15
05790.36 1.615e-15
05792.06 1.523e-15
05793.75 1.543e-15
05795.45 1.494e-15
05797.15 1.559e-15
05798.85 1.585e-15
05800.54 1.613e-15
05802.24 1.598e-15
05803.94 1.628e-15
05805.64 1.748e-15
05807.33 2.009e-15
05809.03 2.083e-15
05810.73 1.960e-15
05812.43 1.792e-15
05814.12 1.636e-15
05815.82 1.479e-15
05817.52 1.451e-15
05819.22 1.400e-15
05820.92 1.388e-15
05822.61 1.468e-15
05824.31 1.430e-15
05826.01 1.418e-15
05827.71 1.468e-15
05829.40 1.544e-15
05831.10 1.513e-15
05832.80 1.603e-15
05834.50 1.532e-15
05836.19 1.437e-15
05837.89 1.485e-15
05839.59 1.545e-15
05841.29 1.471e-15
05842.98 1.646e-15
05844.68 1.825e-15
05846.38 1.855e-15
05848.08 1.939e-15
05849.77 2.213e-15
05851.47 2.188e-15
05853.17 1.940e-15
05854.87 1.852e-15
05856.56 1.893e-15
05858.26 1.812e-15
05859.96 1.813e-15
05861.66 1.847e-15
05863.35 1.895e-15
05865.05 1.844e-15
05866.75 1.751e-15
05868.45 1.616e-15
05870.14 1.771e-15
05871.84 1.966e-15
05873.54 2.054e-15
05875.24 2.221e-15
05876.94 2.368e-15
05878.63 2.378e-15
05880.33 2.206e-15
05882.03 2.130e-15
05883.73 2.058e-15
05885.42 1.918e-15
05887.12 1.852e-15
05888.82 1.803e-15
05890.52 1.753e-15
05892.21 1.803e-15
05893.91 2.020e-15
05895.61 1.945e-15
05897.31 1.932e-15
05899.00 2.128e-15
05900.70 2.173e-15
05902.40 1.966e-15
05904.10 2.106e-15
05905.79 2.239e-15
05907.49 2.089e-15
05909.19 2.040e-15
05910.89 2.108e-15
05912.58 1.869e-15
05914.28 1.695e-15
05915.98 1.653e-15
05917.68 1.646e-15
05919.37 1.499e-15
05921.07 1.575e-15
05922.77 1.680e-15
05924.47 1.832e-15
05926.16 1.835e-15
05927.86 1.886e-15
05929.56 1.971e-15
05931.26 1.976e-15
05932.96 1.884e-15
05934.65 1.786e-15
05936.35 1.606e-15
05938.05 1.638e-15
05939.75 1.816e-15
05941.44 1.809e-15
05943.14 1.662e-15
05944.84 1.762e-15
05946.54 1.774e-15
05948.23 1.570e-15
05949.93 1.471e-15
05951.63 1.560e-15
05953.33 1.527e-15
05955.02 1.420e-15
05956.72 1.311e-15
05958.42 9.950e-16
05960.12 8.321e-16
05961.81 1.065e-15
05963.51 1.283e-15
05965.21 1.398e-15
05966.91 1.622e-15
05968.60 1.628e-15
05970.30 1.353e-15
05972.00 1.346e-15
05973.70 1.519e-15
05975.39 1.685e-15
05977.09 1.696e-15
05978.79 1.795e-15
05980.49 1.647e-15
05982.18 1.615e-15
05983.88 1.518e-15
05985.58 1.387e-15
05987.28 1.292e-15
05988.98 1.336e-15
05990.67 1.493e-15
05992.37 1.630e-15
05994.07 1.677e-15
05995.77 1.631e-15
05997.46 1.526e-15
05999.16 1.452e-15
06000.86 1.443e-15
06002.56 1.433e-15
06004.25 1.387e-15
06005.95 1.323e-15
06007.65 1.267e-15
06009.35 1.273e-15
06011.04 1.369e-15
06012.74 1.500e-15
06014.44 1.610e-15
06016.14 1.644e-15
06017.83 1.570e-15
06019.53 1.460e-15
06021.23 1.389e-15
06022.93 1.367e-15
06024.62 1.391e-15
06026.32 1.428e-15
06028.02 1.436e-15
06029.72 1.440e-15
06031.41 1.476e-15
06033.11 1.482e-15
06034.81 1.367e-15
06036.51 1.224e-15
06038.20 1.211e-15
06039.90 1.307e-15
06041.60 1.410e-15
06043.30 1.476e-15
06045.00 1.486e-15
06046.69 1.456e-15
06048.39 1.429e-15
06050.09 1.416e-15
06051.79 1.394e-15
06053.48 1.357e-15
06055.18 1.312e-15
06056.88 1.282e-15
06058.58 1.321e-15
06060.27 1.426e-15
06061.97 1.505e-15
06063.67 1.500e-15
06065.37 1.419e-15
06067.06 1.292e-15
06068.76 1.204e-15
06070.46 1.202e-15
06072.16 1.190e-15
06073.85 1.101e-15
06075.55 1.006e-15
06077.25 9.763e-16
06078.95 1.041e-15
06080.64 1.208e-15
06082.34 1.373e-15
06084.04 1.429e-15
06085.74 1.395e-15
06087.43 1.321e-15
06089.13 1.240e-15
06090.83 1.185e-15
06092.53 1.162e-15
06094.22 1.164e-15
06095.92 1.195e-15
06097.62 1.268e-15
06099.32 1.330e-15
06101.02 1.296e-15
06102.71 1.194e-15
06104.41 1.126e-15
06106.11 1.108e-15
06107.81 1.094e-15
06109.50 1.072e-15
06111.20 1.057e-15
06112.90 1.056e-15
06114.60 1.068e-15
06116.29 1.093e-15
06117.99 1.135e-15
06119.69 1.188e-15
06121.39 1.224e-15
06123.08 1.230e-15
06124.78 1.222e-15
06126.48 1.217e-15
06128.18 1.230e-15
06129.87 1.256e-15
06131.57 1.219e-15
06133.27 1.072e-15
06134.97 9.135e-16
06136.66 8.376e-16
06138.36 8.618e-16
06140.06 9.806e-16
06141.76 1.110e-15
06143.45 1.160e-15
06145.15 1.136e-15
06146.85 1.070e-15
06148.55 1.008e-15
06150.25 1.002e-15
06151.94 1.026e-15
06153.64 1.028e-15
06155.34 1.007e-15
06157.04 9.786e-16
06158.73 9.800e-16
06160.43 1.064e-15
06162.13 1.193e-15
06163.83 1.268e-15
06165.52 1.261e-15
06167.22 1.203e-15
06168.92 1.116e-15
06170.62 1.013e-15
06172.31 9.116e-16
06174.01 8.241e-16
06175.71 7.653e-16
06177.41 7.564e-16
06179.10 7.954e-16
06180.80 8.394e-16
06182.50 8.603e-16
06184.20 8.705e-16
06185.89 8.769e-16
06187.59 8.633e-16
06189.29 8.259e-16
06190.99 7.996e-16
06192.68 8.138e-16
06194.38 8.639e-16
06196.08 9.386e-16
06197.78 1.035e-15
06199.47 1.144e-15
06201.17 1.189e-15
06202.87 1.097e-15
06204.57 9.508e-16
06206.27 8.634e-16
06207.96 8.586e-16
06209.66 9.331e-16
06211.36 1.000e-15
06213.06 9.400e-16
06214.75 8.043e-16
06216.45 7.214e-16
06218.15 7.400e-16
06219.85 8.689e-16
06221.54 1.039e-15
06223.24 1.120e-15
06224.94 1.092e-15
06226.64 1.041e-15
06228.33 1.008e-15
06230.03 9.972e-16
06231.73 1.001e-15
06233.43 9.844e-16
06235.12 9.441e-16
06236.82 9.333e-16
06238.52 9.662e-16
06240.22 9.724e-16
06241.91 9.245e-16
06243.61 9.075e-16
06245.31 9.701e-16
06247.01 1.047e-15
06248.70 1.080e-15
06250.40 1.045e-15
06252.10 9.359e-16
06253.80 8.318e-16
06255.49 8.078e-16
06257.19 8.459e-16
06258.89 9.116e-16
06260.59 9.765e-16
06262.29 1.014e-15
06263.98 1.015e-15
06265.68 9.813e-16
06267.38 9.496e-16
06269.08 9.645e-16
06270.77 1.035e-15
06272.47 1.153e-15
06274.17 1.268e-15
06275.87 1.303e-15
06277.56 1.257e-15
06279.26 1.175e-15
06280.96 1.092e-15
06282.66 1.038e-15
06284.35 1.018e-15
06286.05 1.006e-15
06287.75 9.998e-16
06289.45 1.031e-15
06291.14 1.089e-15
06292.84 1.109e-15
06294.54 1.064e-15
06296.24 9.843e-16
06297.93 9.133e-16
06299.63 9.209e-16
06301.33 1.032e-15
06303.03 1.145e-15
06304.72 1.184e-15
06306.42 1.188e-15
06308.12 1.189e-15
06309.82 1.157e-15
06311.51 1.071e-15
06313.21 9.676e-16
06314.91 8.850e-16
06316.61 8.845e-16
06318.31 1.013e-15
06320.00 1.176e-15
06321.70 1.256e-15
06323.40 1.242e-15
06325.10 1.153e-15
06326.79 1.080e-15
06328.49 1.142e-15
06330.19 1.271e-15
06331.89 1.316e-15
06333.58 1.274e-15
06335.28 1.220e-15
06336.98 1.188e-15
06338.68 1.199e-15
06340.37 1.232e-15
06342.07 1.238e-15
06343.77 1.202e-15
06345.47 1.151e-15
06347.16 1.109e-15
06348.86 1.093e-15
06350.56 1.111e-15
06352.26 1.156e-15
06353.95 1.205e-15
06355.65 1.204e-15
06357.35 1.138e-15
06359.05 1.083e-15
06360.74 1.088e-15
06362.44 1.116e-15
06364.14 1.136e-15
06365.84 1.147e-15
06367.53 1.149e-15
06369.23 1.138e-15
06370.93 1.110e-15
06372.63 1.109e-15
06374.33 1.168e-15
06376.02 1.225e-15
06377.72 1.212e-15
06379.42 1.132e-15
06381.12 1.008e-15
06382.81 9.403e-16
06384.51 1.046e-15
06386.21 1.210e-15
06387.91 1.231e-15
06389.60 1.140e-15
06391.30 1.070e-15
06393.00 1.062e-15
06394.70 1.106e-15
06396.39 1.171e-15
06398.09 1.198e-15
06399.79 1.174e-15
06401.49 1.127e-15
06403.18 1.087e-15
06404.88 1.092e-15
06406.58 1.145e-15
06408.28 1.198e-15
06409.97 1.220e-15
06411.67 1.207e-15
06413.37 1.166e-15
06415.07 1.133e-15
06416.76 1.132e-15
06418.46 1.154e-15
06420.16 1.185e-15
06421.86 1.202e-15
06423.55 1.193e-15
06425.25 1.196e-15
06426.95 1.240e-15
06428.65 1.286e-15
06430.35 1.294e-15
06432.04 1.245e-15
06433.74 1.133e-15
06435.44 9.971e-16
06437.14 8.864e-16
06438.83 8.378e-16
06440.53 8.790e-16
06442.23 9.716e-16
06443.93 1.057e-15
06445.62 1.099e-15
06447.32 1.072e-15
06449.02 1.031e-15
06450.72 1.076e-15
06452.41 1.173e-15
06454.11 1.204e-15
06455.81 1.158e-15
06457.51 1.100e-15
06459.20 1.078e-15
06460.90 1.132e-15
06462.60 1.252e-15
06464.30 1.369e-15
06465.99 1.422e-15
06467.69 1.350e-15
06469.39 1.164e-15
06471.09 1.001e-15
06472.78 9.506e-16
06474.48 1.007e-15
06476.18 1.134e-15
06477.88 1.217e-15
06479.58 1.175e-15
06481.27 1.034e-15
06482.97 8.482e-16
06484.67 7.406e-16
06486.37 8.080e-16
06488.06 9.735e-16
06489.76 1.139e-15
06491.46 1.245e-15
06493.16 1.244e-15
06494.85 1.185e-15
06496.55 1.139e-15
06498.25 1.121e-15
06499.95 1.127e-15
06501.64 1.147e-15
06503.34 1.167e-15
06505.04 1.169e-15
06506.74 1.136e-15
06508.43 1.074e-15
06510.13 1.001e-15
06511.83 9.394e-16
06513.53 9.094e-16
06515.22 9.262e-16
06516.92 1.001e-15
06518.62 1.103e-15
06520.32 1.164e-15
06522.01 1.159e-15
06523.71 1.119e-15
06525.41 1.078e-15
06527.11 1.088e-15
06528.80 1.159e-15
06530.50 1.210e-15
06532.20 1.199e-15
06533.90 1.149e-15
06535.60 1.095e-15
06537.29 1.088e-15
06538.99 1.157e-15
06540.69 1.247e-15
06542.39 1.304e-15
06544.08 1.285e-15
06545.78 1.171e-15
06547.48 1.046e-15
06549.18 1.000e-15
06550.87 1.022e-15
06552.57 1.085e-15
06554.27 1.140e-15
06555.97 1.138e-15
06557.66 1.100e-15
06559.36 1.066e-15
06561.06 1.057e-15
06562.76 1.084e-15
06564.45 1.136e-15
06566.15 1.188e-15
06567.85 1.223e-15
06569.55 1.231e-15
06571.24 1.201e-15
06572.94 1.121e-15
06574.64 1.022e-15
06576.34 9.661e-16
06578.03 9.868e-16
06579.73 1.090e-15
06581.43 1.235e-15
06583.13 1.320e-15
06584.82 1.295e-15
06586.52 1.193e-15
06588.22 1.057e-15
06589.92 9.494e-16
06591.62 9.137e-16
06593.31 9.505e-16
06595.01 1.039e-15
06596.71 1.107e-15
06598.41 1.101e-15
06600.10 1.042e-15
06601.80 9.667e-16
06603.50 9.475e-16
06605.20 1.040e-15
06606.89 1.151e-15
06608.59 1.176e-15
06610.29 1.132e-15
06611.99 1.059e-15
06613.68 1.007e-15
06615.38 1.026e-15
06617.08 1.092e-15
06618.78 1.157e-15
06620.47 1.198e-15
06622.17 1.202e-15
06623.87 1.184e-15
06625.57 1.172e-15
06627.26 1.172e-15
06628.96 1.166e-15
06630.66 1.157e-15
06632.36 1.159e-15
06634.05 1.173e-15
06635.75 1.182e-15
06637.45 1.201e-15
06639.15 1.288e-15
06640.84 1.423e-15
06642.54 1.473e-15
06644.24 1.389e-15
06645.94 1.253e-15
06647.64 1.133e-15
06649.33 1.073e-15
06651.03 1.089e-15
06652.73 1.115e-15
06654.43 1.101e-15
06656.12 1.075e-15
06657.82 1.065e-15
06659.52 1.083e-15
06661.22 1.137e-15
06662.91 1.178e-15
06664.61 1.162e-15
06666.31 1.159e-15
06668.01 1.241e-15
06669.70 1.337e-15
06671.40 1.352e-15
06673.10 1.305e-15
06674.80 1.244e-15
06676.49 1.194e-15
06678.19 1.174e-15
06679.89 1.167e-15
06681.59 1.134e-15
06683.28 1.094e-15
06684.98 1.094e-15
06686.68 1.132e-15
06688.38 1.177e-15
06690.07 1.211e-15
06691.77 1.224e-15
06693.47 1.221e-15
06695.17 1.219e-15
06696.86 1.227e-15
06698.56 1.241e-15
06700.26 1.261e-15
06701.96 1.285e-15
06703.66 1.309e-15
06705.35 1.330e-15
06707.05 1.340e-15
06708.75 1.314e-15
06710.45 1.250e-15
06712.14 1.203e-15
06713.84 1.211e-15
06715.54 1.243e-15
06717.24 1.268e-15
06718.93 1.267e-15
06720.63 1.231e-15
06722.33 1.218e-15
06724.03 1.283e-15
06725.72 1.360e-15
06727.42 1.372e-15
06729.12 1.327e-15
06730.82 1.253e-15
06732.51 1.177e-15
06734.21 1.123e-15
06735.91 1.094e-15
06737.61 1.081e-15
06739.30 1.056e-15
06741.00 9.793e-16
06742.70 8.818e-16
06744.40 8.344e-16
06746.09 8.546e-16
06747.79 9.242e-16
06749.49 1.018e-15
06751.19 1.101e-15
06752.89 1.161e-15
06754.58 1.213e-15
06756.28 1.250e-15
06757.98 1.248e-15
06759.68 1.197e-15
06761.37 1.108e-15
06763.07 1.005e-15
06764.77 9.542e-16
06766.47 9.773e-16
06768.16 9.932e-16
06769.86 9.513e-16
06771.56 9.134e-16
06773.26 9.189e-16
06774.95 9.050e-16
06776.65 8.235e-16
06778.35 6.974e-16
06780.05 5.637e-16
06781.74 5.150e-16
06783.44 6.306e-16
06785.14 8.259e-16
06786.84 9.880e-16
06788.53 1.091e-15
06790.23 1.131e-15
06791.93 1.124e-15
06793.63 1.096e-15
06795.32 1.063e-15
06797.02 1.033e-15
06798.72 1.017e-15
06800.42 1.023e-15
06802.11 1.035e-15
06803.81 1.024e-15
06805.51 9.859e-16
06807.21 9.359e-16
06808.91 9.002e-16
06810.60 9.199e-16
06812.30 9.821e-16
06814.00 1.010e-15
06815.70 9.828e-16
06817.39 9.523e-16
06819.09 9.567e-16
06820.79 1.018e-15
06822.49 1.127e-15
06824.18 1.205e-15
06825.88 1.204e-15
06827.58 1.170e-15
06829.28 1.135e-15
06830.97 1.063e-15
06832.67 9.436e-16
06834.37 8.670e-16
06836.07 9.048e-16
06837.76 1.012e-15
06839.46 1.127e-15
06841.16 1.161e-15
06842.86 1.045e-15
06844.55 8.804e-16
06846.25 8.035e-16
06847.95 8.262e-16
06849.65 9.247e-16
06851.34 1.046e-15
06853.04 1.122e-15
06854.74 1.141e-15
06856.44 1.117e-15
06858.13 1.066e-15
06859.83 1.002e-15
06861.53 9.419e-16
06863.23 8.977e-16
06864.93 8.773e-16
06866.62 8.876e-16
06868.32 9.076e-16
06870.02 8.857e-16
06871.72 8.296e-16
06873.41 8.184e-16
06875.11 8.824e-16
06876.81 9.891e-16
06878.51 1.091e-15
06880.20 1.105e-15
06881.90 1.007e-15
06883.60 9.040e-16
06885.30 8.764e-16
06886.99 9.232e-16
06888.69 1.023e-15
06890.39 1.088e-15
06892.09 1.052e-15
06893.78 1.004e-15
06895.48 1.026e-15
06897.18 1.057e-15
06898.88 1.036e-15
06900.57 1.002e-15
06902.27 1.003e-15
06903.97 1.033e-15
06905.67 1.072e-15
06907.36 1.109e-15
06909.06 1.137e-15
06910.76 1.152e-15
06912.46 1.154e-15
06914.15 1.127e-15
06915.85 1.037e-15
06917.55 9.388e-16
06919.25 9.292e-16
06920.95 9.919e-16
06922.64 1.037e-15
06924.34 1.015e-15
06926.04 9.011e-16
06927.74 7.454e-16
06929.43 6.772e-16
06931.13 7.448e-16
06932.83 8.963e-16
06934.53 1.058e-15
06936.22 1.116e-15
06937.92 1.031e-15
06939.62 9.066e-16
06941.32 8.326e-16
06943.01 8.550e-16
06944.71 9.788e-16
06946.41 1.083e-15
06948.11 1.075e-15
06949.80 1.000e-15
06951.50 9.105e-16
06953.20 8.570e-16
06954.90 8.785e-16
06956.59 9.216e-16
06958.29 9.268e-16
06959.99 9.250e-16
06961.69 9.575e-16
06963.38 1.026e-15
06965.08 1.125e-15
06966.78 1.193e-15
06968.48 1.158e-15
06970.17 1.069e-15
06971.87 1.019e-15
06973.57 1.023e-15
06975.27 1.057e-15
06976.97 1.098e-15
06978.66 1.121e-15
06980.36 1.121e-15
06982.06 1.108e-15
06983.76 1.092e-15
06985.45 1.090e-15
06987.15 1.090e-15
06988.85 1.043e-15
06990.55 9.594e-16
06992.24 9.311e-16
06993.94 9.813e-16
06995.64 1.016e-15
06997.34 9.842e-16
06999.03 9.115e-16
07000.73 8.344e-16
07002.43 8.141e-16
07004.13 8.927e-16
07005.82 1.064e-15
07007.52 1.288e-15
07009.22 1.413e-15
07010.92 1.321e-15
07012.61 1.144e-15
07014.31 1.024e-15
07016.01 9.560e-16
07017.71 9.116e-16
07019.40 8.885e-16
07021.10 8.819e-16
07022.80 8.914e-16
07024.50 9.170e-16
07026.19 9.526e-16
07027.89 9.909e-16
07029.59 1.014e-15
07031.29 9.988e-16
07032.99 9.535e-16
07034.68 9.016e-16
07036.38 8.467e-16
07038.08 7.761e-16
07039.78 7.189e-16
07041.47 7.383e-16
07043.17 8.202e-16
07044.87 8.773e-16
07046.57 8.828e-16
07048.26 8.794e-16
07049.96 8.948e-16
07051.66 9.468e-16
07053.36 1.017e-15
07055.05 1.014e-15
07056.75 9.043e-16
07058.45 7.965e-16
07060.15 7.682e-16
07061.84 8.168e-16
07063.54 9.222e-16
07065.24 1.012e-15
07066.94 1.026e-15
07068.63 9.926e-16
07070.33 9.460e-16
07072.03 9.233e-16
07073.73 9.541e-16
07075.42 9.799e-16
07077.12 9.357e-16
07078.82 8.860e-16
07080.52 9.161e-16
07082.22 9.805e-16
07083.91 1.001e-15
07085.61 9.956e-16
07087.31 1.011e-15
07089.01 1.055e-15
07090.70 1.118e-15
07092.40 1.171e-15
07094.10 1.175e-15
07095.80 1.113e-15
07097.49 9.825e-16
07099.19 8.326e-16
07100.89 7.592e-16
07102.59 7.797e-16
07104.28 8.302e-16
07105.98 8.716e-16
07107.68 8.971e-16
07109.38 8.995e-16
07111.07 8.774e-16
07112.77 8.407e-16
07114.47 8.124e-16
07116.17 8.161e-16
07117.86 8.827e-16
07119.56 1.011e-15
07121.26 1.110e-15
07122.96 1.112e-15
07124.65 1.041e-15
07126.35 9.344e-16
07128.05 8.595e-16
07129.75 8.700e-16
07131.44 9.032e-16
07133.14 8.889e-16
07134.84 8.517e-16
07136.54 8.292e-16
07138.24 8.372e-16
07139.93 8.861e-16
07141.63 9.354e-16
07143.33 9.294e-16
07145.03 8.925e-16
07146.72 8.790e-16
07148.42 8.895e-16
07150.12 9.010e-16
07151.82 9.031e-16
07153.51 8.896e-16
07155.21 8.689e-16
07156.91 8.612e-16
07158.61 8.682e-16
07160.30 8.764e-16
07162.00 8.733e-16
07163.70 8.456e-16
07165.40 7.982e-16
07167.09 7.599e-16
07168.79 7.475e-16
07170.49 7.613e-16
07172.19 7.879e-16
07173.88 7.790e-16
07175.58 7.213e-16
07177.28 6.952e-16
07178.98 7.521e-16
07180.67 8.485e-16
07182.37 9.382e-16
07184.07 9.761e-16
07185.77 9.342e-16
07187.46 8.717e-16
07189.16 8.508e-16
07190.86 8.787e-16
07192.56 9.492e-16
07194.26 1.026e-15
07195.95 1.068e-15
07197.65 1.060e-15
07199.35 9.949e-16
07201.05 9.245e-16
07202.74 9.167e-16
07204.44 9.598e-16
07206.14 1.009e-15
07207.84 1.039e-15
07209.53 1.035e-15
07211.23 1.005e-15
07212.93 9.807e-16
07214.63 9.707e-16
07216.32 9.668e-16
07218.02 9.728e-16
07219.72 1.006e-15
07221.42 1.050e-15
07223.11 1.045e-15
07224.81 9.879e-16
07226.51 9.595e-16
07228.21 9.868e-16
07229.90 1.002e-15
07231.60 9.728e-16
07233.30 9.351e-16
07235.00 9.169e-16
07236.69 9.278e-16
07238.39 9.668e-16
07240.09 9.894e-16
07241.79 9.646e-16
07243.48 9.349e-16
07245.18 9.402e-16
07246.88 9.714e-16
07248.58 1.013e-15
07250.28 1.055e-15
07251.97 1.089e-15
07253.67 1.091e-15
07255.37 1.037e-15
07257.07 9.556e-16
07258.76 8.887e-16
07260.46 8.486e-16
07262.16 8.390e-16
07263.86 8.368e-16
07265.55 8.032e-16
07267.25 7.684e-16
07268.95 8.045e-16
07270.65 8.851e-16
07272.34 9.142e-16
07274.04 9.046e-16
07275.74 9.596e-16
07277.44 1.075e-15
07279.13 1.139e-15
07280.83 1.115e-15
07282.53 1.045e-15
07284.23 9.648e-16
07285.92 9.021e-16
07287.62 8.741e-16
07289.32 8.756e-16
07291.02 8.934e-16
07292.71 8.979e-16
07294.41 8.734e-16
07296.11 8.500e-16
07297.81 8.509e-16
07299.50 8.623e-16
07301.20 8.725e-16
07302.90 8.992e-16
07304.60 9.533e-16
07306.30 9.888e-16
07307.99 9.617e-16
07309.69 9.081e-16
07311.39 8.750e-16
07313.09 8.504e-16
07314.78 8.114e-16
07316.48 7.692e-16
07318.18 7.420e-16
07319.88 7.414e-16
07321.57 7.780e-16
07323.27 8.240e-16
07324.97 8.303e-16
07326.67 8.165e-16
07328.36 8.453e-16
07330.06 8.953e-16
07331.76 8.844e-16
07333.46 8.146e-16
07335.15 7.607e-16
07336.85 7.398e-16
07338.55 7.089e-16
07340.25 6.587e-16
07341.94 6.177e-16
07343.64 6.078e-16
07345.34 6.509e-16
07347.04 7.349e-16
07348.73 7.696e-16
07350.43 7.172e-16
07352.13 6.793e-16
07353.83 7.206e-16
07355.52 7.744e-16
07357.22 7.877e-16
07358.92 7.838e-16
07360.62 7.834e-16
07362.32 7.567e-16
07364.01 6.837e-16
07365.71 6.463e-16
07367.41 7.229e-16
07369.11 8.421e-16
07370.80 9.100e-16
07372.50 9.126e-16
07374.20 8.564e-16
07375.90 8.051e-16
07377.59 8.402e-16
07379.29 9.228e-16
07380.99 9.660e-16
07382.69 9.445e-16
07384.38 8.620e-16
07386.08 7.561e-16
07387.78 6.868e-16
07389.48 6.795e-16
07391.17 7.329e-16
07392.87 8.163e-16
07394.57 8.694e-16
07396.27 8.735e-16
07397.96 8.600e-16
07399.66 8.515e-16
07401.36 8.619e-16
07403.06 8.887e-16
07404.75 8.936e-16
07406.45 8.631e-16
07408.15 8.444e-16
07409.85 8.603e-16
07411.55 8.635e-16
07413.24 8.260e-16
07414.94 7.916e-16
07416.64 7.943e-16
07418.34 8.174e-16
07420.03 8.405e-16
07421.73 8.367e-16
07423.43 7.860e-16
07425.13 7.352e-16
07426.82 7.357e-16
07428.52 7.678e-16
07430.22 7.974e-16
07431.92 8.179e-16
07433.61 8.302e-16
07435.31 8.263e-16
07437.01 7.963e-16
07438.71 7.705e-16
07440.40 7.946e-16
07442.10 8.554e-16
07443.80 9.108e-16
07445.50 9.284e-16
07447.19 8.782e-16
07448.89 7.976e-16
07450.59 7.823e-16
07452.29 8.472e-16
07453.98 9.262e-16
07455.68 9.778e-16
07457.38 9.879e-16
07459.08 9.527e-16
07460.77 8.888e-16
07462.47 8.146e-16
07464.17 7.421e-16
07465.87 6.887e-16
07467.57 6.874e-16
07469.26 7.454e-16
07470.96 7.999e-16
07472.66 8.042e-16
07474.36 7.829e-16
07476.05 7.633e-16
07477.75 7.682e-16
07479.45 8.121e-16
07481.15 8.435e-16
07482.84 8.119e-16
07484.54 7.538e-16
07486.24 7.166e-16
07487.94 7.026e-16
07489.63 7.049e-16
07491.33 6.959e-16
07493.03 6.413e-16
07494.73 5.829e-16
07496.42 5.902e-16
07498.12 6.440e-16
07499.82 6.838e-16
07501.52 7.017e-16
07503.21 7.191e-16
07504.91 7.340e-16
07506.61 7.289e-16
07508.31 7.140e-16
07510.00 7.246e-16
07511.70 7.522e-16
07513.40 7.405e-16
07515.10 6.808e-16
07516.79 6.251e-16
07518.49 6.033e-16
07520.19 6.127e-16
07521.89 6.443e-16
07523.59 6.720e-16
07525.28 6.834e-16
07526.98 7.089e-16
07528.68 7.638e-16
07530.38 8.122e-16
07532.07 8.261e-16
07533.77 8.045e-16
07535.47 7.552e-16
07537.17 7.272e-16
07538.86 7.608e-16
07540.56 8.019e-16
07542.26 7.905e-16
07543.96 7.460e-16
07545.65 7.029e-16
07547.35 6.548e-16
07549.05 5.865e-16
07550.75 5.583e-16
07552.44 6.476e-16
07554.14 7.872e-16
07555.84 8.553e-16
07557.54 8.316e-16
07559.23 7.442e-16
07560.93 6.454e-16
07562.63 6.088e-16
07564.33 6.332e-16
07566.02 6.541e-16
07567.72 6.640e-16
07569.42 7.112e-16
07571.12 7.794e-16
07572.81 7.796e-16
07574.51 6.974e-16
07576.21 6.214e-16
07577.91 5.969e-16
07579.61 5.967e-16
07581.30 6.021e-16
07583.00 6.046e-16
07584.70 6.048e-16
07586.40 6.429e-16
07588.09 7.341e-16
07589.79 8.130e-16
07591.49 8.227e-16
07593.19 7.384e-16
07594.88 5.616e-16
07596.58 4.130e-16
07598.28 4.047e-16
07599.98 4.909e-16
07601.67 5.995e-16
07603.37 6.651e-16
07605.07 6.294e-16
07606.77 5.771e-16
07608.46 6.265e-16
07610.16 7.592e-16
07611.86 9.108e-16
07613.56 1.012e-15
07615.25 9.952e-16
07616.95 8.686e-16
07618.65 6.845e-16
07620.35 5.238e-16
07622.04 4.911e-16
07623.74 5.625e-16
07625.44 6.016e-16
07627.14 5.886e-16
07628.83 6.195e-16
07630.53 7.106e-16
07632.23 7.909e-16
07633.93 8.127e-16
07635.63 7.476e-16
07637.32 6.173e-16
07639.02 5.483e-16
07640.72 5.954e-16
07642.42 6.377e-16
07644.11 6.018e-16
07645.81 5.677e-16
07647.51 5.899e-16
07649.21 6.188e-16
07650.90 6.166e-16
07652.60 6.142e-16
07654.30 6.416e-16
07656.00 7.217e-16
07657.69 8.639e-16
07659.39 9.670e-16
07661.09 9.259e-16
07662.79 7.910e-16
07664.48 6.498e-16
07666.18 5.433e-16
07667.88 4.977e-16
07669.58 5.174e-16
07671.27 5.950e-16
07672.97 6.807e-16
07674.67 7.013e-16
07676.37 6.927e-16
07678.06 7.575e-16
07679.76 8.691e-16
07681.46 9.115e-16
07683.16 8.729e-16
07684.85 8.274e-16
07686.55 8.045e-16
07688.25 7.923e-16
07689.95 7.827e-16
07691.65 7.656e-16
07693.34 7.419e-16
07695.04 7.352e-16
07696.74 7.536e-16
07698.44 7.765e-16
07700.13 7.877e-16
07701.83 7.772e-16
07703.53 7.473e-16
07705.23 7.515e-16
07706.92 8.154e-16
07708.62 8.338e-16
07710.32 7.289e-16
07712.02 6.143e-16
07713.71 5.990e-16
07715.41 6.054e-16
07717.11 5.464e-16
07718.81 5.053e-16
07720.50 5.805e-16
07722.20 6.979e-16
07723.90 7.484e-16
07725.60 7.350e-16
07727.29 6.935e-16
07728.99 6.545e-16
07730.69 6.514e-16
07732.39 6.630e-16
07734.08 6.381e-16
07735.78 5.921e-16
07737.48 5.774e-16
07739.18 6.105e-16
07740.88 6.880e-16
07742.57 7.644e-16
07744.27 7.472e-16
07745.97 6.476e-16
07747.67 5.976e-16
07749.36 6.408e-16
07751.06 7.004e-16
07752.76 7.256e-16
07754.46 6.984e-16
07756.15 6.273e-16
07757.85 5.919e-16
07759.55 6.289e-16
07761.25 6.465e-16
07762.94 5.905e-16
07764.64 5.499e-16
07766.34 5.902e-16
07768.04 6.622e-16
07769.73 7.149e-16
07771.43 7.178e-16
07773.13 6.529e-16
07774.83 5.996e-16
07776.52 6.409e-16
07778.22 7.018e-16
07779.92 6.828e-16
07781.62 6.391e-16
07783.31 6.604e-16
07785.01 7.255e-16
07786.71 7.796e-16
07788.41 8.037e-16
07790.10 7.895e-16
07791.80 7.633e-16
07793.50 7.726e-16
07795.20 8.069e-16
07796.90 8.164e-16
07798.59 7.945e-16
07800.29 7.725e-16
07801.99 7.408e-16
07803.69 6.445e-16
07805.38 5.154e-16
07807.08 4.934e-16
07808.78 6.031e-16
07810.48 6.990e-16
07812.17 7.023e-16
07813.87 6.500e-16
07815.57 5.803e-16
07817.27 5.390e-16
07818.96 5.578e-16
07820.66 6.203e-16
07822.36 7.004e-16
07824.06 7.565e-16
07825.75 7.560e-16
07827.45 7.041e-16
07829.15 6.192e-16
07830.85 5.697e-16
07832.54 6.155e-16
07834.24 6.875e-16
07835.94 7.017e-16
07837.64 6.773e-16
07839.33 6.555e-16
07841.03 6.425e-16
07842.73 6.369e-16
07844.43 6.477e-16
07846.12 6.864e-16
07847.82 7.304e-16
07849.52 7.402e-16
07851.22 7.349e-16
07852.92 7.666e-16
07854.61 8.274e-16
07856.31 8.715e-16
07858.01 8.730e-16
07859.71 8.184e-16
07861.40 7.348e-16
07863.10 6.951e-16
07864.80 7.211e-16
07866.50 7.634e-16
07868.19 8.005e-16
07869.89 8.583e-16
07871.59 9.297e-16
07873.29 9.437e-16
07874.98 8.717e-16
07876.68 7.889e-16
07878.38 7.449e-16
07880.08 6.976e-16
07881.77 6.213e-16
07883.47 5.600e-16
07885.17 5.508e-16
07886.87 6.017e-16
07888.56 7.063e-16
07890.26 7.856e-16
07891.96 7.656e-16
07893.66 6.880e-16
07895.35 6.164e-16
07897.05 6.047e-16
07898.75 6.981e-16
07900.45 8.377e-16
07902.14 9.311e-16
07903.84 9.515e-16
07905.54 9.008e-16
07907.24 8.022e-16
07908.94 6.950e-16
07910.63 6.042e-16
07912.33 5.369e-16
07914.03 5.305e-16
07915.73 6.518e-16
07917.42 8.251e-16
07919.12 8.426e-16
07920.82 6.767e-16
07922.52 5.028e-16
07924.21 4.114e-16
07925.91 3.833e-16
07927.61 3.971e-16
07929.31 4.120e-16
07931.00 4.059e-16
07932.70 4.076e-16
07934.40 4.369e-16
07936.10 4.926e-16
07937.79 5.635e-16
07939.49 6.066e-16
07941.19 5.893e-16
07942.89 5.144e-16
07944.58 4.014e-16
07946.28 3.418e-16
07947.98 4.123e-16
07949.68 5.339e-16
07951.37 6.095e-16
07953.07 6.318e-16
07954.77 6.129e-16
07956.47 5.783e-16
07958.16 5.593e-16
07959.86 5.592e-16
07961.56 5.719e-16
07963.26 5.770e-16
07964.96 5.462e-16
07966.65 5.023e-16
07968.35 4.960e-16
07970.05 5.211e-16
07971.75 5.353e-16
07973.44 5.324e-16
07975.14 5.307e-16
07976.84 5.424e-16
07978.54 5.802e-16
07980.23 6.231e-16
07981.93 6.054e-16
07983.63 5.206e-16
07985.33 4.495e-16
07987.02 4.357e-16
07988.72 4.623e-16
07990.42 4.999e-16
07992.12 4.781e-16
07993.81 3.746e-16
07995.51 3.203e-16
07997.21 3.950e-16
07998.91 4.681e-16
08000.60 4.364e-16
08002.30 3.708e-16
08004.00 3.432e-16
08005.70 3.609e-16
08007.39 4.200e-16
08009.09 4.602e-16
08010.79 4.194e-16
08012.49 3.589e-16
08014.18 3.618e-16
08015.88 4.064e-16
08017.58 4.431e-16
08019.28 4.564e-16
08020.98 4.427e-16
08022.67 4.010e-16
08024.37 3.327e-16
08026.07 2.682e-16
08027.77 2.528e-16
08029.46 2.839e-16
08031.16 3.258e-16
08032.86 3.533e-16
08034.56 3.525e-16
08036.25 3.167e-16
08037.95 2.369e-16
08039.65 1.709e-16
08041.35 2.800e-16
08043.04 5.431e-16
08044.74 6.408e-16
08046.44 4.485e-16
08048.14 2.174e-16
08049.83 1.174e-16
08051.53 1.241e-16
08053.23 2.047e-16
08054.93 2.992e-16
08056.62 3.518e-16
08058.32 3.586e-16
08060.02 3.277e-16
08061.72 2.909e-16
08063.41 2.804e-16
08065.11 3.098e-16
08066.81 3.824e-16
08068.51 4.407e-16
08070.21 4.222e-16
08071.90 3.719e-16
08073.60 3.591e-16
08075.30 3.570e-16
08077.00 3.124e-16
08078.69 2.613e-16
08080.39 2.696e-16
08082.09 3.288e-16
08083.79 3.961e-16
08085.48 4.461e-16
08087.18 4.610e-16
08088.88 4.433e-16
08090.58 4.148e-16
08092.27 3.796e-16
08093.97 3.228e-16
08095.67 2.608e-16
08097.37 2.431e-16
08099.06 2.817e-16
08100.76 3.443e-16
08102.46 3.904e-16
08104.16 3.576e-16
08105.85 2.412e-16
08107.55 1.643e-16
08109.25 1.920e-16
08110.95 2.271e-16
08112.64 2.052e-16
08114.34 1.825e-16
08116.04 2.033e-16
08117.74 2.502e-16
08119.43 3.046e-16
08121.13 3.723e-16
08122.83 4.536e-16
08124.53 4.848e-16
08126.23 4.078e-16
08127.92 2.974e-16
08129.62 2.491e-16
08131.32 2.454e-16
08133.02 2.396e-16
08134.71 2.395e-16
08136.41 2.670e-16
08138.11 2.955e-16
08139.81 2.795e-16
08141.50 2.408e-16
08143.20 2.343e-16
08144.90 2.640e-16
08146.60 3.031e-16
08148.29 3.284e-16
08149.99 3.227e-16
08151.69 2.724e-16
08153.39 1.612e-16
08155.08 4.537e-17
08156.78 7.470e-17
08158.48 2.598e-16
08160.18 4.054e-16
08161.87 4.150e-16
08163.57 3.649e-16
08165.27 3.182e-16
08166.97 3.264e-16
08168.66 4.001e-16
08170.36 4.148e-16
08172.06 2.928e-16
08173.76 1.409e-16
08175.45 5.419e-17
08177.15 2.492e-17
08178.85 3.627e-17
08180.55 7.797e-17
08182.25 1.341e-16
08183.94 1.568e-16
08185.64 1.032e-16
08187.34 4.619e-17
08189.04 7.869e-17
08190.73 1.472e-16
08192.43 1.576e-16
08194.13 1.552e-16
08195.83 2.339e-16
08197.52 3.174e-16
08199.22 2.583e-16
08200.92 1.026e-16
08202.62 7.949e-19
08204.31 -1.403e-17
08206.01 1.590e-17
08207.71 6.591e-17
08209.41 1.208e-16
08211.10 1.606e-16
08212.80 1.636e-16
08214.50 1.379e-16
08216.20 1.287e-16
08217.89 1.545e-16
08219.59 1.908e-16
08221.29 2.185e-16
08222.99 2.271e-16
08224.68 2.112e-16
08226.38 1.780e-16
08228.08 1.400e-16
08229.78 1.221e-16
08231.47 1.392e-16
08233.17 1.701e-16
08234.87 1.928e-16
08236.57 1.938e-16
08238.27 1.655e-16
08239.96 1.326e-16
08241.66 1.225e-16
08243.36 1.223e-16
08245.06 1.132e-16
08246.75 1.251e-16
08248.45 1.939e-16
08250.15 2.733e-16
08251.85 2.973e-16
08253.54 2.642e-16
08255.24 1.957e-16
08256.94 1.431e-16
08258.64 1.722e-16
08260.33 2.649e-16
08262.03 3.547e-16
08263.73 3.940e-16
08265.43 3.449e-16
08267.12 2.371e-16
08268.82 1.651e-16
08270.52 1.576e-16
08272.22 1.691e-16
08273.91 1.780e-16
08275.61 1.921e-16
08277.31 2.126e-16
08279.01 2.372e-16
08280.70 2.602e-16
08282.40 2.642e-16
08284.10 2.439e-16
08285.80 2.231e-16
08287.49 2.195e-16
08289.19 2.313e-16
08290.89 2.509e-16
08292.59 2.482e-16
08294.29 2.016e-16
08295.98 1.407e-16
08297.68 9.851e-17
08299.38 8.537e-17
08301.08 1.055e-16
08302.77 1.569e-16
08304.47 2.337e-16
08306.17 2.991e-16
08307.87 3.086e-16
08309.56 3.174e-16
08311.26 4.158e-16
08312.96 5.114e-16
08314.66 4.383e-16
08316.35 2.678e-16
08318.05 1.908e-16
08319.75 2.159e-16
08321.45 2.446e-16
08323.14 2.392e-16
08324.84 1.940e-16
08326.54 1.549e-16
08328.24 2.315e-16
08329.93 4.034e-16
08331.63 4.917e-16
08333.33 4.372e-16
08335.03 3.503e-16
08336.72 2.987e-16
08338.42 2.837e-16
08340.12 2.962e-16
08341.82 2.884e-16
08343.52 2.362e-16
08345.21 1.979e-16
08346.91 2.083e-16
08348.61 2.049e-16
08350.31 1.443e-16
08352.00 7.888e-17
08353.70 5.895e-17
08355.40 8.947e-17
08357.10 1.643e-16
08358.79 2.300e-16
08360.49 2.329e-16
08362.19 2.003e-16
08363.89 1.760e-16
08365.58 1.907e-16
08367.28 2.704e-16
08368.98 3.634e-16
08370.68 3.891e-16
08372.37 3.723e-16
08374.07 3.846e-16
08375.77 4.158e-16
08377.47 4.152e-16
08379.16 3.767e-16
08380.86 3.173e-16
08382.56 2.696e-16
08384.26 2.855e-16
08385.95 3.451e-16
08387.65 3.505e-16
08389.35 2.872e-16
08391.05 2.451e-16
08392.74 2.664e-16
08394.44 3.308e-16
08396.14 4.024e-16
08397.84 3.994e-16
08399.54 3.029e-16
08401.23 2.592e-16
08402.93 3.456e-16
08404.63 4.166e-16
08406.33 3.690e-16
08408.02 2.775e-16
08409.72 2.150e-16
08411.42 2.029e-16
08413.12 2.513e-16
08414.81 3.206e-16
08416.51 3.659e-16
08418.21 3.947e-16
08419.91 4.221e-16
08421.60 4.400e-16
08423.30 4.406e-16
08425.00 4.035e-16
08426.70 3.058e-16
08428.39 2.223e-16
08430.09 2.612e-16
08431.79 3.881e-16
08433.49 5.038e-16
08435.18 5.580e-16
08436.88 5.269e-16
08438.58 4.413e-16
08440.28 3.725e-16
08441.97 3.640e-16
08443.67 4.356e-16
08445.37 5.531e-16
08447.07 6.179e-16
08448.76 6.004e-16
08450.46 5.682e-16
08452.16 5.538e-16
08453.86 5.294e-16
08455.56 4.929e-16
08457.25 4.951e-16
08458.95 5.451e-16
08460.65 5.378e-16
08462.35 4.240e-16
08464.04 3.478e-16
08465.74 4.102e-16
08467.44 5.068e-16
08469.14 5.415e-16
08470.83 5.300e-16
08472.53 4.984e-16
08474.23 5.104e-16
08475.93 6.211e-16
08477.62 7.150e-16
08479.32 6.585e-16
08481.02 5.066e-16
08482.72 3.609e-16
08484.41 2.694e-16
08486.11 2.620e-16
08487.81 3.269e-16
08489.51 4.295e-16
08491.20 5.314e-16
08492.90 5.920e-16
08494.60 6.095e-16
08496.30 6.096e-16
08497.99 5.991e-16
08499.69 5.720e-16
08501.39 5.322e-16
08503.09 4.870e-16
08504.78 4.559e-16
08506.48 4.785e-16
08508.18 5.393e-16
08509.88 5.375e-16
08511.58 4.496e-16
08513.27 3.958e-16
08514.97 4.279e-16
08516.67 4.418e-16
08518.37 3.870e-16
08520.06 3.642e-16
08521.76 4.341e-16
08523.46 5.176e-16
08525.16 5.484e-16
08526.85 5.343e-16
08528.55 4.927e-16
08530.25 4.699e-16
08531.95 5.064e-16
08533.64 5.549e-16
08535.34 5.584e-16
08537.04 5.385e-16
08538.74 5.313e-16
08540.43 5.211e-16
08542.13 4.805e-16
08543.83 4.415e-16
08545.53 4.563e-16
08547.22 4.890e-16
08548.92 4.671e-16
08550.62 4.182e-16
08552.32 4.162e-16
08554.01 4.959e-16
08555.71 6.762e-16
08557.41 8.691e-16
08559.11 8.949e-16
08560.80 7.454e-16
08562.50 5.859e-16
08564.20 5.062e-16
08565.90 5.072e-16
08567.60 5.734e-16
08569.29 6.613e-16
08570.99 7.186e-16
08572.69 6.738e-16
08574.39 5.279e-16
08576.08 4.607e-16
08577.78 5.671e-16
08579.48 6.755e-16
08581.18 6.580e-16
08582.87 5.843e-16
08584.57 5.232e-16
08586.27 4.892e-16
08587.97 4.921e-16
08589.66 5.189e-16
08591.36 5.518e-16
08593.06 5.729e-16
08594.76 5.673e-16
08596.45 5.729e-16
08598.15 6.360e-16
08599.85 7.191e-16
08601.55 7.626e-16
08603.24 7.597e-16
08604.94 7.225e-16
08606.64 6.761e-16
08608.34 6.557e-16
08610.03 6.485e-16
08611.73 6.111e-16
08613.43 5.527e-16
08615.13 5.204e-16
08616.82 5.147e-16
08618.52 4.951e-16
08620.22 4.618e-16
08621.92 4.591e-16
08623.62 4.884e-16
08625.31 4.993e-16
08627.01 4.616e-16
08628.71 3.668e-16
08630.41 2.440e-16
08632.10 2.081e-16
08633.80 3.060e-16
08635.50 4.064e-16
08637.20 4.231e-16
08638.89 4.378e-16
08640.59 5.086e-16
08642.29 5.686e-16
08643.99 5.666e-16
08645.68 5.598e-16
08647.38 6.024e-16
08649.08 6.678e-16
08650.78 7.207e-16
08652.47 7.397e-16
08654.17 7.085e-16
08655.87 6.614e-16
08657.57 6.464e-16
08659.26 6.331e-16
08660.96 5.693e-16
08662.66 4.856e-16
08664.36 4.397e-16
08666.05 4.585e-16
08667.75 5.573e-16
08669.45 6.722e-16
08671.15 6.866e-16
08672.85 6.089e-16
08674.54 5.435e-16
08676.24 5.242e-16
08677.94 5.203e-16
08679.64 5.227e-16
08681.33 5.438e-16
08683.03 5.696e-16
08684.73 5.480e-16
08686.43 4.777e-16
08688.12 4.454e-16
08689.82 4.948e-16
08691.52 5.796e-16
08693.22 6.588e-16
08694.91 7.093e-16
08696.61 7.166e-16
08698.31 6.978e-16
08700.01 6.726e-16
08701.70 6.578e-16
08703.40 6.637e-16
08705.10 6.628e-16
08706.80 6.289e-16
08708.49 5.653e-16
08710.19 4.828e-16
08711.89 4.342e-16
08713.59 4.745e-16
08715.28 5.430e-16
08716.98 5.498e-16
08718.68 5.196e-16
08720.38 5.161e-16
08722.07 5.336e-16
08723.77 5.377e-16
08725.47 5.435e-16
08727.17 5.921e-16
08728.87 6.542e-16
08730.56 6.538e-16
08732.26 6.003e-16
08733.96 5.711e-16
08735.66 5.858e-16
08737.35 6.107e-16
08739.05 6.206e-16
08740.75 5.987e-16
08742.45 5.399e-16
08744.14 4.539e-16
08745.84 3.763e-16
08747.54 3.972e-16
08749.24 5.416e-16
08750.93 6.882e-16
08752.63 7.465e-16
08754.33 7.149e-16
08756.03 6.159e-16
08757.72 5.533e-16
08759.42 6.039e-16
08761.12 6.804e-16
08762.82 6.963e-16
08764.51 6.655e-16
08766.21 6.139e-16
08767.91 6.068e-16
08769.61 7.057e-16
08771.30 7.935e-16
08773.00 7.264e-16
08774.70 5.614e-16
08776.40 4.089e-16
08778.09 3.490e-16
08779.79 4.540e-16
08781.49 6.138e-16
08783.19 6.285e-16
08784.89 5.237e-16
08786.58 4.519e-16
08788.28 4.547e-16
08789.98 5.061e-16
08791.68 5.627e-16
08793.37 5.549e-16
08795.07 4.826e-16
08796.77 4.272e-16
08798.47 4.126e-16
08800.16 3.835e-16
08801.86 3.307e-16
08803.56 3.149e-16
08805.26 3.603e-16
08806.95 4.289e-16
08808.65 4.844e-16
08810.35 4.889e-16
08812.05 4.292e-16
08813.74 3.719e-16
08815.44 3.685e-16
08817.14 3.911e-16
08818.84 4.109e-16
08820.53 4.168e-16
08822.23 4.030e-16
08823.93 4.081e-16
08825.63 4.691e-16
08827.32 5.405e-16
08829.02 5.665e-16
08830.72 5.584e-16
08832.42 5.435e-16
08834.11 5.309e-16
08835.81 5.244e-16
08837.51 5.272e-16
08839.21 5.421e-16
08840.91 5.439e-16
08842.60 4.948e-16
08844.30 4.123e-16
08846.00 3.446e-16
08847.70 3.261e-16
08849.39 3.854e-16
08851.09 4.864e-16
08852.79 5.275e-16
08854.49 4.942e-16
08856.18 4.772e-16
08857.88 4.990e-16
08859.58 4.829e-16
08861.28 4.188e-16
08862.97 4.108e-16
08864.67 4.957e-16
08866.37 5.748e-16
08868.07 5.826e-16
08869.76 5.360e-16
08871.46 4.621e-16
08873.16 4.158e-16
08874.86 4.387e-16
08876.55 5.122e-16
08878.25 6.067e-16
08879.95 6.633e-16
08881.65 6.344e-16
08883.34 5.932e-16
08885.04 6.219e-16
08886.74 6.778e-16
08888.44 6.980e-16
08890.13 6.779e-16
08891.83 6.272e-16
08893.53 5.828e-16
08895.23 5.909e-16
08896.93 6.380e-16
08898.62 6.816e-16
08900.32 7.119e-16
08902.02 7.409e-16
08903.72 7.325e-16
08905.41 6.183e-16
08907.11 4.467e-16
08908.81 3.594e-16
08910.51 3.822e-16
08912.20 4.294e-16
08913.90 4.505e-16
08915.60 4.297e-16
08917.30 3.812e-16
08918.99 3.713e-16
08920.69 4.359e-16
08922.39 5.553e-16
08924.09 6.958e-16
08925.78 8.008e-16
08927.48 8.207e-16
08929.18 7.113e-16
08930.88 4.803e-16
08932.57 3.197e-16
08934.27 3.692e-16
08935.97 4.727e-16
08937.67 4.754e-16
08939.36 4.100e-16
08941.06 3.283e-16
08942.76 2.756e-16
08944.46 2.948e-16
08946.15 3.289e-16
08947.85 3.016e-16
08949.55 2.661e-16
08951.25 3.070e-16
08952.95 4.038e-16
08954.64 4.998e-16
08956.34 5.665e-16
08958.04 5.868e-16
08959.74 5.656e-16
08961.43 5.241e-16
08963.13 4.759e-16
08964.83 4.305e-16
08966.53 3.907e-16
08968.22 3.480e-16
08969.92 3.230e-16
08971.62 3.676e-16
08973.32 4.782e-16
08975.01 5.854e-16
08976.71 6.300e-16
08978.41 5.613e-16
08980.11 3.904e-16
08981.80 2.498e-16
08983.50 2.260e-16
08985.20 2.887e-16
08986.90 3.976e-16
08988.59 4.943e-16
08990.29 5.339e-16
08991.99 5.515e-16
08993.69 5.783e-16
08995.38 5.738e-16
08997.08 5.065e-16
08998.78 4.351e-16
09000.48 4.205e-16
09002.18 4.505e-16
09003.87 4.992e-16
09005.57 5.315e-16
09007.27 5.116e-16
09008.97 4.752e-16
09010.66 4.776e-16
09012.36 5.200e-16
09014.06 5.857e-16
09015.76 6.215e-16
09017.45 5.560e-16
09019.15 4.297e-16
09020.85 3.467e-16
09022.55 3.636e-16
09024.24 5.062e-16
09025.94 7.111e-16
09027.64 8.304e-16
09029.34 8.116e-16
09031.03 7.074e-16
09032.73 5.817e-16
09034.43 5.243e-16
09036.13 5.516e-16
09037.82 5.381e-16
09039.52 4.314e-16
09041.22 3.418e-16
09042.92 3.322e-16
09044.61 3.420e-16
09046.31 3.290e-16
09048.01 3.150e-16
09049.71 3.166e-16
09051.40 3.285e-16
09053.10 3.450e-16
09054.80 3.677e-16
09056.50 3.966e-16
09058.20 4.085e-16
09059.89 3.827e-16
09061.59 3.563e-16
09063.29 3.728e-16
09064.99 4.220e-16
09066.68 4.816e-16
09068.38 5.022e-16
09070.08 4.262e-16
09071.78 3.178e-16
09073.47 2.955e-16
09075.17 3.434e-16
09076.87 3.734e-16
09078.57 3.932e-16
09080.26 4.687e-16
09081.96 5.844e-16
09083.66 6.689e-16
09085.36 6.804e-16
09087.05 5.975e-16
09088.75 4.609e-16
09090.45 3.920e-16
09092.15 4.279e-16
09093.84 4.796e-16
09095.54 4.902e-16
09097.24 4.521e-16
09098.94 3.852e-16
09100.63 3.900e-16
09102.33 5.082e-16
09104.03 6.068e-16
09105.73 5.890e-16
09107.42 4.980e-16
09109.12 3.896e-16
09110.82 3.523e-16
09112.52 4.494e-16
09114.22 5.589e-16
09115.91 5.542e-16
09117.61 4.953e-16
09119.31 4.671e-16
09121.01 4.470e-16
09122.70 3.959e-16
09124.40 3.523e-16
09126.10 3.706e-16
09127.80 4.303e-16
09129.49 4.842e-16
09131.19 5.189e-16
09132.89 5.394e-16
09134.59 5.263e-16
09136.28 4.462e-16
09137.98 3.505e-16
09139.68 3.469e-16
09141.38 4.400e-16
09143.07 5.512e-16
09144.77 6.174e-16
09146.47 5.867e-16
09148.17 4.689e-16
09149.86 3.585e-16
09151.56 3.095e-16
09153.26 3.055e-16
09154.96 3.364e-16
09156.65 4.106e-16
09158.35 5.055e-16
09160.05 5.234e-16
09161.75 4.213e-16
09163.44 3.180e-16
09165.14 3.082e-16
09166.84 3.775e-16
09168.54 4.922e-16
09170.24 5.542e-16
09171.93 4.838e-16
09173.63 3.662e-16
09175.33 3.021e-16
09177.03 3.250e-16
09178.72 4.477e-16
09180.42 5.707e-16
09182.12 5.723e-16
09183.82 4.954e-16
09185.51 4.343e-16
09187.21 4.097e-16
09188.91 4.167e-16
09190.61 4.449e-16
09192.30 4.758e-16
09194.00 5.049e-16
09195.70 5.375e-16
09197.40 5.661e-16
09199.09 5.752e-16
09200.79 5.616e-16
09202.49 5.321e-16
09204.19 4.962e-16
09205.88 4.664e-16
09207.58 4.491e-16
09209.28 4.405e-16
09210.98 4.401e-16
09212.67 4.531e-16
09214.37 4.793e-16
09216.07 5.111e-16
09217.77 5.384e-16
09219.46 5.390e-16
09221.16 5.070e-16
09222.86 4.929e-16
09224.56 5.296e-16
09226.26 5.632e-16
09227.95 5.446e-16
09229.65 4.815e-16
09231.35 3.910e-16
09233.05 2.869e-16
09234.74 1.859e-16
09236.44 1.494e-16
09238.14 2.346e-16
09239.84 3.697e-16
09241.53 4.499e-16
09243.23 4.708e-16
09244.93 4.641e-16
09246.63 4.204e-16
09248.32 3.194e-16
09250.02 2.056e-16
09251.72 1.488e-16
09253.42 1.856e-16
09255.11 3.376e-16
09256.81 5.228e-16
09258.51 5.723e-16
09260.21 4.840e-16
09261.90 4.172e-16
09263.60 4.422e-16
09265.30 5.284e-16
09267.00 6.379e-16
09268.69 7.110e-16
09270.39 7.131e-16
09272.09 6.640e-16
09273.79 5.845e-16
09275.48 4.930e-16
09277.18 4.061e-16
09278.88 3.251e-16
09280.58 2.541e-16
09282.28 2.197e-16
09283.97 2.357e-16
09285.67 2.628e-16
09287.37 2.655e-16
09289.07 2.557e-16
09290.76 2.513e-16
09292.46 2.740e-16
09294.16 3.412e-16
09295.86 4.297e-16
09297.55 5.072e-16
09299.25 5.430e-16
09300.95 5.122e-16
09302.65 4.260e-16
09304.34 3.095e-16
09306.04 2.138e-16
09307.74 2.028e-16
09309.44 2.445e-16
09311.13 2.499e-16
09312.83 2.245e-16
09314.53 2.357e-16
09316.23 2.963e-16
09317.92 3.796e-16
09319.62 4.557e-16
09321.32 4.869e-16
09323.02 4.703e-16
09324.71 4.525e-16
09326.41 4.507e-16
09328.11 4.319e-16
09329.81 3.899e-16
09331.51 3.663e-16
09333.20 3.867e-16
09334.90 4.484e-16
09336.60 5.336e-16
09338.30 5.762e-16
09339.99 5.358e-16
09341.69 4.820e-16
09343.39 4.746e-16
09345.09 4.548e-16
09346.78 3.766e-16
09348.48 3.718e-16
09350.18 5.611e-16
09351.88 8.034e-16
09353.57 9.228e-16
09355.27 9.287e-16
09356.97 8.797e-16
09358.67 7.638e-16
09360.36 5.561e-16
09362.06 3.924e-16
09363.76 4.570e-16
09365.46 6.987e-16
09367.15 9.623e-16
09368.85 1.110e-15
09370.55 9.982e-16
09372.25 7.592e-16
09373.94 7.531e-16
09375.64 9.427e-16
09377.34 9.302e-16
09379.04 6.497e-16
09380.73 3.854e-16
09382.43 2.890e-16
09384.13 3.579e-16
09385.83 5.508e-16
09387.53 7.416e-16
09389.22 8.414e-16
09390.92 8.610e-16
09392.62 8.131e-16
09394.32 6.962e-16
09396.01 5.366e-16
09397.71 4.341e-16
09399.41 4.518e-16
09401.11 4.946e-16
09402.80 4.745e-16
09404.50 4.089e-16
09406.20 3.285e-16
09407.90 2.905e-16
09409.59 3.482e-16
09411.29 4.427e-16
09412.99 4.951e-16
09414.69 5.425e-16
09416.38 6.460e-16
09418.08 7.551e-16
09419.78 7.919e-16
09421.48 7.482e-16
09423.17 6.404e-16
09424.87 5.515e-16
09426.57 5.996e-16
09428.27 7.503e-16
09429.96 8.723e-16
09431.66 9.027e-16
09433.36 8.327e-16
09435.06 6.777e-16
09436.75 4.748e-16
09438.45 3.017e-16
09440.15 2.872e-16
09441.85 4.341e-16
09443.55 5.564e-16
09445.24 5.695e-16
09446.94 5.745e-16
09448.64 6.265e-16
09450.34 6.975e-16
09452.03 7.502e-16
09453.73 6.896e-16
09455.43 4.848e-16
09457.13 3.387e-16
09458.82 4.054e-16
09460.52 5.839e-16
09462.22 7.538e-16
09463.92 8.033e-16
09465.61 6.516e-16
09467.31 4.494e-16
09469.01 3.739e-16
09470.71 4.290e-16
09472.40 5.762e-16
09474.10 7.320e-16
09475.80 7.957e-16
09477.50 8.037e-16
09479.19 8.459e-16
09480.89 8.816e-16
09482.59 8.190e-16
09484.29 6.846e-16
09485.98 5.623e-16
09487.68 5.030e-16
09489.38 5.429e-16
09491.08 6.317e-16
09492.77 6.393e-16
09494.47 5.582e-16
09496.17 5.114e-16
09497.87 5.315e-16
09499.57 5.420e-16
09501.26 5.059e-16
09502.96 4.367e-16
09504.66 3.497e-16
09506.36 2.702e-16
09508.05 2.167e-16
09509.75 1.834e-16
09511.45 1.701e-16
09513.15 2.072e-16
09514.84 3.021e-16
09516.54 3.833e-16
09518.24 3.915e-16
09519.94 3.435e-16
09521.63 2.677e-16
09523.33 1.949e-16
09525.03 1.555e-16
09526.73 1.734e-16
09528.42 2.613e-16
09530.12 3.601e-16
09531.82 3.979e-16
09533.52 3.658e-16
09535.21 2.782e-16
09536.91 1.798e-16
09538.61 1.279e-16
09540.31 1.423e-16
09542.00 2.176e-16
09543.70 3.456e-16
09545.40 5.202e-16
09547.10 6.659e-16
09548.79 6.579e-16
09550.49 5.105e-16
09552.19 3.632e-16
09553.89 2.759e-16
09555.59 2.216e-16
09557.28 1.974e-16
09558.98 2.199e-16
09560.68 3.020e-16
09562.38 4.743e-16
09564.07 7.000e-16
09565.77 7.983e-16
09567.47 6.867e-16
09569.17 5.259e-16
09570.86 4.476e-16
09572.56 4.802e-16
09574.26 6.133e-16
09575.96 6.830e-16
09577.65 5.589e-16
09579.35 3.474e-16
09581.05 1.726e-16
09582.75 1.100e-16
09584.44 2.093e-16
09586.14 3.179e-16
09587.84 2.581e-16
09589.54 9.270e-17
09591.23 -5.637e-17
09592.93 -1.188e-16
09594.63 -4.219e-17
09596.33 1.189e-16
09598.02 2.633e-16
09599.72 3.386e-16
09601.42 3.140e-16
09603.12 2.440e-16
09604.82 2.476e-16
09606.51 3.020e-16
09608.21 2.698e-16
09609.91 1.570e-16
09611.61 1.037e-16
09613.30 1.405e-16
09615.00 1.733e-16
09616.70 1.711e-16
09618.40 1.868e-16
09620.09 2.386e-16
09621.79 2.962e-16
09623.49 3.293e-16
09625.19 2.946e-16
09626.88 1.850e-16
09628.58 9.777e-17
09630.28 9.699e-17
09631.98 1.086e-16
09633.67 7.685e-17
09635.37 6.980e-17
09637.07 1.422e-16
09638.77 2.422e-16
09640.46 3.131e-16
09642.16 3.220e-16
09643.86 2.489e-16
09645.56 1.914e-16
09647.25 2.611e-16
09648.95 3.900e-16
09650.65 4.648e-16
09652.35 4.489e-16
09654.04 3.318e-16
09655.74 1.822e-16
09657.44 1.074e-16
09659.14 1.088e-16
09660.84 1.251e-16
09662.53 1.446e-16
09664.23 1.888e-16
09665.93 2.217e-16
09667.63 1.621e-16
09669.32 2.345e-17
09671.02 -8.529e-17
09672.72 -1.188e-16
09674.42 -1.176e-16
09676.11 -8.147e-17
09677.81 6.169e-17
09679.51 2.859e-16
09681.21 3.810e-16
09682.90 2.525e-16
09684.60 6.999e-17
09686.30 -3.319e-17
09688.00 -4.540e-17
09689.69 2.621e-17
09691.39 1.210e-16
09693.09 1.767e-16
09694.79 1.575e-16
09696.48 4.948e-17
09698.18 -3.880e-17
09699.88 -1.175e-18
09701.58 6.805e-17
09703.27 5.147e-17
09704.97 1.869e-17
09706.67 7.056e-17
09708.37 1.848e-16
09710.06 3.094e-16
09711.76 3.786e-16
09713.46 3.171e-16
09715.16 2.175e-16
09716.86 2.541e-16
09718.55 3.817e-16
09720.25 4.332e-16
09721.95 3.619e-16
09723.65 1.976e-16
09725.34 1.393e-17
09727.04 -6.999e-17
09728.74 -2.364e-17
09730.44 8.310e-17
09732.13 1.931e-16
09733.83 2.700e-16
09735.53 2.834e-16
09737.23 2.064e-16
09738.92 7.806e-17
09740.62 8.475e-17
09742.32 2.862e-16
09744.02 4.121e-16
09745.71 2.888e-16
09747.41 6.188e-17
09749.11 -1.290e-16
09750.81 -2.173e-16
09752.50 -1.647e-16
09754.20 -7.060e-17
09755.90 -3.823e-17
09757.60 -5.906e-17
09759.29 -1.059e-16
09760.99 -1.205e-16
09762.69 -4.503e-17
09764.39 6.732e-17
09766.08 1.370e-16
09767.78 1.412e-16
09769.48 7.836e-17
09771.18 -2.419e-17
09772.88 -1.252e-16
09774.57 -1.863e-16
09776.27 -1.752e-16
09777.97 -1.043e-16
09779.67 -9.798e-18
09781.36 4.754e-17
09783.06 -1.595e-17
09784.76 -1.575e-16
09786.46 -2.152e-16
09788.15 -1.338e-16
09789.85 2.287e-17
09791.55 1.877e-16
09793.25 2.843e-16
09794.94 2.752e-16
09796.64 1.941e-16
09798.34 8.943e-17
09800.04 3.938e-17
09801.73 7.721e-17
09803.43 1.057e-16
09805.13 5.537e-17
09806.83 -2.929e-17
09808.52 -1.048e-16
09810.22 -1.574e-16
09811.92 -1.761e-16
09813.62 -1.628e-16
09815.31 -1.252e-16
09817.01 -7.359e-17
09818.71 -1.887e-17
09820.41 1.530e-18
09822.10 -4.961e-17
09823.80 -1.000e-16
09825.50 -5.038e-17
09827.20 2.878e-17
09828.90 8.097e-18
09830.59 -5.792e-17
09832.29 -3.472e-17
09833.99 2.755e-17
09835.69 -1.819e-17
09837.38 -1.425e-16
09839.08 -2.057e-16
09840.78 -1.826e-16
09842.48 -1.306e-16
09844.17 -1.023e-16
09845.87 -1.550e-16
09847.57 -2.772e-16
09849.27 -3.709e-16
09850.96 -3.758e-16
09852.66 -2.794e-16
09854.36 -1.233e-16
09856.06 -6.407e-17
09857.75 -1.650e-16
09859.45 -2.560e-16
09861.15 -2.347e-16
09862.85 -2.246e-16
09864.54 -3.006e-16
09866.24 -3.390e-16
09867.94 -2.452e-16
09869.64 -8.012e-17
09871.33 8.338e-17
09873.03 1.919e-16
09874.73 2.049e-16
09876.43 1.357e-16
09878.12 1.390e-17
09879.82 -4.193e-17
09881.52 9.774e-17
09883.22 2.471e-16
09884.92 1.301e-16
09886.61 -6.653e-17
09888.31 1.399e-17
09890.01 2.221e-16
09891.71 1.794e-16
09893.40 -5.346e-17
09895.10 -1.754e-16
09896.80 -1.492e-16
09898.50 -1.053e-16
09900.19 -1.024e-16
09901.89 -1.535e-16
09903.59 -2.336e-16
09905.29 -2.730e-16
09906.98 -2.246e-16
09908.68 -6.246e-17
09910.38 1.554e-16
09912.08 2.273e-16
09913.77 7.550e-17
09915.47 -1.359e-16
09917.17 -2.715e-16
09918.87 -2.668e-16
09920.56 -1.085e-16
09922.26 4.593e-17
09923.96 7.875e-17
09925.66 9.516e-17
09927.35 1.858e-16
09929.05 3.014e-16
09930.75 3.841e-16
09932.45 3.637e-16
09934.15 1.883e-16
09935.84 -4.562e-17
09937.54 -2.168e-16
09939.24 -2.692e-16
09940.94 -1.740e-16
09942.63 -8.776e-18
09944.33 1.126e-16
09946.03 1.499e-16
09947.73 9.821e-17
09949.42 -9.138e-18
09951.12 -1.206e-16
09952.82 -1.682e-16
09954.52 -7.259e-17
09956.21 1.065e-16
09957.91 2.068e-16
09959.61 1.781e-16
09961.31 6.389e-17
09963.00 -4.309e-17
09964.70 2.046e-17
09966.40 2.592e-16
09968.10 4.482e-16
09969.79 4.635e-16
09971.49 3.518e-16
09973.19 1.705e-16
09974.89 5.896e-19
09976.58 -8.815e-17
09978.28 -7.542e-17
09979.98 3.624e-17
09981.68 2.017e-16
09983.37 3.660e-16
09985.07 4.679e-16
09986.77 4.639e-16
09988.47 3.668e-16
09990.17 2.092e-16
09991.86 1.257e-16
09993.56 2.407e-16
09995.26 3.553e-16
09996.96 2.267e-16
09998.65 3.723e-18
10000.35 -6.787e-17
10002.05 -6.516e-17
10003.75 -6.246e-17
10005.44 1.620e-17
10007.14 2.046e-17
10008.84 2.046e-17
10010.54 -5.163e-17
10012.23 -3.790e-17
10013.93 3.294e-17
10015.63 6.207e-17
10017.33 -4.081e-17
10019.02 7.456e-17
10020.72 -7.129e-17
10022.42 -3.269e-17
10024.12 -4.622e-17
10025.81 -2.728e-17
10027.51 -6.296e-17
10029.21 -2.541e-17
10030.91 -1.916e-17
10032.60 2.878e-17
10034.30 -1.375e-17
10036.00 8.288e-17
10037.70 -8.341e-18
10039.39 -2.541e-17
10041.09 -2.929e-18
10042.79 -2.238e-19
10044.49 5.328e-17
10046.19 8.840e-17
10047.88 9.231e-17
10049.58 6.128e-17
10051.28 3.630e-17
10052.98 5.836e-17
10054.67 1.042e-16
10056.37 1.401e-16
10058.07 8.047e-17
10059.77 -1.686e-16
10061.46 -4.490e-16
10063.16 -5.144e-16
10064.86 -4.040e-16
10066.56 -2.833e-16
10068.25 -2.222e-16
10069.95 -2.553e-16
10071.65 -3.030e-16
10073.35 -1.805e-16
10075.04 3.226e-17
10076.74 1.107e-17
10078.44 -2.212e-16
10080.14 -2.736e-16
10081.83 -4.627e-17
10083.53 2.034e-16
10085.23 3.099e-16
10086.93 2.197e-16
10088.62 -2.913e-17
10090.32 -1.849e-16
10092.02 -1.168e-16
10093.72 -1.999e-17
10095.41 -2.972e-17
10097.11 -6.527e-17
10098.81 -6.550e-17
10100.51 -6.224e-17
10102.21 -7.713e-17
10103.90 -8.803e-17
10105.60 -7.372e-17
10107.30 3.079e-17
10109.00 2.719e-16
10110.69 4.045e-16
10112.39 1.690e-16
10114.09 -1.788e-16
10115.79 -2.757e-16
10117.48 -1.706e-16
10119.18 -3.315e-17
10120.88 5.217e-17
10122.58 2.007e-17
10124.27 -5.201e-17
10125.97 -8.139e-18
10127.67 1.264e-16
10129.37 2.197e-16
10131.06 2.200e-16
10132.76 1.320e-16
10134.46 -1.457e-17
10136.16 -1.722e-16
10137.85 -2.569e-16
10139.55 -1.376e-16
10141.25 1.523e-16
10142.95 3.525e-16
10144.64 3.290e-16
10146.34 1.488e-16
10148.04 -7.825e-17
10149.74 -1.317e-16
10151.43 8.216e-17
10153.13 3.019e-16
10154.83 3.348e-16
10156.53 2.577e-16
10158.23 1.565e-16
10159.92 1.171e-16
10161.62 2.018e-16
10163.32 2.865e-16
10165.02 2.496e-16
10166.71 2.053e-16
10168.41 2.833e-16
10170.11 3.547e-16
10171.81 2.557e-16
10173.50 1.274e-16
10175.20 1.857e-16
10176.90 2.725e-16
10178.60 1.028e-16
10180.29 -1.011e-16
10181.99 9.335e-17
10183.69 4.784e-16
10185.39 5.211e-16
10187.08 2.093e-16
10188.78 -1.515e-16
10190.48 -4.023e-16
10192.18 -4.725e-16
10193.87 -4.022e-16
10195.57 -3.703e-16
10197.27 -4.057e-16
10198.97 -3.391e-16
10200.66 -1.448e-16
10202.36 4.753e-19
10204.06 9.102e-18
10205.76 -7.119e-17
10207.45 -1.660e-16
10209.15 -1.115e-16
10210.85 1.441e-16
10212.55 3.053e-16
10214.25 1.808e-16
10215.94 6.192e-18
10217.64 -1.752e-17
10219.34 3.825e-17
10221.04 9.316e-17
10222.73 1.389e-16
10224.43 1.689e-16
10226.13 1.776e-16
10227.83 1.635e-16
10229.52 1.353e-16
10231.22 1.054e-16
10232.92 5.347e-17
10234.62 -4.688e-17
10236.31 -1.553e-16
10238.01 -2.111e-16
10239.71 -1.949e-16
10241.41 -1.066e-16
10243.10 8.774e-18
10244.80 8.235e-17
10246.50 9.238e-17
10248.20 4.179e-17
10249.89 -1.842e-19
10251.59 1.033e-16
10253.29 3.049e-16
10254.99 3.607e-16
10256.68 2.007e-16
10258.38 -3.061e-17
10260.08 -2.129e-16
10261.78 -2.526e-16
10263.48 -1.201e-16
10265.17 8.458e-17
10266.87 2.641e-16
10268.57 3.305e-16
10270.27 2.608e-16
10271.96 2.507e-16
10273.66 4.249e-16
10275.36 5.895e-16
10277.06 5.733e-16
10278.75 3.822e-16
10280.45 6.187e-17
10282.15 -1.762e-16
10283.85 -1.359e-16
10285.54 2.192e-17
10287.24 8.174e-17
10288.94 2.063e-17
10290.64 -1.386e-16
10292.33 -2.747e-16
10294.03 -2.312e-16
10295.73 -1.013e-16
10297.43 -8.298e-17
10299.12 -1.173e-16
10300.82 -2.110e-17
10302.52 1.396e-16
10304.22 1.627e-16
10305.91 2.932e-17
10307.61 -1.684e-16
10309.31 -2.926e-16
10311.01 -1.326e-16
10312.70 2.086e-16
10314.40 2.468e-16
10316.10 -9.409e-17
10317.80 -3.193e-16
10319.50 -2.191e-16
10321.19 -4.226e-17
10322.89 4.121e-17
10324.59 -1.508e-17
10326.29 -2.023e-16
10327.98 -3.408e-16
10329.68 -2.989e-16
10331.38 -1.246e-16
10333.08 1.100e-16
10334.77 2.842e-16
10336.47 3.012e-16
10338.17 2.333e-16
10339.87 1.690e-16
10341.56 1.107e-16
10343.26 5.264e-17
10344.96 3.317e-17
10346.66 8.924e-17
10348.35 1.669e-16
10350.05 1.895e-16
10351.75 1.918e-16
10353.45 2.450e-16
10355.14 3.041e-16
10356.84 2.778e-16
10358.54 1.942e-16
10360.24 1.435e-16
10361.93 1.244e-16
10363.63 7.295e-17
10365.33 1.407e-17
10367.03 4.638e-17
10368.72 1.307e-16
10370.42 8.962e-17
10372.12 -8.604e-17
10373.82 -1.966e-16
10375.52 -1.932e-16
10377.21 -2.637e-16
10378.91 -4.292e-16
10380.61 -3.917e-16
10382.31 -7.325e-17
10384.00 1.141e-16
10385.70 -6.956e-17
10387.40 -3.860e-16
10389.10 -6.231e-16
10390.79 -7.266e-16
10392.49 -6.600e-16
10394.19 -4.170e-16
10395.89 -3.531e-17
10397.58 2.697e-16
10399.28 3.048e-16
10400.98 2.576e-16
10402.68 3.587e-16
10404.37 4.769e-16
10406.07 4.171e-16
10407.77 2.925e-16
10409.47 2.939e-16
10411.16 2.766e-16
10412.86 -6.737e-20
10414.56 -4.407e-16
10416.26 -8.320e-16
10417.95 -9.041e-16
10419.65 -3.318e-16
10421.35 5.467e-16
10423.05 9.130e-16
10424.74 7.180e-16
10426.44 5.753e-16
10428.14 6.184e-16
10429.84 4.886e-16
10431.54 1.736e-16
10433.23 7.809e-17
10434.93 2.797e-16
10436.63 3.618e-16
10438.33 1.515e-16
10440.02 -6.249e-17
10441.72 -1.127e-16
10443.42 -1.124e-16
10445.12 -1.329e-16
10446.81 -1.409e-16
10448.51 -1.039e-16
10450.21 4.612e-17
10451.91 3.378e-16
10453.60 6.036e-16
10455.30 6.855e-16
10457.00 6.288e-16
10458.70 5.061e-16
10460.39 2.799e-16
10462.09 -8.236e-17
10463.79 -4.593e-16
10465.49 -7.048e-16
10467.18 -7.653e-16
10468.88 -6.302e-16
10470.58 -3.719e-16
10472.28 -9.607e-17
10473.97 7.854e-17
10475.67 2.897e-17
10477.37 -1.575e-16
10479.07 -2.599e-16
10480.76 -2.496e-16
10482.46 -2.445e-16
10484.16 -2.512e-16
10485.86 -1.775e-16
10487.56 -5.119e-17
10489.25 -3.248e-17
10490.95 -1.284e-16
10492.65 -1.405e-16
10494.35 1.224e-17
10496.04 2.242e-16
10497.74 4.081e-16
10499.44 5.088e-16
10501.14 4.933e-16
10502.83 3.756e-16
10504.53 2.075e-16
10506.23 1.589e-16
10507.93 3.300e-16
10509.62 4.870e-16
10511.32 4.380e-16
10513.02 3.923e-16
10514.72 5.502e-16
10516.41 7.895e-16
10518.11 9.532e-16
10519.81 9.522e-16
10521.51 7.247e-16
10523.20 3.949e-16
10524.90 1.401e-16
10526.60 -3.300e-17
10528.30 -1.804e-16
10529.99 -2.427e-16
10531.69 -1.248e-16
10533.39 8.304e-17
10535.09 2.066e-16
10536.78 1.791e-16
10538.48 -8.188e-18
10540.18 -2.318e-16
10541.88 -2.542e-16
10543.58 -7.219e-17
10545.27 8.693e-17
10546.97 1.288e-16
10548.67 1.104e-16
10550.37 6.879e-17
10552.06 3.000e-17
10553.76 4.040e-18
10555.46 -4.617e-17
10557.16 -1.258e-16
10558.85 -1.778e-16
10560.55 -1.472e-16
10562.25 3.693e-17
10563.95 3.811e-16
10565.64 6.973e-16
10567.34 8.192e-16
10569.04 6.766e-16
10570.74 2.699e-16
10572.43 -4.495e-17
10574.13 5.804e-17
10575.83 2.689e-16
10577.53 2.132e-16
10579.22 -9.131e-18
10580.92 -2.105e-16
10582.62 -2.627e-16
10584.32 -5.833e-17
10586.01 2.454e-16
10587.71 4.019e-16
10589.41 3.308e-16
10591.11 2.864e-17
10592.81 -3.264e-16
10594.50 -4.599e-16
10596.20 -2.841e-16
10597.90 1.607e-16
10599.60 6.867e-16
10601.29 9.862e-16
10602.99 9.263e-16
10604.69 5.530e-16
10606.39 3.060e-17
10608.08 -3.190e-16
10609.78 -3.654e-16
10611.48 -2.936e-16
10613.18 -2.343e-16
10614.87 -2.100e-16
10616.57 -2.289e-16
10618.27 -2.363e-16
10619.97 -1.945e-16
10621.66 -1.430e-16
10623.36 -1.129e-16
10625.06 -9.110e-17
10626.76 -7.013e-17
10628.45 -9.498e-17
10630.15 -1.951e-16
10631.85 -2.871e-16
10633.55 -2.859e-16
10635.24 -2.140e-16
10636.94 -1.132e-16
10638.64 -9.576e-18
10640.34 7.103e-17
10642.03 1.724e-16
10643.73 3.601e-16
10645.43 5.504e-16
10647.13 6.007e-16
10648.83 5.755e-16
10650.52 6.374e-16
10652.22 7.334e-16
10653.92 6.988e-16
10655.62 4.801e-16
10657.31 8.399e-17
10659.01 -3.365e-16
10660.71 -4.792e-16
10662.41 -3.394e-16
10664.10 -2.600e-16
10665.80 -3.210e-16
10667.50 -2.420e-16
10669.20 5.085e-17
10670.89 3.230e-16
10672.59 4.130e-16
10674.29 2.578e-16
10675.99 -9.309e-17
10677.68 -2.811e-16
10679.38 -9.551e-17
10681.08 1.634e-16
10682.78 2.411e-16
10684.47 1.586e-16
10686.17 -2.487e-17
10687.87 -9.965e-17
10689.57 1.073e-16
10691.26 3.617e-16
10692.96 4.002e-16
10694.66 2.112e-16
10696.36 -1.556e-16
10698.05 -4.387e-16
10699.75 -3.352e-16
10701.45 -2.374e-17
10703.15 1.560e-16
10704.85 2.326e-16
10706.54 3.741e-16
10708.24 5.657e-16
10709.94 7.201e-16
10711.64 7.762e-16
10713.33 6.777e-16
10715.03 4.846e-16
10716.73 3.561e-16
10718.43 3.134e-16
10720.12 2.381e-16
10721.82 1.269e-16
10723.52 1.148e-16
10725.22 2.086e-16
10726.91 2.320e-16
10728.61 1.335e-16
10730.31 7.837e-17
10732.01 1.516e-16
10733.70 2.826e-16
10735.40 3.891e-16
10737.10 3.408e-16
10738.80 7.495e-17
10740.49 -2.424e-16
10742.19 -4.558e-16
10743.89 -5.335e-16
10745.59 -4.715e-16
10747.28 -3.421e-16
10748.98 -2.272e-16
10750.68 -1.409e-16
10752.38 -8.630e-17
10754.07 -2.158e-17
10755.77 1.032e-16
10757.47 1.610e-16
10759.17 -5.627e-18
10760.87 -2.936e-16
10762.56 -5.235e-16
10764.26 -5.377e-16
10765.96 -1.825e-16
10767.66 2.986e-16
10769.35 4.404e-16
10771.05 2.283e-16
10772.75 -5.384e-17
10774.45 -2.528e-16
10776.14 -3.069e-16
10777.84 -2.272e-16
10779.54 -1.141e-16
10781.24 -4.790e-17
10782.93 -8.518e-17
10784.63 -1.981e-16
10786.33 -2.190e-16
10788.03 -7.809e-17
10789.72 1.164e-16
10791.42 2.548e-16
10793.12 2.078e-16
10794.82 -6.290e-17
10796.51 -3.262e-16
10798.21 -3.994e-16
10799.91 -3.285e-16
10801.61 -1.826e-16
10803.30 -4.198e-17
10805.00 1.796e-17
10806.70 -3.899e-17
10808.40 -2.193e-16
10810.09 -3.219e-16
10811.79 -1.401e-16
10813.49 1.158e-16
10815.19 1.551e-16
10816.89 3.895e-17
10818.58 -7.310e-17
10820.28 -1.260e-16
10821.98 -9.375e-17
10823.68 -2.279e-17
10825.37 -1.773e-18
10827.07 -1.483e-17
10828.77 5.426e-18
10830.47 9.234e-17
10832.16 2.792e-16
10833.86 4.218e-16
10835.56 1.996e-16
10837.26 -3.136e-16
10838.95 -6.083e-16
10840.65 -5.171e-16
10842.35 -3.204e-16
10844.05 -1.896e-16
10845.74 -1.432e-16
10847.44 -1.721e-16
10849.14 -1.714e-16
10850.84 -8.094e-17
10852.53 1.389e-17
10854.23 6.081e-17
10855.93 1.419e-16
10857.63 2.953e-16
10859.32 3.502e-16
10861.02 1.828e-16
10862.72 -1.593e-17
10864.42 -6.037e-17
10866.11 -6.807e-17
10867.81 -1.740e-16
10869.51 -2.864e-16
10871.21 -2.900e-16
10872.91 -1.503e-16
10874.60 1.430e-16
10876.30 4.019e-16
10878.00 3.786e-16
10879.70 1.855e-16
10881.39 8.688e-17
10883.09 7.160e-17
10884.79 -5.258e-18
10886.49 -1.184e-16
10888.18 -1.520e-16
10889.88 -9.353e-17
10891.58 6.246e-18
10893.28 7.035e-17
10894.97 -1.336e-17
10896.67 -2.188e-16
10898.37 -3.555e-16
10900.07 -3.381e-16
10901.76 -2.310e-16
10903.46 -9.015e-17
10905.16 4.865e-17
10906.86 1.309e-16
10908.55 4.477e-17
10910.25 -2.015e-16
10911.95 -2.545e-16
10913.65 7.967e-17
10915.34 4.167e-16
10917.04 4.409e-16
10918.74 2.593e-16
10920.44 1.028e-17
10922.14 -1.906e-16
10923.83 -2.410e-16
10925.53 -1.990e-16
10927.23 -1.500e-16
10928.93 -1.089e-16
10930.62 -8.037e-17
10932.32 -2.370e-17
10934.02 1.128e-16
10935.72 2.453e-16
10937.41 2.501e-16
10939.11 1.323e-16
10940.81 -4.835e-17
10942.51 -2.185e-16
10944.20 -2.919e-16
10945.90 -2.851e-16
10947.60 -2.898e-16
10949.30 -3.160e-16
10950.99 -3.092e-16
10952.69 -2.619e-16
10954.39 -2.098e-16
10956.09 -1.702e-16
10957.78 -1.416e-16
10959.48 -1.257e-16
10961.18 -1.231e-16
10962.88 -1.374e-16
10964.57 -1.909e-16
10966.27 -2.665e-16
10967.97 -2.477e-16
10969.67 -8.141e-17
10971.36 1.125e-16
10973.06 2.245e-16
10974.76 1.921e-16
10976.46 -2.415e-18
10978.16 -1.872e-16
10979.85 -2.052e-16
10981.55 -1.246e-16
10983.25 -3.996e-17
10984.95 3.123e-17
10986.64 8.059e-17
10988.34 9.023e-17
10990.04 4.830e-17
10991.74 -1.123e-17
10993.43 -3.817e-17
10995.13 -4.182e-17
10996.83 -6.169e-17
10998.53 -2.712e-17
11000.22 1.856e-16
11001.92 4.534e-16
11003.62 5.121e-16
11005.32 3.667e-16
11007.01 2.080e-16
11008.71 1.152e-16
11010.41 8.832e-17
11012.11 8.423e-17
11013.80 -1.311e-17
11015.50 -1.725e-16
11017.20 -1.464e-16
11018.90 1.099e-16
11020.59 3.072e-16
11022.29 3.120e-16
11023.99 3.017e-16
11025.69 3.781e-16
11027.38 4.593e-16
11029.08 4.921e-16
11030.78 5.024e-16
11032.48 5.110e-16
11034.18 5.203e-16
11035.87 5.322e-16
11037.57 5.420e-16
