03180.73 2.296e-15
03182.43 2.296e-15
03184.12 2.296e-15
03185.82 2.296e-15
03187.52 2.296e-15
03189.22 2.296e-15
03190.91 2.296e-15
03192.61 2.296e-15
03194.31 2.296e-15
03196.01 2.296e-15
03197.70 2.296e-15
03199.40 2.296e-15
03201.10 2.296e-15
03202.79 2.297e-15
03204.49 2.297e-15
03206.19 2.297e-15
03207.89 2.297e-15
03209.58 2.297e-15
03211.28 2.297e-15
03212.98 2.297e-15
03214.68 2.297e-15
03216.37 2.297e-15
03218.07 2.297e-15
03219.77 2.297e-15
03221.47 2.297e-15
03223.16 2.297e-15
03224.86 2.297e-15
03226.56 2.297e-15
03228.25 2.297e-15
03229.95 2.297e-15
03231.65 2.297e-15
03233.35 2.297e-15
03235.04 2.297e-15
03236.74 2.297e-15
03238.44 2.297e-15
03240.14 2.298e-15
03241.83 2.298e-15
03243.53 2.298e-15
03245.23 2.298e-15
03246.92 2.298e-15
03248.62 2.298e-15
03250.32 2.298e-15
03252.02 2.298e-15
03253.71 2.298e-15
03255.41 2.298e-15
03257.11 2.298e-15
03258.81 2.298e-15
03260.50 2.298e-15
03262.20 2.298e-15
03263.90 2.298e-15
03265.60 2.298e-15
03267.29 2.298e-15
03268.99 2.298e-15
03270.69 2.298e-15
03272.38 2.298e-15
03274.08 2.298e-15
03275.78 2.299e-15
03277.48 2.299e-15
03279.17 2.299e-15
03280.87 2.299e-15
03282.57 2.299e-15
03284.27 2.299e-15
03285.96 2.299e-15
03287.66 2.299e-15
03289.36 2.299e-15
03291.05 2.299e-15
03292.75 2.299e-15
03294.45 2.299e-15
03296.15 2.299e-15
03297.84 2.299e-15
03299.54 2.299e-15
03301.24 2.299e-15
03302.94 2.299e-15
03304.63 2.299e-15
03306.33 2.299e-15
03308.03 2.299e-15
03309.73 2.299e-15
03311.42 2.299e-15
03313.12 2.300e-15
03314.82 2.300e-15
03316.51 2.300e-15
03318.21 2.300e-15
03319.91 2.300e-15
03321.61 2.300e-15
03323.30 2.300e-15
03325.00 2.300e-15
03326.70 2.300e-15
03328.40 2.300e-15
03330.09 2.300e-15
03331.79 2.300e-15
03333.49 2.300e-15
03335.19 2.300e-15
03336.88 2.300e-15
03338.58 2.300e-15
03340.28 2.300e-15
03341.97 2.300e-15
03343.67 2.300e-15
03345.37 2.300e-15
03347.07 2.300e-15
03348.76 2.300e-15
03350.46 2.301e-15
03352.16 2.301e-15
03353.86 2.301e-15
03355.55 2.301e-15
03357.25 2.301e-15
03358.95 2.301e-15
03360.64 2.301e-15
03362.34 2.301e-15
03364.04 2.301e-15
03365.74 2.301e-15
03367.43 2.301e-15
03369.13 2.301e-15
03370.83 2.301e-15
03372.53 2.301e-15
03374.22 2.301e-15
03375.92 2.301e-15
03377.62 2.301e-15
03379.32 2.301e-15
03381.01 2.301e-15
03382.71 2.301e-15
03384.41 2.301e-15
03386.10 2.302e-15
03387.80 2.302e-15
03389.50 2.302e-15
03391.20 2.302e-15
03392.89 2.302e-15
03394.59 2.302e-15
03396.29 2.302e-15
03397.99 2.302e-15
03399.68 2.302e-15
03401.38 2.302e-15
03403.08 2.302e-15
03404.77 2.302e-15
03406.47 2.302e-15
03408.17 2.302e-15
03409.87 2.302e-15
03411.56 2.302e-15
03413.26 2.302e-15
03414.96 2.302e-15
03416.66 2.302e-15
03418.35 2.302e-15
03420.05 2.302e-15
03421.75 2.302e-15
03423.45 2.303e-15
03425.14 2.303e-15
03426.84 2.303e-15
03428.54 2.303e-15
03430.23 2.303e-15
03431.93 2.303e-15
03433.63 2.303e-15
03435.33 2.303e-15
03437.02 2.303e-15
03438.72 2.303e-15
03440.42 2.303e-15
03442.12 2.303e-15
03443.81 2.303e-15
03445.51 2.303e-15
03447.21 2.303e-15
03448.91 2.303e-15
03450.60 2.303e-15
03452.30 2.303e-15
03454.00 2.303e-15
03455.69 2.120e-15
03457.39 1.964e-15
03459.09 2.058e-15
03460.79 2.393e-15
03462.48 2.778e-15
03464.18 2.964e-15
03465.88 3.041e-15
03467.58 3.040e-15
03469.27 2.742e-15
03470.97 2.316e-15
03472.67 2.135e-15
03474.36 2.043e-15
03476.06 1.953e-15
03477.76 1.932e-15
03479.46 2.142e-15
03481.15 2.396e-15
03482.85 2.475e-15
03484.55 2.533e-15
03486.25 2.692e-15
03487.94 2.606e-15
03489.64 2.346e-15
03491.34 2.002e-15
03493.04 1.731e-15
03494.73 1.780e-15
03496.43 1.874e-15
03498.13 1.792e-15
03499.82 1.942e-15
03501.52 2.017e-15
03503.22 1.884e-15
03504.92 1.898e-15
03506.61 2.134e-15
03508.31 2.355e-15
03510.01 2.559e-15
03511.71 2.548e-15
03513.40 2.347e-15
03515.10 2.363e-15
03516.80 2.380e-15
03518.50 2.397e-15
03520.19 2.414e-15
03521.89 2.430e-15
03523.59 2.447e-15
03525.28 2.464e-15
03526.98 2.403e-15
03528.68 2.249e-15
03530.38 2.514e-15
03532.07 2.710e-15
03533.77 2.547e-15
03535.47 2.348e-15
03537.17 2.581e-15
03538.86 2.820e-15
03540.56 2.743e-15
03542.26 2.677e-15
03543.95 2.820e-15
03545.65 2.853e-15
03547.35 2.578e-15
03549.05 2.698e-15
03550.74 2.534e-15
03552.44 2.732e-15
03554.14 2.748e-15
03555.84 2.777e-15
03557.53 2.595e-15
03559.23 2.409e-15
03560.93 2.228e-15
03562.63 2.006e-15
03564.32 2.080e-15
03566.02 2.358e-15
03567.72 2.518e-15
03569.41 2.594e-15
03571.11 2.712e-15
03572.81 2.695e-15
03574.51 2.587e-15
03576.20 2.680e-15
03577.90 2.859e-15
03579.60 2.916e-15
03581.30 2.811e-15
03582.99 2.685e-15
03584.69 2.521e-15
03586.39 2.426e-15
03588.08 2.428e-15
03589.78 2.348e-15
03591.48 2.256e-15
03593.18 2.319e-15
03594.87 2.287e-15
03596.57 2.319e-15
03598.27 2.622e-15
03599.97 2.864e-15
03601.66 2.880e-15
03603.36 2.919e-15
03605.06 2.778e-15
03606.76 2.438e-15
03608.45 2.217e-15
03610.15 2.143e-15
03611.85 2.131e-15
03613.54 2.104e-15
03615.24 2.150e-15
03616.94 2.229e-15
03618.64 2.400e-15
03620.33 2.520e-15
03622.03 2.616e-15
03623.73 2.687e-15
03625.43 2.654e-15
03627.12 2.458e-15
03628.82 2.316e-15
03630.52 2.203e-15
03632.22 2.015e-15
03633.91 2.020e-15
03635.61 2.115e-15
03637.31 2.132e-15
03639.00 2.216e-15
03640.70 2.402e-15
03642.40 2.467e-15
03644.10 2.356e-15
03645.79 2.167e-15
03647.49 1.973e-15
03649.19 1.742e-15
03650.89 1.570e-15
03652.58 1.618e-15
03654.28 1.769e-15
03655.98 1.904e-15
03657.67 2.176e-15
03659.37 2.383e-15
03661.07 2.488e-15
03662.77 2.556e-15
03664.46 2.638e-15
03666.16 2.686e-15
03667.86 2.733e-15
03669.56 2.624e-15
03671.25 2.382e-15
03672.95 2.254e-15
03674.65 2.187e-15
03676.35 2.127e-15
03678.04 2.190e-15
03679.74 2.493e-15
03681.44 2.780e-15
03683.13 2.863e-15
03684.83 2.821e-15
03686.53 2.788e-15
03688.23 2.633e-15
03689.92 2.395e-15
03691.62 2.421e-15
03693.32 2.664e-15
03695.02 2.755e-15
03696.71 2.752e-15
03698.41 2.746e-15
03700.11 2.685e-15
03701.81 2.477e-15
03703.50 2.346e-15
03705.20 2.369e-15
03706.90 2.517e-15
03708.59 2.694e-15
03710.29 2.739e-15
03711.99 2.703e-15
03713.69 2.622e-15
03715.38 2.367e-15
03717.08 1.961e-15
03718.78 1.776e-15
03720.48 1.803e-15
03722.17 1.877e-15
03723.87 1.997e-15
03725.57 2.052e-15
03727.26 2.040e-15
03728.96 2.000e-15
03730.66 1.848e-15
03732.36 1.574e-15
03734.05 1.406e-15
03735.75 1.415e-15
03737.45 1.346e-15
03739.15 1.329e-15
03740.84 1.455e-15
03742.54 1.547e-15
03744.24 1.362e-15
03745.94 1.199e-15
03747.63 1.156e-15
03749.33 1.082e-15
03751.03 1.041e-15
03752.72 1.073e-15
03754.42 9.932e-16
03756.12 8.317e-16
03757.82 8.500e-16
03759.51 9.026e-16
03761.21 9.266e-16
03762.91 9.639e-16
03764.61 1.035e-15
03766.30 1.024e-15
03768.00 9.239e-16
03769.70 8.559e-16
03771.39 9.384e-16
03773.09 9.777e-16
03774.79 9.295e-16
03776.49 9.715e-16
03778.18 9.491e-16
03779.88 9.281e-16
03781.58 8.808e-16
03783.28 7.952e-16
03784.97 7.533e-16
03786.67 8.660e-16
03788.37 9.913e-16
03790.07 1.048e-15
03791.76 1.073e-15
03793.46 1.077e-15
03795.16 1.031e-15
03796.85 8.193e-16
03798.55 8.653e-16
03800.25 9.805e-16
03801.95 9.852e-16
03803.64 9.470e-16
03805.34 9.913e-16
03807.04 9.453e-16
03808.74 9.401e-16
03810.43 9.389e-16
03812.13 1.041e-15
03813.83 1.176e-15
03815.53 1.247e-15
03817.22 1.346e-15
03818.92 1.459e-15
03820.62 1.465e-15
03822.31 1.443e-15
03824.01 1.306e-15
03825.71 1.111e-15
03827.41 9.247e-16
03829.10 9.647e-16
03830.80 1.071e-15
03832.50 1.252e-15
03834.20 1.359e-15
03835.89 1.489e-15
03837.59 1.463e-15
03839.29 1.323e-15
03840.98 1.198e-15
03842.68 1.105e-15
03844.38 9.180e-16
03846.08 9.499e-16
03847.77 1.090e-15
03849.47 1.215e-15
03851.17 1.458e-15
03852.87 1.816e-15
03854.56 1.962e-15
03856.26 1.917e-15
03857.96 1.852e-15
03859.66 1.774e-15
03861.35 1.796e-15
03863.05 1.723e-15
03864.75 1.908e-15
03866.44 2.118e-15
03868.14 2.235e-15
03869.84 2.212e-15
03871.54 2.211e-15
03873.23 2.084e-15
03874.93 1.952e-15
03876.63 1.959e-15
03878.33 1.995e-15
03880.02 2.096e-15
03881.72 2.211e-15
03883.42 2.401e-15
03885.11 2.584e-15
03886.81 2.782e-15
03888.51 2.975e-15
03890.21 3.125e-15
03891.90 3.324e-15
03893.60 3.534e-15
03895.30 3.674e-15
03897.00 3.754e-15
03898.69 3.874e-15
03900.39 3.924e-15
03902.09 3.882e-15
03903.79 3.932e-15
03905.48 3.909e-15
03907.18 4.060e-15
03908.88 4.327e-15
03910.57 4.390e-15
03912.27 4.336e-15
03913.97 4.488e-15
03915.67 4.487e-15
03917.36 4.417e-15
03919.06 4.535e-15
03920.76 4.701e-15
03922.46 4.705e-15
03924.15 4.892e-15
03925.85 4.972e-15
03927.55 4.968e-15
03929.25 5.117e-15
03930.94 5.326e-15
03932.64 5.272e-15
03934.34 5.170e-15
03936.03 5.245e-15
03937.73 5.279e-15
03939.43 5.301e-15
03941.13 5.350e-15
03942.82 5.491e-15
03944.52 5.518e-15
03946.22 5.460e-15
03947.92 5.346e-15
03949.61 5.215e-15
03951.31 5.246e-15
03953.01 5.382e-15
03954.70 5.472e-15
03956.40 5.559e-15
03958.10 5.689e-15
03959.80 5.724e-15
03961.49 5.768e-15
03963.19 5.769e-15
03964.89 5.809e-15
03966.59 5.908e-15
03968.28 5.979e-15
03969.98 5.910e-15
03971.68 5.969e-15
03973.38 6.014e-15
03975.07 5.884e-15
03976.77 5.786e-15
03978.47 5.799e-15
03980.16 5.799e-15
03981.86 5.859e-15
03983.56 6.114e-15
03985.26 6.133e-15
03986.95 6.027e-15
03988.65 5.927e-15
03990.35 5.909e-15
03992.05 5.858e-15
03993.74 5.956e-15
03995.44 6.037e-15
03997.14 6.008e-15
03998.84 5.993e-15
04000.53 5.945e-15
04002.23 5.843e-15
04003.93 5.888e-15
04005.62 6.014e-15
04007.32 5.998e-15
04009.02 5.953e-15
04010.72 5.988e-15
04012.41 5.986e-15
04014.11 5.859e-15
04015.81 5.725e-15
04017.51 5.637e-15
04019.20 5.557e-15
04020.90 5.520e-15
04022.60 5.566e-15
04024.29 5.589e-15
04025.99 5.543e-15
04027.69 5.534e-15
04029.39 5.464e-15
04031.08 5.357e-15
04032.78 5.343e-15
04034.48 5.370e-15
04036.18 5.316e-15
04037.87 5.248e-15
04039.57 5.247e-15
04041.27 5.227e-15
04042.97 5.129e-15
04044.66 5.011e-15
04046.36 4.858e-15
04048.06 4.758e-15
04049.75 4.655e-15
04051.45 4.643e-15
04053.15 4.621e-15
04054.85 4.561e-15
04056.54 4.482e-15
04058.24 4.362e-15
04059.94 4.230e-15
04061.64 4.126e-15
04063.33 4.100e-15
04065.03 4.087e-15
04066.73 4.163e-15
04068.42 4.191e-15
04070.12 4.180e-15
04071.82 4.198e-15
04073.52 4.165e-15
04075.21 4.006e-15
04076.91 3.944e-15
04078.61 4.054e-15
04080.31 4.120e-15
04082.00 4.026e-15
04083.70 4.013e-15
04085.40 3.903e-15
04087.10 3.739e-15
04088.79 3.589e-15
04090.49 3.644e-15
04092.19 3.685e-15
04093.88 3.767e-15
04095.58 3.758e-15
04097.28 3.783e-15
04098.98 3.692e-15
04100.67 3.603e-15
04102.37 3.535e-15
04104.07 3.516e-15
04105.77 3.472e-15
04107.46 3.418e-15
04109.16 3.403e-15
04110.86 3.394e-15
04112.56 3.292e-15
04114.25 3.234e-15
04115.95 3.291e-15
04117.65 3.294e-15
04119.34 3.206e-15
04121.04 3.285e-15
04122.74 3.312e-15
04124.44 3.185e-15
04126.13 3.089e-15
04127.83 3.153e-15
04129.53 3.156e-15
04131.23 3.093e-15
04132.92 3.168e-15
04134.62 3.323e-15
04136.32 3.308e-15
04138.01 3.280e-15
04139.71 3.273e-15
04141.41 3.269e-15
04143.11 3.219e-15
04144.80 3.208e-15
04146.50 3.154e-15
04148.20 3.187e-15
04149.90 3.251e-15
04151.59 3.307e-15
04153.29 3.410e-15
04154.99 3.464e-15
04156.69 3.494e-15
04158.38 3.517e-15
04160.08 3.422e-15
04161.78 3.293e-15
04163.47 3.300e-15
04165.17 3.292e-15
04166.87 3.170e-15
04168.57 3.234e-15
04170.26 3.337e-15
04171.96 3.388e-15
04173.66 3.541e-15
04175.36 3.762e-15
04177.05 3.802e-15
04178.75 3.793e-15
04180.45 3.766e-15
04182.14 3.611e-15
04183.84 3.420e-15
04185.54 3.320e-15
04187.24 3.229e-15
04188.93 3.181e-15
04190.63 3.206e-15
04192.33 3.231e-15
04194.03 3.321e-15
04195.72 3.528e-15
04197.42 3.683e-15
04199.12 3.767e-15
04200.82 3.840e-15
04202.51 3.824e-15
04204.21 3.708e-15
04205.91 3.663e-15
04207.60 3.620e-15
04209.30 3.633e-15
04211.00 3.707e-15
04212.70 3.791e-15
04214.39 3.750e-15
04216.09 3.688e-15
04217.79 3.643e-15
04219.49 3.623e-15
04221.18 3.516e-15
04222.88 3.473e-15
04224.58 3.492e-15
04226.28 3.514e-15
04227.97 3.479e-15
04229.67 3.527e-15
04231.37 3.648e-15
04233.06 3.767e-15
04234.76 3.789e-15
04236.46 3.789e-15
04238.16 3.762e-15
04239.85 3.649e-15
04241.55 3.425e-15
04243.25 3.277e-15
04244.95 3.191e-15
04246.64 3.182e-15
04248.34 3.176e-15
04250.04 3.251e-15
04251.73 3.355e-15
04253.43 3.489e-15
04255.13 3.589e-15
04256.83 3.647e-15
04258.52 3.645e-15
04260.22 3.597e-15
04261.92 3.536e-15
04263.62 3.475e-15
04265.31 3.423e-15
04267.01 3.519e-15
04268.71 3.652e-15
04270.41 3.713e-15
04272.10 3.762e-15
04273.80 3.772e-15
04275.50 3.693e-15
04277.19 3.633e-15
04278.89 3.523e-15
04280.59 3.416e-15
04282.29 3.408e-15
04283.98 3.368e-15
04285.68 3.330e-15
04287.38 3.407e-15
04289.08 3.470e-15
04290.77 3.556e-15
04292.47 3.689e-15
04294.17 3.703e-15
04295.87 3.718e-15
04297.56 3.777e-15
04299.26 3.828e-15
04300.96 3.792e-15
04302.65 3.763e-15
04304.35 3.802e-15
04306.05 3.791e-15
04307.75 3.675e-15
04309.44 3.668e-15
04311.14 3.713e-15
04312.84 3.629e-15
04314.54 3.615e-15
04316.23 3.753e-15
04317.93 3.887e-15
04319.63 3.976e-15
04321.32 4.046e-15
04323.02 4.003e-15
04324.72 3.926e-15
04326.42 3.887e-15
04328.11 3.908e-15
04329.81 3.991e-15
04331.51 4.113e-15
04333.21 4.106e-15
04334.90 4.048e-15
04336.60 4.056e-15
04338.30 3.974e-15
04340.00 3.880e-15
04341.69 3.854e-15
04343.39 3.780e-15
04345.09 3.674e-15
04346.78 3.684e-15
04348.48 3.704e-15
04350.18 3.718e-15
04351.88 3.824e-15
04353.57 3.896e-15
04355.27 3.835e-15
04356.97 3.709e-15
04358.67 3.536e-15
04360.36 3.440e-15
04362.06 3.407e-15
04363.76 3.436e-15
04365.45 3.439e-15
04367.15 3.468e-15
04368.85 3.407e-15
04370.55 3.265e-15
04372.24 3.119e-15
04373.94 3.081e-15
04375.64 3.017e-15
04377.34 2.854e-15
04379.03 2.766e-15
04380.73 2.705e-15
04382.43 2.591e-15
04384.13 2.535e-15
04385.82 2.569e-15
04387.52 2.495e-15
04389.22 2.380e-15
04390.91 2.368e-15
04392.61 2.433e-15
04394.31 2.486e-15
04396.01 2.539e-15
04397.70 2.540e-15
04399.40 2.463e-15
04401.10 2.399e-15
04402.80 2.314e-15
04404.49 2.166e-15
04406.19 2.028e-15
04407.89 2.067e-15
04409.59 2.099e-15
04411.28 2.026e-15
04412.98 1.968e-15
04414.68 1.984e-15
04416.37 1.884e-15
04418.07 1.742e-15
04419.77 1.745e-15
04421.47 1.866e-15
04423.16 1.941e-15
04424.86 2.034e-15
04426.56 2.185e-15
04428.26 2.273e-15
04429.95 2.258e-15
04431.65 2.314e-15
04433.35 2.317e-15
04435.04 2.259e-15
04436.74 2.231e-15
04438.44 2.252e-15
04440.14 2.273e-15
04441.83 2.325e-15
04443.53 2.359e-15
04445.23 2.364e-15
04446.93 2.388e-15
04448.62 2.423e-15
04450.32 2.392e-15
04452.02 2.435e-15
04453.72 2.536e-15
04455.41 2.575e-15
04457.11 2.522e-15
04458.81 2.553e-15
04460.50 2.564e-15
04462.20 2.588e-15
04463.90 2.601e-15
04465.60 2.668e-15
04467.29 2.743e-15
04468.99 2.674e-15
04470.69 2.589e-15
04472.39 2.570e-15
04474.08 2.523e-15
04475.78 2.531e-15
04477.48 2.562e-15
04479.17 2.549e-15
04480.87 2.584e-15
04482.57 2.622e-15
04484.27 2.535e-15
04485.96 2.358e-15
04487.66 2.311e-15
04489.36 2.359e-15
04491.06 2.500e-15
04492.75 2.707e-15
04494.45 3.054e-15
04496.15 3.284e-15
04497.85 3.391e-15
04499.54 3.451e-15
04501.24 3.473e-15
04502.94 3.467e-15
04504.63 3.470e-15
04506.33 3.440e-15
04508.03 3.424e-15
04509.73 3.469e-15
04511.42 3.543e-15
04513.12 3.584e-15
04514.82 3.681e-15
04516.52 3.726e-15
04518.21 3.708e-15
04519.91 3.727e-15
04521.61 3.776e-15
04523.31 3.768e-15
04525.00 3.746e-15
04526.70 3.773e-15
04528.40 3.849e-15
04530.09 3.850e-15
04531.79 3.906e-15
04533.49 3.994e-15
04535.19 4.057e-15
04536.88 4.051e-15
04538.58 4.093e-15
04540.28 4.210e-15
04541.98 4.355e-15
04543.67 4.382e-15
04545.37 4.407e-15
04547.07 4.526e-15
04548.76 4.521e-15
04550.46 4.501e-15
04552.16 4.625e-15
04553.86 4.686e-15
04555.55 4.658e-15
04557.25 4.709e-15
04558.95 4.743e-15
04560.65 4.733e-15
04562.34 4.792e-15
04564.04 4.902e-15
04565.74 4.933e-15
04567.44 4.952e-15
04569.13 5.015e-15
04570.83 5.063e-15
04572.53 5.103e-15
04574.22 5.193e-15
04575.92 5.347e-15
04577.62 5.435e-15
04579.32 5.490e-15
04581.01 5.475e-15
04582.71 5.488e-15
04584.41 5.514e-15
04586.11 5.525e-15
04587.80 5.499e-15
04589.50 5.512e-15
04591.20 5.457e-15
04592.90 5.337e-15
04594.59 5.347e-15
04596.29 5.451e-15
04597.99 5.510e-15
04599.68 5.529e-15
04601.38 5.573e-15
04603.08 5.549e-15
04604.78 5.564e-15
04606.47 5.564e-15
04608.17 5.572e-15
04609.87 5.616e-15
04611.57 5.651e-15
04613.26 5.628e-15
04614.96 5.619e-15
04616.66 5.589e-15
04618.35 5.586e-15
04620.05 5.577e-15
04621.75 5.597e-15
04623.45 5.679e-15
04625.14 5.786e-15
04626.84 5.814e-15
04628.54 5.849e-15
04630.24 5.838e-15
04631.93 5.790e-15
04633.63 5.768e-15
04635.33 5.671e-15
04637.03 5.570e-15
04638.72 5.542e-15
04640.42 5.493e-15
04642.12 5.406e-15
04643.81 5.473e-15
04645.51 5.569e-15
04647.21 5.583e-15
04648.91 5.640e-15
04650.60 5.726e-15
04652.30 5.671e-15
04654.00 5.553e-15
04655.70 5.552e-15
04657.39 5.547e-15
04659.09 5.529e-15
04660.79 5.595e-15
04662.48 5.641e-15
04664.18 5.565e-15
04665.88 5.482e-15
04667.58 5.470e-15
04669.27 5.413e-15
04670.97 5.345e-15
04672.67 5.331e-15
04674.37 5.337e-15
04676.06 5.340e-15
04677.76 5.321e-15
04679.46 5.326e-15
04681.16 5.268e-15
04682.85 5.269e-15
04684.55 5.158e-15
04686.25 4.996e-15
04687.94 4.942e-15
04689.64 4.990e-15
04691.34 4.933e-15
04693.04 4.910e-15
04694.73 4.961e-15
04696.43 4.993e-15
04698.13 4.956e-15
04699.83 4.897e-15
04701.52 4.812e-15
04703.22 4.764e-15
04704.92 4.732e-15
04706.62 4.701e-15
04708.31 4.669e-15
04710.01 4.637e-15
04711.71 4.605e-15
04713.40 4.573e-15
04715.10 4.541e-15
04716.80 4.509e-15
04718.50 4.477e-15
04720.19 4.448e-15
04721.89 4.412e-15
04723.59 4.398e-15
04725.29 4.332e-15
04726.98 4.268e-15
04728.68 4.234e-15
04730.38 4.155e-15
04732.07 4.067e-15
04733.77 4.036e-15
04735.47 4.033e-15
04737.17 3.965e-15
04738.86 3.886e-15
04740.56 3.885e-15
04742.26 3.851e-15
04743.96 3.773e-15
04745.65 3.670e-15
04747.35 3.668e-15
04749.05 3.621e-15
04750.75 3.573e-15
04752.44 3.461e-15
04754.14 3.401e-15
04755.84 3.326e-15
04757.53 3.290e-15
04759.23 3.229e-15
04760.93 3.202e-15
04762.63 3.198e-15
04764.32 3.115e-15
04766.02 2.979e-15
04767.72 2.927e-15
04769.42 2.904e-15
04771.11 2.849e-15
04772.81 2.791e-15
04774.51 2.687e-15
04776.20 2.653e-15
04777.90 2.625e-15
04779.60 2.583e-15
04781.30 2.556e-15
04782.99 2.552e-15
04784.69 2.468e-15
04786.39 2.358e-15
04788.09 2.347e-15
04789.78 2.398e-15
04791.48 2.449e-15
04793.18 2.441e-15
04794.88 2.566e-15
04796.57 2.634e-15
04798.27 2.593e-15
04799.97 2.562e-15
04801.66 2.530e-15
04803.36 2.408e-15
04805.06 2.358e-15
04806.76 2.354e-15
04808.45 2.339e-15
04810.15 2.388e-15
04811.85 2.378e-15
04813.55 2.312e-15
04815.24 2.336e-15
04816.94 2.416e-15
04818.64 2.486e-15
04820.34 2.497e-15
04822.03 2.434e-15
04823.73 2.383e-15
04825.43 2.395e-15
04827.12 2.396e-15
04828.82 2.368e-15
04830.52 2.415e-15
04832.22 2.458e-15
04833.91 2.448e-15
04835.61 2.428e-15
04837.31 2.426e-15
04839.01 2.418e-15
04840.70 2.414e-15
04842.40 2.419e-15
04844.10 2.405e-15
04845.79 2.390e-15
04847.49 2.345e-15
04849.19 2.275e-15
04850.89 2.251e-15
04852.58 2.326e-15
04854.28 2.381e-15
04855.98 2.400e-15
04857.68 2.407e-15
04859.37 2.379e-15
04861.07 2.325e-15
04862.77 2.320e-15
04864.47 2.300e-15
04866.16 2.307e-15
04867.86 2.309e-15
04869.56 2.271e-15
04871.25 2.253e-15
04872.95 2.244e-15
04874.65 2.179e-15
04876.35 2.061e-15
04878.04 1.965e-15
04879.74 1.980e-15
04881.44 2.063e-15
04883.14 2.154e-15
04884.83 2.268e-15
04886.53 2.332e-15
04888.23 2.299e-15
04889.93 2.326e-15
04891.62 2.374e-15
04893.32 2.364e-15
04895.02 2.360e-15
04896.71 2.376e-15
04898.41 2.403e-15
04900.11 2.426e-15
04901.81 2.427e-15
04903.50 2.436e-15
04905.20 2.490e-15
04906.90 2.540e-15
04908.60 2.536e-15
04910.29 2.516e-15
04911.99 2.536e-15
04913.69 2.591e-15
04915.38 2.669e-15
04917.08 2.760e-15
04918.78 2.832e-15
04920.48 2.880e-15
04922.17 2.888e-15
04923.87 2.859e-15
04925.57 2.793e-15
04927.27 2.763e-15
04928.96 2.814e-15
04930.66 2.879e-15
04932.36 2.930e-15
04934.06 3.031e-15
04935.75 3.112e-15
04937.45 3.180e-15
04939.15 3.312e-15
04940.84 3.435e-15
04942.54 3.451e-15
04944.24 3.465e-15
04945.94 3.517e-15
04947.63 3.575e-15
04949.33 3.557e-15
04951.03 3.554e-15
04952.73 3.532e-15
04954.42 3.496e-15
04956.12 3.517e-15
04957.82 3.626e-15
04959.51 3.651e-15
04961.21 3.622e-15
04962.91 3.631e-15
04964.61 3.647e-15
04966.30 3.626e-15
04968.00 3.658e-15
04969.70 3.683e-15
04971.40 3.653e-15
04973.09 3.617e-15
04974.79 3.611e-15
04976.49 3.614e-15
04978.19 3.631e-15
04979.88 3.585e-15
04981.58 3.419e-15
04983.28 3.233e-15
04984.97 3.040e-15
04986.67 2.898e-15
04988.37 2.911e-15
04990.07 3.013e-15
04991.76 3.057e-15
04993.46 3.043e-15
04995.16 3.006e-15
04996.86 2.975e-15
04998.55 2.893e-15
05000.25 2.734e-15
05001.95 2.674e-15
05003.65 2.647e-15
05005.34 2.599e-15
05007.04 2.565e-15
05008.74 2.628e-15
05010.43 2.621e-15
05012.13 2.597e-15
05013.83 2.526e-15
05015.53 2.478e-15
05017.22 2.492e-15
05018.92 2.533e-15
05020.62 2.552e-15
05022.32 2.524e-15
05024.01 2.545e-15
05025.71 2.574e-15
05027.41 2.578e-15
05029.10 2.528e-15
05030.80 2.480e-15
05032.50 2.421e-15
05034.20 2.369e-15
05035.89 2.349e-15
05037.59 2.398e-15
05039.29 2.450e-15
05040.99 2.463e-15
05042.68 2.456e-15
05044.38 2.453e-15
05046.08 2.424e-15
05047.78 2.379e-15
05049.47 2.359e-15
05051.17 2.359e-15
05052.87 2.347e-15
05054.56 2.403e-15
05056.26 2.408e-15
05057.96 2.243e-15
05059.66 2.194e-15
05061.35 2.198e-15
05063.05 2.149e-15
05064.75 2.221e-15
05066.45 2.472e-15
05068.14 2.574e-15
05069.84 2.591e-15
05071.54 2.594e-15
05073.24 2.589e-15
05074.93 2.563e-15
05076.63 2.385e-15
05078.33 2.197e-15
05080.02 2.129e-15
05081.72 2.080e-15
05083.42 2.065e-15
05085.12 2.258e-15
05086.81 2.517e-15
05088.51 2.656e-15
05090.21 2.716e-15
05091.91 2.692e-15
05093.60 2.655e-15
05095.30 2.658e-15
05097.00 2.696e-15
05098.69 2.760e-15
05100.39 2.797e-15
05102.09 2.802e-15
05103.79 2.805e-15
05105.48 2.802e-15
05107.18 2.816e-15
05108.88 2.810e-15
05110.58 2.785e-15
05112.27 2.765e-15
05113.97 2.759e-15
05115.67 2.729e-15
05117.37 2.815e-15
05119.06 2.906e-15
05120.76 2.925e-15
05122.46 2.921e-15
05124.15 2.880e-15
05125.85 2.741e-15
05127.55 2.691e-15
05129.25 2.776e-15
05130.94 2.849e-15
05132.64 2.892e-15
05134.34 2.943e-15
05136.04 2.970e-15
05137.73 2.982e-15
05139.43 2.980e-15
05141.13 2.908e-15
05142.82 2.830e-15
05144.52 2.853e-15
05146.22 2.911e-15
05147.92 2.939e-15
05149.61 2.937e-15
05151.31 2.960e-15
05153.01 2.947e-15
05154.71 2.916e-15
05156.40 2.901e-15
05158.10 2.927e-15
05159.80 2.925e-15
05161.50 2.943e-15
05163.19 2.948e-15
05164.89 2.960e-15
05166.59 3.028e-15
05168.28 3.081e-15
05169.98 3.039e-15
05171.68 2.956e-15
05173.38 2.942e-15
05175.07 2.941e-15
05176.77 2.966e-15
05178.47 2.988e-15
05180.17 2.973e-15
05181.86 2.945e-15
05183.56 2.938e-15
05185.26 2.965e-15
05186.96 3.011e-15
05188.65 3.047e-15
05190.35 3.029e-15
05192.05 3.007e-15
05193.74 3.000e-15
05195.44 2.992e-15
05197.14 3.031e-15
05198.84 3.069e-15
05200.53 3.113e-15
05202.23 3.164e-15
05203.93 3.165e-15
05205.63 3.163e-15
05207.32 3.224e-15
05209.02 3.235e-15
05210.72 3.206e-15
05212.41 3.241e-15
05214.11 3.323e-15
05215.81 3.396e-15
05217.51 3.447e-15
05219.20 3.433e-15
05220.90 3.380e-15
05222.60 3.380e-15
05224.30 3.400e-15
05225.99 3.428e-15
05227.69 3.485e-15
05229.39 3.581e-15
05231.09 3.591e-15
05232.78 3.611e-15
05234.48 3.679e-15
05236.18 3.715e-15
05237.87 3.726e-15
05239.57 3.758e-15
05241.27 3.757e-15
05242.97 3.748e-15
05244.66 3.812e-15
05246.36 3.881e-15
05248.06 3.935e-15
05249.76 4.002e-15
05251.45 4.062e-15
05253.15 4.072e-15
05254.85 4.080e-15
05256.54 4.124e-15
05258.24 4.179e-15
05259.94 4.236e-15
05261.64 4.297e-15
05263.33 4.309e-15
05265.03 4.284e-15
05266.73 4.259e-15
05268.43 4.207e-15
05270.12 4.179e-15
05271.82 4.271e-15
05273.52 4.372e-15
05275.22 4.433e-15
05276.91 4.493e-15
05278.61 4.495e-15
05280.31 4.417e-15
05282.00 4.375e-15
05283.70 4.385e-15
05285.40 4.395e-15
05287.10 4.430e-15
05288.79 4.430e-15
05290.49 4.405e-15
05292.19 4.542e-15
05293.89 4.596e-15
05295.58 4.321e-15
05297.28 4.245e-15
05298.98 4.326e-15
05300.68 4.249e-15
05302.37 4.313e-15
05304.07 4.622e-15
05305.77 4.746e-15
05307.46 4.767e-15
05309.16 4.761e-15
05310.86 4.664e-15
05312.56 4.626e-15
05314.25 4.642e-15
05315.95 4.647e-15
05317.65 4.705e-15
05319.35 4.814e-15
05321.04 4.856e-15
05322.74 4.852e-15
05324.44 4.860e-15
05326.13 4.875e-15
05327.83 4.855e-15
05329.53 4.868e-15
05331.23 4.875e-15
05332.92 4.847e-15
05334.62 4.779e-15
05336.32 4.739e-15
05338.02 4.748e-15
05339.71 4.714e-15
05341.41 4.624e-15
05343.11 4.552e-15
05344.81 4.544e-15
05346.50 4.555e-15
05348.20 4.587e-15
05349.90 4.630e-15
05351.59 4.637e-15
05353.29 4.632e-15
05354.99 4.666e-15
05356.69 4.721e-15
05358.38 4.751e-15
05360.08 4.783e-15
05361.78 4.797e-15
05363.48 4.741e-15
05365.17 4.669e-15
05366.87 4.626e-15
05368.57 4.580e-15
05370.27 4.506e-15
05371.96 4.504e-15
05373.66 4.566e-15
05375.36 4.585e-15
05377.05 4.568e-15
05378.75 4.591e-15
05380.45 4.623e-15
05382.15 4.599e-15
05383.84 4.585e-15
05385.54 4.571e-15
05387.24 4.502e-15
05388.94 4.463e-15
05390.63 4.465e-15
05392.33 4.455e-15
05394.03 4.430e-15
05395.72 4.425e-15
05397.42 4.398e-15
05399.12 4.420e-15
05400.82 4.439e-15
05402.51 4.355e-15
05404.21 4.265e-15
05405.91 4.241e-15
05407.61 4.213e-15
05409.30 4.213e-15
05411.00 4.362e-15
05412.70 4.513e-15
05414.40 4.507e-15
05416.09 4.461e-15
05417.79 4.439e-15
05419.49 4.394e-15
05421.18 4.404e-15
05422.88 4.471e-15
05424.58 4.494e-15
05426.28 4.491e-15
05427.97 4.467e-15
05429.67 4.393e-15
05431.37 4.308e-15
05433.07 4.255e-15
05434.76 4.261e-15
05436.46 4.276e-15
05438.16 4.259e-15
05439.85 4.242e-15
05441.55 4.207e-15
05443.25 4.158e-15
05444.95 4.197e-15
05446.64 4.238e-15
05448.34 4.196e-15
05450.04 4.152e-15
05451.74 4.152e-15
05453.43 4.117e-15
05455.13 4.114e-15
05456.83 4.165e-15
05458.53 4.162e-15
05460.22 4.152e-15
05461.92 4.149e-15
05463.62 4.132e-15
05465.31 4.137e-15
05467.01 4.183e-15
05468.71 4.165e-15
05470.41 4.139e-15
05472.10 4.167e-15
05473.80 4.233e-15
05475.50 4.279e-15
05477.20 4.272e-15
05478.89 4.268e-15
05480.59 4.302e-15
05482.29 4.344e-15
05483.99 4.411e-15
05485.68 4.484e-15
05487.38 4.480e-15
05489.08 4.437e-15
05490.77 4.357e-15
05492.47 4.289e-15
05494.17 4.288e-15
05495.87 4.296e-15
05497.56 4.280e-15
05499.26 4.287e-15
05500.96 4.243e-15
05502.66 4.170e-15
05504.35 4.209e-15
05506.05 4.252e-15
05507.75 4.225e-15
05509.44 4.223e-15
05511.14 4.239e-15
05512.84 4.227e-15
05514.54 4.237e-15
05516.23 4.267e-15
05517.93 4.286e-15
05519.63 4.305e-15
05521.33 4.306e-15
05523.02 4.282e-15
05524.72 4.256e-15
05526.42 4.212e-15
05528.12 4.154e-15
05529.81 4.177e-15
05531.51 4.245e-15
05533.21 4.270e-15
05534.90 4.306e-15
05536.60 4.362e-15
05538.30 4.374e-15
05540.00 4.358e-15
05541.69 4.337e-15
05543.39 4.259e-15
05545.09 4.165e-15
05546.79 4.153e-15
05548.48 3.987e-15
05550.18 3.443e-15
05551.88 3.113e-15
05553.57 3.138e-15
05555.27 3.188e-15
05556.97 3.398e-15
05558.67 3.905e-15
05560.36 4.163e-15
05562.06 3.834e-15
05563.76 3.474e-15
05565.46 3.353e-15
05567.15 3.333e-15
05568.85 3.343e-15
05570.55 3.589e-15
05572.25 3.836e-15
05573.94 3.884e-15
05575.64 3.872e-15
05577.34 3.798e-15
05579.03 3.750e-15
05580.73 3.762e-15
05582.43 3.734e-15
05584.13 3.656e-15
05585.82 3.632e-15
05587.52 3.688e-15
05589.22 3.753e-15
05590.92 3.804e-15
05592.61 3.803e-15
05594.31 3.669e-15
05596.01 3.513e-15
05597.71 3.414e-15
05599.40 3.398e-15
05601.10 3.483e-15
05602.80 3.583e-15
05604.49 3.572e-15
05606.19 3.581e-15
05607.89 3.626e-15
05609.59 3.585e-15
05611.28 3.594e-15
05612.98 3.645e-15
05614.68 3.565e-15
05616.38 3.432e-15
05618.07 3.390e-15
05619.77 3.295e-15
05621.47 3.201e-15
05623.16 3.229e-15
05624.86 3.277e-15
05626.56 3.276e-15
05628.26 3.290e-15
05629.95 3.281e-15
05631.65 3.224e-15
05633.35 3.202e-15
05635.05 3.191e-15
05636.74 3.185e-15
05638.44 3.187e-15
05640.14 3.195e-15
05641.84 3.210e-15
05643.53 3.216e-15
05645.23 3.184e-15
05646.93 3.117e-15
05648.62 3.035e-15
05650.32 2.937e-15
05652.02 2.852e-15
05653.72 2.797e-15
05655.41 2.747e-15
05657.11 2.759e-15
05658.81 2.839e-15
05660.51 2.926e-15
05662.20 2.975e-15
05663.90 3.051e-15
05665.60 3.135e-15
05667.30 3.141e-15
05668.99 3.073e-15
05670.69 2.972e-15
05672.39 2.877e-15
05674.08 2.790e-15
05675.78 2.719e-15
05677.48 2.718e-15
05679.18 2.765e-15
05680.87 2.792e-15
05682.57 2.760e-15
05684.27 2.746e-15
05685.97 2.760e-15
05687.66 2.789e-15
05689.36 2.796e-15
05691.06 2.809e-15
05692.75 2.845e-15
05694.45 2.785e-15
05696.15 2.693e-15
05697.85 2.666e-15
05699.54 2.638e-15
05701.24 2.542e-15
05702.94 2.571e-15
05704.64 2.635e-15
05706.33 2.599e-15
05708.03 2.582e-15
05709.73 2.666e-15
05711.43 2.666e-15
05713.12 2.591e-15
05714.82 2.599e-15
05716.52 2.601e-15
05718.21 2.567e-15
05719.91 2.617e-15
05721.61 2.727e-15
05723.31 2.727e-15
05725.00 2.654e-15
05726.70 2.584e-15
05728.40 2.555e-15
05730.10 2.550e-15
05731.79 2.583e-15
05733.49 2.659e-15
05735.19 2.663e-15
05736.88 2.574e-15
05738.58 2.520e-15
05740.28 2.519e-15
05741.98 2.494e-15
05743.67 2.544e-15
05745.37 2.613e-15
05747.07 2.616e-15
05748.77 2.658e-15
05750.46 2.732e-15
05752.16 2.768e-15
05753.86 2.763e-15
05755.56 2.754e-15
05757.25 2.722e-15
05758.95 2.728e-15
05760.65 2.764e-15
05762.34 2.852e-15
05764.04 2.871e-15
05765.74 2.794e-15
05767.44 2.709e-15
05769.13 2.688e-15
05770.83 2.679e-15
05772.53 2.692e-15
05774.23 2.740e-15
05775.92 2.775e-15
05777.62 2.759e-15
05779.32 2.727e-15
05781.02 2.753e-15
05782.71 2.769e-15
05784.41 2.833e-15
05786.11 2.968e-15
05787.80 3.125e-15
05789.50 3.202e-15
05791.20 3.221e-15
05792.90 3.220e-15
05794.59 3.182e-15
05796.29 3.084e-15
05797.99 2.996e-15
05799.69 3.011e-15
05801.38 2.995e-15
05803.08 2.994e-15
05804.78 3.101e-15
05806.47 3.262e-15
05808.17 3.378e-15
05809.87 3.450e-15
05811.57 3.503e-15
05813.26 3.506e-15
05814.96 3.434e-15
05816.66 3.381e-15
05818.36 3.406e-15
05820.05 3.495e-15
05821.75 3.630e-15
05823.45 3.789e-15
05825.15 3.879e-15
05826.84 3.849e-15
05828.54 3.858e-15
05830.24 3.867e-15
05831.93 3.824e-15
05833.63 3.724e-15
05835.33 3.754e-15
05837.03 3.764e-15
05838.72 3.716e-15
05840.42 3.711e-15
05842.12 3.815e-15
05843.82 3.900e-15
05845.51 3.899e-15
05847.21 3.892e-15
05848.91 3.877e-15
05850.60 3.863e-15
05852.30 3.915e-15
05854.00 3.991e-15
05855.70 3.959e-15
05857.39 3.906e-15
05859.09 3.917e-15
05860.79 3.957e-15
05862.49 3.976e-15
05864.18 3.978e-15
05865.88 3.979e-15
05867.58 4.006e-15
05869.28 4.098e-15
05870.97 4.202e-15
05872.67 4.224e-15
05874.37 4.172e-15
05876.06 4.120e-15
05877.76 4.100e-15
05879.46 4.114e-15
05881.16 4.138e-15
05882.85 4.123e-15
05884.55 4.064e-15
05886.25 4.021e-15
05887.95 4.023e-15
05889.64 4.056e-15
05891.34 4.102e-15
05893.04 4.134e-15
05894.74 4.133e-15
05896.43 4.097e-15
05898.13 4.042e-15
05899.83 4.037e-15
05901.52 4.121e-15
05903.22 4.217e-15
05904.92 4.258e-15
05906.62 4.263e-15
05908.31 4.253e-15
05910.01 4.220e-15
05911.71 4.158e-15
05913.41 4.102e-15
05915.10 4.085e-15
05916.80 4.077e-15
05918.50 4.034e-15
05920.19 3.971e-15
05921.89 3.918e-15
05923.59 3.902e-15
05925.29 3.947e-15
05926.98 4.016e-15
05928.68 4.037e-15
05930.38 4.017e-15
05932.08 4.011e-15
05933.77 4.009e-15
05935.47 3.958e-15
05937.17 3.877e-15
05938.87 3.849e-15
05940.56 3.886e-15
05942.26 3.922e-15
05943.96 3.933e-15
05945.65 3.945e-15
05947.35 3.974e-15
05949.05 4.022e-15
05950.75 4.078e-15
05952.44 4.104e-15
05954.14 4.076e-15
05955.84 4.010e-15
05957.54 3.928e-15
05959.23 3.852e-15
05960.93 3.805e-15
05962.63 3.827e-15
05964.33 3.931e-15
05966.02 3.996e-15
05967.72 3.911e-15
05969.42 3.760e-15
05971.11 3.651e-15
05972.81 3.616e-15
05974.51 3.672e-15
05976.21 3.750e-15
05977.90 3.762e-15
05979.60 3.728e-15
05981.30 3.701e-15
05983.00 3.703e-15
05984.69 3.745e-15
05986.39 3.775e-15
05988.09 3.699e-15
05989.78 3.563e-15
05991.48 3.503e-15
05993.18 3.538e-15
05994.88 3.601e-15
05996.57 3.650e-15
05998.27 3.662e-15
05999.97 3.637e-15
06001.67 3.611e-15
06003.36 3.596e-15
06005.06 3.562e-15
06006.76 3.503e-15
06008.46 3.459e-15
06010.15 3.451e-15
06011.85 3.461e-15
06013.55 3.470e-15
06015.24 3.462e-15
06016.94 3.430e-15
06018.64 3.399e-15
06020.34 3.392e-15
06022.03 3.390e-15
06023.73 3.373e-15
06025.43 3.356e-15
06027.13 3.352e-15
06028.82 3.340e-15
06030.52 3.295e-15
06032.22 3.237e-15
06033.91 3.192e-15
06035.61 3.169e-15
06037.31 3.170e-15
06039.01 3.192e-15
06040.70 3.230e-15
06042.40 3.260e-15
06044.10 3.244e-15
06045.80 3.207e-15
06047.49 3.205e-15
06049.19 3.242e-15
06050.89 3.279e-15
06052.59 3.296e-15
06054.28 3.282e-15
06055.98 3.245e-15
06057.68 3.216e-15
06059.37 3.205e-15
06061.07 3.191e-15
06062.77 3.164e-15
06064.47 3.131e-15
06066.16 3.098e-15
06067.86 3.072e-15
06069.56 3.059e-15
06071.26 3.056e-15
06072.95 3.061e-15
06074.65 3.069e-15
06076.35 3.075e-15
06078.05 3.081e-15
06079.74 3.085e-15
06081.44 3.081e-15
06083.14 3.064e-15
06084.83 3.031e-15
06086.53 2.985e-15
06088.23 2.935e-15
06089.93 2.895e-15
06091.62 2.877e-15
06093.32 2.895e-15
06095.02 2.924e-15
06096.72 2.928e-15
06098.41 2.916e-15
06100.11 2.916e-15
06101.81 2.935e-15
06103.50 2.969e-15
06105.20 3.005e-15
06106.90 3.024e-15
06108.60 3.023e-15
06110.29 3.016e-15
06111.99 3.008e-15
06113.69 2.993e-15
06115.39 2.969e-15
06117.08 2.932e-15
06118.78 2.888e-15
06120.48 2.862e-15
06122.18 2.864e-15
06123.87 2.883e-15
06125.57 2.904e-15
06127.27 2.907e-15
06128.96 2.886e-15
06130.66 2.875e-15
06132.36 2.896e-15
06134.06 2.919e-15
06135.75 2.916e-15
06137.45 2.906e-15
06139.15 2.906e-15
06140.85 2.915e-15
06142.54 2.928e-15
06144.24 2.925e-15
06145.94 2.889e-15
06147.63 2.843e-15
06149.33 2.819e-15
06151.03 2.821e-15
06152.73 2.844e-15
06154.42 2.865e-15
06156.12 2.852e-15
06157.82 2.817e-15
06159.52 2.789e-15
06161.21 2.773e-15
06162.91 2.763e-15
06164.61 2.749e-15
06166.31 2.721e-15
06168.00 2.687e-15
06169.70 2.682e-15
06171.40 2.705e-15
06173.09 2.725e-15
06174.79 2.723e-15
06176.49 2.699e-15
06178.19 2.658e-15
06179.88 2.610e-15
06181.58 2.566e-15
06183.28 2.528e-15
06184.98 2.493e-15
06186.67 2.452e-15
06188.37 2.403e-15
06190.07 2.370e-15
06191.77 2.365e-15
06193.46 2.360e-15
06195.16 2.331e-15
06196.86 2.300e-15
06198.55 2.289e-15
06200.25 2.297e-15
06201.95 2.319e-15
06203.65 2.327e-15
06205.34 2.296e-15
06207.04 2.258e-15
06208.74 2.261e-15
06210.44 2.276e-15
06212.13 2.246e-15
06213.83 2.196e-15
06215.53 2.181e-15
06217.22 2.196e-15
06218.92 2.209e-15
06220.62 2.198e-15
06222.32 2.147e-15
06224.01 2.083e-15
06225.71 2.072e-15
06227.41 2.111e-15
06229.11 2.120e-15
06230.80 2.071e-15
06232.50 1.996e-15
06234.20 1.925e-15
06235.90 1.889e-15
06237.59 1.899e-15
06239.29 1.930e-15
06240.99 1.958e-15
06242.68 1.974e-15
06244.38 1.972e-15
06246.08 1.974e-15
06247.78 1.994e-15
06249.47 2.006e-15
06251.17 1.995e-15
06252.87 1.981e-15
06254.57 1.986e-15
06256.26 2.012e-15
06257.96 2.055e-15
06259.66 2.082e-15
06261.36 2.058e-15
06263.05 2.026e-15
06264.75 2.047e-15
06266.45 2.073e-15
06268.14 2.027e-15
06269.84 1.949e-15
06271.54 1.925e-15
06273.24 1.956e-15
06274.93 2.009e-15
06276.63 2.053e-15
06278.33 2.053e-15
06280.03 2.018e-15
06281.72 1.983e-15
06283.42 1.976e-15
06285.12 2.021e-15
06286.81 2.105e-15
06288.51 2.181e-15
06290.21 2.223e-15
06291.91 2.231e-15
06293.60 2.220e-15
06295.30 2.229e-15
06297.00 2.272e-15
06298.70 2.301e-15
06300.39 2.289e-15
06302.09 2.258e-15
06303.79 2.231e-15
06305.49 2.225e-15
06307.18 2.253e-15
06308.88 2.310e-15
06310.58 2.384e-15
06312.27 2.442e-15
06313.97 2.456e-15
06315.67 2.447e-15
06317.37 2.444e-15
06319.06 2.446e-15
06320.76 2.445e-15
06322.46 2.451e-15
06324.16 2.475e-15
06325.85 2.503e-15
06327.55 2.515e-15
06329.25 2.512e-15
06330.94 2.501e-15
06332.64 2.490e-15
06334.34 2.489e-15
06336.04 2.493e-15
06337.73 2.490e-15
06339.43 2.492e-15
06341.13 2.535e-15
06342.83 2.611e-15
06344.52 2.670e-15
06346.22 2.688e-15
06347.92 2.672e-15
06349.62 2.637e-15
06351.31 2.614e-15
06353.01 2.615e-15
06354.71 2.610e-15
06356.40 2.589e-15
06358.10 2.597e-15
06359.80 2.659e-15
06361.50 2.733e-15
06363.19 2.783e-15
06364.89 2.780e-15
06366.59 2.714e-15
06368.29 2.647e-15
06369.98 2.636e-15
06371.68 2.683e-15
06373.38 2.772e-15
06375.08 2.852e-15
06376.77 2.865e-15
06378.47 2.845e-15
06380.17 2.842e-15
06381.86 2.855e-15
06383.56 2.867e-15
06385.26 2.882e-15
06386.96 2.910e-15
06388.65 2.940e-15
06390.35 2.953e-15
06392.05 2.942e-15
06393.75 2.909e-15
06395.44 2.870e-15
06397.14 2.857e-15
06398.84 2.867e-15
06400.53 2.862e-15
06402.23 2.840e-15
06403.93 2.834e-15
06405.63 2.855e-15
06407.32 2.876e-15
06409.02 2.885e-15
06410.72 2.887e-15
06412.42 2.885e-15
06414.11 2.878e-15
06415.81 2.868e-15
06417.51 2.872e-15
06419.21 2.900e-15
06420.90 2.930e-15
06422.60 2.948e-15
06424.30 2.989e-15
06425.99 3.073e-15
06427.69 3.128e-15
06429.39 3.087e-15
06431.09 3.020e-15
06432.78 3.009e-15
06434.48 3.026e-15
06436.18 3.027e-15
06437.88 3.003e-15
06439.57 2.953e-15
06441.27 2.922e-15
06442.97 2.971e-15
06444.67 3.052e-15
06446.36 3.070e-15
06448.06 3.015e-15
06449.76 2.921e-15
06451.45 2.832e-15
06453.15 2.808e-15
06454.85 2.845e-15
06456.55 2.891e-15
06458.24 2.916e-15
06459.94 2.912e-15
06461.64 2.882e-15
06463.34 2.845e-15
06465.03 2.818e-15
06466.73 2.809e-15
06468.43 2.823e-15
06470.12 2.865e-15
06471.82 2.923e-15
06473.52 2.928e-15
06475.22 2.851e-15
06476.91 2.766e-15
06478.61 2.733e-15
06480.31 2.749e-15
06482.01 2.801e-15
06483.70 2.854e-15
06485.40 2.874e-15
06487.10 2.858e-15
06488.80 2.816e-15
06490.49 2.781e-15
06492.19 2.787e-15
06493.89 2.810e-15
06495.58 2.814e-15
06497.28 2.786e-15
06498.98 2.722e-15
06500.68 2.649e-15
06502.37 2.605e-15
06504.07 2.598e-15
06505.77 2.617e-15
06507.47 2.643e-15
06509.16 2.647e-15
06510.86 2.629e-15
06512.56 2.613e-15
06514.25 2.599e-15
06515.95 2.567e-15
06517.65 2.527e-15
06519.35 2.527e-15
06521.04 2.579e-15
06522.74 2.637e-15
06524.44 2.677e-15
06526.14 2.700e-15
06527.83 2.705e-15
06529.53 2.666e-15
06531.23 2.586e-15
06532.93 2.544e-15
06534.62 2.582e-15
06536.32 2.632e-15
06538.02 2.636e-15
06539.71 2.623e-15
06541.41 2.621e-15
06543.11 2.634e-15
06544.81 2.663e-15
06546.50 2.678e-15
06548.20 2.646e-15
06549.90 2.581e-15
06551.60 2.505e-15
06553.29 2.457e-15
06554.99 2.482e-15
06556.69 2.541e-15
06558.39 2.568e-15
06560.08 2.558e-15
06561.78 2.531e-15
06563.48 2.499e-15
06565.17 2.469e-15
06566.87 2.450e-15
06568.57 2.442e-15
06570.27 2.447e-15
06571.96 2.461e-15
06573.66 2.478e-15
06575.36 2.491e-15
06577.06 2.496e-15
06578.75 2.491e-15
06580.45 2.485e-15
06582.15 2.498e-15
06583.84 2.531e-15
06585.54 2.532e-15
06587.24 2.481e-15
06588.94 2.435e-15
06590.63 2.432e-15
06592.33 2.459e-15
06594.03 2.501e-15
06595.73 2.553e-15
06597.42 2.606e-15
06599.12 2.629e-15
06600.82 2.599e-15
06602.52 2.572e-15
06604.21 2.606e-15
06605.91 2.672e-15
06607.61 2.729e-15
06609.30 2.748e-15
06611.00 2.706e-15
06612.70 2.653e-15
06614.40 2.663e-15
06616.09 2.718e-15
06617.79 2.767e-15
06619.49 2.790e-15
06621.19 2.782e-15
06622.88 2.766e-15
06624.58 2.785e-15
06626.28 2.828e-15
06627.97 2.839e-15
06629.67 2.808e-15
06631.37 2.763e-15
06633.07 2.731e-15
06634.76 2.745e-15
06636.46 2.806e-15
06638.16 2.864e-15
06639.86 2.889e-15
06641.55 2.894e-15
06643.25 2.889e-15
06644.95 2.875e-15
06646.65 2.857e-15
06648.34 2.832e-15
06650.04 2.804e-15
06651.74 2.824e-15
06653.43 2.918e-15
06655.13 2.995e-15
06656.83 2.979e-15
06658.53 2.926e-15
06660.22 2.901e-15
06661.92 2.908e-15
06663.62 2.943e-15
06665.32 2.982e-15
06667.01 2.997e-15
06668.71 2.993e-15
06670.41 2.985e-15
06672.11 2.983e-15
06673.80 2.998e-15
06675.50 3.029e-15
06677.20 3.068e-15
06678.89 3.097e-15
06680.59 3.095e-15
06682.29 3.057e-15
06683.99 2.987e-15
06685.68 2.915e-15
06687.38 2.889e-15
06689.08 2.914e-15
06690.78 2.952e-15
06692.47 2.980e-15
06694.17 3.001e-15
06695.87 3.007e-15
06697.56 2.966e-15
06699.26 2.885e-15
06700.96 2.848e-15
06702.66 2.895e-15
06704.35 2.957e-15
06706.05 2.986e-15
06707.75 2.988e-15
06709.45 2.972e-15
06711.14 2.949e-15
06712.84 2.932e-15
06714.54 2.921e-15
06716.24 2.911e-15
06717.93 2.895e-15
06719.63 2.869e-15
06721.33 2.831e-15
06723.02 2.782e-15
06724.72 2.745e-15
06726.42 2.740e-15
06728.12 2.767e-15
06729.81 2.815e-15
06731.51 2.855e-15
06733.21 2.857e-15
06734.91 2.821e-15
06736.60 2.770e-15
06738.30 2.725e-15
06740.00 2.703e-15
06741.70 2.710e-15
06743.39 2.734e-15
06745.09 2.780e-15
06746.79 2.869e-15
06748.48 2.969e-15
06750.18 2.981e-15
06751.88 2.884e-15
06753.58 2.765e-15
06755.27 2.684e-15
06756.97 2.658e-15
06758.67 2.685e-15
06760.37 2.717e-15
06762.06 2.716e-15
06763.76 2.684e-15
06765.46 2.628e-15
06767.15 2.579e-15
06768.85 2.558e-15
06770.55 2.563e-15
06772.25 2.580e-15
06773.94 2.531e-15
06775.64 2.358e-15
06777.34 2.187e-15
06779.04 2.160e-15
06780.73 2.259e-15
06782.43 2.425e-15
06784.13 2.583e-15
06785.83 2.647e-15
06787.52 2.646e-15
06789.22 2.649e-15
06790.92 2.652e-15
06792.61 2.620e-15
06794.31 2.569e-15
06796.01 2.544e-15
06797.71 2.541e-15
06799.40 2.520e-15
06801.10 2.487e-15
06802.80 2.488e-15
06804.50 2.516e-15
06806.19 2.510e-15
06807.89 2.458e-15
06809.59 2.415e-15
06811.28 2.414e-15
06812.98 2.458e-15
06814.68 2.529e-15
06816.38 2.558e-15
06818.07 2.517e-15
06819.77 2.479e-15
06821.47 2.491e-15
06823.17 2.506e-15
06824.86 2.491e-15
06826.56 2.464e-15
06828.26 2.444e-15
06829.96 2.440e-15
06831.65 2.455e-15
06833.35 2.471e-15
06835.05 2.472e-15
06836.74 2.453e-15
06838.44 2.416e-15
06840.14 2.380e-15
06841.84 2.369e-15
06843.53 2.369e-15
06845.23 2.353e-15
06846.93 2.334e-15
06848.63 2.341e-15
06850.32 2.365e-15
06852.02 2.376e-15
06853.72 2.377e-15
06855.42 2.388e-15
06857.11 2.401e-15
06858.81 2.390e-15
06860.51 2.352e-15
06862.20 2.300e-15
06863.90 2.244e-15
06865.60 2.184e-15
06867.30 2.141e-15
06868.99 2.157e-15
06870.69 2.244e-15
06872.39 2.370e-15
06874.09 2.493e-15
06875.78 2.558e-15
06877.48 2.535e-15
06879.18 2.467e-15
06880.87 2.395e-15
06882.57 2.325e-15
06884.27 2.264e-15
06885.97 2.216e-15
06887.66 2.185e-15
06889.36 2.165e-15
06891.06 2.149e-15
06892.76 2.169e-15
06894.45 2.251e-15
06896.15 2.341e-15
06897.85 2.374e-15
06899.55 2.354e-15
06901.24 2.304e-15
06902.94 2.256e-15
06904.64 2.243e-15
06906.33 2.256e-15
06908.03 2.263e-15
06909.73 2.253e-15
06911.43 2.216e-15
06913.12 2.178e-15
06914.82 2.185e-15
06916.52 2.229e-15
06918.22 2.257e-15
06919.91 2.251e-15
06921.61 2.225e-15
06923.31 2.189e-15
06925.00 2.155e-15
06926.70 2.129e-15
06928.40 2.113e-15
06930.10 2.105e-15
06931.79 2.095e-15
06933.49 2.081e-15
06935.19 2.090e-15
06936.89 2.135e-15
06938.58 2.191e-15
06940.28 2.237e-15
06941.98 2.258e-15
06943.68 2.249e-15
06945.37 2.228e-15
06947.07 2.213e-15
06948.77 2.199e-15
06950.46 2.179e-15
06952.16 2.153e-15
06953.86 2.120e-15
06955.56 2.091e-15
06957.25 2.078e-15
06958.95 2.083e-15
06960.65 2.104e-15
06962.35 2.132e-15
06964.04 2.156e-15
06965.74 2.179e-15
06967.44 2.212e-15
06969.14 2.237e-15
06970.83 2.211e-15
06972.53 2.147e-15
06974.23 2.094e-15
06975.92 2.080e-15
06977.62 2.115e-15
06979.32 2.178e-15
06981.02 2.210e-15
06982.71 2.199e-15
06984.41 2.198e-15
06986.11 2.232e-15
06987.81 2.277e-15
06989.50 2.312e-15
06991.20 2.327e-15
06992.90 2.320e-15
06994.59 2.312e-15
06996.29 2.320e-15
06997.99 2.342e-15
06999.69 2.375e-15
07001.38 2.414e-15
07003.08 2.454e-15
07004.78 2.471e-15
07006.48 2.448e-15
07008.17 2.404e-15
07009.87 2.368e-15
07011.57 2.357e-15
07013.27 2.383e-15
07014.96 2.416e-15
07016.66 2.412e-15
07018.36 2.381e-15
07020.05 2.347e-15
07021.75 2.337e-15
07023.45 2.380e-15
07025.15 2.442e-15
07026.84 2.451e-15
07028.54 2.410e-15
07030.24 2.367e-15
07031.94 2.351e-15
07033.63 2.378e-15
07035.33 2.439e-15
07037.03 2.495e-15
07038.73 2.524e-15
07040.42 2.532e-15
07042.12 2.524e-15
07043.82 2.509e-15
07045.51 2.493e-15
07047.21 2.479e-15
07048.91 2.464e-15
07050.61 2.435e-15
07052.30 2.389e-15
07054.00 2.357e-15
07055.70 2.359e-15
07057.40 2.372e-15
07059.09 2.374e-15
07060.79 2.388e-15
07062.49 2.430e-15
07064.18 2.482e-15
07065.88 2.520e-15
07067.58 2.535e-15
07069.28 2.520e-15
07070.97 2.491e-15
07072.67 2.466e-15
07074.37 2.467e-15
07076.07 2.513e-15
07077.76 2.571e-15
07079.46 2.582e-15
07081.16 2.550e-15
07082.86 2.513e-15
07084.55 2.481e-15
07086.25 2.455e-15
07087.95 2.433e-15
07089.64 2.416e-15
07091.34 2.400e-15
07093.04 2.380e-15
07094.74 2.364e-15
07096.43 2.377e-15
07098.13 2.412e-15
07099.83 2.415e-15
07101.53 2.372e-15
07103.22 2.342e-15
07104.92 2.357e-15
07106.62 2.395e-15
07108.31 2.434e-15
07110.01 2.440e-15
07111.71 2.398e-15
07113.41 2.356e-15
07115.10 2.356e-15
07116.80 2.374e-15
07118.50 2.388e-15
07120.20 2.391e-15
07121.89 2.382e-15
07123.59 2.374e-15
07125.29 2.382e-15
07126.99 2.394e-15
07128.68 2.391e-15
07130.38 2.382e-15
07132.08 2.381e-15
07133.77 2.380e-15
07135.47 2.367e-15
07137.17 2.341e-15
07138.87 2.296e-15
07140.56 2.268e-15
07142.26 2.319e-15
07143.96 2.401e-15
07145.66 2.392e-15
07147.35 2.294e-15
07149.05 2.222e-15
07150.75 2.219e-15
07152.45 2.258e-15
07154.14 2.310e-15
07155.84 2.338e-15
07157.54 2.324e-15
07159.23 2.296e-15
07160.93 2.274e-15
07162.63 2.266e-15
07164.33 2.274e-15
07166.02 2.284e-15
07167.72 2.284e-15
07169.42 2.282e-15
07171.12 2.284e-15
07172.81 2.281e-15
07174.51 2.268e-15
07176.21 2.254e-15
07177.90 2.249e-15
07179.60 2.247e-15
07181.30 2.239e-15
07183.00 2.220e-15
07184.69 2.183e-15
07186.39 2.157e-15
07188.09 2.174e-15
07189.79 2.220e-15
07191.48 2.259e-15
07193.18 2.286e-15
07194.88 2.311e-15
07196.58 2.324e-15
07198.27 2.303e-15
07199.97 2.278e-15
07201.67 2.308e-15
07203.36 2.374e-15
07205.06 2.391e-15
07206.76 2.356e-15
07208.46 2.341e-15
07210.15 2.360e-15
07211.85 2.352e-15
07213.55 2.302e-15
07215.25 2.250e-15
07216.94 2.222e-15
07218.64 2.223e-15
07220.34 2.246e-15
07222.03 2.256e-15
07223.73 2.234e-15
07225.43 2.204e-15
07227.13 2.188e-15
07228.82 2.193e-15
07230.52 2.222e-15
07232.22 2.257e-15
07233.92 2.282e-15
07235.61 2.304e-15
07237.31 2.327e-15
07239.01 2.340e-15
07240.71 2.328e-15
07242.40 2.303e-15
07244.10 2.281e-15
07245.80 2.268e-15
07247.49 2.272e-15
07249.19 2.282e-15
07250.89 2.279e-15
07252.59 2.275e-15
07254.28 2.298e-15
07255.98 2.326e-15
07257.68 2.311e-15
07259.38 2.251e-15
07261.07 2.177e-15
07262.77 2.113e-15
07264.47 2.080e-15
07266.17 2.083e-15
07267.86 2.105e-15
07269.56 2.136e-15
07271.26 2.170e-15
07272.95 2.199e-15
07274.65 2.210e-15
07276.35 2.199e-15
07278.05 2.185e-15
07279.74 2.179e-15
07281.44 2.178e-15
07283.14 2.174e-15
07284.84 2.147e-15
07286.53 2.089e-15
07288.23 2.056e-15
07289.93 2.090e-15
07291.62 2.149e-15
07293.32 2.187e-15
07295.02 2.200e-15
07296.72 2.188e-15
07298.41 2.162e-15
07300.11 2.136e-15
07301.81 2.112e-15
07303.51 2.090e-15
07305.20 2.084e-15
07306.90 2.113e-15
07308.60 2.157e-15
07310.30 2.179e-15
07311.99 2.176e-15
07313.69 2.160e-15
07315.39 2.128e-15
07317.08 2.063e-15
07318.78 2.003e-15
07320.48 2.032e-15
07322.18 2.144e-15
07323.87 2.252e-15
07325.57 2.301e-15
07327.27 2.275e-15
07328.97 2.189e-15
07330.66 2.113e-15
07332.36 2.085e-15
07334.06 2.083e-15
07335.76 2.091e-15
07337.45 2.103e-15
07339.15 2.116e-15
07340.85 2.133e-15
07342.54 2.153e-15
07344.24 2.148e-15
07345.94 2.103e-15
07347.64 2.065e-15
07349.33 2.078e-15
07351.03 2.101e-15
07352.73 2.092e-15
07354.43 2.059e-15
07356.12 2.021e-15
07357.82 1.992e-15
07359.52 1.987e-15
07361.21 2.008e-15
07362.91 2.051e-15
07364.61 2.082e-15
07366.31 2.056e-15
07368.00 2.004e-15
07369.70 1.997e-15
07371.40 2.021e-15
07373.10 2.019e-15
07374.79 1.999e-15
07376.49 2.013e-15
07378.19 2.064e-15
07379.89 2.116e-15
07381.58 2.148e-15
07383.28 2.153e-15
07384.98 2.132e-15
07386.67 2.091e-15
07388.37 2.043e-15
07390.07 2.015e-15
07391.77 2.016e-15
07393.46 2.024e-15
07395.16 2.020e-15
07396.86 2.004e-15
07398.56 1.979e-15
07400.25 1.949e-15
07401.95 1.923e-15
07403.65 1.924e-15
07405.34 1.965e-15
07407.04 2.017e-15
07408.74 2.047e-15
07410.44 2.059e-15
07412.13 2.060e-15
07413.83 2.070e-15
07415.53 2.110e-15
07417.23 2.144e-15
07418.92 2.120e-15
07420.62 2.071e-15
07422.32 2.052e-15
07424.02 2.058e-15
07425.71 2.060e-15
07427.41 2.054e-15
07429.11 2.049e-15
07430.80 2.052e-15
07432.50 2.076e-15
07434.20 2.106e-15
07435.90 2.105e-15
07437.59 2.073e-15
07439.29 2.040e-15
07440.99 2.026e-15
07442.69 2.035e-15
07444.38 2.056e-15
07446.08 2.049e-15
07447.78 2.003e-15
07449.48 1.966e-15
07451.17 1.967e-15
07452.87 1.983e-15
07454.57 1.997e-15
07456.26 1.994e-15
07457.96 1.965e-15
07459.66 1.910e-15
07461.36 1.841e-15
07463.05 1.832e-15
07464.75 1.938e-15
07466.45 2.051e-15
07468.15 2.061e-15
07469.84 2.017e-15
07471.54 1.993e-15
07473.24 2.019e-15
07474.93 2.113e-15
07476.63 2.211e-15
07478.33 2.227e-15
07480.03 2.168e-15
07481.72 2.078e-15
07483.42 1.999e-15
07485.12 1.974e-15
07486.82 1.990e-15
07488.51 1.992e-15
07490.21 1.975e-15
07491.91 1.970e-15
07493.61 1.981e-15
07495.30 1.996e-15
07497.00 2.005e-15
07498.70 1.998e-15
07500.39 1.975e-15
07502.09 1.953e-15
07503.79 1.944e-15
07505.49 1.952e-15
07507.18 1.973e-15
07508.88 1.970e-15
07510.58 1.924e-15
07512.28 1.861e-15
07513.97 1.808e-15
07515.67 1.797e-15
07517.37 1.843e-15
07519.06 1.894e-15
07520.76 1.904e-15
07522.46 1.902e-15
07524.16 1.921e-15
07525.85 1.957e-15
07527.55 1.999e-15
07529.25 2.027e-15
07530.95 2.017e-15
07532.64 1.983e-15
07534.34 1.950e-15
07536.04 1.924e-15
07537.74 1.909e-15
07539.43 1.898e-15
07541.13 1.880e-15
07542.83 1.870e-15
07544.52 1.898e-15
07546.22 1.939e-15
07547.92 1.929e-15
07549.62 1.867e-15
07551.31 1.799e-15
07553.01 1.756e-15
07554.71 1.751e-15
07556.41 1.780e-15
07558.10 1.819e-15
07559.80 1.843e-15
07561.50 1.838e-15
07563.20 1.803e-15
07564.89 1.770e-15
07566.59 1.756e-15
07568.29 1.741e-15
07569.98 1.719e-15
07571.68 1.717e-15
07573.38 1.753e-15
07575.08 1.806e-15
07576.77 1.856e-15
07578.47 1.887e-15
07580.17 1.888e-15
07581.87 1.883e-15
07583.56 1.896e-15
07585.26 1.912e-15
07586.96 1.912e-15
07588.65 1.878e-15
07590.35 1.798e-15
07592.05 1.698e-15
07593.75 1.620e-15
07595.44 1.560e-15
07597.14 1.494e-15
07598.84 1.469e-15
07600.54 1.559e-15
07602.23 1.745e-15
07603.93 1.955e-15
07605.63 1.937e-15
07607.33 1.919e-15
07609.02 1.901e-15
07610.72 1.883e-15
07612.42 1.865e-15
07614.11 1.847e-15
07615.81 1.829e-15
07617.51 1.811e-15
07619.21 1.793e-15
07620.90 1.809e-15
07622.60 1.819e-15
07624.30 1.829e-15
07626.00 1.839e-15
07627.69 1.849e-15
07629.39 1.859e-15
07631.09 1.869e-15
07632.79 1.879e-15
07634.48 1.890e-15
07636.18 1.900e-15
07637.88 1.910e-15
07639.57 1.914e-15
07641.27 1.917e-15
07642.97 1.920e-15
07644.67 1.923e-15
07646.36 1.902e-15
07648.06 1.876e-15
07649.76 1.817e-15
07651.46 1.759e-15
07653.15 1.759e-15
07654.85 1.805e-15
07656.55 1.852e-15
07658.24 1.881e-15
07659.94 1.884e-15
07661.64 1.862e-15
07663.34 1.824e-15
07665.03 1.784e-15
07666.73 1.758e-15
07668.43 1.752e-15
07670.13 1.766e-15
07671.82 1.789e-15
07673.52 1.807e-15
07675.22 1.817e-15
07676.92 1.835e-15
07678.61 1.865e-15
07680.31 1.883e-15
07682.01 1.877e-15
07683.70 1.857e-15
07685.40 1.835e-15
07687.10 1.820e-15
07688.80 1.821e-15
07690.49 1.838e-15
07692.19 1.869e-15
07693.89 1.884e-15
07695.59 1.856e-15
07697.28 1.803e-15
07698.98 1.745e-15
07700.68 1.697e-15
07702.37 1.673e-15
07704.07 1.653e-15
07705.77 1.607e-15
07707.47 1.567e-15
07709.16 1.574e-15
07710.86 1.620e-15
07712.56 1.678e-15
07714.26 1.721e-15
07715.95 1.718e-15
07717.65 1.685e-15
07719.35 1.670e-15
07721.05 1.686e-15
07722.74 1.725e-15
07724.44 1.775e-15
07726.14 1.816e-15
07727.83 1.834e-15
07729.53 1.825e-15
07731.23 1.798e-15
07732.93 1.777e-15
07734.62 1.772e-15
07736.32 1.770e-15
07738.02 1.761e-15
07739.72 1.749e-15
07741.41 1.739e-15
07743.11 1.749e-15
07744.81 1.782e-15
07746.51 1.793e-15
07748.20 1.752e-15
07749.90 1.715e-15
07751.60 1.728e-15
07753.29 1.754e-15
07754.99 1.754e-15
07756.69 1.736e-15
07758.39 1.715e-15
07760.08 1.695e-15
07761.78 1.681e-15
07763.48 1.678e-15
07765.18 1.692e-15
07766.87 1.716e-15
07768.57 1.741e-15
07770.27 1.769e-15
07771.96 1.807e-15
07773.66 1.843e-15
07775.36 1.861e-15
07777.06 1.851e-15
07778.75 1.804e-15
07780.45 1.751e-15
07782.15 1.758e-15
07783.85 1.805e-15
07785.54 1.780e-15
07787.24 1.660e-15
07788.94 1.523e-15
07790.64 1.440e-15
07792.33 1.474e-15
07794.03 1.628e-15
07795.73 1.789e-15
07797.42 1.874e-15
07799.12 1.878e-15
07800.82 1.812e-15
07802.52 1.739e-15
07804.21 1.713e-15
07805.91 1.729e-15
07807.61 1.773e-15
07809.31 1.810e-15
07811.00 1.808e-15
07812.70 1.799e-15
07814.40 1.818e-15
07816.10 1.830e-15
07817.79 1.797e-15
07819.49 1.766e-15
07821.19 1.803e-15
07822.88 1.871e-15
07824.58 1.904e-15
07826.28 1.909e-15
07827.98 1.920e-15
07829.67 1.939e-15
07831.37 1.952e-15
07833.07 1.958e-15
07834.77 1.962e-15
07836.46 1.962e-15
07838.16 1.955e-15
07839.86 1.941e-15
07841.55 1.920e-15
07843.25 1.903e-15
07844.95 1.922e-15
07846.65 1.974e-15
07848.34 2.015e-15
07850.04 2.019e-15
07851.74 1.981e-15
07853.44 1.913e-15
07855.13 1.845e-15
07856.83 1.806e-15
07858.53 1.805e-15
07860.23 1.842e-15
07861.92 1.872e-15
07863.62 1.864e-15
07865.32 1.832e-15
07867.01 1.794e-15
07868.71 1.783e-15
07870.41 1.827e-15
07872.11 1.885e-15
07873.80 1.912e-15
07875.50 1.915e-15
07877.20 1.907e-15
07878.90 1.909e-15
07880.59 1.944e-15
07882.29 1.970e-15
07883.99 1.922e-15
07885.68 1.852e-15
07887.38 1.864e-15
07889.08 1.933e-15
07890.78 1.964e-15
07892.47 1.959e-15
07894.17 1.984e-15
07895.87 2.031e-15
07897.57 2.037e-15
07899.26 1.990e-15
07900.96 1.928e-15
07902.66 1.872e-15
07904.36 1.818e-15
07906.05 1.771e-15
07907.75 1.748e-15
07909.45 1.749e-15
07911.14 1.734e-15
07912.84 1.688e-15
07914.54 1.641e-15
07916.24 1.618e-15
07917.93 1.627e-15
07919.63 1.667e-15
07921.33 1.709e-15
07923.03 1.725e-15
07924.72 1.735e-15
07926.42 1.758e-15
07928.12 1.792e-15
07929.82 1.832e-15
07931.51 1.852e-15
07933.21 1.826e-15
07934.91 1.781e-15
07936.60 1.756e-15
07938.30 1.757e-15
07940.00 1.780e-15
07941.70 1.817e-15
07943.39 1.860e-15
07945.09 1.897e-15
07946.79 1.914e-15
07948.49 1.909e-15
07950.18 1.888e-15
07951.88 1.865e-15
07953.58 1.864e-15
07955.27 1.881e-15
07956.97 1.882e-15
07958.67 1.862e-15
07960.37 1.841e-15
07962.06 1.829e-15
07963.76 1.834e-15
07965.46 1.845e-15
07967.16 1.824e-15
07968.85 1.762e-15
07970.55 1.705e-15
07972.25 1.687e-15
07973.95 1.693e-15
07975.64 1.708e-15
07977.34 1.713e-15
07979.04 1.696e-15
07980.73 1.664e-15
07982.43 1.630e-15
07984.13 1.609e-15
07985.83 1.614e-15
07987.52 1.635e-15
07989.22 1.660e-15
07990.92 1.668e-15
07992.62 1.641e-15
07994.31 1.619e-15
07996.01 1.650e-15
07997.71 1.716e-15
07999.40 1.775e-15
08001.10 1.814e-15
08002.80 1.837e-15
08004.50 1.846e-15
08006.19 1.846e-15
08007.89 1.835e-15
08009.59 1.803e-15
08011.29 1.751e-15
08012.98 1.684e-15
08014.68 1.620e-15
08016.38 1.589e-15
08018.08 1.598e-15
08019.77 1.626e-15
08021.47 1.651e-15
08023.17 1.647e-15
08024.86 1.609e-15
08026.56 1.582e-15
08028.26 1.588e-15
08029.96 1.589e-15
08031.65 1.558e-15
08033.35 1.523e-15
08035.05 1.503e-15
08036.75 1.499e-15
08038.44 1.510e-15
08040.14 1.529e-15
08041.84 1.549e-15
08043.54 1.558e-15
08045.23 1.545e-15
08046.93 1.528e-15
08048.63 1.530e-15
08050.32 1.544e-15
08052.02 1.556e-15
08053.72 1.557e-15
08055.42 1.541e-15
08057.11 1.522e-15
08058.81 1.523e-15
08060.51 1.542e-15
08062.21 1.568e-15
08063.90 1.587e-15
08065.60 1.575e-15
08067.30 1.549e-15
08068.99 1.558e-15
08070.69 1.598e-15
08072.39 1.613e-15
08074.09 1.585e-15
08075.78 1.526e-15
08077.48 1.457e-15
08079.18 1.421e-15
08080.88 1.429e-15
08082.57 1.437e-15
08084.27 1.419e-15
08085.97 1.396e-15
08087.67 1.383e-15
08089.36 1.387e-15
08091.06 1.408e-15
08092.76 1.428e-15
08094.45 1.427e-15
08096.15 1.394e-15
08097.85 1.324e-15
08099.55 1.267e-15
08101.24 1.265e-15
08102.94 1.296e-15
08104.64 1.323e-15
08106.34 1.333e-15
08108.03 1.318e-15
08109.73 1.289e-15
08111.43 1.265e-15
08113.13 1.253e-15
08114.82 1.260e-15
08116.52 1.275e-15
08118.22 1.281e-15
08119.91 1.273e-15
08121.61 1.253e-15
08123.31 1.225e-15
08125.01 1.197e-15
08126.70 1.172e-15
08128.40 1.149e-15
08130.10 1.135e-15
08131.80 1.148e-15
08133.49 1.183e-15
08135.19 1.214e-15
08136.89 1.224e-15
08138.58 1.203e-15
08140.28 1.158e-15
08141.98 1.128e-15
08143.68 1.130e-15
08145.37 1.124e-15
08147.07 1.087e-15
08148.77 1.035e-15
08150.47 9.885e-16
08152.16 9.547e-16
08153.86 9.393e-16
08155.56 9.282e-16
08157.26 9.070e-16
08158.95 8.780e-16
08160.65 8.459e-16
08162.35 8.128e-16
08164.04 7.807e-16
08165.74 7.606e-16
08167.44 7.635e-16
08169.14 7.738e-16
08170.83 7.683e-16
08172.53 7.471e-16
08174.23 7.188e-16
08175.93 6.998e-16
08177.62 7.110e-16
08179.32 7.430e-16
08181.02 7.671e-16
08182.71 7.697e-16
08184.41 7.486e-16
08186.11 7.083e-16
08187.81 6.615e-16
08189.50 6.164e-16
08191.20 5.734e-16
08192.90 5.400e-16
08194.60 5.348e-16
08196.29 5.601e-16
08197.99 5.928e-16
08199.69 6.143e-16
08201.39 6.140e-16
08203.08 5.910e-16
08204.78 5.706e-16
08206.48 5.703e-16
08208.17 5.761e-16
08209.87 5.735e-16
08211.57 5.501e-16
08213.27 4.992e-16
08214.96 4.491e-16
08216.66 4.277e-16
08218.36 4.291e-16
08220.06 4.410e-16
08221.75 4.437e-16
08223.45 4.177e-16
08225.15 3.802e-16
08226.85 3.588e-16
08228.54 3.563e-16
08230.24 3.669e-16
08231.94 3.823e-16
08233.63 3.921e-16
08235.33 3.951e-16
08237.03 3.971e-16
08238.73 3.968e-16
08240.42 3.876e-16
08242.12 3.783e-16
08243.82 3.901e-16
08245.52 4.244e-16
08247.21 4.636e-16
08248.91 4.924e-16
08250.61 4.968e-16
08252.30 4.778e-16
08254.00 4.614e-16
08255.70 4.613e-16
08257.40 4.648e-16
08259.09 4.653e-16
08260.79 4.711e-16
08262.49 4.863e-16
08264.19 5.064e-16
08265.88 5.249e-16
08267.58 5.261e-16
08269.28 5.000e-16
08270.98 4.622e-16
08272.67 4.300e-16
08274.37 4.184e-16
08276.07 4.377e-16
08277.76 4.583e-16
08279.46 4.463e-16
08281.16 4.170e-16
08282.86 3.965e-16
08284.55 3.927e-16
08286.25 4.081e-16
08287.95 4.280e-16
08289.65 4.308e-16
08291.34 4.151e-16
08293.04 3.895e-16
08294.74 3.663e-16
08296.43 3.618e-16
08298.13 3.737e-16
08299.83 3.847e-16
08301.53 3.940e-16
08303.22 4.140e-16
08304.92 4.516e-16
08306.62 5.168e-16
08308.32 5.781e-16
08310.01 5.344e-16
08311.71 3.830e-16
08313.41 2.948e-16
08315.11 3.688e-16
08316.80 5.598e-16
08318.50 7.908e-16
08320.20 8.949e-16
08321.89 7.717e-16
08323.59 5.652e-16
08325.29 4.143e-16
08326.99 3.447e-16
08328.68 3.629e-16
08330.38 4.213e-16
08332.08 4.642e-16
08333.78 4.813e-16
08335.47 4.725e-16
08337.17 4.610e-16
08338.87 4.756e-16
08340.57 4.958e-16
08342.26 4.886e-16
08343.96 4.626e-16
08345.66 4.389e-16
08347.35 4.306e-16
08349.05 4.494e-16
08350.75 4.740e-16
08352.45 4.624e-16
08354.14 4.272e-16
08355.84 4.194e-16
08357.54 4.443e-16
08359.24 4.707e-16
08360.93 4.803e-16
08362.63 4.647e-16
08364.33 4.322e-16
08366.02 4.156e-16
08367.72 4.289e-16
08369.42 4.534e-16
08371.12 4.772e-16
08372.81 5.019e-16
08374.51 5.268e-16
08376.21 5.488e-16
08377.91 5.663e-16
08379.60 5.811e-16
08381.30 5.943e-16
08383.00 6.002e-16
08384.70 5.953e-16
08386.39 5.872e-16
08388.09 5.838e-16
08389.79 5.868e-16
08391.48 5.963e-16
08393.18 6.099e-16
08394.88 6.237e-16
08396.58 6.395e-16
08398.27 6.598e-16
08399.97 6.756e-16
08401.67 6.754e-16
08403.37 6.616e-16
08405.06 6.425e-16
08406.76 6.256e-16
08408.46 6.179e-16
08410.16 6.220e-16
08411.85 6.372e-16
08413.55 6.605e-16
08415.25 6.886e-16
08416.94 7.125e-16
08418.64 7.184e-16
08420.34 7.062e-16
08422.04 6.919e-16
08423.73 6.860e-16
08425.43 6.916e-16
08427.13 7.063e-16
08428.83 7.159e-16
08430.52 7.149e-16
08432.22 7.201e-16
08433.92 7.390e-16
08435.61 7.526e-16
08437.31 7.484e-16
08439.01 7.327e-16
08440.71 7.159e-16
08442.40 7.287e-16
08444.10 7.923e-16
08445.80 8.670e-16
08447.50 9.110e-16
08449.19 9.135e-16
08450.89 8.734e-16
08452.59 8.437e-16
08454.29 8.853e-16
08455.98 9.486e-16
08457.68 9.557e-16
08459.38 9.164e-16
08461.07 8.691e-16
08462.77 8.498e-16
08464.47 8.970e-16
08466.17 9.792e-16
08467.86 1.022e-15
08469.56 1.024e-15
08471.26 1.037e-15
08472.96 1.068e-15
08474.65 1.092e-15
08476.35 1.095e-15
08478.05 1.063e-15
08479.74 1.005e-15
08481.44 9.504e-16
08483.14 9.220e-16
08484.84 9.323e-16
08486.53 9.797e-16
08488.23 1.037e-15
08489.93 1.080e-15
08491.63 1.097e-15
08493.32 1.086e-15
08495.02 1.067e-15
08496.72 1.060e-15
08498.42 1.060e-15
08500.11 1.067e-15
08501.81 1.097e-15
08503.51 1.161e-15
08505.20 1.243e-15
08506.90 1.319e-15
08508.60 1.372e-15
08510.30 1.390e-15
08511.99 1.377e-15
08513.69 1.341e-15
08515.39 1.302e-15
08517.09 1.287e-15
08518.78 1.289e-15
08520.48 1.292e-15
08522.18 1.299e-15
08523.88 1.326e-15
08525.57 1.369e-15
08527.27 1.420e-15
08528.97 1.456e-15
08530.66 1.443e-15
08532.36 1.394e-15
08534.06 1.379e-15
08535.76 1.407e-15
08537.45 1.420e-15
08539.15 1.395e-15
08540.85 1.346e-15
08542.55 1.296e-15
08544.24 1.286e-15
08545.94 1.331e-15
08547.64 1.389e-15
08549.33 1.425e-15
08551.03 1.418e-15
08552.73 1.365e-15
08554.43 1.324e-15
08556.12 1.339e-15
08557.82 1.387e-15
08559.52 1.438e-15
08561.22 1.464e-15
08562.91 1.446e-15
08564.61 1.428e-15
08566.31 1.458e-15
08568.01 1.516e-15
08569.70 1.566e-15
08571.40 1.599e-15
08573.10 1.610e-15
08574.79 1.613e-15
08576.49 1.630e-15
08578.19 1.663e-15
08579.89 1.709e-15
08581.58 1.760e-15
08583.28 1.810e-15
08584.98 1.848e-15
08586.68 1.855e-15
08588.37 1.834e-15
08590.07 1.799e-15
08591.77 1.766e-15
08593.46 1.755e-15
08595.16 1.761e-15
08596.86 1.744e-15
08598.56 1.696e-15
08600.25 1.660e-15
08601.95 1.661e-15
08603.65 1.693e-15
08605.35 1.739e-15
08607.04 1.758e-15
08608.74 1.726e-15
08610.44 1.691e-15
08612.14 1.686e-15
08613.83 1.665e-15
08615.53 1.595e-15
08617.23 1.528e-15
08618.92 1.515e-15
08620.62 1.558e-15
08622.32 1.645e-15
08624.02 1.732e-15
08625.71 1.768e-15
08627.41 1.781e-15
08629.11 1.816e-15
08630.81 1.861e-15
08632.50 1.891e-15
08634.20 1.896e-15
08635.90 1.872e-15
08637.60 1.841e-15
08639.29 1.842e-15
08640.99 1.870e-15
08642.69 1.892e-15
08644.38 1.911e-15
08646.08 1.957e-15
08647.78 2.027e-15
08649.48 2.090e-15
08651.17 2.122e-15
08652.87 2.113e-15
08654.57 2.070e-15
08656.27 2.041e-15
08657.96 2.045e-15
08659.66 2.042e-15
08661.36 2.016e-15
08663.05 2.003e-15
08664.75 2.024e-15
08666.45 2.047e-15
08668.15 2.048e-15
08669.84 2.005e-15
08671.54 1.912e-15
08673.24 1.815e-15
08674.94 1.758e-15
08676.63 1.752e-15
08678.33 1.795e-15
08680.03 1.859e-15
08681.73 1.914e-15
08683.42 1.935e-15
08685.12 1.905e-15
08686.82 1.861e-15
08688.51 1.856e-15
08690.21 1.882e-15
08691.91 1.908e-15
08693.61 1.933e-15
08695.30 1.975e-15
08697.00 2.023e-15
08698.70 2.054e-15
08700.40 2.064e-15
08702.09 2.057e-15
08703.79 2.041e-15
08705.49 2.022e-15
08707.19 2.007e-15
08708.88 2.007e-15
08710.58 2.025e-15
08712.28 2.060e-15
08713.97 2.101e-15
08715.67 2.118e-15
08717.37 2.103e-15
08719.07 2.089e-15
08720.76 2.099e-15
08722.46 2.120e-15
08724.16 2.139e-15
08725.86 2.139e-15
08727.55 2.108e-15
08729.25 2.055e-15
08730.95 1.994e-15
08732.64 1.952e-15
08734.34 1.948e-15
08736.04 1.948e-15
08737.74 1.915e-15
08739.43 1.864e-15
08741.13 1.818e-15
08742.83 1.804e-15
08744.53 1.846e-15
08746.22 1.908e-15
08747.92 1.933e-15
08749.62 1.913e-15
08751.32 1.863e-15
08753.01 1.817e-15
08754.71 1.820e-15
08756.41 1.868e-15
08758.10 1.924e-15
08759.80 1.964e-15
08761.50 1.976e-15
08763.20 1.956e-15
08764.89 1.912e-15
08766.59 1.878e-15
08768.29 1.926e-15
08769.99 2.062e-15
08771.68 2.194e-15
08773.38 2.256e-15
08775.08 2.229e-15
08776.77 2.122e-15
08778.47 2.003e-15
08780.17 1.930e-15
08781.87 1.928e-15
08783.56 1.998e-15
08785.26 2.082e-15
08786.96 2.124e-15
08788.66 2.106e-15
08790.35 2.025e-15
08792.05 1.936e-15
08793.75 1.894e-15
08795.45 1.906e-15
08797.14 1.965e-15
08798.84 2.022e-15
08800.54 2.025e-15
08802.23 1.981e-15
08803.93 1.922e-15
08805.63 1.860e-15
08807.33 1.806e-15
08809.02 1.749e-15
08810.72 1.665e-15
08812.42 1.565e-15
08814.12 1.478e-15
08815.81 1.415e-15
08817.51 1.370e-15
08819.21 1.337e-15
08820.91 1.302e-15
08822.60 1.270e-15
08824.30 1.257e-15
08826.00 1.268e-15
08827.69 1.290e-15
08829.39 1.307e-15
08831.09 1.303e-15
08832.79 1.275e-15
08834.48 1.258e-15
08836.18 1.278e-15
08837.88 1.338e-15
08839.58 1.435e-15
08841.27 1.538e-15
08842.97 1.620e-15
08844.67 1.689e-15
08846.36 1.752e-15
08848.06 1.777e-15
08849.76 1.741e-15
08851.46 1.707e-15
08853.15 1.736e-15
08854.85 1.794e-15
08856.55 1.826e-15
08858.25 1.832e-15
08859.94 1.825e-15
08861.64 1.808e-15
08863.34 1.782e-15
08865.04 1.763e-15
08866.73 1.773e-15
08868.43 1.801e-15
08870.13 1.820e-15
08871.82 1.816e-15
08873.52 1.784e-15
08875.22 1.740e-15
08876.92 1.725e-15
08878.61 1.736e-15
08880.31 1.732e-15
08882.01 1.697e-15
08883.71 1.644e-15
08885.40 1.592e-15
08887.10 1.572e-15
08888.80 1.589e-15
08890.49 1.593e-15
08892.19 1.558e-15
08893.89 1.514e-15
08895.59 1.485e-15
08897.28 1.496e-15
08898.98 1.554e-15
08900.68 1.608e-15
08902.38 1.617e-15
08904.07 1.578e-15
08905.77 1.502e-15
08907.47 1.468e-15
08909.17 1.548e-15
08910.86 1.664e-15
08912.56 1.713e-15
08914.26 1.720e-15
08915.95 1.734e-15
08917.65 1.742e-15
08919.35 1.718e-15
08921.05 1.671e-15
08922.74 1.622e-15
08924.44 1.589e-15
08926.14 1.592e-15
08927.84 1.619e-15
08929.53 1.638e-15
08931.23 1.648e-15
08932.93 1.668e-15
08934.63 1.701e-15
08936.32 1.743e-15
08938.02 1.771e-15
08939.72 1.745e-15
08941.41 1.667e-15
08943.11 1.601e-15
08944.81 1.575e-15
08946.51 1.568e-15
08948.20 1.557e-15
08949.90 1.500e-15
08951.60 1.390e-15
08953.30 1.310e-15
08954.99 1.313e-15
08956.69 1.349e-15
08958.39 1.370e-15
08960.08 1.363e-15
08961.78 1.323e-15
08963.48 1.289e-15
08965.18 1.298e-15
08966.87 1.347e-15
08968.57 1.420e-15
08970.27 1.465e-15
08971.97 1.430e-15
08973.66 1.356e-15
08975.36 1.307e-15
08977.06 1.304e-15
08978.76 1.352e-15
08980.45 1.400e-15
08982.15 1.366e-15
08983.85 1.289e-15
08985.54 1.279e-15
08987.24 1.316e-15
08988.94 1.296e-15
08990.64 1.213e-15
08992.33 1.127e-15
08994.03 1.096e-15
08995.73 1.184e-15
08997.43 1.355e-15
08999.12 1.445e-15
09000.82 1.391e-15
09002.52 1.290e-15
09004.22 1.215e-15
09005.91 1.210e-15
09007.61 1.285e-15
09009.31 1.359e-15
09011.00 1.379e-15
09012.70 1.385e-15
09014.40 1.405e-15
09016.10 1.421e-15
09017.79 1.416e-15
09019.49 1.377e-15
09021.19 1.297e-15
09022.89 1.230e-15
09024.58 1.228e-15
09026.28 1.263e-15
09027.98 1.299e-15
09029.67 1.323e-15
09031.37 1.330e-15
09033.07 1.319e-15
09034.77 1.290e-15
09036.46 1.254e-15
09038.16 1.219e-15
09039.86 1.183e-15
09041.56 1.134e-15
09043.25 1.077e-15
09044.95 1.026e-15
09046.65 9.930e-16
09048.35 9.863e-16
09050.04 1.002e-15
09051.74 1.019e-15
09053.44 1.034e-15
09055.13 1.060e-15
09056.83 1.091e-15
09058.53 1.096e-15
09060.23 1.067e-15
09061.92 1.032e-15
09063.62 1.013e-15
09065.32 1.019e-15
09067.02 1.049e-15
09068.71 1.070e-15
09070.41 1.061e-15
09072.11 1.041e-15
09073.80 1.029e-15
09075.50 1.042e-15
09077.20 1.089e-15
09078.90 1.135e-15
09080.59 1.145e-15
09082.29 1.139e-15
09083.99 1.138e-15
09085.69 1.141e-15
09087.38 1.141e-15
09089.08 1.145e-15
09090.78 1.168e-15
09092.48 1.190e-15
09094.17 1.187e-15
09095.87 1.165e-15
09097.57 1.144e-15
09099.26 1.138e-15
09100.96 1.157e-15
09102.66 1.200e-15
09104.36 1.258e-15
09106.05 1.312e-15
09107.75 1.327e-15
09109.45 1.308e-15
09111.15 1.299e-15
09112.84 1.315e-15
09114.54 1.331e-15
09116.24 1.340e-15
09117.94 1.353e-15
09119.63 1.372e-15
09121.33 1.384e-15
09123.03 1.378e-15
09124.72 1.348e-15
09126.42 1.297e-15
09128.12 1.254e-15
09129.82 1.240e-15
09131.51 1.238e-15
09133.21 1.230e-15
09134.91 1.231e-15
09136.61 1.252e-15
09138.30 1.277e-15
09140.00 1.290e-15
09141.70 1.295e-15
09143.39 1.297e-15
09145.09 1.264e-15
09146.79 1.161e-15
09148.49 1.050e-15
09150.18 1.022e-15
09151.88 1.071e-15
09153.58 1.154e-15
09155.28 1.227e-15
09156.97 1.245e-15
09158.67 1.208e-15
09160.37 1.150e-15
09162.07 1.103e-15
09163.76 1.099e-15
09165.46 1.136e-15
09167.16 1.183e-15
09168.85 1.215e-15
09170.55 1.210e-15
09172.25 1.173e-15
09173.95 1.152e-15
09175.64 1.170e-15
09177.34 1.195e-15
09179.04 1.215e-15
09180.74 1.246e-15
09182.43 1.298e-15
09184.13 1.360e-15
09185.83 1.416e-15
09187.53 1.436e-15
09189.22 1.403e-15
09190.92 1.365e-15
09192.62 1.365e-15
09194.31 1.390e-15
09196.01 1.417e-15
09197.71 1.428e-15
09199.41 1.405e-15
09201.10 1.380e-15
09202.80 1.391e-15
09204.50 1.410e-15
09206.20 1.395e-15
09207.89 1.368e-15
09209.59 1.372e-15
09211.29 1.391e-15
09212.98 1.384e-15
09214.68 1.353e-15
09216.38 1.319e-15
09218.08 1.303e-15
09219.77 1.330e-15
09221.47 1.369e-15
09223.17 1.332e-15
09224.87 1.232e-15
09226.56 1.193e-15
09228.26 1.243e-15
09229.96 1.300e-15
09231.66 1.312e-15
09233.35 1.272e-15
09235.05 1.196e-15
09236.75 1.155e-15
09238.44 1.185e-15
09240.14 1.233e-15
09241.84 1.259e-15
09243.54 1.268e-15
09245.23 1.266e-15
09246.93 1.251e-15
09248.63 1.231e-15
09250.33 1.236e-15
09252.02 1.289e-15
09253.72 1.358e-15
09255.42 1.407e-15
09257.11 1.431e-15
09258.81 1.436e-15
09260.51 1.415e-15
09262.21 1.367e-15
09263.90 1.326e-15
09265.60 1.336e-15
09267.30 1.382e-15
09269.00 1.420e-15
09270.69 1.444e-15
09272.39 1.461e-15
09274.09 1.473e-15
09275.79 1.482e-15
09277.48 1.476e-15
09279.18 1.427e-15
09280.88 1.352e-15
09282.57 1.304e-15
09284.27 1.302e-15
09285.97 1.329e-15
09287.67 1.362e-15
09289.36 1.369e-15
09291.06 1.343e-15
09292.76 1.319e-15
09294.46 1.314e-15
09296.15 1.311e-15
09297.85 1.292e-15
09299.55 1.236e-15
09301.25 1.147e-15
09302.94 1.117e-15
09304.64 1.211e-15
09306.34 1.341e-15
09308.03 1.424e-15
09309.73 1.469e-15
09311.43 1.491e-15
09313.13 1.493e-15
09314.82 1.483e-15
09316.52 1.366e-15
09318.22 1.045e-15
09319.92 7.629e-16
09321.61 8.388e-16
09323.31 1.136e-15
09325.01 1.362e-15
09326.70 1.477e-15
09328.40 1.543e-15
09330.10 1.598e-15
09331.80 1.684e-15
09333.49 1.762e-15
09335.19 1.727e-15
09336.89 1.623e-15
09338.59 1.620e-15
09340.28 1.731e-15
09341.98 1.809e-15
09343.68 1.802e-15
09345.38 1.775e-15
09347.07 1.758e-15
09348.77 1.732e-15
09350.47 1.698e-15
09352.16 1.684e-15
09353.86 1.699e-15
09355.56 1.697e-15
09357.26 1.646e-15
09358.95 1.559e-15
09360.65 1.453e-15
09362.35 1.340e-15
09364.05 1.239e-15
09365.74 1.156e-15
09367.44 1.097e-15
09369.14 1.071e-15
09370.83 1.084e-15
09372.53 1.106e-15
09374.23 1.103e-15
09375.93 1.121e-15
09377.62 1.222e-15
09379.32 1.344e-15
09381.02 1.393e-15
09382.72 1.383e-15
09384.41 1.367e-15
09386.11 1.371e-15
09387.81 1.418e-15
09389.51 1.456e-15
09391.20 1.373e-15
09392.90 1.223e-15
09394.60 1.183e-15
09396.29 1.253e-15
09397.99 1.275e-15
09399.69 1.202e-15
09401.39 1.107e-15
09403.08 1.056e-15
09404.78 1.126e-15
09406.48 1.302e-15
09408.18 1.408e-15
09409.87 1.356e-15
09411.57 1.257e-15
09413.27 1.195e-15
09414.97 1.158e-15
09416.66 1.145e-15
09418.36 1.188e-15
09420.06 1.299e-15
09421.75 1.405e-15
09423.45 1.446e-15
09425.15 1.451e-15
09426.85 1.459e-15
09428.54 1.480e-15
09430.24 1.523e-15
09431.94 1.498e-15
09433.64 1.311e-15
09435.33 1.109e-15
09437.03 1.091e-15
09438.73 1.227e-15
09440.42 1.403e-15
09442.12 1.539e-15
09443.82 1.560e-15
09445.52 1.493e-15
09447.21 1.428e-15
09448.91 1.375e-15
09450.61 1.288e-15
09452.31 1.191e-15
09454.00 1.160e-15
09455.70 1.205e-15
09457.40 1.276e-15
09459.10 1.333e-15
09460.79 1.357e-15
09462.49 1.338e-15
09464.19 1.290e-15
09465.88 1.231e-15
09467.58 1.182e-15
09469.28 1.167e-15
09470.98 1.213e-15
09472.67 1.319e-15
09474.37 1.383e-15
09476.07 1.340e-15
09477.77 1.281e-15
09479.46 1.288e-15
09481.16 1.332e-15
09482.86 1.377e-15
09484.56 1.391e-15
09486.25 1.350e-15
09487.95 1.284e-15
09489.65 1.238e-15
09491.34 1.159e-15
09493.04 9.784e-16
09494.74 8.300e-16
09496.44 8.997e-16
09498.13 1.107e-15
09499.83 1.267e-15
09501.53 1.325e-15
09503.23 1.285e-15
09504.92 1.194e-15
09506.62 1.134e-15
09508.32 1.135e-15
09510.01 1.193e-15
09511.71 1.262e-15
09513.41 1.255e-15
09515.11 1.172e-15
09516.80 1.118e-15
09518.50 1.143e-15
09520.20 1.212e-15
09521.90 1.294e-15
09523.59 1.366e-15
09525.29 1.401e-15
09526.99 1.366e-15
09528.69 1.262e-15
09530.38 1.172e-15
09532.08 1.156e-15
09533.78 1.184e-15
09535.47 1.225e-15
09537.17 1.246e-15
09538.87 1.227e-15
09540.57 1.201e-15
09542.26 1.203e-15
09543.96 1.215e-15
09545.66 1.211e-15
09547.36 1.223e-15
09549.05 1.287e-15
09550.75 1.348e-15
09552.45 1.326e-15
09554.14 1.256e-15
09555.84 1.207e-15
09557.54 1.199e-15
09559.24 1.235e-15
09560.93 1.263e-15
09562.63 1.198e-15
09564.33 1.067e-15
09566.03 9.670e-16
09567.72 9.487e-16
09569.42 1.033e-15
09571.12 1.160e-15
09572.82 1.179e-15
09574.51 1.063e-15
09576.21 9.440e-16
09577.91 8.986e-16
09579.60 9.120e-16
09581.30 9.661e-16
09583.00 1.031e-15
09584.70 1.074e-15
09586.39 1.061e-15
09588.09 9.912e-16
09589.79 9.584e-16
09591.49 1.030e-15
09593.18 1.157e-15
09594.88 1.279e-15
09596.58 1.328e-15
09598.28 1.252e-15
09599.97 1.134e-15
09601.67 1.069e-15
09603.37 1.069e-15
09605.06 1.130e-15
09606.76 1.226e-15
09608.46 1.329e-15
09610.16 1.373e-15
09611.85 1.292e-15
09613.55 1.163e-15
09615.25 1.122e-15
09616.95 1.173e-15
09618.64 1.261e-15
09620.34 1.330e-15
09622.04 1.317e-15
09623.73 1.239e-15
09625.43 1.177e-15
09627.13 1.163e-15
09628.83 1.188e-15
09630.52 1.232e-15
09632.22 1.262e-15
09633.92 1.259e-15
09635.62 1.236e-15
09637.31 1.203e-15
09639.01 1.162e-15
09640.71 1.121e-15
09642.41 1.098e-15
09644.10 1.103e-15
09645.80 1.132e-15
09647.50 1.173e-15
09649.19 1.202e-15
09650.89 1.195e-15
09652.59 1.139e-15
09654.29 1.034e-15
09655.98 9.457e-16
09657.68 9.347e-16
09659.38 9.481e-16
09661.08 9.205e-16
09662.77 8.873e-16
09664.47 8.987e-16
09666.17 9.479e-16
09667.86 1.015e-15
09669.56 1.058e-15
09671.26 1.027e-15
09672.96 9.625e-16
09674.65 9.466e-16
09676.35 9.847e-16
09678.05 1.036e-15
09679.75 1.100e-15
09681.44 1.201e-15
09683.14 1.312e-15
09684.84 1.358e-15
09686.54 1.317e-15
09688.23 1.213e-15
09689.93 1.090e-15
09691.63 1.024e-15
09693.32 1.037e-15
09695.02 1.063e-15
09696.72 1.061e-15
09698.42 1.047e-15
09700.11 1.035e-15
09701.81 1.040e-15
09703.51 1.069e-15
09705.21 1.097e-15
09706.90 1.103e-15
09708.60 1.101e-15
09710.30 1.104e-15
09712.00 1.100e-15
09713.69 1.083e-15
09715.39 1.043e-15
09717.09 9.786e-16
09718.78 9.362e-16
09720.48 9.659e-16
09722.18 1.026e-15
09723.88 1.055e-15
09725.57 1.049e-15
09727.27 1.028e-15
09728.97 9.913e-16
09730.67 9.313e-16
09732.36 8.799e-16
09734.06 8.871e-16
09735.76 9.352e-16
09737.45 9.643e-16
09739.15 9.585e-16
09740.85 9.330e-16
09742.55 9.045e-16
09744.24 8.958e-16
09745.94 9.024e-16
09747.64 8.820e-16
09749.34 8.318e-16
09751.03 8.075e-16
09752.73 8.310e-16
09754.43 8.667e-16
09756.13 8.893e-16
09757.82 8.931e-16
09759.52 8.777e-16
09761.22 8.617e-16
09762.91 8.566e-16
09764.61 8.414e-16
09766.31 8.012e-16
09768.01 7.480e-16
09769.70 6.983e-16
09771.40 6.827e-16
09773.10 7.262e-16
09774.80 8.123e-16
09776.49 9.136e-16
09778.19 1.014e-15
09779.89 1.100e-15
09781.59 1.129e-15
09783.28 1.059e-15
09784.98 9.384e-16
09786.68 8.543e-16
09788.37 8.038e-16
09790.07 7.399e-16
09791.77 6.981e-16
09793.47 7.572e-16
09795.16 8.861e-16
09796.86 9.840e-16
09798.56 1.004e-15
09800.26 9.341e-16
09801.95 8.374e-16
09803.65 8.691e-16
09805.35 1.034e-15
09807.04 1.133e-15
09808.74 1.086e-15
09810.44 9.871e-16
09812.14 9.190e-16
09813.83 9.573e-16
09815.53 1.105e-15
09817.23 1.159e-15
09818.93 1.006e-15
09820.62 8.450e-16
09822.32 8.283e-16
09824.02 8.588e-16
09825.72 8.420e-16
09827.41 7.487e-16
09829.11 5.712e-16
09830.81 4.409e-16
09832.50 4.880e-16
09834.20 6.261e-16
09835.90 7.306e-16
09837.60 7.923e-16
09839.29 8.284e-16
09840.99 8.508e-16
09842.69 8.756e-16
09844.39 8.927e-16
09846.08 8.808e-16
09847.78 8.511e-16
09849.48 8.323e-16
09851.17 8.263e-16
09852.87 8.165e-16
09854.57 8.129e-16
09856.27 8.477e-16
09857.96 9.010e-16
09859.66 9.049e-16
09861.36 8.412e-16
09863.06 7.476e-16
09864.75 6.610e-16
09866.45 6.177e-16
09868.15 6.375e-16
09869.85 7.092e-16
09871.54 8.094e-16
09873.24 8.958e-16
09874.94 9.333e-16
09876.63 9.067e-16
09878.33 8.189e-16
09880.03 7.158e-16
09881.73 6.438e-16
09883.42 6.400e-16
09885.12 7.233e-16
09886.82 8.225e-16
09888.52 8.646e-16
09890.21 8.798e-16
09891.91 9.118e-16
09893.61 9.639e-16
09895.31 1.031e-15
09897.00 1.076e-15
09898.70 1.055e-15
09900.40 9.836e-16
09902.09 8.995e-16
09903.79 8.410e-16
09905.49 8.437e-16
09907.19 9.057e-16
09908.88 1.004e-15
09910.58 1.089e-15
09912.28 1.090e-15
09913.98 1.015e-15
09915.67 9.362e-16
09917.37 8.957e-16
09919.07 8.935e-16
09920.76 9.318e-16
09922.46 1.025e-15
09924.16 1.113e-15
09925.86 9.974e-16
09927.55 6.428e-16
09929.25 3.244e-16
09930.95 2.393e-16
09932.65 4.009e-16
09934.34 7.535e-16
09936.04 1.036e-15
09937.74 1.057e-15
09939.44 9.541e-16
09941.13 8.824e-16
09942.83 9.136e-16
09944.53 1.091e-15
09946.22 1.325e-15
09947.92 1.505e-15
09949.62 1.539e-15
09951.32 1.362e-15
09953.01 1.123e-15
09954.71 1.023e-15
09956.41 1.046e-15
09958.11 1.107e-15
09959.80 1.142e-15
09961.50 1.089e-15
09963.20 9.763e-16
09964.89 8.799e-16
09966.59 8.190e-16
09968.29 7.757e-16
09969.99 7.452e-16
09971.68 7.290e-16
09973.38 7.258e-16
09975.08 7.340e-16
09976.78 7.508e-16
09978.47 7.732e-16
09980.17 7.928e-16
09981.87 7.921e-16
09983.57 7.700e-16
09985.26 7.560e-16
09986.96 7.669e-16
09988.66 7.907e-16
09990.35 8.170e-16
09992.05 8.403e-16
09993.75 8.569e-16
09995.45 8.715e-16
09997.14 8.895e-16
09998.84 9.108e-16
10000.54 9.365e-16
10002.24 9.926e-16
10003.93 1.096e-15
10005.63 1.206e-15
10007.33 1.274e-15
10009.03 1.240e-15
10010.72 1.056e-15
10012.42 8.375e-16
10014.12 7.394e-16
10015.81 7.896e-16
10017.51 9.659e-16
10019.21 1.160e-15
10020.91 1.219e-15
10022.60 1.156e-15
10024.30 1.082e-15
10026.00 1.031e-15
10027.70 9.901e-16
10029.39 9.377e-16
10031.09 8.352e-16
10032.79 6.986e-16
10034.48 6.093e-16
10036.18 5.893e-16
10037.88 5.799e-16
10039.58 5.603e-16
10041.27 5.724e-16
10042.97 6.271e-16
10044.67 6.786e-16
10046.37 6.971e-16
10048.06 6.886e-16
10049.76 6.634e-16
10051.46 6.457e-16
10053.16 6.526e-16
10054.85 6.506e-16
10056.55 6.178e-16
10058.25 6.477e-16
10059.94 8.125e-16
10061.64 9.570e-16
10063.34 9.191e-16
10065.04 7.356e-16
10066.73 4.861e-16
10068.43 3.063e-16
10070.13 3.396e-16
10071.83 4.747e-16
10073.52 5.149e-16
10075.22 4.630e-16
10076.92 4.010e-16
10078.62 3.740e-16
10080.31 4.155e-16
10082.01 5.080e-16
10083.71 5.955e-16
10085.40 6.590e-16
10087.10 7.094e-16
10088.80 7.502e-16
10090.50 7.817e-16
10092.19 7.999e-16
10093.89 7.931e-16
10095.59 7.585e-16
10097.29 7.048e-16
10098.98 6.418e-16
10100.68 5.851e-16
10102.38 5.365e-16
10104.07 4.557e-16
10105.77 3.383e-16
10107.47 2.966e-16
10109.17 3.926e-16
10110.86 5.030e-16
10112.56 5.193e-16
10114.26 4.336e-16
10115.96 2.665e-16
10117.65 1.444e-16
10119.35 1.874e-16
10121.05 3.627e-16
10122.75 6.029e-16
10124.44 7.964e-16
10126.14 8.284e-16
10127.84 7.801e-16
10129.53 7.905e-16
10131.23 8.419e-16
10132.93 8.641e-16
10134.63 8.198e-16
10136.32 6.823e-16
10138.02 5.030e-16
10139.72 3.807e-16
10141.42 3.426e-16
10143.11 3.639e-16
10144.81 4.165e-16
10146.51 4.683e-16
10148.20 4.949e-16
10149.90 4.842e-16
10151.60 4.455e-16
10153.30 4.172e-16
10154.99 4.208e-16
10156.69 4.461e-16
10158.39 4.842e-16
10160.09 5.361e-16
10161.78 5.839e-16
10163.48 5.642e-16
10165.18 4.424e-16
10166.88 2.659e-16
10168.57 9.012e-17
10170.27 -2.788e-17
10171.97 -4.393e-17
10173.66 3.330e-17
10175.36 1.771e-16
10177.06 3.341e-16
10178.76 4.497e-16
10180.45 4.930e-16
10182.15 4.472e-16
10183.85 3.767e-16
10185.55 3.656e-16
10187.24 3.884e-16
10188.94 3.865e-16
10190.64 3.373e-16
10192.34 2.349e-16
10194.03 1.245e-16
10195.73 7.023e-17
10197.43 1.425e-16
10199.12 4.203e-16
10200.82 7.890e-16
10202.52 9.805e-16
10204.22 9.196e-16
10205.91 7.170e-16
10207.61 4.820e-16
10209.31 3.325e-16
10211.01 3.056e-16
10212.70 2.996e-16
10214.40 2.568e-16
10216.10 2.065e-16
10217.79 1.710e-16
10219.49 1.767e-16
10221.19 2.245e-16
10222.89 2.163e-16
10224.58 1.033e-16
10226.28 4.274e-17
10227.98 1.517e-16
10229.68 2.762e-16
10231.37 2.788e-16
10233.07 3.199e-16
10234.77 5.551e-16
10236.47 8.104e-16
10238.16 8.791e-16
10239.86 7.736e-16
10241.56 5.625e-16
10243.25 3.331e-16
10244.95 1.792e-16
10246.65 1.351e-16
10248.35 2.078e-16
10250.04 3.085e-16
10251.74 2.978e-16
10253.44 2.103e-16
10255.14 1.858e-16
10256.83 2.384e-16
10258.53 2.960e-16
10260.23 3.366e-16
10261.92 3.724e-16
10263.62 4.140e-16
10265.32 4.840e-16
10267.02 5.478e-16
10268.71 4.891e-16
10270.41 2.830e-16
10272.11 3.629e-17
10273.81 -1.243e-16
10275.50 -8.383e-19
10277.20 4.355e-16
10278.90 7.765e-16
10280.60 7.354e-16
10282.29 4.440e-16
10283.99 7.252e-17
10285.69 -1.269e-16
10287.38 2.335e-17
10289.08 2.524e-16
10290.78 2.705e-16
10292.48 -1.164e-17
10294.17 -6.114e-16
10295.87 -1.124e-15
10297.57 -1.098e-15
10299.27 -7.345e-16
10300.96 -4.038e-16
10302.66 -2.294e-16
10304.36 -2.631e-16
10306.06 -3.325e-16
10307.75 -1.548e-16
10309.45 1.993e-16
10311.15 4.723e-16
10312.84 5.973e-16
10314.54 6.154e-16
10316.24 5.990e-16
10317.94 6.702e-16
10319.63 7.853e-16
10321.33 7.176e-16
10323.03 4.593e-16
10324.73 2.772e-16
10326.42 2.623e-16
10328.12 2.455e-16
10329.82 1.501e-16
10331.51 5.130e-17
10333.21 1.071e-17
10334.91 9.083e-17
10336.61 2.939e-16
10338.30 4.479e-16
10340.00 4.203e-16
10341.70 1.979e-16
10343.40 -1.653e-16
10345.09 -3.175e-16
10346.79 -9.222e-17
10348.49 1.331e-16
10350.19 3.585e-16
10351.88 3.580e-16
10353.58 3.574e-16
10355.28 3.568e-16
10356.97 3.563e-16
10358.67 3.557e-16
10360.37 3.552e-16
10362.07 3.546e-16
10363.76 3.540e-16
10365.46 3.535e-16
10367.16 3.529e-16
10368.86 3.524e-16
10370.55 3.518e-16
10372.25 3.512e-16
10373.95 3.507e-16
10375.65 3.501e-16
10377.34 3.496e-16
10379.04 3.490e-16
10380.74 3.484e-16
10382.43 3.479e-16
10384.13 3.473e-16
10385.83 3.468e-16
10387.53 3.462e-16
10389.22 3.456e-16
10390.92 3.451e-16
10392.62 3.445e-16
10394.32 3.440e-16
10396.01 3.434e-16
10397.71 3.429e-16
10399.41 3.423e-16
10401.10 3.417e-16
10402.80 3.412e-16
10404.50 3.406e-16
10406.20 3.401e-16
10407.89 3.395e-16
10409.59 3.389e-16
10411.29 3.384e-16
10412.99 3.378e-16
10414.68 3.373e-16
10416.38 3.367e-16
10418.08 3.361e-16
10419.78 3.356e-16
10421.47 3.350e-16
10423.17 3.345e-16
10424.87 3.339e-16
10426.56 3.333e-16
10428.26 3.328e-16
10429.96 3.322e-16
10431.66 3.317e-16
10433.35 3.311e-16
10435.05 3.305e-16
10436.75 3.300e-16
10438.45 3.294e-16
10440.14 3.289e-16
10441.84 3.283e-16
10443.54 3.277e-16
10445.23 3.272e-16
10446.93 3.266e-16
10448.63 3.261e-16
10450.33 3.255e-16
10452.02 3.249e-16
10453.72 3.244e-16
10455.42 3.238e-16
10457.12 3.233e-16
10458.81 3.227e-16
10460.51 3.221e-16
10462.21 3.216e-16
10463.91 3.210e-16
10465.60 3.205e-16
10467.30 3.199e-16
10469.00 3.193e-16
10470.69 3.188e-16
10472.39 3.182e-16
10474.09 3.177e-16
10475.79 3.171e-16
10477.48 3.165e-16
10479.18 3.160e-16
10480.88 3.154e-16
10482.58 3.149e-16
10484.27 3.143e-16
10485.97 3.138e-16
10487.67 3.132e-16
10489.37 3.126e-16
10491.06 3.121e-16
10492.76 3.115e-16
10494.46 3.110e-16
10496.15 3.104e-16
10497.85 3.098e-16
10499.55 3.093e-16
10501.25 3.087e-16
10502.94 3.082e-16
10504.64 3.076e-16
10506.34 3.070e-16
10508.04 3.065e-16
10509.73 3.059e-16
10511.43 3.054e-16
10513.13 3.048e-16
10514.82 3.042e-16
10516.52 3.037e-16
10518.22 3.031e-16
10519.92 3.026e-16
10521.61 3.020e-16
10523.31 3.014e-16
10525.01 3.009e-16
10526.71 3.003e-16
10528.40 2.998e-16
10530.10 2.992e-16
10531.80 2.986e-16
10533.50 2.981e-16
10535.19 2.975e-16
10536.89 2.970e-16
10538.59 2.964e-16
10540.28 2.958e-16
10541.98 2.953e-16
10543.68 2.947e-16
10545.38 2.942e-16
10547.07 2.936e-16
10548.77 2.930e-16
10550.47 2.925e-16
10552.17 2.919e-16
10553.86 2.914e-16
10555.56 2.908e-16
10557.26 2.902e-16
10558.96 2.897e-16
10560.65 2.891e-16
10562.35 2.886e-16
10564.05 2.880e-16
10565.74 2.875e-16
10567.44 2.869e-16
10569.14 2.863e-16
10570.84 2.858e-16
10572.53 2.852e-16
10574.23 2.847e-16
10575.93 2.841e-16
10577.63 2.835e-16
10579.32 2.830e-16
10581.02 2.824e-16
10582.72 2.819e-16
10584.41 2.813e-16
10586.11 2.807e-16
10587.81 2.802e-16
10589.51 2.796e-16
10591.20 2.791e-16
10592.90 2.785e-16
10594.60 2.779e-16
10596.30 2.774e-16
10597.99 2.768e-16
10599.69 2.763e-16
10601.39 2.757e-16
10603.09 2.751e-16
10604.78 2.746e-16
10606.48 2.740e-16
10608.18 2.735e-16
10609.87 2.729e-16
10611.57 2.723e-16
10613.27 2.718e-16
10614.97 2.712e-16
10616.66 2.707e-16
10618.36 2.701e-16
10620.06 2.695e-16
10621.76 2.690e-16
10623.45 2.684e-16
10625.15 2.679e-16
10626.85 2.673e-16
10628.54 2.667e-16
10630.24 2.662e-16
10631.94 2.656e-16
10633.64 2.651e-16
10635.33 2.645e-16
10637.03 2.639e-16
10638.73 2.634e-16
10640.43 2.628e-16
10642.12 2.623e-16
10643.82 2.617e-16
10645.52 2.611e-16
10647.22 2.606e-16
10648.91 2.600e-16
10650.61 2.595e-16
10652.31 2.589e-16
10654.00 2.584e-16
10655.70 2.578e-16
10657.40 2.572e-16
10659.10 2.567e-16
10660.79 2.561e-16
10662.49 2.556e-16
10664.19 2.550e-16
10665.89 2.544e-16
10667.58 2.539e-16
10669.28 2.533e-16
10670.98 2.528e-16
10672.68 2.522e-16
10674.37 2.516e-16
10676.07 2.511e-16
10677.77 2.505e-16
10679.46 2.500e-16
10681.16 2.494e-16
10682.86 2.488e-16
10684.56 2.483e-16
10686.25 2.477e-16
10687.95 2.472e-16
10689.65 2.466e-16
10691.35 2.460e-16
10693.04 2.455e-16
10694.74 2.449e-16
10696.44 2.444e-16
10698.13 2.438e-16
10699.83 2.432e-16
10701.53 2.427e-16
10703.23 2.421e-16
10704.92 2.416e-16
10706.62 2.410e-16
10708.32 2.404e-16
10710.02 2.399e-16
10711.71 2.393e-16
10713.41 2.388e-16
10715.11 2.382e-16
10716.81 2.376e-16
10718.50 2.371e-16
10720.20 2.365e-16
10721.90 2.360e-16
10723.59 2.354e-16
10725.29 2.348e-16
10726.99 2.343e-16
10728.69 2.337e-16
10730.38 2.332e-16
10732.08 2.326e-16
10733.78 2.320e-16
10735.48 2.315e-16
10737.17 2.309e-16
10738.87 2.304e-16
10740.57 2.298e-16
10742.26 2.293e-16
10743.96 2.287e-16
10745.66 2.281e-16
10747.36 2.276e-16
10749.05 2.270e-16
10750.75 2.265e-16
10752.45 2.259e-16
10754.15 2.253e-16
10755.84 2.248e-16
10757.54 2.242e-16
10759.24 2.237e-16
10760.94 2.231e-16
10762.63 2.225e-16
10764.33 2.220e-16
10766.03 2.214e-16
10767.72 2.209e-16
10769.42 2.203e-16
10771.12 2.197e-16
10772.82 2.192e-16
10774.51 2.186e-16
10776.21 2.181e-16
10777.91 2.175e-16
10779.61 2.169e-16
10781.30 2.164e-16
10783.00 2.158e-16
10784.70 2.153e-16
10786.40 2.147e-16
10788.09 2.141e-16
10789.79 2.136e-16
10791.49 2.130e-16
10793.18 2.125e-16
10794.88 2.119e-16
10796.58 2.113e-16
10798.28 2.108e-16
10799.97 2.102e-16
10801.67 2.097e-16
10803.37 2.091e-16
10805.07 2.085e-16
10806.76 2.080e-16
10808.46 2.074e-16
10810.16 2.069e-16
10811.85 2.063e-16
10813.55 2.057e-16
10815.25 2.052e-16
10816.95 2.046e-16
10818.64 2.041e-16
10820.34 2.035e-16
10822.04 2.030e-16
10823.74 2.024e-16
10825.43 2.018e-16
10827.13 2.013e-16
10828.83 2.007e-16
10830.53 2.002e-16
10832.22 1.996e-16
10833.92 1.990e-16
10835.62 1.985e-16
10837.31 1.979e-16
10839.01 1.974e-16
10840.71 1.968e-16
10842.41 1.962e-16
10844.10 1.957e-16
10845.80 1.951e-16
10847.50 1.946e-16
10849.20 1.940e-16
10850.89 1.934e-16
10852.59 1.929e-16
10854.29 1.923e-16
10855.99 1.918e-16
10857.68 1.912e-16
10859.38 1.906e-16
10861.08 1.901e-16
10862.77 1.895e-16
10864.47 1.890e-16
10866.17 1.884e-16
10867.87 1.878e-16
10869.56 1.873e-16
10871.26 1.867e-16
10872.96 1.862e-16
10874.66 1.856e-16
10876.35 1.850e-16
10878.05 1.845e-16
10879.75 1.839e-16
10881.44 1.834e-16
10883.14 1.828e-16
10884.84 1.822e-16
10886.54 1.817e-16
10888.23 1.811e-16
10889.93 1.806e-16
10891.63 1.800e-16
10893.33 1.794e-16
10895.02 1.789e-16
10896.72 1.783e-16
10898.42 1.778e-16
10900.12 1.772e-16
10901.81 1.766e-16
10903.51 1.761e-16
10905.21 1.755e-16
10906.90 1.750e-16
10908.60 1.744e-16
10910.30 1.739e-16
10912.00 1.733e-16
10913.69 1.727e-16
10915.39 1.722e-16
10917.09 1.716e-16
10918.79 1.711e-16
10920.48 1.705e-16
10922.18 1.699e-16
10923.88 1.694e-16
10925.57 1.688e-16
10927.27 1.683e-16
10928.97 1.677e-16
10930.67 1.671e-16
10932.36 1.666e-16
10934.06 1.660e-16
10935.76 1.655e-16
10937.46 1.649e-16
10939.15 1.643e-16
10940.85 1.638e-16
10942.55 1.632e-16
10944.25 1.627e-16
10945.94 1.621e-16
10947.64 1.615e-16
10949.34 1.610e-16
10951.03 1.604e-16
10952.73 1.599e-16
10954.43 1.593e-16
10956.13 1.587e-16
10957.82 1.582e-16
10959.52 1.576e-16
10961.22 1.571e-16
10962.92 1.565e-16
10964.61 1.559e-16
10966.31 1.554e-16
10968.01 1.548e-16
10969.71 1.543e-16
10971.40 1.537e-16
10973.10 1.531e-16
10974.80 1.526e-16
10976.49 1.520e-16
10978.19 1.515e-16
10979.89 1.509e-16
10981.59 1.503e-16
10983.28 1.498e-16
10984.98 1.492e-16
10986.68 1.487e-16
10988.38 1.481e-16
10990.07 1.476e-16
10991.77 1.470e-16
10993.47 1.464e-16
10995.16 1.459e-16
10996.86 1.453e-16
10998.56 1.448e-16
11000.26 1.442e-16
11001.95 1.436e-16
11003.65 1.431e-16
11005.35 1.425e-16
11007.05 1.420e-16
11008.74 1.414e-16
11010.44 1.408e-16
11012.14 1.403e-16
11013.84 1.397e-16
11015.53 1.392e-16
11017.23 1.386e-16
11018.93 1.380e-16
11020.62 1.375e-16
11022.32 1.369e-16
11024.02 1.364e-16
11025.72 1.358e-16
11027.41 1.352e-16
11029.11 1.347e-16
11030.81 1.341e-16
11032.51 1.336e-16
11034.20 1.330e-16
11035.90 1.324e-16
11037.60 1.319e-16
