03179.34 2.963e-15
03181.04 2.428e-15
03182.73 2.077e-15
03184.43 1.544e-15
03186.13 1.356e-15
03187.83 1.298e-15
03189.53 1.147e-15
03191.22 -3.440e-16
03192.92 -2.089e-15
03194.62 -2.883e-15
03196.32 -2.415e-15
03198.01 -9.508e-16
03199.71 2.767e-16
03201.41 1.790e-15
03203.11 1.796e-15
03204.80 7.766e-16
03206.50 2.731e-17
03208.20 2.220e-16
03209.90 2.534e-16
03211.59 5.436e-16
03213.29 9.724e-16
03214.99 2.044e-15
03216.69 2.553e-15
03218.39 2.833e-15
03220.08 2.819e-15
03221.78 1.990e-15
03223.48 5.070e-16
03225.18 -5.318e-16
03226.87 -1.518e-15
03228.57 -1.127e-15
03230.27 -5.490e-16
03231.97 -6.886e-16
03233.66 -4.901e-16
03235.36 -1.977e-16
03237.06 -1.680e-16
03238.76 -4.059e-16
03240.45 -4.345e-16
03242.15 -5.881e-16
03243.85 -4.902e-16
03245.55 -4.300e-16
03247.24 -2.026e-17
03248.94 1.946e-16
03250.64 6.653e-16
03252.34 1.439e-15
03254.04 2.241e-15
03255.73 3.022e-15
03257.43 3.615e-15
03259.13 3.365e-15
03260.83 2.224e-15
03262.52 6.168e-16
03264.22 -7.906e-16
03265.92 -1.387e-15
03267.62 -1.468e-15
03269.31 -4.427e-16
03271.01 7.484e-16
03272.71 1.846e-15
03274.41 3.063e-15
03276.10 3.089e-15
03277.80 2.150e-15
03279.50 1.004e-15
03281.20 6.190e-16
03282.90 -2.607e-16
03284.59 4.602e-17
03286.29 6.997e-16
03287.99 1.423e-15
03289.69 1.356e-15
03291.38 1.498e-15
03293.08 1.651e-15
03294.78 9.429e-16
03296.48 6.884e-16
03298.17 2.901e-16
03299.87 2.202e-16
03301.57 5.056e-16
03303.27 1.469e-15
03304.96 1.855e-15
03306.66 1.581e-15
03308.36 1.383e-15
03310.06 1.031e-15
03311.76 8.523e-17
03313.45 -7.317e-16
03315.15 -2.087e-16
03316.85 3.721e-16
03318.55 -1.079e-16
03320.24 4.053e-16
03321.94 1.012e-15
03323.64 1.197e-15
03325.34 6.012e-16
03327.03 9.077e-16
03328.73 1.827e-15
03330.43 2.261e-15
03332.13 1.604e-15
03333.82 5.514e-16
03335.52 -2.974e-15
03337.22 -7.805e-15
03338.92 -8.928e-15
03340.62 -8.143e-15
03342.31 -7.076e-15
03344.01 -3.078e-15
03345.71 1.591e-15
03347.41 2.534e-15
03349.10 2.769e-15
03350.80 3.445e-15
03352.50 2.872e-15
03354.20 1.586e-15
03355.89 1.273e-15
03357.59 1.136e-15
03359.29 4.730e-16
03360.99 2.095e-16
03362.68 -4.946e-18
03364.38 3.039e-17
03366.08 -6.852e-17
03367.78 -2.691e-16
03369.48 -1.180e-17
03371.17 4.195e-16
03372.87 -2.461e-16
03374.57 -4.870e-16
03376.27 2.801e-16
03377.96 9.557e-16
03379.66 1.478e-15
03381.36 2.076e-15
03383.06 2.219e-15
03384.75 2.107e-15
03386.45 1.979e-15
03388.15 2.020e-15
03389.85 2.656e-15
03391.54 2.899e-15
03393.24 2.351e-15
03394.94 1.511e-15
03396.64 9.353e-16
03398.33 3.214e-16
03400.03 5.445e-16
03401.73 1.587e-15
03403.43 2.303e-15
03405.13 2.649e-15
03406.82 2.523e-15
03408.52 1.782e-15
03410.22 1.075e-15
03411.92 1.088e-15
03413.61 1.169e-15
03415.31 1.197e-15
03417.01 1.532e-15
03418.71 1.829e-15
03420.40 1.719e-15
03422.10 2.021e-15
03423.80 1.775e-15
03425.50 6.513e-16
03427.19 1.064e-16
03428.89 7.648e-19
03430.59 -7.433e-16
03432.29 -1.010e-15
03433.99 -1.981e-16
03435.68 -2.248e-16
03437.38 -9.691e-16
03439.08 -1.314e-15
03440.78 -9.575e-16
03442.47 -5.787e-16
03444.17 2.781e-17
03445.87 6.898e-16
03447.57 1.277e-15
03449.26 1.463e-15
03450.96 1.176e-15
03452.66 1.327e-15
03454.36 1.653e-15
03456.05 1.394e-15
03457.75 1.955e-15
03459.45 2.862e-15
03461.15 2.539e-15
03462.85 2.531e-15
03464.54 3.068e-15
03466.24 2.521e-15
03467.94 1.691e-15
03469.64 1.346e-15
03471.33 6.561e-16
03473.03 1.528e-16
03474.73 6.814e-17
03476.43 -1.049e-16
03478.12 -1.494e-16
03479.82 3.658e-16
03481.52 9.635e-16
03483.22 1.095e-15
03484.91 1.327e-15
03486.61 1.619e-15
03488.31 1.372e-15
03490.01 6.403e-16
03491.71 2.466e-16
03493.40 -7.791e-18
03495.10 -1.818e-16
03496.80 -3.125e-16
03498.50 -6.630e-17
03500.19 5.270e-16
03501.89 7.644e-16
03503.59 9.063e-16
03505.29 1.363e-15
03506.98 1.903e-15
03508.68 1.951e-15
03510.38 2.253e-15
03512.08 2.582e-15
03513.77 2.233e-15
03515.47 9.615e-16
03517.17 -3.085e-16
03518.87 -1.280e-15
03520.56 -2.086e-15
03522.26 -2.150e-15
03523.96 -1.554e-15
03525.66 -8.637e-16
03527.36 -1.163e-16
03529.05 3.819e-16
03530.75 2.206e-16
03532.45 1.412e-16
03534.15 4.734e-16
03535.84 5.399e-16
03537.54 6.698e-16
03539.24 1.212e-15
03540.94 1.467e-15
03542.63 1.071e-15
03544.33 5.072e-16
03546.03 8.329e-17
03547.73 4.150e-17
03549.42 5.188e-16
03551.12 1.078e-15
03552.82 1.520e-15
03554.52 1.936e-15
03556.22 2.152e-15
03557.91 1.961e-15
03559.61 2.001e-15
03561.31 2.408e-15
03563.01 2.211e-15
03564.70 1.249e-15
03566.40 6.097e-16
03568.10 2.706e-16
03569.80 -1.844e-16
03571.49 -3.513e-16
03573.19 2.041e-16
03574.89 9.839e-16
03576.59 1.441e-15
03578.28 1.712e-15
03579.98 2.185e-15
03581.68 2.325e-15
03583.38 2.021e-15
03585.08 2.035e-15
03586.77 2.147e-15
03588.47 2.033e-15
03590.17 1.972e-15
03591.87 2.207e-15
03593.56 1.827e-15
03595.26 1.049e-15
03596.96 6.339e-16
03598.66 6.275e-16
03600.35 5.581e-16
03602.05 8.178e-16
03603.75 1.244e-15
03605.45 1.118e-15
03607.14 1.041e-15
03608.84 9.584e-16
03610.54 4.921e-16
03612.24 1.522e-16
03613.94 4.190e-16
03615.63 7.610e-16
03617.33 9.006e-16
03619.03 1.070e-15
03620.73 1.319e-15
03622.42 1.385e-15
03624.12 1.177e-15
03625.82 1.152e-15
03627.52 1.487e-15
03629.21 1.574e-15
03630.91 1.503e-15
03632.61 1.442e-15
03634.31 1.334e-15
03636.00 1.186e-15
03637.70 1.223e-15
03639.40 1.816e-15
03641.10 2.182e-15
03642.80 2.045e-15
03644.49 1.904e-15
03646.19 1.861e-15
03647.89 1.509e-15
03649.59 1.267e-15
03651.28 1.074e-15
03652.98 6.436e-16
03654.68 3.365e-16
03656.38 1.131e-16
03658.07 1.488e-16
03659.77 4.898e-16
03661.47 1.003e-15
03663.17 1.385e-15
03664.86 1.474e-15
03666.56 1.312e-15
03668.26 1.193e-15
03669.96 9.796e-16
03671.65 5.501e-16
03673.35 2.548e-16
03675.05 2.852e-16
03676.75 7.060e-16
03678.45 8.288e-16
03680.14 7.212e-16
03681.84 7.284e-16
03683.54 7.466e-16
03685.24 7.431e-16
03686.93 1.302e-15
03688.63 2.079e-15
03690.33 2.642e-15
03692.03 2.652e-15
03693.72 2.064e-15
03695.42 1.504e-15
03697.12 1.188e-15
03698.82 6.859e-16
03700.51 2.742e-16
03702.21 3.667e-16
03703.91 5.773e-16
03705.61 5.570e-16
03707.31 7.739e-16
03709.00 1.212e-15
03710.70 1.357e-15
03712.40 1.113e-15
03714.10 1.091e-15
03715.79 1.315e-15
03717.49 1.333e-15
03719.19 1.163e-15
03720.89 9.404e-16
03722.58 5.892e-16
03724.28 3.848e-16
03725.98 3.139e-16
03727.68 4.310e-16
03729.37 7.090e-16
03731.07 1.093e-15
03732.77 1.231e-15
03734.47 1.222e-15
03736.17 1.111e-15
03737.86 1.219e-15
03739.56 1.248e-15
03741.26 8.240e-16
03742.96 3.070e-16
03744.65 3.076e-16
03746.35 2.404e-17
03748.05 -2.513e-16
03749.75 -3.790e-17
03751.44 3.307e-16
03753.14 1.571e-16
03754.84 -3.040e-17
03756.54 -1.835e-16
03758.23 -1.235e-16
03759.93 2.630e-16
03761.63 6.976e-16
03763.33 1.075e-15
03765.03 1.497e-15
03766.72 1.489e-15
03768.42 1.354e-15
03770.12 1.671e-15
03771.82 1.927e-15
03773.51 1.974e-15
03775.21 1.942e-15
03776.91 1.759e-15
03778.61 1.358e-15
03780.30 1.185e-15
03782.00 9.987e-16
03783.70 7.807e-16
03785.40 6.373e-16
03787.09 7.895e-16
03788.79 1.085e-15
03790.49 1.214e-15
03792.19 1.326e-15
03793.88 1.541e-15
03795.58 1.390e-15
03797.28 1.269e-15
03798.98 1.569e-15
03800.68 1.858e-15
03802.37 1.620e-15
03804.07 1.342e-15
03805.77 1.118e-15
03807.47 6.659e-16
03809.16 4.684e-16
03810.86 4.875e-16
03812.56 3.386e-16
03814.26 1.145e-16
03815.95 1.055e-16
03817.65 1.341e-16
03819.35 4.025e-16
03821.05 8.701e-16
03822.74 1.326e-15
03824.44 1.705e-15
03826.14 1.658e-15
03827.84 1.228e-15
03829.54 1.021e-15
03831.23 9.861e-16
03832.93 1.034e-15
03834.63 1.455e-15
03836.33 2.223e-15
03838.02 2.488e-15
03839.72 2.080e-15
03841.42 1.436e-15
03843.12 1.090e-15
03844.81 1.172e-15
03846.51 1.168e-15
03848.21 1.282e-15
03849.91 1.652e-15
03851.60 1.621e-15
03853.30 1.228e-15
03855.00 1.181e-15
03856.70 1.153e-15
03858.40 1.137e-15
03860.09 1.164e-15
03861.79 1.180e-15
03863.49 1.305e-15
03865.19 1.305e-15
03866.88 1.339e-15
03868.58 1.549e-15
03870.28 1.419e-15
03871.98 1.208e-15
03873.67 1.386e-15
03875.37 1.112e-15
03877.07 7.458e-16
03878.77 8.864e-16
03880.46 1.011e-15
03882.16 1.084e-15
03883.86 1.312e-15
03885.56 1.358e-15
03887.26 1.384e-15
03888.95 1.505e-15
03890.65 1.550e-15
03892.35 1.736e-15
03894.05 2.004e-15
03895.74 1.863e-15
03897.44 1.353e-15
03899.14 9.570e-16
03900.84 8.158e-16
03902.53 7.983e-16
03904.23 8.073e-16
03905.93 1.059e-15
03907.63 1.376e-15
03909.32 1.714e-15
03911.02 1.990e-15
03912.72 2.107e-15
03914.42 2.257e-15
03916.12 2.242e-15
03917.81 1.897e-15
03919.51 1.588e-15
03921.21 1.494e-15
03922.91 1.377e-15
03924.60 1.326e-15
03926.30 1.339e-15
03928.00 1.335e-15
03929.70 1.487e-15
03931.39 1.593e-15
03933.09 1.658e-15
03934.79 1.748e-15
03936.49 1.575e-15
03938.18 1.351e-15
03939.88 1.320e-15
03941.58 1.415e-15
03943.28 1.301e-15
03944.97 1.529e-15
03946.67 1.845e-15
03948.37 2.021e-15
03950.07 2.018e-15
03951.77 2.233e-15
03953.46 2.303e-15
03955.16 2.126e-15
03956.86 1.916e-15
03958.56 1.888e-15
03960.25 1.813e-15
03961.95 1.722e-15
03963.65 1.825e-15
03965.35 1.742e-15
03967.04 1.594e-15
03968.74 1.508e-15
03970.44 1.440e-15
03972.14 1.463e-15
03973.83 1.772e-15
03975.53 1.888e-15
03977.23 1.988e-15
03978.93 2.035e-15
03980.63 1.821e-15
03982.32 1.598e-15
03984.02 1.735e-15
03985.72 1.827e-15
03987.42 1.982e-15
03989.11 2.256e-15
03990.81 2.256e-15
03992.51 1.865e-15
03994.21 1.641e-15
03995.90 1.412e-15
03997.60 1.029e-15
03999.30 8.422e-16
04001.00 8.173e-16
04002.69 6.118e-16
04004.39 6.396e-16
04006.09 8.382e-16
04007.79 9.666e-16
04009.49 1.148e-15
04011.18 1.336e-15
04012.88 1.474e-15
04014.58 1.616e-15
04016.28 1.822e-15
04017.97 1.900e-15
04019.67 1.870e-15
04021.37 1.690e-15
04023.07 1.733e-15
04024.76 1.810e-15
04026.46 1.939e-15
04028.16 2.187e-15
04029.86 2.239e-15
04031.55 2.092e-15
04033.25 2.059e-15
04034.95 1.815e-15
04036.65 1.601e-15
04038.35 1.488e-15
04040.04 1.336e-15
04041.74 1.384e-15
04043.44 1.526e-15
04045.14 1.477e-15
04046.83 1.542e-15
04048.53 1.674e-15
04050.23 1.431e-15
04051.93 1.352e-15
04053.62 1.338e-15
04055.32 1.293e-15
04057.02 1.366e-15
04058.72 1.171e-15
04060.41 8.193e-16
04062.11 7.452e-16
04063.81 8.058e-16
04065.51 6.285e-16
04067.20 5.794e-16
04068.90 8.271e-16
04070.60 1.152e-15
04072.30 1.303e-15
04074.00 1.291e-15
04075.69 1.511e-15
04077.39 1.455e-15
04079.09 1.090e-15
04080.79 8.506e-16
04082.48 1.008e-15
04084.18 1.155e-15
04085.88 1.236e-15
04087.58 1.321e-15
04089.27 1.455e-15
04090.97 1.323e-15
04092.67 1.168e-15
04094.37 1.291e-15
04096.06 1.422e-15
04097.76 1.463e-15
04099.46 1.588e-15
04101.16 1.773e-15
04102.86 1.771e-15
04104.55 1.836e-15
04106.25 1.821e-15
04107.95 1.647e-15
04109.65 1.458e-15
04111.34 1.335e-15
04113.04 1.194e-15
04114.74 1.085e-15
04116.44 1.184e-15
04118.13 1.245e-15
04119.83 1.254e-15
04121.53 1.330e-15
04123.23 1.291e-15
04124.92 1.023e-15
04126.62 8.822e-16
04128.32 9.341e-16
04130.02 9.932e-16
04131.72 1.170e-15
04133.41 1.460e-15
04135.11 1.350e-15
04136.81 1.004e-15
04138.51 6.212e-16
04140.20 4.432e-16
04141.90 4.484e-16
04143.60 6.309e-16
04145.30 8.061e-16
04146.99 9.296e-16
04148.69 9.611e-16
04150.39 8.838e-16
04152.09 8.013e-16
04153.78 6.978e-16
04155.48 8.265e-16
04157.18 8.898e-16
04158.88 8.452e-16
04160.58 1.010e-15
04162.27 1.365e-15
04163.97 1.317e-15
04165.67 1.341e-15
04167.37 1.354e-15
04169.06 1.102e-15
04170.76 9.500e-16
04172.46 1.099e-15
04174.16 1.089e-15
04175.85 1.115e-15
04177.55 1.275e-15
04179.25 1.331e-15
04180.95 1.234e-15
04182.64 1.021e-15
04184.34 1.018e-15
04186.04 1.111e-15
04187.74 1.117e-15
04189.44 1.233e-15
04191.13 1.349e-15
04192.83 1.387e-15
04194.53 1.358e-15
04196.23 1.332e-15
04197.92 1.187e-15
04199.62 1.227e-15
04201.32 1.139e-15
04203.02 9.623e-16
04204.71 9.326e-16
04206.41 1.000e-15
04208.11 1.003e-15
04209.81 9.494e-16
04211.50 1.165e-15
04213.20 1.275e-15
04214.90 1.173e-15
04216.60 1.073e-15
04218.29 9.904e-16
04219.99 4.293e-16
04221.69 2.753e-16
04223.39 2.715e-16
04225.09 1.883e-16
04226.78 3.536e-16
04228.48 9.197e-16
04230.18 1.014e-15
04231.88 8.902e-16
04233.57 8.076e-16
04235.27 7.270e-16
04236.97 6.460e-16
04238.67 7.097e-16
04240.36 9.142e-16
04242.06 1.162e-15
04243.76 1.235e-15
04245.46 1.167e-15
04247.15 1.065e-15
04248.85 9.594e-16
04250.55 9.438e-16
04252.25 1.065e-15
04253.95 1.035e-15
04255.64 9.729e-16
04257.34 1.148e-15
04259.04 1.349e-15
04260.74 1.277e-15
04262.43 1.199e-15
04264.13 1.258e-15
04265.83 1.196e-15
04267.53 3.072e-16
04269.22 -5.467e-16
04270.92 -7.474e-16
04272.62 -7.147e-16
04274.32 -7.221e-16
04276.01 -1.292e-16
04277.71 5.678e-16
04279.41 9.409e-16
04281.11 1.095e-15
04282.81 1.174e-15
04284.50 1.310e-15
04286.20 1.359e-15
04287.90 1.268e-15
04289.60 1.135e-15
04291.29 9.748e-16
04292.99 8.737e-16
04294.69 9.726e-16
04296.39 1.103e-15
04298.08 1.040e-15
04299.78 1.017e-15
04301.48 1.039e-15
04303.18 9.243e-16
04304.87 7.696e-16
04306.57 7.646e-16
04308.27 7.750e-16
04309.97 7.682e-16
04311.67 8.355e-16
04313.36 1.064e-15
04315.06 1.167e-15
04316.76 1.244e-15
04318.46 1.290e-15
04320.15 1.242e-15
04321.85 8.796e-16
04323.55 7.542e-16
04325.25 7.085e-16
04326.94 5.938e-16
04328.64 6.067e-16
04330.34 8.236e-16
04332.04 7.472e-16
04333.73 7.718e-16
04335.43 8.934e-16
04337.13 8.849e-16
04338.83 9.046e-16
04340.52 1.135e-15
04342.22 1.201e-15
04343.92 1.203e-15
04345.62 1.323e-15
04347.32 1.275e-15
04349.01 1.088e-15
04350.71 9.351e-16
04352.41 7.778e-16
04354.11 6.624e-16
04355.80 6.510e-16
04357.50 5.777e-16
04359.20 6.759e-16
04360.90 9.005e-16
04362.59 8.553e-16
04364.29 8.433e-16
04365.99 1.128e-15
04367.69 1.322e-15
04369.38 1.309e-15
04371.08 1.370e-15
04372.78 1.339e-15
04374.48 1.086e-15
04376.18 8.393e-16
04377.87 8.116e-16
04379.57 9.105e-16
04381.27 1.007e-15
04382.97 1.086e-15
04384.66 9.474e-16
04386.36 5.539e-16
04388.06 2.980e-16
04389.76 1.719e-16
04391.45 1.533e-16
04393.15 3.512e-16
04394.85 5.093e-16
04396.55 5.347e-16
04398.24 7.182e-16
04399.94 7.994e-16
04401.64 8.210e-16
04403.34 9.690e-16
04405.04 1.079e-15
04406.73 9.870e-16
04408.43 9.364e-16
04410.13 1.019e-15
04411.83 1.153e-15
04413.52 1.225e-15
04415.22 1.128e-15
04416.92 9.106e-16
04418.62 6.094e-16
04420.31 5.368e-16
04422.01 3.758e-16
04423.71 2.446e-16
04425.41 3.623e-16
04427.10 5.046e-16
04428.80 4.240e-16
04430.50 5.580e-16
04432.20 8.557e-16
04433.90 1.027e-15
04435.59 1.068e-15
04437.29 1.068e-15
04438.99 1.053e-15
04440.69 9.411e-16
04442.38 9.382e-16
04444.08 1.124e-15
04445.78 1.436e-15
04447.48 1.514e-15
04449.17 1.473e-15
04450.87 1.381e-15
04452.57 1.086e-15
04454.27 9.380e-16
04455.96 9.271e-16
04457.66 1.011e-15
04459.36 1.029e-15
04461.06 1.067e-15
04462.76 8.774e-16
04464.45 8.732e-16
04466.15 1.038e-15
04467.85 1.050e-15
04469.55 9.971e-16
04471.24 1.073e-15
04472.94 1.010e-15
04474.64 8.365e-16
04476.34 9.412e-16
04478.03 1.116e-15
04479.73 1.161e-15
04481.43 1.161e-15
04483.13 1.206e-15
04484.82 1.197e-15
04486.52 1.031e-15
04488.22 9.156e-16
04489.92 8.982e-16
04491.61 7.885e-16
04493.31 7.045e-16
04495.01 7.310e-16
04496.71 7.839e-16
04498.41 8.843e-16
04500.10 1.145e-15
04501.80 1.309e-15
04503.50 1.519e-15
04505.20 1.738e-15
04506.89 1.698e-15
04508.59 1.450e-15
04510.29 1.300e-15
04511.99 1.228e-15
04513.68 1.079e-15
04515.38 1.105e-15
04517.08 1.320e-15
04518.78 1.531e-15
04520.47 1.612e-15
04522.17 1.633e-15
04523.87 1.605e-15
04525.57 1.430e-15
04527.27 1.169e-15
04528.96 9.731e-16
04530.66 9.749e-16
04532.36 1.029e-15
04534.06 1.177e-15
04535.75 1.398e-15
04537.45 1.584e-15
04539.15 1.690e-15
04540.85 1.599e-15
04542.54 1.515e-15
04544.24 1.269e-15
04545.94 1.181e-15
04547.64 1.299e-15
04549.33 1.512e-15
04551.03 1.442e-15
04552.73 1.693e-15
04554.43 1.781e-15
04556.13 1.540e-15
04557.82 1.421e-15
04559.52 1.652e-15
04561.22 1.671e-15
04562.92 1.716e-15
04564.61 1.817e-15
04566.31 1.824e-15
04568.01 1.590e-15
04569.71 1.415e-15
04571.40 1.404e-15
04573.10 1.439e-15
04574.80 1.520e-15
04576.50 1.677e-15
04578.19 1.554e-15
04579.89 1.536e-15
04581.59 1.451e-15
04583.29 1.431e-15
04584.99 1.567e-15
04586.68 1.690e-15
04588.38 1.662e-15
04590.08 1.742e-15
04591.78 1.603e-15
04593.47 1.478e-15
04595.17 1.670e-15
04596.87 1.768e-15
04598.57 1.629e-15
04600.26 1.541e-15
04601.96 1.527e-15
04603.66 1.482e-15
04605.36 1.367e-15
04607.05 1.436e-15
04608.75 1.611e-15
04610.45 1.529e-15
04612.15 1.349e-15
04613.84 1.516e-15
04615.54 1.773e-15
04617.24 1.897e-15
04618.94 2.108e-15
04620.64 2.334e-15
04622.33 2.252e-15
04624.03 1.966e-15
04625.73 1.767e-15
04627.43 1.653e-15
04629.12 1.510e-15
04630.82 1.202e-15
04632.52 1.146e-15
04634.22 1.217e-15
04635.91 1.133e-15
04637.61 1.112e-15
04639.31 1.319e-15
04641.01 1.468e-15
04642.70 1.494e-15
04644.40 1.434e-15
04646.10 1.399e-15
04647.80 1.443e-15
04649.50 1.389e-15
04651.19 1.314e-15
04652.89 1.319e-15
04654.59 1.320e-15
04656.29 1.203e-15
04657.98 1.101e-15
04659.68 1.104e-15
04661.38 1.151e-15
04663.08 1.227e-15
04664.77 1.325e-15
04666.47 1.466e-15
04668.17 1.535e-15
04669.87 1.600e-15
04671.56 1.716e-15
04673.26 1.634e-15
04674.96 1.338e-15
04676.66 1.162e-15
04678.36 1.193e-15
04680.05 1.077e-15
04681.75 1.180e-15
04683.45 1.519e-15
04685.15 1.761e-15
04686.84 1.836e-15
04688.54 1.877e-15
04690.24 1.782e-15
04691.94 1.627e-15
04693.63 1.468e-15
04695.33 1.254e-15
04697.03 1.099e-15
04698.73 1.002e-15
04700.42 1.003e-15
04702.12 9.923e-16
04703.82 9.182e-16
04705.52 9.484e-16
04707.22 1.020e-15
04708.91 8.971e-16
04710.61 8.583e-16
04712.31 8.345e-16
04714.01 7.609e-16
04715.70 7.695e-16
04717.40 9.070e-16
04719.10 9.671e-16
04720.80 1.062e-15
04722.49 1.244e-15
04724.19 1.284e-15
04725.89 1.272e-15
04727.59 1.288e-15
04729.28 1.310e-15
04730.98 1.135e-15
04732.68 1.039e-15
04734.38 1.079e-15
04736.08 9.882e-16
04737.77 9.749e-16
04739.47 1.099e-15
04741.17 1.207e-15
04742.87 1.212e-15
04744.56 1.220e-15
04746.26 1.146e-15
04747.96 9.102e-16
04749.66 7.552e-16
04751.35 6.583e-16
04753.05 7.582e-16
04754.75 9.375e-16
04756.45 1.187e-15
04758.14 1.234e-15
04759.84 1.087e-15
04761.54 7.670e-16
04763.24 5.218e-16
04764.93 4.319e-16
04766.63 5.318e-16
04768.33 7.520e-16
04770.03 1.022e-15
04771.73 1.113e-15
04773.42 1.045e-15
04775.12 8.099e-16
04776.82 6.515e-16
04778.52 6.063e-16
04780.21 5.313e-16
04781.91 4.818e-16
04783.61 6.389e-16
04785.31 7.231e-16
04787.00 6.358e-16
04788.70 5.123e-16
04790.40 5.081e-16
04792.10 4.782e-16
04793.79 4.552e-16
04795.49 5.710e-16
04797.19 7.686e-16
04798.89 7.640e-16
04800.59 7.343e-16
04802.28 7.824e-16
04803.98 8.526e-16
04805.68 8.955e-16
04807.38 9.337e-16
04809.07 9.586e-16
04810.77 9.047e-16
04812.47 8.739e-16
04814.17 1.025e-15
04815.86 1.278e-15
04817.56 1.382e-15
04819.26 1.294e-15
04820.96 1.131e-15
04822.65 9.716e-16
04824.35 8.972e-16
04826.05 9.203e-16
04827.75 9.405e-16
04829.45 9.817e-16
04831.14 1.044e-15
04832.84 1.061e-15
04834.54 1.049e-15
04836.24 1.045e-15
04837.93 1.020e-15
04839.63 1.067e-15
04841.33 1.042e-15
04843.03 9.035e-16
04844.72 8.464e-16
04846.42 8.316e-16
04848.12 7.629e-16
04849.82 7.634e-16
04851.51 7.570e-16
04853.21 7.403e-16
04854.91 8.078e-16
04856.61 7.537e-16
04858.31 5.906e-16
04860.00 5.789e-16
04861.70 6.415e-16
04863.40 7.260e-16
04865.10 7.858e-16
04866.79 7.640e-16
04868.49 7.997e-16
04870.19 1.017e-15
04871.89 1.065e-15
04873.58 8.303e-16
04875.28 5.944e-16
04876.98 5.086e-16
04878.68 5.020e-16
04880.37 4.676e-16
04882.07 4.217e-16
04883.77 4.831e-16
04885.47 6.934e-16
04887.16 8.177e-16
04888.86 8.275e-16
04890.56 8.726e-16
04892.26 8.887e-16
04893.96 8.222e-16
04895.65 7.640e-16
04897.35 7.312e-16
04899.05 7.739e-16
04900.75 9.494e-16
04902.44 1.126e-15
04904.14 1.093e-15
04905.84 9.314e-16
04907.54 7.963e-16
04909.23 7.719e-16
04910.93 8.102e-16
04912.63 8.915e-16
04914.33 9.192e-16
04916.02 1.024e-15
04917.72 1.205e-15
04919.42 1.274e-15
04921.12 1.194e-15
04922.82 1.150e-15
04924.51 1.042e-15
04926.21 8.386e-16
04927.91 7.314e-16
04929.61 7.446e-16
04931.30 8.069e-16
04933.00 7.626e-16
04934.70 6.417e-16
04936.40 7.792e-16
04938.09 9.917e-16
04939.79 9.620e-16
04941.49 8.672e-16
04943.19 7.826e-16
04944.88 5.665e-16
04946.58 5.218e-16
04948.28 6.017e-16
04949.98 6.809e-16
04951.68 7.982e-16
04953.37 8.386e-16
04955.07 8.072e-16
04956.77 9.277e-16
04958.47 1.049e-15
04960.16 9.444e-16
04961.86 7.870e-16
04963.56 7.620e-16
04965.26 7.779e-16
04966.95 7.960e-16
04968.65 9.507e-16
04970.35 1.145e-15
04972.05 1.099e-15
04973.74 1.032e-15
04975.44 1.077e-15
04977.14 1.093e-15
04978.84 1.101e-15
04980.54 1.117e-15
04982.23 8.637e-16
04983.93 6.296e-16
04985.63 7.355e-16
04987.33 9.343e-16
04989.02 1.108e-15
04990.72 1.240e-15
04992.42 1.155e-15
04994.12 9.864e-16
04995.81 9.620e-16
04997.51 1.012e-15
04999.21 1.072e-15
05000.91 1.184e-15
05002.60 1.249e-15
05004.30 1.223e-15
05006.00 1.066e-15
05007.70 8.977e-16
05009.40 7.003e-16
05011.09 6.389e-16
05012.79 7.554e-16
05014.49 9.276e-16
05016.19 9.751e-16
05017.88 1.064e-15
05019.58 1.103e-15
05021.28 9.178e-16
05022.98 7.689e-16
05024.67 8.742e-16
05026.37 1.034e-15
05028.07 1.153e-15
05029.77 1.249e-15
05031.46 1.230e-15
05033.16 1.118e-15
05034.86 1.020e-15
05036.56 1.030e-15
05038.25 1.091e-15
05039.95 1.120e-15
05041.65 1.171e-15
05043.35 1.241e-15
05045.05 1.263e-15
05046.74 1.360e-15
05048.44 1.441e-15
05050.14 1.442e-15
05051.84 1.495e-15
05053.53 1.561e-15
05055.23 1.471e-15
05056.93 1.318e-15
05058.63 1.176e-15
05060.32 1.015e-15
05062.02 9.647e-16
05063.72 9.867e-16
05065.42 1.026e-15
05067.11 9.690e-16
05068.81 9.765e-16
05070.51 1.026e-15
05072.21 1.029e-15
05073.91 1.009e-15
05075.60 1.046e-15
05077.30 1.039e-15
05079.00 1.038e-15
05080.70 1.083e-15
05082.39 1.104e-15
05084.09 1.121e-15
05085.79 1.084e-15
05087.49 9.593e-16
05089.18 9.127e-16
05090.88 9.182e-16
05092.58 9.683e-16
05094.28 1.146e-15
05095.97 1.274e-15
05097.67 1.176e-15
05099.37 1.091e-15
05101.07 1.061e-15
05102.77 9.217e-16
05104.46 7.611e-16
05106.16 7.869e-16
05107.86 8.993e-16
05109.56 9.971e-16
05111.25 1.136e-15
05112.95 1.260e-15
05114.65 1.192e-15
05116.35 1.043e-15
05118.04 1.007e-15
05119.74 1.023e-15
05121.44 9.632e-16
05123.14 9.707e-16
05124.83 1.073e-15
05126.53 1.218e-15
05128.23 1.279e-15
05129.93 1.244e-15
05131.63 1.241e-15
05133.32 1.310e-15
05135.02 1.268e-15
05136.72 1.213e-15
05138.42 1.286e-15
05140.11 1.379e-15
05141.81 1.373e-15
05143.51 1.292e-15
05145.21 1.243e-15
05146.90 1.302e-15
05148.60 1.313e-15
05150.30 1.261e-15
05152.00 1.231e-15
05153.69 1.148e-15
05155.39 1.041e-15
05157.09 1.135e-15
05158.79 1.159e-15
05160.48 1.012e-15
05162.18 9.820e-16
05163.88 9.911e-16
05165.58 9.655e-16
05167.28 1.183e-15
05168.97 1.511e-15
05170.67 1.534e-15
05172.37 1.414e-15
05174.07 1.334e-15
05175.76 1.190e-15
05177.46 1.068e-15
05179.16 1.076e-15
05180.86 1.120e-15
05182.55 1.093e-15
05184.25 1.117e-15
05185.95 1.148e-15
05187.65 1.183e-15
05189.34 1.190e-15
05191.04 1.235e-15
05192.74 1.357e-15
05194.44 1.551e-15
05196.14 1.668e-15
05197.83 1.608e-15
05199.53 1.442e-15
05201.23 1.278e-15
05202.93 1.086e-15
05204.62 1.016e-15
05206.32 1.097e-15
05208.02 1.200e-15
05209.72 1.242e-15
05211.41 1.160e-15
05213.11 7.463e-16
05214.81 2.546e-16
05216.51 -1.384e-17
05218.20 2.622e-17
05219.90 3.877e-16
05221.60 8.508e-16
05223.30 1.109e-15
05225.00 1.197e-15
05226.69 1.337e-15
05228.39 1.429e-15
05230.09 1.291e-15
05231.79 1.116e-15
05233.48 1.138e-15
05235.18 1.238e-15
05236.88 1.195e-15
05238.58 1.190e-15
05240.27 1.316e-15
05241.97 1.377e-15
05243.67 1.379e-15
05245.37 1.486e-15
05247.06 1.450e-15
05248.76 1.213e-15
05250.46 1.123e-15
05252.16 1.161e-15
05253.86 1.152e-15
05255.55 1.247e-15
05257.25 1.464e-15
05258.95 1.587e-15
05260.65 1.524e-15
05262.34 1.369e-15
05264.04 1.258e-15
05265.74 1.248e-15
05267.44 1.280e-15
05269.13 1.286e-15
05270.83 1.327e-15
05272.53 1.458e-15
05274.23 1.609e-15
05275.92 1.655e-15
05277.62 1.708e-15
05279.32 1.782e-15
05281.02 1.745e-15
05282.72 1.642e-15
05284.41 1.491e-15
05286.11 1.346e-15
05287.81 1.383e-15
05289.51 1.427e-15
05291.20 1.379e-15
05292.90 1.439e-15
05294.60 1.446e-15
05296.30 1.342e-15
05297.99 1.256e-15
05299.69 1.146e-15
05301.39 1.098e-15
05303.09 1.325e-15
05304.78 1.509e-15
05306.48 1.549e-15
05308.18 1.590e-15
05309.88 1.570e-15
05311.57 1.539e-15
05313.27 1.572e-15
05314.97 1.610e-15
05316.67 1.690e-15
05318.37 1.814e-15
05320.06 1.864e-15
05321.76 1.838e-15
05323.46 1.796e-15
05325.16 1.719e-15
05326.85 1.621e-15
05328.55 1.505e-15
05330.25 1.400e-15
05331.95 1.360e-15
05333.64 1.366e-15
05335.34 1.356e-15
05337.04 1.289e-15
05338.74 1.209e-15
05340.43 1.197e-15
05342.13 1.268e-15
05343.83 1.295e-15
05345.53 1.398e-15
05347.23 1.603e-15
05348.92 1.780e-15
05350.62 1.799e-15
05352.32 1.697e-15
05354.02 1.549e-15
05355.71 1.469e-15
05357.41 1.451e-15
05359.11 1.395e-15
05360.81 1.408e-15
05362.50 1.448e-15
05364.20 1.489e-15
05365.90 1.581e-15
05367.60 1.643e-15
05369.29 1.638e-15
05370.99 1.580e-15
05372.69 1.505e-15
05374.39 1.470e-15
05376.09 1.407e-15
05377.78 1.260e-15
05379.48 1.211e-15
05381.18 1.293e-15
05382.88 1.362e-15
05384.57 1.438e-15
05386.27 1.539e-15
05387.97 1.489e-15
05389.67 1.408e-15
05391.36 1.481e-15
05393.06 1.538e-15
05394.76 1.469e-15
05396.46 1.419e-15
05398.15 1.405e-15
05399.85 1.390e-15
05401.55 1.472e-15
05403.25 1.567e-15
05404.95 1.520e-15
05406.64 1.365e-15
05408.34 1.196e-15
05410.04 1.048e-15
05411.74 1.003e-15
05413.43 1.089e-15
05415.13 1.179e-15
05416.83 1.214e-15
05418.53 1.274e-15
05420.22 1.332e-15
05421.92 1.351e-15
05423.62 1.423e-15
05425.32 1.495e-15
05427.01 1.472e-15
05428.71 1.307e-15
05430.41 1.103e-15
05432.11 9.897e-16
05433.80 1.038e-15
05435.50 1.173e-15
05437.20 1.275e-15
05438.90 1.253e-15
05440.60 1.130e-15
05442.29 1.046e-15
05443.99 1.066e-15
05445.69 1.193e-15
05447.39 1.384e-15
05449.08 1.434e-15
05450.78 1.325e-15
05452.48 1.206e-15
05454.18 1.092e-15
05455.87 1.021e-15
05457.57 1.090e-15
05459.27 1.241e-15
05460.97 1.333e-15
05462.66 1.281e-15
05464.36 1.266e-15
05466.06 1.362e-15
05467.76 1.439e-15
05469.46 1.320e-15
05471.15 1.247e-15
05472.85 1.388e-15
05474.55 1.485e-15
05476.25 1.385e-15
05477.94 1.330e-15
05479.64 1.439e-15
05481.34 1.501e-15
05483.04 1.514e-15
05484.73 1.489e-15
05486.43 1.403e-15
05488.13 1.248e-15
05489.83 1.160e-15
05491.52 1.169e-15
05493.22 1.178e-15
05494.92 1.196e-15
05496.62 1.240e-15
05498.32 1.278e-15
05500.01 1.340e-15
05501.71 1.448e-15
05503.41 1.584e-15
05505.11 1.606e-15
05506.80 1.475e-15
05508.50 1.514e-15
05510.20 1.661e-15
05511.90 1.596e-15
05513.59 1.538e-15
05515.29 1.568e-15
05516.99 1.416e-15
05518.69 1.275e-15
05520.38 1.233e-15
05522.08 1.106e-15
05523.78 1.092e-15
05525.48 1.223e-15
05527.18 1.177e-15
05528.87 1.069e-15
05530.57 1.080e-15
05532.27 1.126e-15
05533.97 1.268e-15
05535.66 1.396e-15
05537.36 1.370e-15
05539.06 1.333e-15
05540.76 1.332e-15
05542.45 1.297e-15
05544.15 1.368e-15
05545.85 1.551e-15
05547.55 1.589e-15
05549.24 1.565e-15
05550.94 1.582e-15
05552.64 1.528e-15
05554.34 1.383e-15
05556.04 1.230e-15
05557.73 1.130e-15
05559.43 1.076e-15
05561.13 1.159e-15
05562.83 1.325e-15
05564.52 1.431e-15
05566.22 1.446e-15
05567.92 1.467e-15
05569.62 1.512e-15
05571.31 1.529e-15
05573.01 1.471e-15
05574.71 1.311e-15
05576.41 1.202e-15
05578.10 1.191e-15
05579.80 1.179e-15
05581.50 1.229e-15
05583.20 1.428e-15
05584.89 1.455e-15
05586.59 1.268e-15
05588.29 1.226e-15
05589.99 1.313e-15
05591.69 1.275e-15
05593.38 1.166e-15
05595.08 1.161e-15
05596.78 1.225e-15
05598.48 1.230e-15
05600.17 1.159e-15
05601.87 1.123e-15
05603.57 1.140e-15
05605.27 1.113e-15
05606.96 1.047e-15
05608.66 1.067e-15
05610.36 1.176e-15
05612.06 1.166e-15
05613.75 1.085e-15
05615.45 1.098e-15
05617.15 1.125e-15
05618.85 1.120e-15
05620.55 1.153e-15
05622.24 1.133e-15
05623.94 1.067e-15
05625.64 1.041e-15
05627.34 1.045e-15
05629.03 1.075e-15
05630.73 1.098e-15
05632.43 1.068e-15
05634.13 1.004e-15
05635.82 1.036e-15
05637.52 1.149e-15
05639.22 1.078e-15
05640.92 1.003e-15
05642.61 1.174e-15
05644.31 1.257e-15
05646.01 1.243e-15
05647.71 1.238e-15
05649.41 1.058e-15
05651.10 8.948e-16
05652.80 9.693e-16
05654.50 1.063e-15
05656.20 1.120e-15
05657.89 1.173e-15
05659.59 1.176e-15
05661.29 1.173e-15
05662.99 1.168e-15
05664.68 1.089e-15
05666.38 9.994e-16
05668.08 9.122e-16
05669.78 8.310e-16
05671.47 7.334e-16
05673.17 7.588e-16
05674.87 9.659e-16
05676.57 1.063e-15
05678.27 1.093e-15
05679.96 1.036e-15
05681.66 7.969e-16
05683.36 5.365e-16
05685.06 5.033e-16
05686.75 6.621e-16
05688.45 9.032e-16
05690.15 1.139e-15
05691.85 1.367e-15
05693.54 1.444e-15
05695.24 1.395e-15
05696.94 1.409e-15
05698.64 1.510e-15
05700.33 1.439e-15
05702.03 1.316e-15
05703.73 1.230e-15
05705.43 1.103e-15
05707.12 9.406e-16
05708.82 9.402e-16
05710.52 1.034e-15
05712.22 1.136e-15
05713.92 1.202e-15
05715.61 1.132e-15
05717.31 9.915e-16
05719.01 1.085e-15
05720.71 1.284e-15
05722.40 1.269e-15
05724.10 1.156e-15
05725.80 1.145e-15
05727.50 1.087e-15
05729.19 8.579e-16
05730.89 8.052e-16
05732.59 1.091e-15
05734.29 1.299e-15
05735.98 1.258e-15
05737.68 1.274e-15
05739.38 1.344e-15
05741.08 1.236e-15
05742.78 1.096e-15
05744.47 1.030e-15
05746.17 9.958e-16
05747.87 9.046e-16
05749.57 7.838e-16
05751.26 7.527e-16
05752.96 8.743e-16
05754.66 9.588e-16
05756.36 9.299e-16
05758.05 9.521e-16
05759.75 9.075e-16
05761.45 8.564e-16
05763.15 7.458e-16
05764.84 7.751e-16
05766.54 8.849e-16
05768.24 9.525e-16
05769.94 1.043e-15
05771.64 1.351e-15
05773.33 1.550e-15
05775.03 1.558e-15
05776.73 1.579e-15
05778.43 1.446e-15
05780.12 1.205e-15
05781.82 9.976e-16
05783.52 8.357e-16
05785.22 8.220e-16
05786.91 9.467e-16
05788.61 9.950e-16
05790.31 1.012e-15
05792.01 1.007e-15
05793.70 1.001e-15
05795.40 1.057e-15
05797.10 1.158e-15
05798.80 1.151e-15
05800.50 1.127e-15
05802.19 1.206e-15
05803.89 1.255e-15
05805.59 1.093e-15
05807.29 1.081e-15
05808.98 1.230e-15
05810.68 1.128e-15
05812.38 1.043e-15
05814.08 1.253e-15
05815.77 1.345e-15
05817.47 1.254e-15
05819.17 1.316e-15
05820.87 1.365e-15
05822.56 1.147e-15
05824.26 8.380e-16
05825.96 9.971e-16
05827.66 1.169e-15
05829.36 1.204e-15
05831.05 1.297e-15
05832.75 1.393e-15
05834.45 1.190e-15
05836.15 1.108e-15
05837.84 1.180e-15
05839.54 1.201e-15
05841.24 1.157e-15
05842.94 1.249e-15
05844.63 1.338e-15
05846.33 1.307e-15
05848.03 1.294e-15
05849.73 1.565e-15
05851.42 1.476e-15
05853.12 1.227e-15
05854.82 1.231e-15
05856.52 1.239e-15
05858.21 1.000e-15
05859.91 8.796e-16
05861.61 1.048e-15
05863.31 1.128e-15
05865.01 9.942e-16
05866.70 7.922e-16
05868.40 7.921e-16
05870.10 7.497e-16
05871.80 6.527e-16
05873.49 7.832e-16
05875.19 1.029e-15
05876.89 1.089e-15
05878.59 1.035e-15
05880.28 1.030e-15
05881.98 1.236e-15
05883.68 1.370e-15
05885.38 1.298e-15
05887.07 1.249e-15
05888.77 1.318e-15
05890.47 1.276e-15
05892.17 1.204e-15
05893.87 1.200e-15
05895.56 1.250e-15
05897.26 1.275e-15
05898.96 1.258e-15
05900.66 1.268e-15
05902.35 1.320e-15
05904.05 1.386e-15
05905.75 1.452e-15
05907.45 1.511e-15
05909.14 1.558e-15
05910.84 1.588e-15
05912.54 1.598e-15
05914.24 1.575e-15
05915.93 1.512e-15
05917.63 1.440e-15
05919.33 1.391e-15
05921.03 1.377e-15
05922.73 1.399e-15
05924.42 1.447e-15
05926.12 1.502e-15
05927.82 1.547e-15
05929.52 1.568e-15
05931.21 1.563e-15
05932.91 1.540e-15
05934.61 1.504e-15
05936.31 1.456e-15
05938.00 1.413e-15
05939.70 1.404e-15
05941.40 1.416e-15
05943.10 1.399e-15
05944.79 1.354e-15
05946.49 1.333e-15
05948.19 1.349e-15
05949.89 1.371e-15
05951.59 1.378e-15
05953.28 1.364e-15
05954.98 1.333e-15
05956.68 1.314e-15
05958.38 1.313e-15
05960.07 1.268e-15
05961.77 1.162e-15
05963.47 1.126e-15
05965.17 1.244e-15
05966.86 1.404e-15
05968.56 1.501e-15
05970.26 1.529e-15
05971.96 1.494e-15
05973.65 1.442e-15
05975.35 1.420e-15
05977.05 1.414e-15
05978.75 1.399e-15
05980.44 1.386e-15
05982.14 1.396e-15
05983.84 1.384e-15
05985.54 1.293e-15
05987.24 1.181e-15
05988.93 1.148e-15
05990.63 1.188e-15
05992.33 1.247e-15
05994.03 1.316e-15
05995.72 1.412e-15
05997.42 1.487e-15
05999.12 1.448e-15
06000.82 1.300e-15
06002.51 1.123e-15
06004.21 1.003e-15
06005.91 1.046e-15
06007.61 1.218e-15
06009.30 1.290e-15
06011.00 1.177e-15
06012.70 1.031e-15
06014.40 9.605e-16
06016.10 1.008e-15
06017.79 1.164e-15
06019.49 1.273e-15
06021.19 1.236e-15
06022.89 1.173e-15
06024.58 1.181e-15
06026.28 1.238e-15
06027.98 1.312e-15
06029.68 1.320e-15
06031.37 1.196e-15
06033.07 1.058e-15
06034.77 1.031e-15
06036.47 1.069e-15
06038.16 1.097e-15
06039.86 1.073e-15
06041.56 9.610e-16
06043.26 8.604e-16
06044.96 9.118e-16
06046.65 1.026e-15
06048.35 1.021e-15
06050.05 9.214e-16
06051.75 8.465e-16
06053.44 8.485e-16
06055.14 9.476e-16
06056.84 1.086e-15
06058.54 1.138e-15
06060.23 1.084e-15
06061.93 1.001e-15
06063.63 9.448e-16
06065.33 9.505e-16
06067.02 1.013e-15
06068.72 1.058e-15
06070.42 1.053e-15
06072.12 1.045e-15
06073.82 1.061e-15
06075.51 1.092e-15
06077.21 1.124e-15
06078.91 1.124e-15
06080.61 1.078e-15
06082.30 1.023e-15
06084.00 9.929e-16
06085.70 9.761e-16
06087.40 9.615e-16
06089.09 9.402e-16
06090.79 9.068e-16
06092.49 9.155e-16
06094.19 1.016e-15
06095.88 1.130e-15
06097.58 1.156e-15
06099.28 1.099e-15
06100.98 9.909e-16
06102.68 8.979e-16
06104.37 8.981e-16
06106.07 9.522e-16
06107.77 9.670e-16
06109.47 9.425e-16
06111.16 9.278e-16
06112.86 9.403e-16
06114.56 9.772e-16
06116.26 1.041e-15
06117.95 1.142e-15
06119.65 1.233e-15
06121.35 1.205e-15
06123.05 1.061e-15
06124.74 9.353e-16
06126.44 9.033e-16
06128.14 9.561e-16
06129.84 1.052e-15
06131.53 1.070e-15
06133.23 9.675e-16
06134.93 9.006e-16
06136.63 9.651e-16
06138.33 1.061e-15
06140.02 1.106e-15
06141.72 1.098e-15
06143.42 1.045e-15
06145.12 9.888e-16
06146.81 9.671e-16
06148.51 9.431e-16
06150.21 8.789e-16
06151.91 8.400e-16
06153.60 8.963e-16
06155.30 1.004e-15
06157.00 1.096e-15
06158.70 1.123e-15
06160.39 1.044e-15
06162.09 9.068e-16
06163.79 7.981e-16
06165.49 7.229e-16
06167.19 6.473e-16
06168.88 5.970e-16
06170.58 6.222e-16
06172.28 7.444e-16
06173.98 9.736e-16
06175.67 1.220e-15
06177.37 1.304e-15
06179.07 1.199e-15
06180.77 1.045e-15
06182.46 9.379e-16
06184.16 9.203e-16
06185.86 9.845e-16
06187.56 1.025e-15
06189.25 9.871e-16
06190.95 9.309e-16
06192.65 8.984e-16
06194.35 8.823e-16
06196.05 8.782e-16
06197.74 8.888e-16
06199.44 9.098e-16
06201.14 9.174e-16
06202.84 8.921e-16
06204.53 8.259e-16
06206.23 7.227e-16
06207.93 6.575e-16
06209.63 7.017e-16
06211.32 8.073e-16
06213.02 9.021e-16
06214.72 9.621e-16
06216.42 9.766e-16
06218.11 9.444e-16
06219.81 8.729e-16
06221.51 7.834e-16
06223.21 7.036e-16
06224.91 6.477e-16
06226.60 6.178e-16
06228.30 6.298e-16
06230.00 7.076e-16
06231.70 8.148e-16
06233.39 8.717e-16
06235.09 8.464e-16
06236.79 7.479e-16
06238.49 6.285e-16
06240.18 5.947e-16
06241.88 6.797e-16
06243.58 8.086e-16
06245.28 9.197e-16
06246.97 9.756e-16
06248.67 9.608e-16
06250.37 9.134e-16
06252.07 8.703e-16
06253.76 8.535e-16
06255.46 8.740e-16
06257.16 9.033e-16
06258.86 9.153e-16
06260.56 9.141e-16
06262.25 9.069e-16
06263.95 9.088e-16
06265.65 9.332e-16
06267.35 9.611e-16
06269.04 9.702e-16
06270.74 9.752e-16
06272.44 9.950e-16
06274.14 1.013e-15
06275.83 1.006e-15
06277.53 9.499e-16
06279.23 8.207e-16
06280.93 6.753e-16
06282.62 6.025e-16
06284.32 6.255e-16
06286.02 7.320e-16
06287.72 8.623e-16
06289.42 9.223e-16
06291.11 8.997e-16
06292.81 8.511e-16
06294.51 8.201e-16
06296.21 8.408e-16
06297.90 9.060e-16
06299.60 9.545e-16
06301.30 9.468e-16
06303.00 8.691e-16
06304.69 7.562e-16
06306.39 7.429e-16
06308.09 8.903e-16
06309.79 1.095e-15
06311.48 1.251e-15
06313.18 1.259e-15
06314.88 1.071e-15
06316.58 8.448e-16
06318.28 7.279e-16
06319.97 7.386e-16
06321.67 8.647e-16
06323.37 9.952e-16
06325.07 1.018e-15
06326.76 9.801e-16
06328.46 9.555e-16
06330.16 9.691e-16
06331.86 1.035e-15
06333.55 1.099e-15
06335.25 1.084e-15
06336.95 1.035e-15
06338.65 1.040e-15
06340.34 1.092e-15
06342.04 1.138e-15
06343.74 1.142e-15
06345.44 1.067e-15
06347.14 9.664e-16
06348.83 9.680e-16
06350.53 1.064e-15
06352.23 1.132e-15
06353.93 1.109e-15
06355.62 9.846e-16
06357.32 8.225e-16
06359.02 8.012e-16
06360.72 9.609e-16
06362.41 1.108e-15
06364.11 1.120e-15
06365.81 1.014e-15
06367.51 8.446e-16
06369.20 7.896e-16
06370.90 9.467e-16
06372.60 1.134e-15
06374.30 1.200e-15
06376.00 1.176e-15
06377.69 1.110e-15
06379.39 1.063e-15
06381.09 1.089e-15
06382.79 1.126e-15
06384.48 1.103e-15
06386.18 1.050e-15
06387.88 1.013e-15
06389.58 1.016e-15
06391.27 1.072e-15
06392.97 1.136e-15
06394.67 1.145e-15
06396.37 1.092e-15
06398.06 9.947e-16
06399.76 9.084e-16
06401.46 9.131e-16
06403.16 9.697e-16
06404.85 9.569e-16
06406.55 8.896e-16
06408.25 8.863e-16
06409.95 9.710e-16
06411.65 1.084e-15
06413.34 1.172e-15
06415.04 1.181e-15
06416.74 1.104e-15
06418.44 1.011e-15
06420.13 9.452e-16
06421.83 8.937e-16
06423.53 8.543e-16
06425.23 8.471e-16
06426.92 8.720e-16
06428.62 8.728e-16
06430.32 8.187e-16
06432.02 7.788e-16
06433.71 8.054e-16
06435.41 8.470e-16
06437.11 8.561e-16
06438.81 8.635e-16
06440.51 9.016e-16
06442.20 9.587e-16
06443.90 1.017e-15
06445.60 1.049e-15
06447.30 1.031e-15
06448.99 9.905e-16
06450.69 9.727e-16
06452.39 9.642e-16
06454.09 9.289e-16
06455.78 9.044e-16
06457.48 9.595e-16
06459.18 1.058e-15
06460.88 1.108e-15
06462.57 1.083e-15
06464.27 9.955e-16
06465.97 8.926e-16
06467.67 8.527e-16
06469.37 8.962e-16
06471.06 9.817e-16
06472.76 1.067e-15
06474.46 1.103e-15
06476.16 1.080e-15
06477.85 1.061e-15
06479.55 1.066e-15
06481.25 1.029e-15
06482.95 9.310e-16
06484.64 8.806e-16
06486.34 9.406e-16
06488.04 1.047e-15
06489.74 1.137e-15
06491.43 1.179e-15
06493.13 1.151e-15
06494.83 1.076e-15
06496.53 9.856e-16
06498.23 8.918e-16
06499.92 8.055e-16
06501.62 7.787e-16
06503.32 8.586e-16
06505.02 9.642e-16
06506.71 9.900e-16
06508.41 9.589e-16
06510.11 9.299e-16
06511.81 9.425e-16
06513.50 1.033e-15
06515.20 1.136e-15
06516.90 1.133e-15
06518.60 1.047e-15
06520.29 9.829e-16
06521.99 9.629e-16
06523.69 9.497e-16
06525.39 9.452e-16
06527.08 9.838e-16
06528.78 1.051e-15
06530.48 1.081e-15
06532.18 1.058e-15
06533.88 1.035e-15
06535.57 1.044e-15
06537.27 1.083e-15
06538.97 1.133e-15
06540.67 1.114e-15
06542.36 9.892e-16
06544.06 8.261e-16
06545.76 6.899e-16
06547.46 6.302e-16
06549.15 6.746e-16
06550.85 7.681e-16
06552.55 8.522e-16
06554.25 9.028e-16
06555.94 9.074e-16
06557.64 9.106e-16
06559.34 9.604e-16
06561.04 1.033e-15
06562.74 1.094e-15
06564.43 1.118e-15
06566.13 1.082e-15
06567.83 1.041e-15
06569.53 1.077e-15
06571.22 1.136e-15
06572.92 1.107e-15
06574.62 1.018e-15
06576.32 9.676e-16
06578.01 9.683e-16
06579.71 9.874e-16
06581.41 9.889e-16
06583.11 9.237e-16
06584.80 8.295e-16
06586.50 8.338e-16
06588.20 9.553e-16
06589.90 1.083e-15
06591.60 1.154e-15
06593.29 1.171e-15
06594.99 1.136e-15
06596.69 1.058e-15
06598.39 9.508e-16
06600.08 8.368e-16
06601.78 7.450e-16
06603.48 7.404e-16
06605.18 8.453e-16
06606.87 9.277e-16
06608.57 8.884e-16
06610.27 8.214e-16
06611.97 8.201e-16
06613.66 8.858e-16
06615.36 1.003e-15
06617.06 1.078e-15
06618.76 1.019e-15
06620.46 9.192e-16
06622.15 9.049e-16
06623.85 9.594e-16
06625.55 1.024e-15
06627.25 1.093e-15
06628.94 1.177e-15
06630.64 1.239e-15
06632.34 1.224e-15
06634.04 1.131e-15
06635.73 9.904e-16
06637.43 8.489e-16
06639.13 7.653e-16
06640.83 7.665e-16
06642.52 8.510e-16
06644.22 9.870e-16
06645.92 1.112e-15
06647.62 1.188e-15
06649.32 1.209e-15
06651.01 1.189e-15
06652.71 1.177e-15
06654.41 1.191e-15
06656.11 1.179e-15
06657.80 1.118e-15
06659.50 1.066e-15
06661.20 1.055e-15
06662.90 1.054e-15
06664.59 1.032e-15
06666.29 9.783e-16
06667.99 8.962e-16
06669.69 8.699e-16
06671.38 9.660e-16
06673.08 1.089e-15
06674.78 1.133e-15
06676.48 1.094e-15
06678.17 9.878e-16
06679.87 9.136e-16
06681.57 9.823e-16
06683.27 1.121e-15
06684.97 1.199e-15
06686.66 1.202e-15
06688.36 1.156e-15
06690.06 1.093e-15
06691.76 1.045e-15
06693.45 1.040e-15
06695.15 1.103e-15
06696.85 1.180e-15
06698.55 1.152e-15
06700.24 1.027e-15
06701.94 9.282e-16
06703.64 8.977e-16
06705.34 8.871e-16
06707.03 8.754e-16
06708.73 8.718e-16
06710.43 8.796e-16
06712.13 9.031e-16
06713.83 9.357e-16
06715.52 9.409e-16
06717.22 9.074e-16
06718.92 8.915e-16
06720.62 9.308e-16
06722.31 9.950e-16
06724.01 1.056e-15
06725.71 1.112e-15
06727.41 1.162e-15
06729.10 1.185e-15
06730.80 1.167e-15
06732.50 1.110e-15
06734.20 1.025e-15
06735.89 9.559e-16
06737.59 9.491e-16
06739.29 9.815e-16
06740.99 1.009e-15
06742.69 1.045e-15
06744.38 1.120e-15
06746.08 1.195e-15
06747.78 1.203e-15
06749.48 1.149e-15
06751.17 1.081e-15
06752.87 9.978e-16
06754.57 8.627e-16
06756.27 7.357e-16
06757.96 7.542e-16
06759.66 9.067e-16
06761.36 1.036e-15
06763.06 1.077e-15
06764.75 1.070e-15
06766.45 1.044e-15
06768.15 1.009e-15
06769.85 9.799e-16
06771.55 9.678e-16
06773.24 9.771e-16
06774.94 9.995e-16
06776.64 1.022e-15
06778.34 1.024e-15
06780.03 9.917e-16
06781.73 9.450e-16
06783.43 9.008e-16
06785.13 8.392e-16
06786.82 7.471e-16
06788.52 6.705e-16
06790.22 6.536e-16
06791.92 6.769e-16
06793.61 7.108e-16
06795.31 7.478e-16
06797.01 7.838e-16
06798.71 8.272e-16
06800.40 8.899e-16
06802.10 9.589e-16
06803.80 1.014e-15
06805.50 1.038e-15
06807.20 1.021e-15
06808.89 9.729e-16
06810.59 9.192e-16
06812.29 8.944e-16
06813.99 9.430e-16
06815.68 1.038e-15
06817.38 1.088e-15
06819.08 1.071e-15
06820.78 1.039e-15
06822.47 1.017e-15
06824.17 9.984e-16
06825.87 9.785e-16
06827.57 9.413e-16
06829.26 8.963e-16
06830.96 9.166e-16
06832.66 1.020e-15
06834.36 1.086e-15
06836.06 1.040e-15
06837.75 9.437e-16
06839.45 8.571e-16
06841.15 8.126e-16
06842.85 8.311e-16
06844.54 8.786e-16
06846.24 9.169e-16
06847.94 9.512e-16
06849.64 9.902e-16
06851.33 1.008e-15
06853.03 9.783e-16
06854.73 9.334e-16
06856.43 9.185e-16
06858.12 9.128e-16
06859.82 8.768e-16
06861.52 8.298e-16
06863.22 8.098e-16
06864.92 8.334e-16
06866.61 9.107e-16
06868.31 9.956e-16
06870.01 1.004e-15
06871.71 9.513e-16
06873.40 9.290e-16
06875.10 9.562e-16
06876.80 9.902e-16
06878.50 1.006e-15
06880.19 9.923e-16
06881.89 9.644e-16
06883.59 9.895e-16
06885.29 1.076e-15
06886.98 1.131e-15
06888.68 1.104e-15
06890.38 1.031e-15
06892.08 9.475e-16
06893.78 8.607e-16
06895.47 7.864e-16
06897.17 7.541e-16
06898.87 7.797e-16
06900.57 8.395e-16
06902.26 9.030e-16
06903.96 9.150e-16
06905.66 8.360e-16
06907.36 7.605e-16
06909.05 7.913e-16
06910.75 8.826e-16
06912.45 9.604e-16
06914.15 1.012e-15
06915.84 1.038e-15
06917.54 1.047e-15
06919.24 1.060e-15
06920.94 1.050e-15
06922.64 9.716e-16
06924.33 8.749e-16
06926.03 8.631e-16
06927.73 9.077e-16
06929.43 8.896e-16
06931.12 8.213e-16
06932.82 8.235e-16
06934.52 8.910e-16
06936.22 8.947e-16
06937.91 8.194e-16
06939.61 7.836e-16
06941.31 8.360e-16
06943.01 9.351e-16
06944.70 1.029e-15
06946.40 1.028e-15
06948.10 9.136e-16
06949.80 8.437e-16
06951.49 9.095e-16
06953.19 9.958e-16
06954.89 1.013e-15
06956.59 9.941e-16
06958.29 9.690e-16
06959.98 8.976e-16
06961.68 7.589e-16
06963.38 6.745e-16
06965.08 7.557e-16
06966.77 8.927e-16
06968.47 9.478e-16
06970.17 9.467e-16
06971.87 9.494e-16
06973.56 9.482e-16
06975.26 9.225e-16
06976.96 8.976e-16
06978.66 9.104e-16
06980.35 9.629e-16
06982.05 1.041e-15
06983.75 1.108e-15
06985.45 1.119e-15
06987.15 1.059e-15
06988.84 9.359e-16
06990.54 8.036e-16
06992.24 7.553e-16
06993.94 8.024e-16
06995.63 8.664e-16
06997.33 9.048e-16
06999.03 9.221e-16
07000.73 9.212e-16
07002.42 9.084e-16
07004.12 8.926e-16
07005.82 8.794e-16
07007.52 8.764e-16
07009.21 9.024e-16
07010.91 9.580e-16
07012.61 9.817e-16
07014.31 9.366e-16
07016.01 8.969e-16
07017.70 9.246e-16
07019.40 9.832e-16
07021.10 1.030e-15
07022.80 1.051e-15
07024.49 1.036e-15
07026.19 9.908e-16
07027.89 9.281e-16
07029.59 8.861e-16
07031.28 9.061e-16
07032.98 9.439e-16
07034.68 9.316e-16
07036.38 8.643e-16
07038.07 7.612e-16
07039.77 6.759e-16
07041.47 6.809e-16
07043.17 7.659e-16
07044.87 8.671e-16
07046.56 9.552e-16
07048.26 1.024e-15
07049.96 1.073e-15
07051.66 1.112e-15
07053.35 1.134e-15
07055.05 1.109e-15
07056.75 1.041e-15
07058.45 9.850e-16
07060.14 9.645e-16
07061.84 9.467e-16
07063.54 9.159e-16
07065.24 8.937e-16
07066.93 8.914e-16
07068.63 8.906e-16
07070.33 8.865e-16
07072.03 9.353e-16
07073.72 1.063e-15
07075.42 1.151e-15
07077.12 1.102e-15
07078.82 1.002e-15
07080.52 9.455e-16
07082.21 9.650e-16
07083.91 1.074e-15
07085.61 1.196e-15
07087.31 1.241e-15
07089.00 1.212e-15
07090.70 1.140e-15
07092.40 1.063e-15
07094.10 1.025e-15
07095.79 1.025e-15
07097.49 1.045e-15
07099.19 1.075e-15
07100.89 1.111e-15
07102.58 1.118e-15
07104.28 1.034e-15
07105.98 8.875e-16
07107.68 7.773e-16
07109.38 7.429e-16
07111.07 7.668e-16
07112.77 8.260e-16
07114.47 8.901e-16
07116.17 9.306e-16
07117.86 9.261e-16
07119.56 8.799e-16
07121.26 8.381e-16
07122.96 8.373e-16
07124.65 8.904e-16
07126.35 9.939e-16
07128.05 1.108e-15
07129.75 1.193e-15
07131.44 1.209e-15
07133.14 1.139e-15
07134.84 1.045e-15
07136.54 9.873e-16
07138.24 9.546e-16
07139.93 9.284e-16
07141.63 8.939e-16
07143.33 8.377e-16
07145.03 8.115e-16
07146.72 8.750e-16
07148.42 9.747e-16
07150.12 1.025e-15
07151.82 1.021e-15
07153.51 9.847e-16
07155.21 9.257e-16
07156.91 8.484e-16
07158.61 7.697e-16
07160.30 7.086e-16
07162.00 6.861e-16
07163.70 7.245e-16
07165.40 8.011e-16
07167.10 8.550e-16
07168.79 8.597e-16
07170.49 8.228e-16
07172.19 7.754e-16
07173.89 7.869e-16
07175.58 8.684e-16
07177.28 9.281e-16
07178.98 9.274e-16
07180.68 9.356e-16
07182.37 9.944e-16
07184.07 1.084e-15
07185.77 1.176e-15
07187.47 1.216e-15
07189.16 1.170e-15
07190.86 1.097e-15
07192.56 1.052e-15
07194.26 1.014e-15
07195.96 9.601e-16
07197.65 9.199e-16
07199.35 9.207e-16
07201.05 9.503e-16
07202.75 9.892e-16
07204.44 1.009e-15
07206.14 9.806e-16
07207.84 9.399e-16
07209.54 9.425e-16
07211.23 9.771e-16
07212.93 1.006e-15
07214.63 1.026e-15
07216.33 1.044e-15
07218.02 1.081e-15
07219.72 1.170e-15
07221.42 1.276e-15
07223.12 1.311e-15
07224.81 1.251e-15
07226.51 1.129e-15
07228.21 9.886e-16
07229.91 8.916e-16
07231.61 8.602e-16
07233.30 8.530e-16
07235.00 8.500e-16
07236.70 8.737e-16
07238.40 9.267e-16
07240.09 9.729e-16
07241.79 9.918e-16
07243.49 1.005e-15
07245.19 1.027e-15
07246.88 1.042e-15
07248.58 1.042e-15
07250.28 1.058e-15
07251.98 1.112e-15
07253.67 1.136e-15
07255.37 1.068e-15
07257.07 9.801e-16
07258.77 9.567e-16
07260.47 9.679e-16
07262.16 9.599e-16
07263.86 9.706e-16
07265.56 1.059e-15
07267.26 1.124e-15
07268.95 1.014e-15
07270.65 8.168e-16
07272.35 7.169e-16
07274.05 7.414e-16
07275.74 8.366e-16
07277.44 9.360e-16
07279.14 9.588e-16
07280.84 8.953e-16
07282.53 7.949e-16
07284.23 7.166e-16
07285.93 7.359e-16
07287.63 8.392e-16
07289.33 8.937e-16
07291.02 8.561e-16
07292.72 8.183e-16
07294.42 8.409e-16
07296.12 9.419e-16
07297.81 1.096e-15
07299.51 1.162e-15
07301.21 1.065e-15
07302.91 9.306e-16
07304.60 8.643e-16
07306.30 8.706e-16
07308.00 9.343e-16
07309.70 9.678e-16
07311.39 8.960e-16
07313.09 7.664e-16
07314.79 6.432e-16
07316.49 6.030e-16
07318.19 7.104e-16
07319.88 8.520e-16
07321.58 8.795e-16
07323.28 8.238e-16
07324.98 7.648e-16
07326.67 7.539e-16
07328.37 8.384e-16
07330.07 9.345e-16
07331.77 8.937e-16
07333.46 7.487e-16
07335.16 6.363e-16
07336.86 6.015e-16
07338.56 6.329e-16
07340.25 6.881e-16
07341.95 6.849e-16
07343.65 6.338e-16
07345.35 6.563e-16
07347.04 7.691e-16
07348.74 8.471e-16
07350.44 8.396e-16
07352.14 8.114e-16
07353.84 8.013e-16
07355.53 8.094e-16
07357.23 8.198e-16
07358.93 7.507e-16
07360.63 5.772e-16
07362.32 4.722e-16
07364.02 5.544e-16
07365.72 6.892e-16
07367.42 7.506e-16
07369.11 7.598e-16
07370.81 7.500e-16
07372.51 7.458e-16
07374.21 7.707e-16
07375.90 8.060e-16
07377.60 8.259e-16
07379.30 8.210e-16
07381.00 7.875e-16
07382.70 7.628e-16
07384.39 7.947e-16
07386.09 8.787e-16
07387.79 9.864e-16
07389.49 1.082e-15
07391.18 1.131e-15
07392.88 1.100e-15
07394.58 9.576e-16
07396.28 7.741e-16
07397.97 7.008e-16
07399.67 7.581e-16
07401.37 8.430e-16
07403.07 8.933e-16
07404.76 8.910e-16
07406.46 8.339e-16
07408.16 7.491e-16
07409.86 6.683e-16
07411.56 6.259e-16
07413.25 6.351e-16
07414.95 6.597e-16
07416.65 6.734e-16
07418.35 6.893e-16
07420.04 7.125e-16
07421.74 7.149e-16
07423.44 6.809e-16
07425.14 6.568e-16
07426.83 6.810e-16
07428.53 7.124e-16
07430.23 7.091e-16
07431.93 7.055e-16
07433.62 7.415e-16
07435.32 7.878e-16
07437.02 8.050e-16
07438.72 7.979e-16
07440.42 7.815e-16
07442.11 7.826e-16
07443.81 8.343e-16
07445.51 8.972e-16
07447.21 8.968e-16
07448.90 8.643e-16
07450.60 8.905e-16
07452.30 9.528e-16
07454.00 9.552e-16
07455.69 8.902e-16
07457.39 8.155e-16
07459.09 7.763e-16
07460.79 8.134e-16
07462.48 9.047e-16
07464.18 9.399e-16
07465.88 8.850e-16
07467.58 8.319e-16
07469.28 8.178e-16
07470.97 7.729e-16
07472.67 6.759e-16
07474.37 6.109e-16
07476.07 6.344e-16
07477.76 7.404e-16
07479.46 8.957e-16
07481.16 9.673e-16
07482.86 8.629e-16
07484.55 7.139e-16
07486.25 6.523e-16
07487.95 6.631e-16
07489.65 7.112e-16
07491.34 7.324e-16
07493.04 6.624e-16
07494.74 5.916e-16
07496.44 6.396e-16
07498.13 7.413e-16
07499.83 7.806e-16
07501.53 7.680e-16
07503.23 7.566e-16
07504.93 7.745e-16
07506.62 8.444e-16
07508.32 9.269e-16
07510.02 9.421e-16
07511.72 8.945e-16
07513.41 8.522e-16
07515.11 8.237e-16
07516.81 7.646e-16
07518.51 6.795e-16
07520.20 6.226e-16
07521.90 6.135e-16
07523.60 6.284e-16
07525.30 6.513e-16
07526.99 6.775e-16
07528.69 7.031e-16
07530.39 7.347e-16
07532.09 7.668e-16
07533.79 7.529e-16
07535.48 6.765e-16
07537.18 6.145e-16
07538.88 6.266e-16
07540.58 6.947e-16
07542.27 7.884e-16
07543.97 8.353e-16
07545.67 7.776e-16
07547.37 7.161e-16
07549.06 7.586e-16
07550.76 8.422e-16
07552.46 8.786e-16
07554.16 8.418e-16
07555.85 7.217e-16
07557.55 6.160e-16
07559.25 6.586e-16
07560.95 7.702e-16
07562.65 7.834e-16
07564.34 7.150e-16
07566.04 6.737e-16
07567.74 6.761e-16
07569.44 6.866e-16
07571.13 7.024e-16
07572.83 7.391e-16
07574.53 7.968e-16
07576.23 8.661e-16
07577.92 9.248e-16
07579.62 9.346e-16
07581.32 8.879e-16
07583.02 8.216e-16
07584.71 7.624e-16
07586.41 7.175e-16
07588.11 6.919e-16
07589.81 6.825e-16
07591.51 6.868e-16
07593.20 7.142e-16
07594.90 7.626e-16
07596.60 7.946e-16
07598.30 7.813e-16
07599.99 7.181e-16
07601.69 6.167e-16
07603.39 5.853e-16
07605.09 7.147e-16
07606.78 8.719e-16
07608.48 9.035e-16
07610.18 8.380e-16
07611.88 7.417e-16
07613.57 6.802e-16
07615.27 7.208e-16
07616.97 7.959e-16
07618.67 7.872e-16
07620.37 7.317e-16
07622.06 7.347e-16
07623.76 7.816e-16
07625.46 7.958e-16
07627.16 7.705e-16
07628.85 7.424e-16
07630.55 7.210e-16
07632.25 6.982e-16
07633.95 6.725e-16
07635.64 6.395e-16
07637.34 6.279e-16
07639.04 7.207e-16
07640.74 8.969e-16
07642.43 9.670e-16
07644.13 8.607e-16
07645.83 7.353e-16
07647.53 6.960e-16
07649.22 7.261e-16
07650.92 7.978e-16
07652.62 8.450e-16
07654.32 8.192e-16
07656.02 7.520e-16
07657.71 6.837e-16
07659.41 6.764e-16
07661.11 7.731e-16
07662.81 8.676e-16
07664.50 8.509e-16
07666.20 7.955e-16
07667.90 7.982e-16
07669.60 8.306e-16
07671.29 8.404e-16
07672.99 8.251e-16
07674.69 7.932e-16
07676.39 7.707e-16
07678.08 7.909e-16
07679.78 8.275e-16
07681.48 8.287e-16
07683.18 7.768e-16
07684.88 6.680e-16
07686.57 5.638e-16
07688.27 5.791e-16
07689.97 6.937e-16
07691.67 7.647e-16
07693.36 7.480e-16
07695.06 7.032e-16
07696.76 6.763e-16
07698.46 7.106e-16
07700.15 7.925e-16
07701.85 7.941e-16
07703.55 6.773e-16
07705.25 5.978e-16
07706.94 6.415e-16
07708.64 7.107e-16
07710.34 7.340e-16
07712.04 7.339e-16
07713.74 7.316e-16
07715.43 7.294e-16
07717.13 7.336e-16
07718.83 7.812e-16
07720.53 8.958e-16
07722.22 9.882e-16
07723.92 9.674e-16
07725.62 8.799e-16
07727.32 7.960e-16
07729.01 7.619e-16
07730.71 8.179e-16
07732.41 8.689e-16
07734.11 7.745e-16
07735.80 6.245e-16
07737.50 6.004e-16
07739.20 6.910e-16
07740.90 7.910e-16
07742.60 8.419e-16
07744.29 8.089e-16
07745.99 7.127e-16
07747.69 6.211e-16
07749.39 5.819e-16
07751.08 6.247e-16
07752.78 7.252e-16
07754.48 7.913e-16
07756.18 7.812e-16
07757.87 7.300e-16
07759.57 6.656e-16
07761.27 6.034e-16
07762.97 5.586e-16
07764.66 5.395e-16
07766.36 5.477e-16
07768.06 5.675e-16
07769.76 5.892e-16
07771.45 6.426e-16
07773.15 7.394e-16
07774.85 8.012e-16
07776.55 7.632e-16
07778.25 6.697e-16
07779.94 5.776e-16
07781.64 5.234e-16
07783.34 5.357e-16
07785.04 5.871e-16
07786.73 6.354e-16
07788.43 6.839e-16
07790.13 7.488e-16
07791.83 7.986e-16
07793.52 7.883e-16
07795.22 7.496e-16
07796.92 7.475e-16
07798.62 7.900e-16
07800.31 8.555e-16
07802.01 9.173e-16
07803.71 9.417e-16
07805.41 9.328e-16
07807.11 9.299e-16
07808.80 9.413e-16
07810.50 9.439e-16
07812.20 9.287e-16
07813.90 9.007e-16
07815.59 8.702e-16
07817.29 8.626e-16
07818.99 8.745e-16
07820.69 8.394e-16
07822.38 7.343e-16
07824.08 6.443e-16
07825.78 6.258e-16
07827.48 6.423e-16
07829.17 6.622e-16
07830.87 6.903e-16
07832.57 7.283e-16
07834.27 7.660e-16
07835.97 7.940e-16
07837.66 8.033e-16
07839.36 7.885e-16
07841.06 7.698e-16
07842.76 7.705e-16
07844.45 7.818e-16
07846.15 7.885e-16
07847.85 7.933e-16
07849.55 7.999e-16
07851.24 8.344e-16
07852.94 9.358e-16
07854.64 1.022e-15
07856.34 9.477e-16
07858.03 7.784e-16
07859.73 7.049e-16
07861.43 7.384e-16
07863.13 7.606e-16
07864.83 7.398e-16
07866.52 7.143e-16
07868.22 6.965e-16
07869.92 6.782e-16
07871.62 6.570e-16
07873.31 6.315e-16
07875.01 6.088e-16
07876.71 6.132e-16
07878.41 6.507e-16
07880.10 6.855e-16
07881.80 7.011e-16
07883.50 7.423e-16
07885.20 8.255e-16
07886.89 8.684e-16
07888.59 8.144e-16
07890.29 7.217e-16
07891.99 6.510e-16
07893.69 6.224e-16
07895.38 6.467e-16
07897.08 6.943e-16
07898.78 7.292e-16
07900.48 7.796e-16
07902.17 8.804e-16
07903.87 9.812e-16
07905.57 1.016e-15
07907.27 9.822e-16
07908.96 8.921e-16
07910.66 8.146e-16
07912.36 8.449e-16
07914.06 9.119e-16
07915.75 8.588e-16
07917.45 6.923e-16
07919.15 5.150e-16
07920.85 4.117e-16
07922.54 4.651e-16
07924.24 6.223e-16
07925.94 6.866e-16
07927.64 6.137e-16
07929.34 5.455e-16
07931.03 5.485e-16
07932.73 5.896e-16
07934.43 6.326e-16
07936.13 6.148e-16
07937.82 5.221e-16
07939.52 4.622e-16
07941.22 4.997e-16
07942.92 5.740e-16
07944.61 6.294e-16
07946.31 6.369e-16
07948.01 5.829e-16
07949.71 5.179e-16
07951.40 4.928e-16
07953.10 5.108e-16
07954.80 5.649e-16
07956.50 6.386e-16
07958.20 7.112e-16
07959.89 7.517e-16
07961.59 7.319e-16
07963.29 6.835e-16
07964.99 6.545e-16
07966.68 6.576e-16
07968.38 6.904e-16
07970.08 7.378e-16
07971.78 7.796e-16
07973.47 7.837e-16
07975.17 7.108e-16
07976.87 5.947e-16
07978.57 5.183e-16
07980.26 5.067e-16
07981.96 5.385e-16
07983.66 5.760e-16
07985.36 5.622e-16
07987.06 4.842e-16
07988.75 3.840e-16
07990.45 3.106e-16
07992.15 3.344e-16
07993.85 4.528e-16
07995.54 5.098e-16
07997.24 4.293e-16
07998.94 3.381e-16
08000.64 3.263e-16
08002.33 3.597e-16
08004.03 4.061e-16
08005.73 4.568e-16
08007.43 4.996e-16
08009.12 5.048e-16
08010.82 4.552e-16
08012.52 4.165e-16
08014.22 4.542e-16
08015.92 5.405e-16
08017.61 6.279e-16
08019.31 6.949e-16
08021.01 7.298e-16
08022.71 6.843e-16
08024.40 5.036e-16
08026.10 3.133e-16
08027.80 3.110e-16
08029.50 4.269e-16
08031.19 4.540e-16
08032.89 4.214e-16
08034.59 4.972e-16
08036.29 6.566e-16
08037.98 7.430e-16
08039.68 7.087e-16
08041.38 5.956e-16
08043.08 4.564e-16
08044.77 3.609e-16
08046.47 3.471e-16
08048.17 4.049e-16
08049.87 5.017e-16
08051.57 5.680e-16
08053.26 5.678e-16
08054.96 5.421e-16
08056.66 5.240e-16
08058.36 5.251e-16
08060.05 5.454e-16
08061.75 5.349e-16
08063.45 4.633e-16
08065.15 4.057e-16
08066.84 4.246e-16
08068.54 4.656e-16
08070.24 4.712e-16
08071.94 4.627e-16
08073.63 4.680e-16
08075.33 4.734e-16
08077.03 4.629e-16
08078.73 4.184e-16
08080.43 3.196e-16
08082.12 2.693e-16
08083.82 4.085e-16
08085.52 6.167e-16
08087.22 6.636e-16
08088.91 5.670e-16
08090.61 4.711e-16
08092.31 4.260e-16
08094.01 4.303e-16
08095.70 4.574e-16
08097.40 4.517e-16
08099.10 4.005e-16
08100.80 3.365e-16
08102.49 2.792e-16
08104.19 2.333e-16
08105.89 2.050e-16
08107.59 1.948e-16
08109.29 2.100e-16
08110.98 2.759e-16
08112.68 3.876e-16
08114.38 4.760e-16
08116.08 4.899e-16
08117.77 4.182e-16
08119.47 2.778e-16
08121.17 1.779e-16
08122.87 1.997e-16
08124.56 2.667e-16
08126.26 2.981e-16
08127.96 2.846e-16
08129.66 2.298e-16
08131.35 1.778e-16
08133.05 1.758e-16
08134.75 2.292e-16
08136.45 3.305e-16
08138.15 4.104e-16
08139.84 3.848e-16
08141.54 3.057e-16
08143.24 2.758e-16
08144.94 2.926e-16
08146.63 3.085e-16
08148.33 3.125e-16
08150.03 3.070e-16
08151.73 3.132e-16
08153.42 3.734e-16
08155.12 4.533e-16
08156.82 4.491e-16
08158.52 3.619e-16
08160.21 3.054e-16
08161.91 3.190e-16
08163.61 3.442e-16
08165.31 3.651e-16
08167.01 4.355e-16
08168.70 5.512e-16
08170.40 5.975e-16
08172.10 5.183e-16
08173.80 3.910e-16
08175.49 2.881e-16
08177.19 2.630e-16
08178.89 3.391e-16
08180.59 4.167e-16
08182.28 4.106e-16
08183.98 3.811e-16
08185.68 3.899e-16
08187.38 3.829e-16
08189.07 3.048e-16
08190.77 2.460e-16
08192.47 3.085e-16
08194.17 3.983e-16
08195.86 3.833e-16
08197.56 2.967e-16
08199.26 2.188e-16
08200.96 1.949e-16
08202.66 2.597e-16
08204.35 3.623e-16
08206.05 4.075e-16
08207.75 3.844e-16
08209.45 3.330e-16
08211.14 2.905e-16
08212.84 2.943e-16
08214.54 3.486e-16
08216.24 4.271e-16
08217.93 4.921e-16
08219.63 4.926e-16
08221.33 4.245e-16
08223.03 3.505e-16
08224.72 3.142e-16
08226.42 3.288e-16
08228.12 3.849e-16
08229.82 4.220e-16
08231.52 4.028e-16
08233.21 3.604e-16
08234.91 3.215e-16
08236.61 2.763e-16
08238.31 2.232e-16
08240.00 2.015e-16
08241.70 2.374e-16
08243.40 2.783e-16
08245.10 2.724e-16
08246.79 2.229e-16
08248.49 1.438e-16
08250.19 1.146e-16
08251.89 2.199e-16
08253.58 3.279e-16
08255.28 2.560e-16
08256.98 1.171e-16
08258.68 1.214e-16
08260.38 2.219e-16
08262.07 2.658e-16
08263.77 2.569e-16
08265.47 2.747e-16
08267.17 3.217e-16
08268.86 3.570e-16
08270.56 3.656e-16
08272.26 3.497e-16
08273.96 3.124e-16
08275.65 2.570e-16
08277.35 2.066e-16
08279.05 2.107e-16
08280.75 2.713e-16
08282.44 3.177e-16
08284.14 3.150e-16
08285.84 2.968e-16
08287.54 2.827e-16
08289.24 2.563e-16
08290.93 2.192e-16
08292.63 2.269e-16
08294.33 3.069e-16
08296.03 3.846e-16
08297.72 3.983e-16
08299.42 3.863e-16
08301.12 3.864e-16
08302.82 3.516e-16
08304.51 2.411e-16
08306.21 1.532e-16
08307.91 1.937e-16
08309.61 2.793e-16
08311.30 2.908e-16
08313.00 2.551e-16
08314.70 2.371e-16
08316.40 2.475e-16
08318.09 2.831e-16
08319.79 3.065e-16
08321.49 2.597e-16
08323.19 1.839e-16
08324.89 1.800e-16
08326.58 2.317e-16
08328.28 2.438e-16
08329.98 1.929e-16
08331.68 1.065e-16
08333.37 4.292e-17
08335.07 1.037e-16
08336.77 2.812e-16
08338.47 4.202e-16
08340.16 4.430e-16
08341.86 3.933e-16
08343.56 3.153e-16
08345.26 2.607e-16
08346.95 2.566e-16
08348.65 2.521e-16
08350.35 2.136e-16
08352.05 1.742e-16
08353.75 1.600e-16
08355.44 1.669e-16
08357.14 1.879e-16
08358.84 2.120e-16
08360.54 2.278e-16
08362.23 2.324e-16
08363.93 2.256e-16
08365.63 2.190e-16
08367.33 2.253e-16
08369.02 2.420e-16
08370.72 2.621e-16
08372.42 2.804e-16
08374.12 2.929e-16
08375.81 2.974e-16
08377.51 2.915e-16
08379.21 2.939e-16
08380.91 3.329e-16
08382.61 3.898e-16
08384.30 4.217e-16
08386.00 3.992e-16
08387.70 2.950e-16
08389.40 1.702e-16
08391.09 1.752e-16
08392.79 3.101e-16
08394.49 3.992e-16
08396.19 3.729e-16
08397.88 3.076e-16
08399.58 2.521e-16
08401.28 2.167e-16
08402.98 2.095e-16
08404.67 2.197e-16
08406.37 2.384e-16
08408.07 2.729e-16
08409.77 3.214e-16
08411.47 3.427e-16
08413.16 3.145e-16
08414.86 3.177e-16
08416.56 4.130e-16
08418.26 4.835e-16
08419.95 4.191e-16
08421.65 3.288e-16
08423.35 3.384e-16
08425.05 3.928e-16
08426.74 4.065e-16
08428.44 3.788e-16
08430.14 3.286e-16
08431.84 2.842e-16
08433.53 2.787e-16
08435.23 3.062e-16
08436.93 3.411e-16
08438.63 3.768e-16
08440.33 4.178e-16
08442.02 4.468e-16
08443.72 4.311e-16
08445.42 3.901e-16
08447.12 3.873e-16
08448.81 4.222e-16
08450.51 4.338e-16
08452.21 3.932e-16
08453.91 3.026e-16
08455.60 1.995e-16
08457.30 1.868e-16
08459.00 2.863e-16
08460.70 3.594e-16
08462.39 3.356e-16
08464.09 3.109e-16
08465.79 3.446e-16
08467.49 3.867e-16
08469.18 4.000e-16
08470.88 3.978e-16
08472.58 3.931e-16
08474.28 3.894e-16
08475.98 3.909e-16
08477.67 4.052e-16
08479.37 4.365e-16
08481.07 4.814e-16
08482.77 5.340e-16
08484.46 5.540e-16
08486.16 4.969e-16
08487.86 4.282e-16
08489.56 4.461e-16
08491.25 4.850e-16
08492.95 4.183e-16
08494.65 3.134e-16
08496.35 3.255e-16
08498.04 4.323e-16
08499.74 5.120e-16
08501.44 5.455e-16
08503.14 5.813e-16
08504.84 6.257e-16
08506.53 6.559e-16
08508.23 6.596e-16
08509.93 6.320e-16
08511.63 5.795e-16
08513.32 5.207e-16
08515.02 4.828e-16
08516.72 5.119e-16
08518.42 6.072e-16
08520.11 6.698e-16
08521.81 6.474e-16
08523.51 6.104e-16
08525.21 6.091e-16
08526.90 6.201e-16
08528.60 6.240e-16
08530.30 6.231e-16
08532.00 6.176e-16
08533.70 5.980e-16
08535.39 5.581e-16
08537.09 5.056e-16
08538.79 4.513e-16
08540.49 4.181e-16
08542.18 4.280e-16
08543.88 4.597e-16
08545.58 4.788e-16
08547.28 5.094e-16
08548.97 5.940e-16
08550.67 6.679e-16
08552.37 6.271e-16
08554.07 5.066e-16
08555.76 4.114e-16
08557.46 3.726e-16
08559.16 3.731e-16
08560.86 4.208e-16
08562.56 5.444e-16
08564.25 6.864e-16
08565.95 7.071e-16
08567.65 5.997e-16
08569.35 5.128e-16
08571.04 5.089e-16
08572.74 5.287e-16
08574.44 5.414e-16
08576.14 5.583e-16
08577.83 5.778e-16
08579.53 5.759e-16
08581.23 5.473e-16
08582.93 5.385e-16
08584.62 5.744e-16
08586.32 5.922e-16
08588.02 5.490e-16
08589.72 5.184e-16
08591.41 5.605e-16
08593.11 5.982e-16
08594.81 5.572e-16
08596.51 4.935e-16
08598.21 4.754e-16
08599.90 5.093e-16
08601.60 5.865e-16
08603.30 6.620e-16
08605.00 6.826e-16
08606.69 6.528e-16
08608.39 5.984e-16
08610.09 5.549e-16
08611.79 5.654e-16
08613.48 6.032e-16
08615.18 5.980e-16
08616.88 5.709e-16
08618.58 6.043e-16
08620.27 6.873e-16
08621.97 7.364e-16
08623.67 7.211e-16
08625.37 6.597e-16
08627.07 5.783e-16
08628.76 5.151e-16
08630.46 4.951e-16
08632.16 5.243e-16
08633.86 5.839e-16
08635.55 6.068e-16
08637.25 5.646e-16
08638.95 5.235e-16
08640.65 5.297e-16
08642.34 5.586e-16
08644.04 5.930e-16
08645.74 6.608e-16
08647.44 7.725e-16
08649.13 8.609e-16
08650.83 8.654e-16
08652.53 7.877e-16
08654.23 6.481e-16
08655.93 5.162e-16
08657.62 4.629e-16
08659.32 5.063e-16
08661.02 6.443e-16
08662.72 7.758e-16
08664.41 7.730e-16
08666.11 6.903e-16
08667.81 6.521e-16
08669.51 6.642e-16
08671.20 6.778e-16
08672.90 6.864e-16
08674.60 7.074e-16
08676.30 7.112e-16
08677.99 6.325e-16
08679.69 5.144e-16
08681.39 4.953e-16
08683.09 5.930e-16
08684.79 6.991e-16
08686.48 7.429e-16
08688.18 6.911e-16
08689.88 5.715e-16
08691.58 5.260e-16
08693.27 6.122e-16
08694.97 7.107e-16
08696.67 7.354e-16
08698.37 6.819e-16
08700.06 5.654e-16
08701.76 4.665e-16
08703.46 4.464e-16
08705.16 4.522e-16
08706.85 4.370e-16
08708.55 4.440e-16
08710.25 5.117e-16
08711.95 6.020e-16
08713.65 6.702e-16
08715.34 7.121e-16
08717.04 7.320e-16
08718.74 7.280e-16
08720.44 7.000e-16
08722.13 6.626e-16
08723.83 6.342e-16
08725.53 6.204e-16
08727.23 6.228e-16
08728.92 6.212e-16
08730.62 5.830e-16
08732.32 5.262e-16
08734.02 5.005e-16
08735.71 5.143e-16
08737.41 5.437e-16
08739.11 5.817e-16
08740.81 6.362e-16
08742.50 6.959e-16
08744.20 7.308e-16
08745.90 7.209e-16
08747.60 6.527e-16
08749.30 5.472e-16
08750.99 4.914e-16
08752.69 5.181e-16
08754.39 5.262e-16
08756.09 4.708e-16
08757.78 4.874e-16
08759.48 6.423e-16
08761.18 7.451e-16
08762.88 6.551e-16
08764.57 4.874e-16
08766.27 3.645e-16
08767.97 3.318e-16
08769.67 4.139e-16
08771.36 5.431e-16
08773.06 6.362e-16
08774.76 6.958e-16
08776.46 7.428e-16
08778.16 7.593e-16
08779.85 7.251e-16
08781.55 6.497e-16
08783.25 5.501e-16
08784.95 4.799e-16
08786.64 5.102e-16
08788.34 5.887e-16
08790.04 5.949e-16
08791.74 5.257e-16
08793.43 4.551e-16
08795.13 4.173e-16
08796.83 4.196e-16
08798.53 4.507e-16
08800.22 4.755e-16
08801.92 4.800e-16
08803.62 4.817e-16
08805.32 4.839e-16
08807.02 4.661e-16
08808.71 4.313e-16
08810.41 4.267e-16
08812.11 4.717e-16
08813.81 5.239e-16
08815.50 5.474e-16
08817.20 5.237e-16
08818.90 4.507e-16
08820.60 3.849e-16
08822.29 3.733e-16
08823.99 3.926e-16
08825.69 4.146e-16
08827.39 4.442e-16
08829.08 4.862e-16
08830.78 5.103e-16
08832.48 4.864e-16
08834.18 4.648e-16
08835.88 5.073e-16
08837.57 5.945e-16
08839.27 6.854e-16
08840.97 7.176e-16
08842.67 6.235e-16
08844.36 4.587e-16
08846.06 3.334e-16
08847.76 3.083e-16
08849.46 4.221e-16
08851.15 5.837e-16
08852.85 5.996e-16
08854.55 4.718e-16
08856.25 3.776e-16
08857.94 3.854e-16
08859.64 4.515e-16
08861.34 5.372e-16
08863.04 5.994e-16
08864.73 6.155e-16
08866.43 6.075e-16
08868.13 5.896e-16
08869.83 5.532e-16
08871.53 5.041e-16
08873.22 4.850e-16
08874.92 5.152e-16
08876.62 5.346e-16
08878.32 5.006e-16
08880.01 4.645e-16
08881.71 4.702e-16
08883.41 4.758e-16
08885.11 4.423e-16
08886.80 4.244e-16
08888.50 4.791e-16
08890.20 5.421e-16
08891.90 5.333e-16
08893.59 5.191e-16
08895.29 5.944e-16
08896.99 7.042e-16
08898.69 7.543e-16
08900.39 6.998e-16
08902.08 5.123e-16
08903.78 3.098e-16
08905.48 2.877e-16
08907.18 4.250e-16
08908.87 5.648e-16
08910.57 6.329e-16
08912.27 6.110e-16
08913.97 5.291e-16
08915.66 4.730e-16
08917.36 4.722e-16
08919.06 4.874e-16
08920.76 4.897e-16
08922.45 4.532e-16
08924.15 3.998e-16
08925.85 4.529e-16
08927.55 6.462e-16
08929.25 8.100e-16
08930.94 8.371e-16
08932.64 8.044e-16
08934.34 7.740e-16
08936.04 7.352e-16
08937.73 6.816e-16
08939.43 6.164e-16
08941.13 5.436e-16
08942.83 4.701e-16
08944.52 4.049e-16
08946.22 3.674e-16
08947.92 3.733e-16
08949.62 4.331e-16
08951.31 5.506e-16
08953.01 6.500e-16
08954.71 6.396e-16
08956.41 5.532e-16
08958.11 4.701e-16
08959.80 4.169e-16
08961.50 3.993e-16
08963.20 4.009e-16
08964.90 3.885e-16
08966.59 3.630e-16
08968.29 3.463e-16
08969.99 3.534e-16
08971.69 3.992e-16
08973.38 4.525e-16
08975.08 4.313e-16
08976.78 3.282e-16
08978.48 2.289e-16
08980.17 1.892e-16
08981.87 2.214e-16
08983.57 3.176e-16
08985.27 4.319e-16
08986.97 5.177e-16
08988.66 5.250e-16
08990.36 4.447e-16
08992.06 3.934e-16
08993.76 4.507e-16
08995.45 5.178e-16
08997.15 5.154e-16
08998.85 5.313e-16
09000.55 6.422e-16
09002.24 7.799e-16
09003.94 8.662e-16
09005.64 8.814e-16
09007.34 8.213e-16
09009.03 7.276e-16
09010.73 6.535e-16
09012.43 6.099e-16
09014.13 5.957e-16
09015.82 5.701e-16
09017.52 4.744e-16
09019.22 3.614e-16
09020.92 3.376e-16
09022.62 3.955e-16
09024.31 4.611e-16
09026.01 5.058e-16
09027.71 5.311e-16
09029.41 5.360e-16
09031.10 5.203e-16
09032.80 4.961e-16
09034.50 4.874e-16
09036.20 4.973e-16
09037.89 4.994e-16
09039.59 4.795e-16
09041.29 4.439e-16
09042.99 3.963e-16
09044.68 3.308e-16
09046.38 2.564e-16
09048.08 2.180e-16
09049.78 2.427e-16
09051.48 3.018e-16
09053.17 3.636e-16
09054.87 4.119e-16
09056.57 4.306e-16
09058.27 3.680e-16
09059.96 1.964e-16
09061.66 7.512e-17
09063.36 1.631e-16
09065.06 3.591e-16
09066.75 5.140e-16
09068.45 6.053e-16
09070.15 6.420e-16
09071.85 6.357e-16
09073.54 6.050e-16
09075.24 5.735e-16
09076.94 5.648e-16
09078.64 5.669e-16
09080.34 5.512e-16
09082.03 4.989e-16
09083.73 3.930e-16
09085.43 2.822e-16
09087.13 2.707e-16
09088.82 3.553e-16
09090.52 4.290e-16
09092.22 4.484e-16
09093.92 4.404e-16
09095.61 4.346e-16
09097.31 4.774e-16
09099.01 5.649e-16
09100.71 5.918e-16
09102.40 5.101e-16
09104.10 3.942e-16
09105.80 3.110e-16
09107.50 3.123e-16
09109.20 4.137e-16
09110.89 4.996e-16
09112.59 4.788e-16
09114.29 4.157e-16
09115.99 3.787e-16
09117.68 3.728e-16
09119.38 3.945e-16
09121.08 4.280e-16
09122.78 4.532e-16
09124.47 4.491e-16
09126.17 3.995e-16
09127.87 3.224e-16
09129.57 2.460e-16
09131.26 2.046e-16
09132.96 2.318e-16
09134.66 3.113e-16
09136.36 4.029e-16
09138.05 4.775e-16
09139.75 5.147e-16
09141.45 5.076e-16
09143.15 4.582e-16
09144.85 4.005e-16
09146.54 3.978e-16
09148.24 4.459e-16
09149.94 4.705e-16
09151.64 4.409e-16
09153.33 3.746e-16
09155.03 3.109e-16
09156.73 3.330e-16
09158.43 4.612e-16
09160.12 5.898e-16
09161.82 6.509e-16
09163.52 6.774e-16
09165.22 6.891e-16
09166.91 6.626e-16
09168.61 5.875e-16
09170.31 4.757e-16
09172.01 3.515e-16
09173.71 3.079e-16
09175.40 4.140e-16
09177.10 5.576e-16
09178.80 6.145e-16
09180.50 6.009e-16
09182.19 5.593e-16
09183.89 5.169e-16
09185.59 5.006e-16
09187.29 5.066e-16
09188.98 5.196e-16
09190.68 5.309e-16
09192.38 5.333e-16
09194.08 5.317e-16
09195.77 5.380e-16
09197.47 5.504e-16
09199.17 5.588e-16
09200.87 5.593e-16
09202.57 5.516e-16
09204.26 5.353e-16
09205.96 5.126e-16
09207.66 4.785e-16
09209.36 4.153e-16
09211.05 3.423e-16
09212.75 3.334e-16
09214.45 4.037e-16
09216.15 4.670e-16
09217.84 4.758e-16
09219.54 4.652e-16
09221.24 4.577e-16
09222.94 4.441e-16
09224.63 4.198e-16
09226.33 3.852e-16
09228.03 3.436e-16
09229.73 3.151e-16
09231.43 3.143e-16
09233.12 3.224e-16
09234.82 3.207e-16
09236.52 3.110e-16
09238.22 2.984e-16
09239.91 3.300e-16
09241.61 4.535e-16
09243.31 5.766e-16
09245.01 5.748e-16
09246.70 5.127e-16
09248.40 5.187e-16
09250.10 5.502e-16
09251.80 4.940e-16
09253.49 3.996e-16
09255.19 3.970e-16
09256.89 4.654e-16
09258.59 4.953e-16
09260.29 4.460e-16
09261.98 3.213e-16
09263.68 1.816e-16
09265.38 1.485e-16
09267.08 2.459e-16
09268.77 3.769e-16
09270.47 4.762e-16
09272.17 5.211e-16
09273.87 5.082e-16
09275.56 4.809e-16
09277.26 4.585e-16
09278.96 3.867e-16
09280.66 2.526e-16
09282.35 1.581e-16
09284.05 1.752e-16
09285.75 2.684e-16
09287.45 3.932e-16
09289.14 5.119e-16
09290.84 5.891e-16
09292.54 6.075e-16
09294.24 5.629e-16
09295.94 4.957e-16
09297.63 4.519e-16
09299.33 4.360e-16
09301.03 4.434e-16
09302.73 4.364e-16
09304.42 3.661e-16
09306.12 3.041e-16
09307.82 3.659e-16
09309.52 4.811e-16
09311.21 4.945e-16
09312.91 4.333e-16
09314.61 4.248e-16
09316.31 4.747e-16
09318.00 5.083e-16
09319.70 5.098e-16
09321.40 5.122e-16
09323.10 4.990e-16
09324.80 4.041e-16
09326.49 2.363e-16
09328.19 9.160e-17
09329.89 3.823e-17
09331.59 1.121e-16
09333.28 2.847e-16
09334.98 3.908e-16
09336.68 3.517e-16
09338.38 3.155e-16
09340.07 3.808e-16
09341.77 4.790e-16
09343.47 5.517e-16
09345.17 5.954e-16
09346.86 6.089e-16
09348.56 6.060e-16
09350.26 6.016e-16
09351.96 5.679e-16
09353.66 4.817e-16
09355.35 4.236e-16
09357.05 4.792e-16
09358.75 5.935e-16
09360.45 6.804e-16
09362.14 6.955e-16
09363.84 6.089e-16
09365.54 4.759e-16
09367.24 3.874e-16
09368.93 3.416e-16
09370.63 2.963e-16
09372.33 2.123e-16
09374.03 4.578e-17
09375.72 -1.449e-16
09377.42 -2.240e-16
09379.12 -1.640e-16
09380.82 -3.418e-17
09382.52 1.052e-16
09384.21 1.982e-16
09385.91 2.332e-16
09387.61 2.680e-16
09389.31 3.337e-16
09391.00 4.166e-16
09392.70 4.931e-16
09394.40 5.064e-16
09396.10 4.387e-16
09397.79 3.786e-16
09399.49 3.894e-16
09401.19 4.479e-16
09402.89 5.206e-16
09404.58 5.383e-16
09406.28 4.547e-16
09407.98 3.765e-16
09409.68 4.083e-16
09411.37 5.011e-16
09413.07 5.846e-16
09414.77 6.576e-16
09416.47 7.282e-16
09418.17 7.478e-16
09419.86 6.637e-16
09421.56 5.199e-16
09423.26 3.914e-16
09424.96 3.261e-16
09426.65 3.612e-16
09428.35 4.459e-16
09430.05 4.768e-16
09431.75 4.627e-16
09433.44 4.857e-16
09435.14 5.504e-16
09436.84 6.073e-16
09438.54 6.248e-16
09440.23 5.771e-16
09441.93 5.026e-16
09443.63 5.305e-16
09445.33 6.685e-16
09447.03 7.416e-16
09448.72 6.655e-16
09450.42 5.139e-16
09452.12 3.594e-16
09453.82 2.784e-16
09455.51 3.117e-16
09457.21 3.894e-16
09458.91 4.484e-16
09460.61 4.743e-16
09462.30 4.645e-16
09464.00 4.875e-16
09465.70 5.927e-16
09467.40 6.369e-16
09469.09 4.877e-16
09470.79 2.801e-16
09472.49 1.797e-16
09474.19 1.949e-16
09475.89 2.967e-16
09477.58 3.987e-16
09479.28 3.949e-16
09480.98 3.308e-16
09482.68 3.117e-16
09484.37 3.143e-16
09486.07 2.603e-16
09487.77 1.748e-16
09489.47 1.340e-16
09491.16 1.655e-16
09492.86 2.688e-16
09494.56 4.016e-16
09496.26 4.796e-16
09497.95 4.881e-16
09499.65 4.956e-16
09501.35 5.005e-16
09503.05 4.072e-16
09504.75 2.072e-16
09506.44 1.406e-17
09508.14 -7.303e-17
09509.84 3.517e-17
09511.54 3.383e-16
09513.23 6.272e-16
09514.93 7.395e-16
09516.63 6.686e-16
09518.33 4.540e-16
09520.02 2.720e-16
09521.72 2.677e-16
09523.42 3.568e-16
09525.12 4.359e-16
09526.81 4.522e-16
09528.51 3.695e-16
09530.21 3.018e-16
09531.91 3.793e-16
09533.61 5.089e-16
09535.30 5.502e-16
09537.00 5.147e-16
09538.70 4.571e-16
09540.40 4.223e-16
09542.09 4.580e-16
09543.79 5.176e-16
09545.49 5.020e-16
09547.19 4.369e-16
09548.88 4.262e-16
09550.58 4.602e-16
09552.28 4.454e-16
09553.98 3.733e-16
09555.67 3.112e-16
09557.37 2.737e-16
09559.07 2.180e-16
09560.77 1.398e-16
09562.46 8.578e-17
09564.16 7.463e-17
09565.86 7.264e-17
09567.56 8.140e-17
09569.26 1.893e-16
09570.95 4.178e-16
09572.65 6.099e-16
09574.35 6.611e-16
09576.05 6.687e-16
09577.74 7.088e-16
09579.44 6.968e-16
09581.14 5.723e-16
09582.84 4.525e-16
09584.53 4.492e-16
09586.23 5.232e-16
09587.93 6.103e-16
09589.63 6.652e-16
09591.32 6.512e-16
09593.02 5.517e-16
09594.72 3.619e-16
09596.42 2.067e-16
09598.12 2.531e-16
09599.81 4.122e-16
09601.51 4.775e-16
09603.21 4.804e-16
09604.91 5.816e-16
09606.60 7.203e-16
09608.30 6.972e-16
09610.00 5.281e-16
09611.70 3.894e-16
09613.39 3.632e-16
09615.09 4.538e-16
09616.79 5.970e-16
09618.49 6.238e-16
09620.18 5.056e-16
09621.88 4.427e-16
09623.58 5.087e-16
09625.28 5.412e-16
09626.98 4.535e-16
09628.67 3.069e-16
09630.37 1.766e-16
09632.07 2.050e-16
09633.77 4.551e-16
09635.46 6.823e-16
09637.16 6.892e-16
09638.86 6.156e-16
09640.56 6.026e-16
09642.25 5.803e-16
09643.95 4.772e-16
09645.65 3.547e-16
09647.35 2.850e-16
09649.04 3.193e-16
09650.74 4.936e-16
09652.44 6.763e-16
09654.14 6.927e-16
09655.84 5.663e-16
09657.53 4.020e-16
09659.23 2.316e-16
09660.93 5.250e-17
09662.63 -4.538e-17
09664.32 7.306e-17
09666.02 3.565e-16
09667.72 6.236e-16
09669.42 7.849e-16
09671.11 8.362e-16
09672.81 7.753e-16
09674.51 5.940e-16
09676.21 3.902e-16
09677.90 4.145e-16
09679.60 6.749e-16
09681.30 7.726e-16
09683.00 5.370e-16
09684.69 2.513e-16
09686.39 1.136e-16
09688.09 1.184e-16
09689.79 2.372e-16
09691.49 3.626e-16
09693.18 4.032e-16
09694.88 3.717e-16
09696.58 2.995e-16
09698.28 2.808e-16
09699.97 3.914e-16
09701.67 4.831e-16
09703.37 4.033e-16
09705.07 3.025e-16
09706.76 3.668e-16
09708.46 5.157e-16
09710.16 6.117e-16
09711.86 6.187e-16
09713.55 5.311e-16
09715.25 4.166e-16
09716.95 3.753e-16
09718.65 4.175e-16
09720.35 5.059e-16
09722.04 5.997e-16
09723.74 6.559e-16
09725.44 6.439e-16
09727.14 5.459e-16
09728.83 3.950e-16
09730.53 2.685e-16
09732.23 2.191e-16
09733.93 2.692e-16
09735.62 4.041e-16
09737.32 5.555e-16
09739.02 6.755e-16
09740.72 7.604e-16
09742.41 8.026e-16
09744.11 7.845e-16
09745.81 7.066e-16
09747.51 6.035e-16
09749.21 5.071e-16
09750.90 4.257e-16
09752.60 3.677e-16
09754.30 3.633e-16
09756.00 4.251e-16
09757.69 4.664e-16
09759.39 4.082e-16
09761.09 3.123e-16
09762.79 2.576e-16
09764.48 2.457e-16
09766.18 2.623e-16
09767.88 3.022e-16
09769.58 3.581e-16
09771.27 4.046e-16
09772.97 4.150e-16
09774.67 3.728e-16
09776.37 2.659e-16
09778.07 1.517e-16
09779.76 1.264e-16
09781.46 1.826e-16
09783.16 2.347e-16
09784.86 2.861e-16
09786.55 4.237e-16
09788.25 5.793e-16
09789.95 5.151e-16
09791.65 2.653e-16
09793.34 2.153e-16
09795.04 4.444e-16
09796.74 5.633e-16
09798.44 4.041e-16
09800.13 2.022e-16
09801.83 1.030e-16
09803.53 5.437e-17
09805.23 3.235e-17
09806.93 9.394e-17
09808.62 2.519e-16
09810.32 3.714e-16
09812.02 3.514e-16
09813.72 2.806e-16
09815.41 2.532e-16
09817.11 2.774e-16
09818.81 3.481e-16
09820.51 4.128e-16
09822.20 4.147e-16
09823.90 4.033e-16
09825.60 4.471e-16
09827.30 5.207e-16
09828.99 5.748e-16
09830.69 5.837e-16
09832.39 5.294e-16
09834.09 4.519e-16
09835.78 4.175e-16
09837.48 4.340e-16
09839.18 4.793e-16
09840.88 5.006e-16
09842.58 4.206e-16
09844.27 2.594e-16
09845.97 1.202e-16
09847.67 6.443e-17
09849.37 1.144e-16
09851.06 2.317e-16
09852.76 2.917e-16
09854.46 2.412e-16
09856.16 1.430e-16
09857.85 6.152e-17
09859.55 6.704e-17
09861.25 1.877e-16
09862.95 3.541e-16
09864.64 4.846e-16
09866.34 4.525e-16
09868.04 2.055e-16
09869.74 1.582e-18
09871.44 5.165e-17
09873.13 1.812e-16
09874.83 2.064e-16
09876.53 1.631e-16
09878.23 1.112e-16
09879.92 1.125e-16
09881.62 2.247e-16
09883.32 3.545e-16
09885.02 3.729e-16
09886.71 3.260e-16
09888.41 3.178e-16
09890.11 3.038e-16
09891.81 1.872e-16
09893.50 2.761e-17
09895.20 -5.291e-17
09896.90 1.769e-17
09898.60 2.932e-16
09900.30 6.234e-16
09901.99 6.959e-16
09903.69 4.861e-16
09905.39 2.402e-16
09907.09 9.500e-17
09908.78 7.139e-17
09910.48 1.482e-16
09912.18 2.201e-16
09913.88 2.376e-16
09915.57 2.761e-16
09917.27 3.488e-16
09918.97 3.194e-16
09920.67 1.457e-16
09922.36 4.578e-17
09924.06 1.525e-16
09925.76 3.059e-16
09927.46 3.548e-16
09929.16 2.006e-16
09930.85 -1.895e-16
09932.55 -4.665e-16
09934.25 -3.091e-16
09935.95 8.662e-18
09937.64 1.454e-16
09939.34 1.753e-16
09941.04 2.459e-16
09942.74 3.196e-16
09944.43 3.206e-16
09946.13 2.903e-16
09947.83 3.126e-16
09949.53 2.991e-16
09951.22 8.002e-17
09952.92 -1.937e-16
09954.62 -1.922e-16
09956.32 2.997e-19
09958.01 2.817e-17
09959.71 -1.520e-16
09961.41 -3.409e-16
09963.11 -4.266e-16
09964.81 -3.793e-16
09966.50 -1.758e-16
09968.20 2.023e-16
09969.90 6.384e-16
09971.60 8.089e-16
09973.29 6.000e-16
09974.99 2.777e-16
09976.69 6.602e-17
09978.39 1.098e-16
09980.08 4.183e-16
09981.78 5.622e-16
09983.48 2.648e-16
09985.18 -9.451e-17
09986.87 -1.790e-16
09988.57 -3.047e-17
09990.27 2.596e-16
09991.97 4.713e-16
09993.67 4.020e-16
09995.36 2.285e-16
09997.06 1.810e-16
09998.76 2.512e-16
10000.46 3.820e-16
10002.15 4.614e-16
10003.85 3.603e-16
10005.55 2.237e-16
10007.25 2.875e-16
10008.94 5.721e-16
10010.64 1.008e-15
10012.34 1.362e-15
10014.04 1.295e-15
10015.73 8.692e-16
10017.43 4.546e-16
10019.13 1.484e-16
10020.83 -1.938e-16
10022.53 -5.365e-16
10024.22 -6.761e-16
10025.92 -5.376e-16
10027.62 -1.838e-16
10029.32 2.473e-16
10031.01 4.891e-16
10032.71 4.149e-16
10034.41 1.711e-16
10036.11 -7.575e-17
10037.80 -1.101e-16
10039.50 1.581e-16
10041.20 3.772e-16
10042.90 2.915e-16
10044.59 1.765e-16
10046.29 2.681e-16
10047.99 3.764e-16
10049.69 3.182e-16
10051.39 2.151e-16
10053.08 2.095e-16
10054.78 2.943e-16
10056.48 4.357e-16
10058.18 5.522e-16
10059.87 5.493e-16
10061.57 5.251e-16
10063.27 6.396e-16
10064.97 8.075e-16
10066.66 8.388e-16
10068.36 7.828e-16
10070.06 8.228e-16
10071.76 8.470e-16
10073.45 5.468e-16
10075.15 7.789e-17
10076.85 -3.040e-17
10078.55 2.043e-16
10080.25 2.278e-16
10081.94 -1.971e-18
10083.64 7.559e-17
10085.34 5.622e-16
10087.04 9.315e-16
10088.73 9.185e-16
10090.43 6.799e-16
10092.13 3.583e-16
10093.83 8.264e-17
10095.52 -4.773e-17
10097.22 -4.626e-17
10098.92 4.084e-17
10100.62 8.854e-17
10102.31 8.850e-18
10104.01 -6.245e-17
10105.71 -6.458e-18
10107.41 4.519e-17
10109.10 -3.831e-17
10110.80 -1.113e-16
10112.50 -7.725e-18
10114.20 4.991e-17
10115.90 -2.148e-16
10117.59 -4.667e-16
10119.29 -2.267e-16
10120.99 2.294e-16
10122.69 3.683e-16
10124.38 2.833e-16
10126.08 3.358e-16
10127.78 4.754e-16
10129.48 4.460e-16
10131.17 2.664e-16
10132.87 1.219e-16
10134.57 7.050e-17
10136.27 8.063e-17
10137.96 1.042e-16
10139.66 6.600e-17
10141.36 -4.512e-17
10143.06 -1.621e-16
10144.76 -2.159e-16
10146.45 -1.146e-16
10148.15 1.126e-16
10149.85 1.810e-16
10151.55 -2.127e-17
10153.24 -1.791e-16
10154.94 -9.443e-17
10156.64 6.674e-17
10158.34 1.601e-16
10160.03 1.491e-16
10161.73 2.415e-17
10163.43 -9.683e-17
10165.13 -1.044e-16
10166.82 -5.464e-17
10168.52 -2.252e-17
10170.22 -1.407e-17
10171.92 -2.502e-17
10173.62 -9.857e-17
10175.31 -2.785e-16
10177.01 -4.622e-16
10178.71 -5.074e-16
10180.41 -4.597e-16
10182.10 -4.346e-16
10183.80 -4.392e-16
10185.50 -4.314e-16
10187.20 -3.928e-16
10188.89 -3.248e-16
10190.59 -1.788e-16
10192.29 1.368e-16
10193.99 5.179e-16
10195.68 6.950e-16
10197.38 5.915e-16
10199.08 3.167e-16
10200.78 7.033e-17
10202.48 2.081e-16
10204.17 7.493e-16
10205.87 1.145e-15
10207.57 1.073e-15
10209.27 6.409e-16
10210.96 5.304e-17
10212.66 -2.211e-16
10214.36 8.152e-17
10216.06 5.120e-16
10217.75 6.760e-16
10219.45 5.590e-16
10221.15 2.143e-16
10222.85 -4.513e-17
10224.54 6.126e-17
10226.24 2.298e-16
10227.94 1.171e-16
10229.64 -7.976e-17
10231.33 -8.916e-17
10233.03 7.466e-17
10234.73 3.304e-16
10236.43 5.215e-16
10238.13 4.682e-16
10239.82 2.469e-16
10241.52 4.349e-17
10243.22 -6.095e-17
10244.92 -3.902e-17
10246.61 7.796e-17
10248.31 2.198e-16
10250.01 3.034e-16
10251.71 2.310e-16
10253.40 6.338e-17
10255.10 1.569e-17
10256.80 1.473e-16
10258.50 3.416e-16
10260.19 4.814e-16
10261.89 4.341e-16
10263.59 1.757e-16
10265.29 -1.147e-16
10266.99 -3.062e-16
10268.68 -3.885e-16
10270.38 -3.637e-16
10272.08 -2.653e-16
10273.78 -1.316e-16
10275.47 2.550e-17
10277.17 1.907e-16
10278.87 3.131e-16
10280.57 3.614e-16
10282.26 4.489e-16
10283.96 6.772e-16
10285.66 8.696e-16
10287.36 8.304e-16
10289.05 7.417e-16
10290.75 8.462e-16
10292.45 9.688e-16
10294.15 8.408e-16
10295.85 5.315e-16
10297.54 2.194e-16
10299.24 4.113e-17
10300.94 1.166e-16
10302.64 3.658e-16
10304.33 5.958e-16
10306.03 6.938e-16
10307.73 5.920e-16
10309.43 3.845e-16
10311.12 3.149e-16
10312.82 4.064e-16
10314.52 4.605e-16
10316.22 3.661e-16
10317.91 9.208e-17
10319.61 -2.553e-16
10321.31 -3.188e-16
10323.01 -2.382e-18
10324.71 2.811e-16
10326.40 2.707e-16
10328.10 5.100e-17
10329.80 -2.417e-16
10331.50 -2.998e-16
10333.19 6.167e-17
10334.89 5.355e-16
10336.59 8.215e-16
10338.29 8.151e-16
10339.98 4.863e-16
10341.68 1.554e-16
10343.38 1.483e-16
10345.08 3.089e-16
10346.77 4.000e-16
10348.47 4.220e-16
10350.17 4.274e-16
10351.87 3.398e-16
10353.57 5.569e-17
10355.26 -2.169e-16
10356.96 -1.551e-16
10358.66 1.087e-16
10360.36 2.231e-16
10362.05 1.729e-16
10363.75 1.290e-16
10365.45 1.490e-16
10367.15 2.338e-16
10368.84 3.095e-16
10370.54 2.097e-16
10372.24 -2.873e-17
10373.94 -1.194e-16
10375.63 -3.290e-17
10377.33 -1.148e-16
10379.03 -4.150e-16
10380.73 -4.799e-16
10382.42 -1.290e-16
10384.12 2.687e-16
10385.82 4.783e-16
10387.52 6.080e-16
10389.22 7.471e-16
10390.91 9.767e-16
10392.61 1.304e-15
10394.31 1.313e-15
10396.01 7.185e-16
10397.70 1.034e-16
10399.40 3.189e-17
10401.10 1.920e-16
10402.80 1.823e-16
10404.49 9.547e-17
10406.19 9.983e-17
10407.89 1.183e-16
10409.59 2.002e-17
10411.28 1.929e-17
10412.98 4.365e-16
10414.68 9.209e-16
10416.38 8.506e-16
10418.08 3.939e-16
10419.77 1.174e-16
10421.47 1.337e-16
10423.17 2.889e-16
10424.87 4.612e-16
10426.56 5.280e-16
10428.26 4.604e-16
10429.96 3.343e-16
10431.66 2.236e-16
10433.35 1.919e-16
10435.05 2.736e-16
10436.75 4.788e-16
10438.45 7.009e-16
10440.14 5.954e-16
10441.84 7.907e-17
10443.54 -3.345e-16
10445.24 -3.267e-16
10446.94 -1.456e-16
10448.63 -1.435e-17
10450.33 -2.575e-17
10452.03 -2.236e-16
10453.73 -4.003e-16
10455.42 -3.679e-16
10457.12 -2.848e-16
10458.82 -3.173e-16
10460.52 -2.868e-16
10462.21 -1.374e-18
10463.91 3.662e-16
10465.61 5.882e-16
10467.31 5.821e-16
10469.00 3.048e-16
10470.70 7.582e-17
10472.40 3.459e-16
10474.10 8.449e-16
10475.80 9.797e-16
10477.49 7.486e-16
10479.19 4.663e-16
10480.89 2.718e-16
10482.59 1.990e-16
10484.28 2.595e-16
10485.98 4.345e-16
10487.68 6.049e-16
10489.38 5.591e-16
10491.07 2.393e-16
10492.77 -2.298e-16
10494.47 -6.671e-16
10496.17 -7.931e-16
10497.86 -5.255e-16
10499.56 -1.628e-16
10501.26 5.541e-17
10502.96 3.810e-17
10504.65 -2.092e-16
10506.35 -4.005e-16
10508.05 -3.058e-16
10509.75 5.178e-17
10511.45 5.785e-16
10513.14 9.412e-16
10514.84 8.568e-16
10516.54 5.436e-16
10518.24 2.774e-16
10519.93 7.546e-17
10521.63 -8.346e-17
10523.33 -1.965e-16
10525.03 -2.682e-16
10526.72 -2.820e-16
10528.42 -2.202e-16
10530.12 -9.464e-17
10531.82 7.201e-17
10533.51 2.214e-16
10535.21 2.800e-16
10536.91 2.523e-16
10538.61 1.904e-16
10540.31 1.325e-16
10542.00 1.110e-16
10543.70 1.162e-16
10545.40 9.299e-17
10547.10 4.246e-17
10548.79 3.416e-17
10550.49 7.303e-17
10552.19 7.313e-17
10553.89 1.178e-17
10555.58 -2.100e-17
10557.28 3.248e-18
10558.98 -3.258e-17
10560.68 -1.536e-16
10562.37 -1.371e-16
10564.07 1.435e-16
10565.77 5.314e-16
10567.47 8.521e-16
10569.17 8.682e-16
10570.86 4.436e-16
10572.56 -7.084e-18
10574.26 -7.752e-17
10575.96 1.219e-16
10577.65 3.983e-16
10579.35 5.308e-16
10581.05 3.110e-16
10582.75 -2.110e-17
10584.44 -1.090e-16
10586.14 -2.781e-17
10587.84 -6.404e-18
10589.54 3.226e-17
10591.23 2.963e-16
10592.93 5.198e-16
10594.63 2.007e-16
10596.33 -4.904e-16
10598.03 -9.706e-16
10599.72 -1.010e-15
10601.42 -6.272e-16
10603.12 -4.943e-17
10604.82 2.617e-16
10606.51 1.873e-16
10608.21 4.206e-17
10609.91 8.451e-18
10611.61 8.706e-17
10613.30 2.461e-16
10615.00 3.627e-16
10616.70 3.539e-16
10618.40 2.458e-16
10620.09 7.671e-17
10621.79 -1.012e-16
10623.49 -2.340e-16
10625.19 -2.692e-16
10626.89 -1.885e-16
10628.58 -9.380e-17
10630.28 -8.389e-17
10631.98 -2.097e-16
10633.68 -4.846e-16
10635.37 -6.779e-16
10637.07 -5.565e-16
10638.77 -2.343e-16
10640.47 9.710e-17
10642.16 2.412e-16
10643.86 1.607e-17
10645.56 -3.978e-16
10647.26 -6.835e-16
10648.95 -7.413e-16
10650.65 -5.734e-16
10652.35 -2.645e-16
10654.05 3.702e-17
10655.74 2.635e-16
10657.44 4.155e-16
10659.14 4.582e-16
10660.84 3.349e-16
10662.54 7.932e-17
10664.23 -1.991e-16
10665.93 -3.826e-16
10667.63 -3.296e-16
10669.33 -7.317e-17
10671.02 8.258e-17
10672.72 -4.240e-17
10674.42 -4.094e-16
10676.12 -8.779e-16
10677.81 -1.055e-15
10679.51 -7.125e-16
10681.21 -1.213e-16
10682.91 4.302e-16
10684.60 6.974e-16
10686.30 5.287e-16
10688.00 1.988e-16
10689.70 6.441e-18
10691.40 -3.398e-18
10693.09 1.600e-16
10694.79 4.288e-16
10696.49 7.098e-16
10698.19 8.218e-16
10699.88 5.885e-16
10701.58 2.242e-16
10703.28 5.882e-17
10704.98 1.123e-16
10706.67 2.811e-16
10708.37 4.579e-16
10710.07 5.208e-16
10711.77 4.506e-16
10713.46 3.139e-16
10715.16 9.954e-17
10716.86 -2.762e-16
10718.56 -6.528e-16
10720.26 -6.482e-16
10721.95 -2.335e-16
10723.65 2.281e-16
10725.35 5.188e-16
10727.05 6.165e-16
10728.74 5.330e-16
10730.44 3.600e-16
10732.14 1.789e-16
10733.84 2.527e-18
10735.53 -1.355e-16
10737.23 -1.348e-16
10738.93 3.776e-17
10740.63 2.138e-16
10742.32 2.575e-16
10744.02 2.333e-16
10745.72 2.088e-16
10747.42 1.592e-16
10749.12 6.558e-17
10750.81 -3.558e-17
10752.51 -1.074e-16
10754.21 -8.452e-17
10755.91 8.953e-17
10757.60 2.269e-16
10759.30 9.301e-17
10761.00 -2.126e-16
10762.70 -4.760e-16
10764.39 -6.058e-16
10766.09 -5.660e-16
10767.79 -3.519e-16
10769.49 5.454e-18
10771.18 4.141e-16
10772.88 7.646e-16
10774.58 8.962e-16
10776.28 5.974e-16
10777.97 1.724e-17
10779.67 -3.356e-16
10781.37 -2.951e-16
10783.07 -1.082e-16
10784.77 5.508e-17
10786.46 1.114e-16
10788.16 5.579e-17
10789.86 7.855e-17
10791.56 2.508e-16
10793.25 3.508e-16
10794.95 2.392e-16
10796.65 -8.293e-18
10798.35 -2.917e-16
10800.04 -4.502e-16
10801.74 -3.666e-16
10803.44 -1.092e-16
10805.14 2.146e-16
10806.83 3.757e-16
10808.53 1.854e-16
10810.23 -7.109e-17
10811.93 -6.045e-17
10813.63 1.015e-16
10815.32 2.153e-16
10817.02 1.558e-16
10818.72 -1.873e-16
10820.42 -5.044e-16
10822.11 -3.315e-16
10823.81 1.090e-16
10825.51 2.861e-16
10827.21 1.562e-16
10828.90 -7.244e-17
10830.60 -2.245e-16
10832.30 -1.098e-16
10834.00 1.708e-16
10835.69 2.353e-16
10837.39 5.924e-17
10839.09 1.257e-17
10840.79 1.689e-16
10842.49 2.211e-16
10844.18 7.229e-17
10845.88 -5.461e-17
10847.58 -5.606e-17
10849.28 -5.581e-17
10850.97 -1.026e-16
10852.67 -5.844e-17
10854.37 1.351e-16
10856.07 3.017e-16
10857.76 3.074e-16
10859.46 2.028e-16
10861.16 5.531e-17
10862.86 -5.856e-17
10864.55 -7.090e-17
10866.25 -2.660e-17
10867.95 1.441e-17
10869.65 1.299e-16
10871.35 4.021e-16
10873.04 6.462e-16
10874.74 6.330e-16
10876.44 4.465e-16
10878.14 2.695e-16
10879.83 1.596e-16
10881.53 1.259e-16
10883.23 1.655e-16
10884.93 2.636e-16
10886.62 3.536e-16
10888.32 3.328e-16
10890.02 2.369e-16
10891.72 2.149e-16
10893.41 2.544e-16
10895.11 1.961e-16
10896.81 1.628e-17
10898.51 -1.729e-16
10900.21 -2.646e-16
10901.90 -1.387e-16
10903.60 1.877e-16
10905.30 4.587e-16
10907.00 5.086e-16
10908.69 3.647e-16
10910.39 9.137e-17
10912.09 -1.656e-16
10913.79 -2.882e-16
10915.48 -2.987e-16
10917.18 -2.292e-16
10918.88 -4.276e-17
10920.58 2.524e-16
10922.27 3.773e-16
10923.97 9.979e-17
10925.67 -3.324e-16
10927.37 -6.157e-16
10929.06 -6.528e-16
10930.76 -4.054e-16
10932.46 -1.209e-16
10934.16 -1.193e-16
10935.86 -2.814e-16
10937.55 -3.416e-16
10939.25 -2.649e-16
10940.95 -1.022e-16
10942.65 4.719e-17
10944.34 4.781e-17
10946.04 -7.444e-17
10947.74 -1.846e-16
10949.44 -2.185e-16
10951.13 -1.646e-16
10952.83 -4.622e-17
10954.53 6.879e-17
10956.23 1.518e-16
10957.92 2.301e-16
10959.62 3.001e-16
10961.32 3.163e-16
10963.02 2.560e-16
10964.72 1.289e-16
10966.41 -3.804e-17
10968.11 -1.915e-16
10969.81 -2.746e-16
10971.51 -2.096e-16
10973.20 2.554e-17
10974.90 2.771e-16
10976.60 4.057e-16
10978.30 3.858e-16
10979.99 2.265e-16
10981.69 6.500e-17
10983.39 3.630e-17
10985.09 5.085e-17
10986.78 -9.702e-18
10988.48 -1.019e-16
10990.18 -1.544e-16
10991.88 -1.585e-16
10993.58 -1.192e-16
10995.27 -8.626e-17
10996.97 -1.289e-16
10998.67 -2.003e-16
11000.37 -1.960e-16
11002.06 -1.449e-16
11003.76 -1.510e-16
11005.46 -2.025e-16
11007.16 -2.157e-16
11008.85 -1.474e-16
11010.55 4.509e-18
11012.25 2.044e-16
11013.95 3.945e-16
11015.64 3.787e-16
11017.34 -1.710e-16
11019.04 -1.427e-15
11020.74 -3.502e-15
11022.44 -5.766e-15
11024.13 -5.952e-15
11025.83 -3.248e-15
11027.53 -4.975e-16
11029.23 3.025e-16
11030.92 1.792e-16
11032.62 6.065e-17
11034.32 -2.510e-17
11036.02 -3.650e-17
11037.71 -4.410e-18
