03197.46 9.260e-17
03199.36 -4.550e-16
03201.26 -9.179e-16
03203.16 -6.596e-16
03205.06 4.026e-16
03206.95 3.175e-16
03208.85 -5.792e-16
03210.75 1.287e-17
03212.65 9.901e-16
03214.55 4.709e-16
03216.45 -5.585e-16
03218.34 -6.567e-16
03220.24 -5.462e-16
03222.14 -5.352e-16
03224.04 6.739e-16
03225.94 2.016e-15
03227.83 1.335e-15
03229.73 1.641e-17
03231.63 -4.191e-16
03233.53 -7.479e-16
03235.43 -3.674e-16
03237.33 8.971e-16
03239.22 9.977e-16
03241.12 3.889e-16
03243.02 1.225e-15
03244.92 2.039e-15
03246.82 1.866e-15
03248.71 1.434e-15
03250.61 1.060e-15
03252.51 -4.986e-17
03254.41 -1.048e-15
03256.31 -8.317e-16
03258.20 -5.166e-16
03260.10 -7.378e-16
03262.00 -1.121e-15
03263.90 -1.429e-15
03265.80 -1.231e-15
03267.70 -8.366e-16
03269.59 -4.802e-16
03271.49 -7.516e-17
03273.39 -1.502e-16
03275.29 2.032e-16
03277.19 4.640e-16
03279.08 6.947e-16
03280.98 8.889e-16
03282.88 -1.147e-16
03284.78 -8.682e-16
03286.68 -6.240e-16
03288.58 -1.851e-16
03290.47 -1.052e-17
03292.37 -2.218e-16
03294.27 -1.529e-16
03296.17 9.192e-16
03298.07 1.572e-15
03299.96 1.243e-15
03301.86 1.050e-15
03303.76 6.037e-16
03305.66 -2.785e-16
03307.56 -4.753e-16
03309.45 -1.590e-16
03311.35 -4.297e-17
03313.25 -6.634e-17
03315.15 -3.756e-18
03317.05 7.699e-17
03318.95 2.036e-16
03320.84 2.057e-16
03322.74 -4.706e-17
03324.64 -1.602e-16
03326.54 -2.861e-16
03328.44 -8.928e-16
03330.33 -1.385e-15
03332.23 -9.487e-16
03334.13 8.673e-19
03336.03 5.399e-16
03337.93 8.115e-16
03339.83 9.828e-16
03341.72 3.478e-16
03343.62 -3.355e-16
03345.52 -5.645e-17
03347.42 -1.081e-16
03349.32 -3.899e-16
03351.21 4.287e-16
03353.11 1.709e-16
03355.01 5.177e-16
03356.91 -3.266e-17
03358.81 1.416e-16
03360.70 5.177e-16
03362.60 6.893e-16
03364.50 5.712e-16
03366.40 1.485e-16
03368.30 7.155e-17
03370.20 2.053e-16
03372.09 2.311e-16
03373.99 3.777e-16
03375.89 6.131e-16
03377.79 7.433e-16
03379.69 6.396e-16
03381.58 4.228e-16
03383.48 2.954e-16
03385.38 1.942e-16
03387.28 1.154e-16
03389.18 2.361e-16
03391.08 4.365e-16
03392.97 5.206e-16
03394.87 6.423e-16
03396.77 7.620e-16
03398.67 6.127e-16
03400.57 3.305e-16
03402.46 1.764e-16
03404.36 1.543e-16
03406.26 2.489e-16
03408.16 4.226e-16
03410.06 6.226e-16
03411.95 6.915e-16
03413.85 5.948e-16
03415.75 4.631e-16
03417.65 3.456e-16
03419.55 3.193e-16
03421.45 4.429e-16
03423.34 4.586e-16
03425.24 3.608e-16
03427.14 3.185e-16
03429.04 4.585e-16
03430.94 4.579e-16
03432.83 2.771e-16
03434.73 3.723e-16
03436.63 6.198e-16
03438.53 6.825e-16
03440.43 6.558e-16
03442.33 5.974e-16
03444.22 5.198e-16
03446.12 4.580e-16
03448.02 3.462e-16
03449.92 3.247e-16
03451.82 4.383e-16
03453.71 3.866e-16
03455.61 2.260e-16
03457.51 3.218e-16
03459.41 5.391e-16
03461.31 5.634e-16
03463.20 5.627e-16
03465.10 6.151e-16
03467.00 5.472e-16
03468.90 4.338e-16
03470.80 3.787e-16
03472.70 3.390e-16
03474.59 3.278e-16
03476.49 3.497e-16
03478.39 4.201e-16
03480.29 6.121e-16
03482.19 7.310e-16
03484.08 5.756e-16
03485.98 4.281e-16
03487.88 4.585e-16
03489.78 4.651e-16
03491.68 4.231e-16
03493.58 3.927e-16
03495.47 3.711e-16
03497.37 4.436e-16
03499.27 4.969e-16
03501.17 3.798e-16
03503.07 3.518e-16
03504.96 5.288e-16
03506.86 6.446e-16
03508.76 6.232e-16
03510.66 5.053e-16
03512.56 3.415e-16
03514.45 2.181e-16
03516.35 2.150e-16
03518.25 3.454e-16
03520.15 3.647e-16
03522.05 2.691e-16
03523.95 3.683e-16
03525.84 5.703e-16
03527.74 5.775e-16
03529.64 4.635e-16
03531.54 4.523e-16
03533.44 5.139e-16
03535.33 4.801e-16
03537.23 3.579e-16
03539.13 3.361e-16
03541.03 4.311e-16
03542.93 4.223e-16
03544.83 3.188e-16
03546.72 3.286e-16
03548.62 3.683e-16
03550.52 3.011e-16
03552.42 2.741e-16
03554.32 3.417e-16
03556.21 4.035e-16
03558.11 4.291e-16
03560.01 3.571e-16
03561.91 2.767e-16
03563.81 3.715e-16
03565.70 4.723e-16
03567.60 3.802e-16
03569.50 3.121e-16
03571.40 3.999e-16
03573.30 4.511e-16
03575.20 3.897e-16
03577.09 3.255e-16
03578.99 3.471e-16
03580.89 3.986e-16
03582.79 4.064e-16
03584.69 4.175e-16
03586.58 4.295e-16
03588.48 4.012e-16
03590.38 3.580e-16
03592.28 2.967e-16
03594.18 2.666e-16
03596.08 3.140e-16
03597.97 3.214e-16
03599.87 2.629e-16
03601.77 2.543e-16
03603.67 2.896e-16
03605.57 3.117e-16
03607.46 3.185e-16
03609.36 2.996e-16
03611.26 2.781e-16
03613.16 2.966e-16
03615.06 3.217e-16
03616.95 3.322e-16
03618.85 3.062e-16
03620.75 2.724e-16
03622.65 3.200e-16
03624.55 3.686e-16
03626.45 3.179e-16
03628.34 2.345e-16
03630.24 2.068e-16
03632.14 2.237e-16
03634.04 2.449e-16
03635.94 2.112e-16
03637.83 1.588e-16
03639.73 2.263e-16
03641.63 3.032e-16
03643.53 2.681e-16
03645.43 2.352e-16
03647.33 2.362e-16
03649.22 2.367e-16
03651.12 2.737e-16
03653.02 3.115e-16
03654.92 3.094e-16
03656.82 3.017e-16
03658.71 3.006e-16
03660.61 3.068e-16
03662.51 3.141e-16
03664.41 3.122e-16
03666.31 2.805e-16
03668.20 2.115e-16
03670.10 2.102e-16
03672.00 2.579e-16
03673.90 2.656e-16
03675.80 2.998e-16
03677.70 3.091e-16
03679.59 2.784e-16
03681.49 2.856e-16
03683.39 3.097e-16
03685.29 2.862e-16
03687.19 2.629e-16
03689.08 3.341e-16
03690.98 3.654e-16
03692.88 2.471e-16
03694.78 1.825e-16
03696.68 2.227e-16
03698.58 2.366e-16
03700.47 2.289e-16
03702.37 2.546e-16
03704.27 2.755e-16
03706.17 2.416e-16
03708.07 1.964e-16
03709.96 2.200e-16
03711.86 3.026e-16
03713.76 3.537e-16
03715.66 3.057e-16
03717.56 1.992e-16
03719.45 1.549e-16
03721.35 1.935e-16
03723.25 2.241e-16
03725.15 2.206e-16
03727.05 1.956e-16
03728.95 1.782e-16
03730.84 2.271e-16
03732.74 2.640e-16
03734.64 2.412e-16
03736.54 1.993e-16
03738.44 1.610e-16
03740.33 1.618e-16
03742.23 1.828e-16
03744.13 1.639e-16
03746.03 1.510e-16
03747.93 1.798e-16
03749.83 2.396e-16
03751.72 2.712e-16
03753.62 2.372e-16
03755.52 2.010e-16
03757.42 2.000e-16
03759.32 1.918e-16
03761.21 1.844e-16
03763.11 2.061e-16
03765.01 2.335e-16
03766.91 2.392e-16
03768.81 2.270e-16
03770.70 2.302e-16
03772.60 2.415e-16
03774.50 2.475e-16
03776.40 2.437e-16
03778.30 2.597e-16
03780.20 2.635e-16
03782.09 2.299e-16
03783.99 2.147e-16
03785.89 2.618e-16
03787.79 3.230e-16
03789.69 3.366e-16
03791.58 3.293e-16
03793.48 3.365e-16
03795.38 3.529e-16
03797.28 3.520e-16
03799.18 3.462e-16
03801.08 3.486e-16
03802.97 3.372e-16
03804.87 3.285e-16
03806.77 3.567e-16
03808.67 3.804e-16
03810.57 3.535e-16
03812.46 2.988e-16
03814.36 2.567e-16
03816.26 2.610e-16
03818.16 3.091e-16
03820.06 3.463e-16
03821.95 3.489e-16
03823.85 3.512e-16
03825.75 3.756e-16
03827.65 3.910e-16
03829.55 3.792e-16
03831.45 3.682e-16
03833.34 3.577e-16
03835.24 3.697e-16
03837.14 3.916e-16
03839.04 3.897e-16
03840.94 4.115e-16
03842.83 4.633e-16
03844.73 4.882e-16
03846.63 4.707e-16
03848.53 4.511e-16
03850.43 4.331e-16
03852.33 4.266e-16
03854.22 4.559e-16
03856.12 5.079e-16
03858.02 5.246e-16
03859.92 5.180e-16
03861.82 5.054e-16
03863.71 4.919e-16
03865.61 5.255e-16
03867.51 5.714e-16
03869.41 5.594e-16
03871.31 5.338e-16
03873.20 5.346e-16
03875.10 5.428e-16
03877.00 5.501e-16
03878.90 5.527e-16
03880.80 5.747e-16
03882.70 5.940e-16
03884.59 5.851e-16
03886.49 5.872e-16
03888.39 6.151e-16
03890.29 6.246e-16
03892.19 6.025e-16
03894.08 5.614e-16
03895.98 5.616e-16
03897.88 6.089e-16
03899.78 6.154e-16
03901.68 5.906e-16
03903.58 6.011e-16
03905.47 6.117e-16
03907.37 5.904e-16
03909.27 5.857e-16
03911.17 6.178e-16
03913.07 6.259e-16
03914.96 6.276e-16
03916.86 6.835e-16
03918.76 7.383e-16
03920.66 7.042e-16
03922.56 6.284e-16
03924.46 6.219e-16
03926.35 6.641e-16
03928.25 6.720e-16
03930.15 6.657e-16
03932.05 6.746e-16
03933.95 6.668e-16
03935.84 6.444e-16
03937.74 6.348e-16
03939.64 6.322e-16
03941.54 6.325e-16
03943.44 6.487e-16
03945.33 6.637e-16
03947.23 6.678e-16
03949.13 6.607e-16
03951.03 6.512e-16
03952.93 6.456e-16
03954.83 6.593e-16
03956.72 6.825e-16
03958.62 6.739e-16
03960.52 6.442e-16
03962.42 6.300e-16
03964.32 6.251e-16
03966.21 6.021e-16
03968.11 5.748e-16
03970.01 5.782e-16
03971.91 5.923e-16
03973.81 5.962e-16
03975.71 6.122e-16
03977.60 6.338e-16
03979.50 6.323e-16
03981.40 6.186e-16
03983.30 6.133e-16
03985.20 5.968e-16
03987.09 5.661e-16
03988.99 5.618e-16
03990.89 5.799e-16
03992.79 5.638e-16
03994.69 5.314e-16
03996.58 5.703e-16
03998.48 6.211e-16
04000.38 6.204e-16
04002.28 6.056e-16
04004.18 5.729e-16
04006.08 5.392e-16
04007.97 5.361e-16
04009.87 5.550e-16
04011.77 5.642e-16
04013.67 5.627e-16
04015.57 5.464e-16
04017.46 5.264e-16
04019.36 5.330e-16
04021.26 5.465e-16
04023.16 5.300e-16
04025.06 5.069e-16
04026.96 5.131e-16
04028.85 5.428e-16
04030.75 5.658e-16
04032.65 5.528e-16
04034.55 5.237e-16
04036.45 5.210e-16
04038.34 5.303e-16
04040.24 5.258e-16
04042.14 5.111e-16
04044.04 5.034e-16
04045.94 4.929e-16
04047.83 4.587e-16
04049.73 4.501e-16
04051.63 4.957e-16
04053.53 5.224e-16
04055.43 5.047e-16
04057.33 4.838e-16
04059.22 4.838e-16
04061.12 4.945e-16
04063.02 5.005e-16
04064.92 5.179e-16
04066.82 5.267e-16
04068.71 5.181e-16
04070.61 5.068e-16
04072.51 4.786e-16
04074.41 4.633e-16
04076.31 4.865e-16
04078.21 4.840e-16
04080.10 4.393e-16
04082.00 4.327e-16
04083.90 4.686e-16
04085.80 4.844e-16
04087.70 4.786e-16
04089.59 4.601e-16
04091.49 4.283e-16
04093.39 4.046e-16
04095.29 4.113e-16
04097.19 4.359e-16
04099.08 4.489e-16
04100.98 4.698e-16
04102.88 4.767e-16
04104.78 4.390e-16
04106.68 4.289e-16
04108.58 4.565e-16
04110.47 4.616e-16
04112.37 4.500e-16
04114.27 4.475e-16
04116.17 4.437e-16
04118.07 4.258e-16
04119.96 4.116e-16
04121.86 4.283e-16
04123.76 4.402e-16
04125.66 4.338e-16
04127.56 4.404e-16
04129.46 4.552e-16
04131.35 4.562e-16
04133.25 4.535e-16
04135.15 4.616e-16
04137.05 4.669e-16
04138.95 4.632e-16
04140.84 4.554e-16
04142.74 4.352e-16
04144.64 4.215e-16
04146.54 4.382e-16
04148.44 4.682e-16
04150.33 4.666e-16
04152.23 4.490e-16
04154.13 4.534e-16
04156.03 4.597e-16
04157.93 4.512e-16
04159.83 4.416e-16
04161.72 4.411e-16
04163.62 4.393e-16
04165.52 4.332e-16
04167.42 4.346e-16
04169.32 4.304e-16
04171.21 4.273e-16
04173.11 4.619e-16
04175.01 4.871e-16
04176.91 4.577e-16
04178.81 4.379e-16
04180.71 4.483e-16
04182.60 4.568e-16
04184.50 4.712e-16
04186.40 4.744e-16
04188.30 4.477e-16
04190.20 4.278e-16
04192.09 4.310e-16
04193.99 4.364e-16
04195.89 4.396e-16
04197.79 4.480e-16
04199.69 4.497e-16
04201.58 4.366e-16
04203.48 4.270e-16
04205.38 4.294e-16
04207.28 4.177e-16
04209.18 3.886e-16
04211.08 4.112e-16
04212.97 4.184e-16
04214.87 3.903e-16
04216.77 3.693e-16
04218.67 3.772e-16
04220.57 3.896e-16
04222.46 3.944e-16
04224.36 4.081e-16
04226.26 4.196e-16
04228.16 4.081e-16
04230.06 3.890e-16
04231.96 3.853e-16
04233.85 3.848e-16
04235.75 3.716e-16
04237.65 3.605e-16
04239.55 3.599e-16
04241.45 3.571e-16
04243.34 3.376e-16
04245.24 3.109e-16
04247.14 3.185e-16
04249.04 3.569e-16
04250.94 3.740e-16
04252.83 3.699e-16
04254.73 3.764e-16
04256.63 3.866e-16
04258.53 3.820e-16
04260.43 3.663e-16
04262.33 3.509e-16
04264.22 3.360e-16
04266.12 3.157e-16
04268.02 3.118e-16
04269.92 3.173e-16
04271.82 3.268e-16
04273.71 3.511e-16
04275.61 3.597e-16
04277.51 3.503e-16
04279.41 3.492e-16
04281.31 3.540e-16
04283.21 3.382e-16
04285.10 3.310e-16
04287.00 3.327e-16
04288.90 3.573e-16
04290.80 3.971e-16
04292.70 4.048e-16
04294.59 3.830e-16
04296.49 3.638e-16
04298.39 3.558e-16
04300.29 3.520e-16
04302.19 3.608e-16
04304.08 3.683e-16
04305.98 3.542e-16
04307.88 3.392e-16
04309.78 3.381e-16
04311.68 3.437e-16
04313.58 3.657e-16
04315.47 3.574e-16
04317.37 3.246e-16
04319.27 3.259e-16
04321.17 3.361e-16
04323.07 3.357e-16
04324.96 3.164e-16
04326.86 3.188e-16
04328.76 3.295e-16
04330.66 3.317e-16
04332.56 3.361e-16
04334.46 3.241e-16
04336.35 3.028e-16
04338.25 2.942e-16
04340.15 3.155e-16
04342.05 3.290e-16
04343.95 3.197e-16
04345.84 3.226e-16
04347.74 3.267e-16
04349.64 3.262e-16
04351.54 3.270e-16
04353.44 3.246e-16
04355.33 3.306e-16
04357.23 3.242e-16
04359.13 3.236e-16
04361.03 3.315e-16
04362.93 3.255e-16
04364.83 3.199e-16
04366.72 3.249e-16
04368.62 3.285e-16
04370.52 3.375e-16
04372.42 3.494e-16
04374.32 3.595e-16
04376.21 3.410e-16
04378.11 3.241e-16
04380.01 3.388e-16
04381.91 3.619e-16
04383.81 3.467e-16
04385.71 3.236e-16
04387.60 3.467e-16
04389.50 3.229e-16
04391.40 2.897e-16
04393.30 3.177e-16
04395.20 3.219e-16
04397.09 3.314e-16
04398.99 3.061e-16
04400.89 2.916e-16
04402.79 3.244e-16
04404.69 3.372e-16
04406.58 3.709e-16
04408.48 3.298e-16
04410.38 3.146e-16
04412.28 3.450e-16
04414.18 3.465e-16
04416.08 3.568e-16
04417.97 3.474e-16
04419.87 3.182e-16
04421.77 3.499e-16
04423.67 3.816e-16
04425.57 3.663e-16
04427.46 3.670e-16
04429.36 4.074e-16
04431.26 4.006e-16
04433.16 3.687e-16
04435.06 3.484e-16
04436.96 3.555e-16
04438.85 3.671e-16
04440.75 3.701e-16
04442.65 3.583e-16
04444.55 3.519e-16
04446.45 3.680e-16
04448.34 3.734e-16
04450.24 3.695e-16
04452.14 3.649e-16
04454.04 3.769e-16
04455.94 4.199e-16
04457.83 4.326e-16
04459.73 4.081e-16
04461.63 3.988e-16
04463.53 3.963e-16
04465.43 3.937e-16
04467.33 4.069e-16
04469.22 4.199e-16
04471.12 4.091e-16
04473.02 4.154e-16
04474.92 4.162e-16
04476.82 4.136e-16
04478.71 4.213e-16
04480.61 4.525e-16
04482.51 4.553e-16
04484.41 4.314e-16
04486.31 4.359e-16
04488.21 4.401e-16
04490.10 4.404e-16
04492.00 4.599e-16
04493.90 4.566e-16
04495.80 4.422e-16
04497.70 4.744e-16
04499.59 5.193e-16
04501.49 5.112e-16
04503.39 4.812e-16
04505.29 4.759e-16
04507.19 4.775e-16
04509.08 4.829e-16
04510.98 5.015e-16
04512.88 5.215e-16
04514.78 5.276e-16
04516.68 5.055e-16
04518.58 5.029e-16
04520.47 5.306e-16
04522.37 5.312e-16
04524.27 5.407e-16
04526.17 5.523e-16
04528.07 5.372e-16
04529.96 5.197e-16
04531.86 5.338e-16
04533.76 5.363e-16
04535.66 5.343e-16
04537.56 5.528e-16
04539.46 5.762e-16
04541.35 5.497e-16
04543.25 5.433e-16
04545.15 5.678e-16
04547.05 5.750e-16
04548.95 5.488e-16
04550.84 5.478e-16
04552.74 5.588e-16
04554.64 5.508e-16
04556.54 5.419e-16
04558.44 5.332e-16
04560.34 5.389e-16
04562.23 5.615e-16
04564.13 5.629e-16
04566.03 5.491e-16
04567.93 5.603e-16
04569.83 5.802e-16
04571.72 5.703e-16
04573.62 5.699e-16
04575.52 5.823e-16
04577.42 5.811e-16
04579.32 5.679e-16
04581.21 5.660e-16
04583.11 5.721e-16
04585.01 5.625e-16
04586.91 5.608e-16
04588.81 5.646e-16
04590.71 5.567e-16
04592.60 5.273e-16
04594.50 5.166e-16
04596.40 5.337e-16
04598.30 5.404e-16
04600.20 5.264e-16
04602.09 5.378e-16
04603.99 5.304e-16
04605.89 4.949e-16
04607.79 4.894e-16
04609.69 5.180e-16
04611.59 5.194e-16
04613.48 4.933e-16
04615.38 4.950e-16
04617.28 5.010e-16
04619.18 4.914e-16
04621.08 4.947e-16
04622.97 4.942e-16
04624.87 4.905e-16
04626.77 4.869e-16
04628.67 4.760e-16
04630.57 4.781e-16
04632.46 4.868e-16
04634.36 4.735e-16
04636.26 4.540e-16
04638.16 4.488e-16
04640.06 4.656e-16
04641.96 4.748e-16
04643.85 4.662e-16
04645.75 4.535e-16
04647.65 4.480e-16
04649.55 4.448e-16
04651.45 4.288e-16
04653.34 4.055e-16
04655.24 4.062e-16
04657.14 4.131e-16
04659.04 4.264e-16
04660.94 4.367e-16
04662.84 4.210e-16
04664.73 4.001e-16
04666.63 3.973e-16
04668.53 3.967e-16
04670.43 3.858e-16
04672.33 3.899e-16
04674.22 4.068e-16
04676.12 4.014e-16
04678.02 3.690e-16
04679.92 3.363e-16
04681.82 3.538e-16
04683.71 3.785e-16
04685.61 3.626e-16
04687.51 3.467e-16
04689.41 3.494e-16
04691.31 3.551e-16
04693.21 3.633e-16
04695.10 3.499e-16
04697.00 3.441e-16
04698.90 3.373e-16
04700.80 3.343e-16
04702.70 3.215e-16
04704.59 3.236e-16
04706.49 3.220e-16
04708.39 3.173e-16
04710.29 3.063e-16
04712.19 3.074e-16
04714.09 3.068e-16
04715.98 3.166e-16
04717.88 3.239e-16
04719.78 3.072e-16
04721.68 3.038e-16
04723.58 3.197e-16
04725.47 3.354e-16
04727.37 3.321e-16
04729.27 3.110e-16
04731.17 3.053e-16
04733.07 3.152e-16
04734.96 3.095e-16
04736.86 2.895e-16
04738.76 2.878e-16
04740.66 2.806e-16
04742.56 2.647e-16
04744.46 2.867e-16
04746.35 2.978e-16
04748.25 2.919e-16
04750.15 2.871e-16
04752.05 2.825e-16
04753.95 2.862e-16
04755.84 2.832e-16
04757.74 2.837e-16
04759.64 2.928e-16
04761.54 2.954e-16
04763.44 2.898e-16
04765.34 2.824e-16
04767.23 2.727e-16
04769.13 2.647e-16
04771.03 2.734e-16
04772.93 2.878e-16
04774.83 2.865e-16
04776.72 2.764e-16
04778.62 2.581e-16
04780.52 2.497e-16
04782.42 2.745e-16
04784.32 2.843e-16
04786.21 2.729e-16
04788.11 2.767e-16
04790.01 2.772e-16
04791.91 2.771e-16
04793.81 2.710e-16
04795.71 2.736e-16
04797.60 2.694e-16
04799.50 2.588e-16
04801.40 2.570e-16
04803.30 2.687e-16
04805.20 2.598e-16
04807.09 2.514e-16
04808.99 2.622e-16
04810.89 2.659e-16
04812.79 2.612e-16
04814.69 2.713e-16
04816.59 2.800e-16
04818.48 2.903e-16
04820.38 2.931e-16
04822.28 2.786e-16
04824.18 2.624e-16
04826.08 2.674e-16
04827.97 2.714e-16
04829.87 2.622e-16
04831.77 2.739e-16
04833.67 2.771e-16
04835.57 2.538e-16
04837.46 2.482e-16
04839.36 2.599e-16
04841.26 2.638e-16
04843.16 2.554e-16
04845.06 2.537e-16
04846.96 2.616e-16
04848.85 2.691e-16
04850.75 2.690e-16
04852.65 2.594e-16
04854.55 2.661e-16
04856.45 2.745e-16
04858.34 2.666e-16
04860.24 2.706e-16
04862.14 2.743e-16
04864.04 2.728e-16
04865.94 2.800e-16
04867.84 2.843e-16
04869.73 2.675e-16
04871.63 2.489e-16
04873.53 2.569e-16
04875.43 2.687e-16
04877.33 2.740e-16
04879.22 2.831e-16
04881.12 2.767e-16
04883.02 2.604e-16
04884.92 2.701e-16
04886.82 2.740e-16
04888.71 2.599e-16
04890.61 2.874e-16
04892.51 3.017e-16
04894.41 2.795e-16
04896.31 2.620e-16
04898.21 2.606e-16
04900.10 2.728e-16
04902.00 2.732e-16
04903.90 2.655e-16
04905.80 2.711e-16
04907.70 2.726e-16
04909.59 2.680e-16
04911.49 2.592e-16
04913.39 2.541e-16
04915.29 2.669e-16
04917.19 2.640e-16
04919.09 2.552e-16
04920.98 2.568e-16
04922.88 2.595e-16
04924.78 2.631e-16
04926.68 2.710e-16
04928.58 2.781e-16
04930.47 2.765e-16
04932.37 2.705e-16
04934.27 2.670e-16
04936.17 2.687e-16
04938.07 2.813e-16
04939.96 2.892e-16
04941.86 2.754e-16
04943.76 2.654e-16
04945.66 2.732e-16
04947.56 2.789e-16
04949.46 2.805e-16
04951.35 2.791e-16
04953.25 2.748e-16
04955.15 2.703e-16
04957.05 2.727e-16
04958.95 2.883e-16
04960.84 2.799e-16
04962.74 2.410e-16
04964.64 2.706e-16
04966.54 2.673e-16
04968.44 2.681e-16
04970.34 2.502e-16
04972.23 2.571e-16
04974.13 2.619e-16
04976.03 2.635e-16
04977.93 2.875e-16
04979.83 2.862e-16
04981.72 2.557e-16
04983.62 2.509e-16
04985.52 2.789e-16
04987.42 2.909e-16
04989.32 2.769e-16
04991.21 2.739e-16
04993.11 2.773e-16
04995.01 2.681e-16
04996.91 2.639e-16
04998.81 2.679e-16
05000.71 2.676e-16
05002.60 2.710e-16
05004.50 2.683e-16
05006.40 2.624e-16
05008.30 2.709e-16
05010.20 2.751e-16
05012.09 2.739e-16
05013.99 2.688e-16
05015.89 2.633e-16
05017.79 2.578e-16
05019.69 2.697e-16
05021.59 2.856e-16
05023.48 2.866e-16
05025.38 2.795e-16
05027.28 2.663e-16
05029.18 2.609e-16
05031.08 2.671e-16
05032.97 2.708e-16
05034.87 2.675e-16
05036.77 2.727e-16
05038.67 2.841e-16
05040.57 2.898e-16
05042.46 2.898e-16
05044.36 2.774e-16
05046.26 2.754e-16
05048.16 2.917e-16
05050.06 2.896e-16
05051.96 2.868e-16
05053.85 2.922e-16
05055.75 3.004e-16
05057.65 2.958e-16
05059.55 2.889e-16
05061.45 2.855e-16
05063.34 2.977e-16
05065.24 3.090e-16
05067.14 3.046e-16
05069.04 3.018e-16
05070.94 3.073e-16
05072.84 3.107e-16
05074.73 3.089e-16
05076.63 3.064e-16
05078.53 3.060e-16
05080.43 3.128e-16
05082.33 3.244e-16
05084.22 3.215e-16
05086.12 3.122e-16
05088.02 2.996e-16
05089.92 3.069e-16
05091.82 3.182e-16
05093.71 3.214e-16
05095.61 3.152e-16
05097.51 2.988e-16
05099.41 3.048e-16
05101.31 3.242e-16
05103.21 3.422e-16
05105.10 3.354e-16
05107.00 3.324e-16
05108.90 3.238e-16
05110.80 3.269e-16
05112.70 3.233e-16
05114.59 3.251e-16
05116.49 3.347e-16
05118.39 3.301e-16
05120.29 3.157e-16
05122.19 3.185e-16
05124.09 3.390e-16
05125.98 3.585e-16
05127.88 3.511e-16
05129.78 3.478e-16
05131.68 3.633e-16
05133.58 3.632e-16
05135.47 3.455e-16
05137.37 3.508e-16
05139.27 3.539e-16
05141.17 3.527e-16
05143.07 3.597e-16
05144.96 3.630e-16
05146.86 3.650e-16
05148.76 3.562e-16
05150.66 3.443e-16
05152.56 3.518e-16
05154.46 3.609e-16
05156.35 3.581e-16
05158.25 3.643e-16
05160.15 3.755e-16
05162.05 3.613e-16
05163.95 3.683e-16
05165.84 3.862e-16
05167.74 3.784e-16
05169.64 3.769e-16
05171.54 3.787e-16
05173.44 3.910e-16
05175.34 3.991e-16
05177.23 3.959e-16
05179.13 3.969e-16
05181.03 3.989e-16
05182.93 3.901e-16
05184.83 3.920e-16
05186.72 4.016e-16
05188.62 4.098e-16
05190.52 4.027e-16
05192.42 3.987e-16
05194.32 4.072e-16
05196.22 4.150e-16
05198.11 4.139e-16
05200.01 4.178e-16
05201.91 4.187e-16
05203.81 4.074e-16
05205.71 4.075e-16
05207.60 4.055e-16
05209.50 4.018e-16
05211.40 4.178e-16
05213.30 4.349e-16
05215.20 4.398e-16
05217.09 4.384e-16
05218.99 4.387e-16
05220.89 4.274e-16
05222.79 4.165e-16
05224.69 4.240e-16
05226.59 4.397e-16
05228.48 4.336e-16
05230.38 4.264e-16
05232.28 4.351e-16
05234.18 4.418e-16
05236.08 4.287e-16
05237.97 4.271e-16
05239.87 4.433e-16
05241.77 4.543e-16
05243.67 4.480e-16
05245.57 4.389e-16
05247.47 4.431e-16
05249.36 4.494e-16
05251.26 4.470e-16
05253.16 4.440e-16
05255.06 4.444e-16
05256.96 4.438e-16
05258.85 4.357e-16
05260.75 4.322e-16
05262.65 4.448e-16
05264.55 4.392e-16
05266.45 4.235e-16
05268.34 4.348e-16
05270.24 4.298e-16
05272.14 4.190e-16
05274.04 4.251e-16
05275.94 4.291e-16
05277.84 4.251e-16
05279.73 4.349e-16
05281.63 4.314e-16
05283.53 4.096e-16
05285.43 4.084e-16
05287.33 4.093e-16
05289.22 4.178e-16
05291.12 4.215e-16
05293.02 4.135e-16
05294.92 4.067e-16
05296.82 4.150e-16
05298.72 4.276e-16
05300.61 4.219e-16
05302.51 4.114e-16
05304.41 4.107e-16
05306.31 4.054e-16
05308.21 4.015e-16
05310.10 4.038e-16
05312.00 3.997e-16
05313.90 3.936e-16
05315.80 3.963e-16
05317.70 4.114e-16
05319.59 4.143e-16
05321.49 4.060e-16
05323.39 4.092e-16
05325.29 4.205e-16
05327.19 4.214e-16
05329.09 4.297e-16
05330.98 4.147e-16
05332.88 3.889e-16
05334.78 3.861e-16
05336.68 4.060e-16
05338.58 4.169e-16
05340.47 3.536e-16
05342.37 3.849e-16
05344.27 4.100e-16
05346.17 3.999e-16
05348.07 3.969e-16
05349.97 3.886e-16
05351.86 3.876e-16
05353.76 3.920e-16
05355.66 3.926e-16
05357.56 3.937e-16
05359.46 3.997e-16
05361.35 4.058e-16
05363.25 4.031e-16
05365.15 3.948e-16
05367.05 3.876e-16
05368.95 3.919e-16
05370.84 4.034e-16
05372.74 3.969e-16
05374.64 3.862e-16
05376.54 3.969e-16
05378.44 4.022e-16
05380.34 3.943e-16
05382.23 3.800e-16
05384.13 3.780e-16
05386.03 3.847e-16
05387.93 3.794e-16
05389.83 3.687e-16
05391.72 3.684e-16
05393.62 3.690e-16
05395.52 3.699e-16
05397.42 3.743e-16
05399.32 3.852e-16
05401.22 3.912e-16
05403.11 3.866e-16
05405.01 3.715e-16
05406.91 3.631e-16
05408.81 3.701e-16
05410.71 3.719e-16
05412.60 3.655e-16
05414.50 3.705e-16
05416.40 3.719e-16
05418.30 3.551e-16
05420.20 3.466e-16
05422.09 3.530e-16
05423.99 3.600e-16
05425.89 3.645e-16
05427.79 3.668e-16
05429.69 3.611e-16
05431.59 3.572e-16
05433.48 3.520e-16
05435.38 3.517e-16
05437.28 3.627e-16
05439.18 3.743e-16
05441.08 3.781e-16
05442.97 3.660e-16
05444.87 3.486e-16
05446.77 3.462e-16
05448.67 3.582e-16
05450.57 3.657e-16
05452.47 3.706e-16
05454.36 3.643e-16
05456.26 3.615e-16
05458.16 3.731e-16
05460.06 3.606e-16
05461.96 3.418e-16
05463.85 3.454e-16
05465.75 3.447e-16
05467.65 3.393e-16
05469.55 3.382e-16
05471.45 3.386e-16
05473.34 3.418e-16
05475.24 3.335e-16
05477.14 3.303e-16
05479.04 3.390e-16
05480.94 3.296e-16
05482.84 3.206e-16
05484.73 3.151e-16
05486.63 3.098e-16
05488.53 3.050e-16
05490.43 3.117e-16
05492.33 3.169e-16
05494.22 3.131e-16
05496.12 3.087e-16
05498.02 3.048e-16
05499.92 3.086e-16
05501.82 3.100e-16
05503.72 3.057e-16
05505.61 3.007e-16
05507.51 2.916e-16
05509.41 2.826e-16
05511.31 2.887e-16
05513.21 2.910e-16
05515.10 2.921e-16
05517.00 3.022e-16
05518.90 3.036e-16
05520.80 3.005e-16
05522.70 2.997e-16
05524.59 2.963e-16
05526.49 2.892e-16
05528.39 2.774e-16
05530.29 2.802e-16
05532.19 2.874e-16
05534.09 2.854e-16
05535.98 2.846e-16
05537.88 2.883e-16
05539.78 2.943e-16
05541.68 2.923e-16
05543.58 2.936e-16
05545.47 2.923e-16
05547.37 2.868e-16
05549.27 2.880e-16
05551.17 2.898e-16
05553.07 2.828e-16
05554.97 2.828e-16
05556.86 2.929e-16
05558.76 2.822e-16
05560.66 2.749e-16
05562.56 2.754e-16
05564.46 2.747e-16
05566.35 2.741e-16
05568.25 2.735e-16
05570.15 2.728e-16
05572.05 2.722e-16
05573.95 2.716e-16
05575.84 2.710e-16
05577.74 2.704e-16
05579.64 2.698e-16
05581.54 2.692e-16
05583.44 2.686e-16
05585.34 2.680e-16
05587.23 2.674e-16
05589.13 2.668e-16
05591.03 2.662e-16
05592.93 2.657e-16
05594.83 2.646e-16
05596.72 2.658e-16
05598.62 2.802e-16
05600.52 2.856e-16
05602.42 2.752e-16
05604.32 2.727e-16
05606.22 2.710e-16
05608.11 2.648e-16
05610.01 2.689e-16
05611.91 2.745e-16
05613.81 2.725e-16
05615.71 2.747e-16
05617.60 2.800e-16
05619.50 2.772e-16
05621.40 2.723e-16
05623.30 2.778e-16
05625.20 2.872e-16
05627.09 2.906e-16
05628.99 2.894e-16
05630.89 2.893e-16
05632.79 2.924e-16
05634.69 2.887e-16
05636.59 2.800e-16
05638.48 2.809e-16
05640.38 2.800e-16
05642.28 2.803e-16
05644.18 2.867e-16
05646.08 2.869e-16
05647.97 2.825e-16
05649.87 2.869e-16
05651.77 2.907e-16
05653.67 2.915e-16
05655.57 2.903e-16
05657.47 2.903e-16
05659.36 2.926e-16
05661.26 2.934e-16
05663.16 2.944e-16
05665.06 2.934e-16
05666.96 2.944e-16
05668.85 2.915e-16
05670.75 2.864e-16
05672.65 2.937e-16
05674.55 3.003e-16
05676.45 2.977e-16
05678.34 2.996e-16
05680.24 3.007e-16
05682.14 2.981e-16
05684.04 2.991e-16
05685.94 3.015e-16
05687.84 3.054e-16
05689.73 3.056e-16
05691.63 3.041e-16
05693.53 3.071e-16
05695.43 3.113e-16
05697.33 3.115e-16
05699.22 3.071e-16
05701.12 3.014e-16
05703.02 2.991e-16
05704.92 3.025e-16
05706.82 3.064e-16
05708.72 3.137e-16
05710.61 3.184e-16
05712.51 3.170e-16
05714.41 3.144e-16
05716.31 3.104e-16
05718.21 3.078e-16
05720.10 3.103e-16
05722.00 3.159e-16
05723.90 3.175e-16
05725.80 3.189e-16
05727.70 3.302e-16
05729.59 3.359e-16
05731.49 3.282e-16
05733.39 3.227e-16
05735.29 3.179e-16
05737.19 3.129e-16
05739.09 3.205e-16
05740.98 3.356e-16
05742.88 3.391e-16
05744.78 3.279e-16
05746.68 3.199e-16
05748.58 3.197e-16
05750.47 3.216e-16
05752.37 3.230e-16
05754.27 3.267e-16
05756.17 3.306e-16
05758.07 3.268e-16
05759.97 3.221e-16
05761.86 3.195e-16
05763.76 3.238e-16
05765.66 3.278e-16
05767.56 3.255e-16
05769.46 3.243e-16
05771.35 3.226e-16
05773.25 3.242e-16
05775.15 3.297e-16
05777.05 3.247e-16
05778.95 3.201e-16
05780.84 3.196e-16
05782.74 3.112e-16
05784.64 3.021e-16
05786.54 3.030e-16
05788.44 3.076e-16
05790.34 3.086e-16
05792.23 3.152e-16
05794.13 3.241e-16
05796.03 3.198e-16
05797.93 3.141e-16
05799.83 3.119e-16
05801.72 3.155e-16
05803.62 3.242e-16
05805.52 3.261e-16
05807.42 3.287e-16
05809.32 3.280e-16
05811.22 3.322e-16
05813.11 3.340e-16
05815.01 3.302e-16
05816.91 3.336e-16
05818.81 3.364e-16
05820.71 3.385e-16
05822.60 3.408e-16
05824.50 3.464e-16
05826.40 3.479e-16
05828.30 3.495e-16
05830.20 3.471e-16
05832.09 3.391e-16
05833.99 3.386e-16
05835.89 3.378e-16
05837.79 3.360e-16
05839.69 3.396e-16
05841.59 3.441e-16
05843.48 3.453e-16
05845.38 3.436e-16
05847.28 3.445e-16
05849.18 3.458e-16
05851.08 3.494e-16
05852.97 3.522e-16
05854.87 3.471e-16
05856.77 3.384e-16
05858.67 3.427e-16
05860.57 3.448e-16
05862.47 3.485e-16
05864.36 3.604e-16
05866.26 3.636e-16
05868.16 3.557e-16
05870.06 3.564e-16
05871.96 3.559e-16
05873.85 3.527e-16
05875.75 3.511e-16
05877.65 3.488e-16
05879.55 3.417e-16
05881.45 3.373e-16
05883.35 3.383e-16
05885.24 3.446e-16
05887.14 3.556e-16
05889.04 3.589e-16
05890.94 3.507e-16
05892.84 3.404e-16
05894.73 3.356e-16
05896.63 3.402e-16
05898.53 3.474e-16
05900.43 3.484e-16
05902.33 3.477e-16
05904.22 3.450e-16
05906.12 3.371e-16
05908.02 3.377e-16
05909.92 3.460e-16
05911.82 3.528e-16
05913.72 3.543e-16
05915.61 3.487e-16
05917.51 3.272e-16
05919.41 3.230e-16
05921.31 3.368e-16
05923.21 3.488e-16
05925.10 3.462e-16
05927.00 3.391e-16
05928.90 3.347e-16
05930.80 3.320e-16
05932.70 3.348e-16
05934.60 3.349e-16
05936.49 3.365e-16
05938.39 3.372e-16
05940.29 3.369e-16
05942.19 3.338e-16
05944.09 3.285e-16
05945.98 3.324e-16
05947.88 3.370e-16
05949.78 3.345e-16
05951.68 3.353e-16
05953.58 3.356e-16
05955.47 3.335e-16
05957.37 3.348e-16
05959.27 3.332e-16
05961.17 3.290e-16
05963.07 3.299e-16
05964.97 3.377e-16
05966.86 3.408e-16
05968.76 3.375e-16
05970.66 3.331e-16
05972.56 3.305e-16
05974.46 3.261e-16
05976.35 3.264e-16
05978.25 3.308e-16
05980.15 3.270e-16
05982.05 3.183e-16
05983.95 3.196e-16
05985.85 3.223e-16
05987.74 3.206e-16
05989.64 3.190e-16
05991.54 3.186e-16
05993.44 3.113e-16
05995.34 3.014e-16
05997.23 3.013e-16
05999.13 3.067e-16
06001.03 3.135e-16
06002.93 3.224e-16
06004.83 3.226e-16
06006.72 3.105e-16
06008.62 3.006e-16
06010.52 3.041e-16
06012.42 3.078e-16
06014.32 2.977e-16
06016.22 2.938e-16
06018.11 2.966e-16
06020.01 3.025e-16
06021.91 2.968e-16
06023.81 2.960e-16
06025.71 3.091e-16
06027.60 3.145e-16
06029.50 3.082e-16
06031.40 3.005e-16
06033.30 2.999e-16
06035.20 2.966e-16
06037.10 2.864e-16
06038.99 2.950e-16
06040.89 2.938e-16
06042.79 2.904e-16
06044.69 2.919e-16
06046.59 2.915e-16
06048.48 2.905e-16
06050.38 2.827e-16
06052.28 2.792e-16
06054.18 2.858e-16
06056.08 2.930e-16
06057.97 2.915e-16
06059.87 2.752e-16
06061.77 2.642e-16
06063.67 2.746e-16
06065.57 2.967e-16
06067.47 2.971e-16
06069.36 2.729e-16
06071.26 2.608e-16
06073.16 2.617e-16
06075.06 2.689e-16
06076.96 2.776e-16
06078.85 2.780e-16
06080.75 2.756e-16
06082.65 2.681e-16
06084.55 2.573e-16
06086.45 2.607e-16
06088.35 2.672e-16
06090.24 2.634e-16
06092.14 2.595e-16
06094.04 2.619e-16
06095.94 2.622e-16
06097.84 2.711e-16
06099.73 2.701e-16
06101.63 2.634e-16
06103.53 2.583e-16
06105.43 2.586e-16
06107.33 2.566e-16
06109.22 2.518e-16
06111.12 2.504e-16
06113.02 2.475e-16
06114.92 2.449e-16
06116.82 2.468e-16
06118.72 2.472e-16
06120.61 2.539e-16
06122.51 2.574e-16
06124.41 2.517e-16
06126.31 2.492e-16
06128.21 2.497e-16
06130.10 2.419e-16
06132.00 2.348e-16
06133.90 2.381e-16
06135.80 2.405e-16
06137.70 2.383e-16
06139.60 2.343e-16
06141.49 2.347e-16
06143.39 2.384e-16
06145.29 2.345e-16
06147.19 2.293e-16
06149.09 2.321e-16
06150.98 2.313e-16
06152.88 2.281e-16
06154.78 2.304e-16
06156.68 2.275e-16
06158.58 2.235e-16
06160.47 2.259e-16
06162.37 2.287e-16
06164.27 2.250e-16
06166.17 2.179e-16
06168.07 2.186e-16
06169.97 2.231e-16
06171.86 2.300e-16
06173.76 2.303e-16
06175.66 2.267e-16
06177.56 2.276e-16
06179.46 2.276e-16
06181.35 2.277e-16
06183.25 2.283e-16
06185.15 2.206e-16
06187.05 2.140e-16
06188.95 2.175e-16
06190.85 2.205e-16
06192.74 2.172e-16
06194.64 2.178e-16
06196.54 2.217e-16
06198.44 2.170e-16
06200.34 2.140e-16
06202.23 2.202e-16
06204.13 2.246e-16
06206.03 2.228e-16
06207.93 2.206e-16
06209.83 2.286e-16
06211.72 2.216e-16
06213.62 2.147e-16
06215.52 2.207e-16
06217.42 2.290e-16
06219.32 2.344e-16
06221.22 2.347e-16
06223.11 2.348e-16
06225.01 2.334e-16
06226.91 2.293e-16
06228.81 2.319e-16
06230.71 2.329e-16
06232.60 2.271e-16
06234.50 2.251e-16
06236.40 2.281e-16
06238.30 2.286e-16
06240.20 2.276e-16
06242.10 2.296e-16
06243.99 2.312e-16
06245.89 2.333e-16
06247.79 2.339e-16
06249.69 2.284e-16
06251.59 2.279e-16
06253.48 2.299e-16
06255.38 2.282e-16
06257.28 2.302e-16
06259.18 2.313e-16
06261.08 2.291e-16
06262.97 2.319e-16
06264.87 2.341e-16
06266.77 2.324e-16
06268.67 2.314e-16
06270.57 2.310e-16
06272.47 2.366e-16
06274.36 2.435e-16
06276.26 2.386e-16
06278.16 2.269e-16
06280.06 2.207e-16
06281.96 2.174e-16
06283.85 2.185e-16
06285.75 2.285e-16
06287.65 2.312e-16
06289.55 2.286e-16
06291.45 2.335e-16
06293.35 2.347e-16
06295.24 2.332e-16
06297.14 2.391e-16
06299.04 2.435e-16
06300.94 2.378e-16
06302.84 2.132e-16
06304.73 2.189e-16
06306.63 2.340e-16
06308.53 2.396e-16
06310.43 2.444e-16
06312.33 2.485e-16
06314.22 2.508e-16
06316.12 2.567e-16
06318.02 2.609e-16
06319.92 2.615e-16
06321.82 2.599e-16
06323.72 2.571e-16
06325.61 2.601e-16
06327.51 2.599e-16
06329.41 2.495e-16
06331.31 2.415e-16
06333.21 2.428e-16
06335.10 2.468e-16
06337.00 2.512e-16
06338.90 2.563e-16
06340.80 2.562e-16
06342.70 2.502e-16
06344.60 2.454e-16
06346.49 2.463e-16
06348.39 2.484e-16
06350.29 2.455e-16
06352.19 2.466e-16
06354.09 2.566e-16
06355.98 2.550e-16
06357.88 2.422e-16
06359.78 2.443e-16
06361.68 2.541e-16
06363.58 2.589e-16
06365.47 2.626e-16
06367.37 2.589e-16
06369.27 2.576e-16
06371.17 2.667e-16
06373.07 2.662e-16
06374.97 2.596e-16
06376.86 2.603e-16
06378.76 2.538e-16
06380.66 2.457e-16
06382.56 2.550e-16
06384.46 2.697e-16
06386.35 2.669e-16
06388.25 2.601e-16
06390.15 2.658e-16
06392.05 2.629e-16
06393.95 2.497e-16
06395.85 2.513e-16
06397.74 2.621e-16
06399.64 2.637e-16
06401.54 2.646e-16
06403.44 2.689e-16
06405.34 2.715e-16
06407.23 2.679e-16
06409.13 2.557e-16
06411.03 2.500e-16
06412.93 2.500e-16
06414.83 2.500e-16
06416.72 2.556e-16
06418.62 2.556e-16
06420.52 2.464e-16
06422.42 2.475e-16
06424.32 2.635e-16
06426.22 2.707e-16
06428.11 2.625e-16
06430.01 2.609e-16
06431.91 2.627e-16
06433.81 2.596e-16
06435.71 2.546e-16
06437.60 2.466e-16
06439.50 2.484e-16
06441.40 2.565e-16
06443.30 2.526e-16
06445.20 2.509e-16
06447.10 2.628e-16
06448.99 2.753e-16
06450.89 2.760e-16
06452.79 2.707e-16
06454.69 2.726e-16
06456.59 2.751e-16
06458.48 2.731e-16
06460.38 2.680e-16
06462.28 2.616e-16
06464.18 2.628e-16
06466.08 2.678e-16
06467.97 2.640e-16
06469.87 2.656e-16
06471.77 2.727e-16
06473.67 2.709e-16
06475.57 2.701e-16
06477.47 2.711e-16
06479.36 2.661e-16
06481.26 2.677e-16
06483.16 2.753e-16
06485.06 2.710e-16
06486.96 2.678e-16
06488.85 2.753e-16
06490.75 2.772e-16
06492.65 2.636e-16
06494.55 2.534e-16
06496.45 2.638e-16
06498.35 2.744e-16
06500.24 2.751e-16
06502.14 2.778e-16
06504.04 2.689e-16
06505.94 2.646e-16
06507.84 2.792e-16
06509.73 2.712e-16
06511.63 2.747e-16
06513.53 2.524e-16
06515.43 2.757e-16
06517.33 2.813e-16
06519.23 2.800e-16
06521.12 2.860e-16
06523.02 2.942e-16
06524.92 2.912e-16
06526.82 2.826e-16
06528.72 2.805e-16
06530.61 2.821e-16
06532.51 2.794e-16
06534.41 2.789e-16
06536.31 2.802e-16
06538.21 2.732e-16
06540.10 2.645e-16
06542.00 2.632e-16
06543.90 2.645e-16
06545.80 2.647e-16
06547.70 2.684e-16
06549.60 2.771e-16
06551.49 2.881e-16
06553.39 2.846e-16
06555.29 2.706e-16
06557.19 2.714e-16
06559.09 2.789e-16
06560.98 2.747e-16
06562.88 2.724e-16
06564.78 2.815e-16
06566.68 2.811e-16
06568.58 2.666e-16
06570.48 2.636e-16
06572.37 2.737e-16
06574.27 2.741e-16
06576.17 2.625e-16
06578.07 2.527e-16
06579.97 2.432e-16
06581.86 2.435e-16
06583.76 2.559e-16
06585.66 2.587e-16
06587.56 2.498e-16
06589.46 2.291e-16
06591.35 1.808e-16
06593.25 1.185e-16
06595.15 1.179e-16
06597.05 1.976e-16
06598.95 2.549e-16
06600.85 2.582e-16
06602.74 2.600e-16
06604.64 2.685e-16
06606.54 2.697e-16
06608.44 2.707e-16
06610.34 2.662e-16
06612.23 2.349e-16
06614.13 1.992e-16
06616.03 2.027e-16
06617.93 2.355e-16
06619.83 2.545e-16
06621.73 2.592e-16
06623.62 2.671e-16
06625.52 2.679e-16
06627.42 2.536e-16
06629.32 2.437e-16
06631.22 2.443e-16
06633.11 2.479e-16
06635.01 2.648e-16
06636.91 2.765e-16
06638.81 2.690e-16
06640.71 2.633e-16
06642.60 2.572e-16
06644.50 2.491e-16
06646.40 2.546e-16
06648.30 2.628e-16
06650.20 2.580e-16
06652.10 2.572e-16
06653.99 2.637e-16
06655.89 2.705e-16
06657.79 2.747e-16
06659.69 2.759e-16
06661.59 2.782e-16
06663.48 2.762e-16
06665.38 2.627e-16
06667.28 2.535e-16
06669.18 2.633e-16
06671.08 2.744e-16
06672.98 2.767e-16
06674.87 2.759e-16
06676.77 2.700e-16
06678.67 2.603e-16
06680.57 2.563e-16
06682.47 2.609e-16
06684.36 2.692e-16
06686.26 2.760e-16
06688.16 2.754e-16
06690.06 2.701e-16
06691.96 2.696e-16
06693.85 2.702e-16
06695.75 2.646e-16
06697.65 2.592e-16
06699.55 2.558e-16
06701.45 2.581e-16
06703.35 2.653e-16
06705.24 2.606e-16
06707.14 2.540e-16
06709.04 2.549e-16
06710.94 2.551e-16
06712.84 2.583e-16
06714.73 2.598e-16
06716.63 2.616e-16
06718.53 2.695e-16
06720.43 2.716e-16
06722.33 2.721e-16
06724.23 2.716e-16
06726.12 2.681e-16
06728.02 2.700e-16
06729.92 2.748e-16
06731.82 2.726e-16
06733.72 2.621e-16
06735.61 2.529e-16
06737.51 2.578e-16
06739.41 2.654e-16
06741.31 2.665e-16
06743.21 2.628e-16
06745.10 2.496e-16
06747.00 2.276e-16
06748.90 2.162e-16
06750.80 2.217e-16
06752.70 2.356e-16
06754.60 2.475e-16
06756.49 2.504e-16
06758.39 2.485e-16
06760.29 2.458e-16
06762.19 2.355e-16
06764.09 2.250e-16
06765.98 2.232e-16
06767.88 2.275e-16
06769.78 2.327e-16
06771.68 2.313e-16
06773.58 2.403e-16
06775.48 2.519e-16
06777.37 2.502e-16
06779.27 2.503e-16
06781.17 2.536e-16
06783.07 2.518e-16
06784.97 2.460e-16
06786.86 2.477e-16
06788.76 2.521e-16
06790.66 2.567e-16
06792.56 2.504e-16
06794.46 2.445e-16
06796.35 2.402e-16
06798.25 2.386e-16
06800.15 2.409e-16
06802.05 2.513e-16
06803.95 2.548e-16
06805.85 2.380e-16
06807.74 2.246e-16
06809.64 2.276e-16
06811.54 2.370e-16
06813.44 2.450e-16
06815.34 2.466e-16
06817.23 2.410e-16
06819.13 2.398e-16
06821.03 2.445e-16
06822.93 2.401e-16
06824.83 2.440e-16
06826.73 2.556e-16
06828.62 2.545e-16
06830.52 2.476e-16
06832.42 2.450e-16
06834.32 2.473e-16
06836.22 2.445e-16
06838.11 2.389e-16
06840.01 2.344e-16
06841.91 2.302e-16
06843.81 2.335e-16
06845.71 2.396e-16
06847.60 2.356e-16
06849.50 2.295e-16
06851.40 2.314e-16
06853.30 2.436e-16
06855.20 2.527e-16
06857.10 2.504e-16
06858.99 2.483e-16
06860.89 2.453e-16
06862.79 2.347e-16
06864.69 2.157e-16
06866.59 1.880e-16
06868.48 1.681e-16
06870.38 1.657e-16
06872.28 1.722e-16
06874.18 1.753e-16
06876.08 1.880e-16
06877.98 2.119e-16
06879.87 2.247e-16
06881.77 2.239e-16
06883.67 2.271e-16
06885.57 2.243e-16
06887.47 2.127e-16
06889.36 2.103e-16
06891.26 2.150e-16
06893.16 2.147e-16
06895.06 2.145e-16
06896.96 2.164e-16
06898.85 2.194e-16
06900.75 2.152e-16
06902.65 2.004e-16
06904.55 1.974e-16
06906.45 2.025e-16
06908.35 1.988e-16
06910.24 1.929e-16
06912.14 2.014e-16
06914.04 2.145e-16
06915.94 2.155e-16
06917.84 2.222e-16
06919.73 2.332e-16
06921.63 2.294e-16
06923.53 2.258e-16
06925.43 2.353e-16
06927.33 2.310e-16
06929.23 2.232e-16
06931.12 2.239e-16
06933.02 2.206e-16
06934.92 2.212e-16
06936.82 2.286e-16
06938.72 2.330e-16
06940.61 2.326e-16
06942.51 2.300e-16
06944.41 2.289e-16
06946.31 2.322e-16
06948.21 2.328e-16
06950.10 2.297e-16
06952.00 2.202e-16
06953.90 2.265e-16
06955.80 2.346e-16
06957.70 2.395e-16
06959.60 2.315e-16
06961.49 2.363e-16
06963.39 2.408e-16
06965.29 2.316e-16
06967.19 2.301e-16
06969.09 2.297e-16
06970.98 2.234e-16
06972.88 2.233e-16
06974.78 2.317e-16
06976.68 2.370e-16
06978.58 2.335e-16
06980.48 2.372e-16
06982.37 2.395e-16
06984.27 2.457e-16
06986.17 2.496e-16
06988.07 2.317e-16
06989.97 2.146e-16
06991.86 2.219e-16
06993.76 2.303e-16
06995.66 2.314e-16
06997.56 2.295e-16
06999.46 2.227e-16
07001.35 2.283e-16
07003.25 2.386e-16
07005.15 2.375e-16
07007.05 2.231e-16
07008.95 2.187e-16
07010.85 2.291e-16
07012.74 2.293e-16
07014.64 2.299e-16
07016.54 2.182e-16
07018.44 2.051e-16
07020.34 2.285e-16
07022.23 2.321e-16
07024.13 2.177e-16
07026.03 2.206e-16
07027.93 2.346e-16
07029.83 2.307e-16
07031.73 2.226e-16
07033.62 2.164e-16
07035.52 2.148e-16
07037.42 2.218e-16
07039.32 2.309e-16
07041.22 2.413e-16
07043.11 2.411e-16
07045.01 2.265e-16
07046.91 2.307e-16
07048.81 2.505e-16
07050.71 2.469e-16
07052.60 2.388e-16
07054.50 2.395e-16
07056.40 2.321e-16
07058.30 2.253e-16
07060.20 2.357e-16
07062.10 2.456e-16
07063.99 2.422e-16
07065.89 2.327e-16
07067.79 2.295e-16
07069.69 2.435e-16
07071.59 2.461e-16
07073.48 2.301e-16
07075.38 2.154e-16
07077.28 2.143e-16
07079.18 2.197e-16
07081.08 2.015e-16
07082.98 2.310e-16
07084.87 2.390e-16
07086.77 2.343e-16
07088.67 2.222e-16
07090.57 2.255e-16
07092.47 2.276e-16
07094.36 2.196e-16
07096.26 2.251e-16
07098.16 2.357e-16
07100.06 2.339e-16
07101.96 2.265e-16
07103.85 2.276e-16
07105.75 2.292e-16
07107.65 2.252e-16
07109.55 2.297e-16
07111.45 2.313e-16
07113.35 2.275e-16
07115.24 2.308e-16
07117.14 2.289e-16
07119.04 2.273e-16
07120.94 2.374e-16
07122.84 2.427e-16
07124.73 2.302e-16
07126.63 2.134e-16
07128.53 2.179e-16
07130.43 2.293e-16
07132.33 2.328e-16
07134.23 2.285e-16
07136.12 2.234e-16
07138.02 2.266e-16
07139.92 2.344e-16
07141.82 2.373e-16
07143.72 2.330e-16
07145.61 2.259e-16
07147.51 2.253e-16
07149.41 2.247e-16
07151.31 2.201e-16
07153.21 2.254e-16
07155.11 2.278e-16
07157.00 2.235e-16
07158.90 2.192e-16
07160.80 2.220e-16
07162.70 2.254e-16
07164.60 2.145e-16
07166.49 2.102e-16
07168.39 2.142e-16
07170.29 2.095e-16
07172.19 2.091e-16
07174.09 2.084e-16
07175.98 2.055e-16
07177.88 2.015e-16
07179.78 1.956e-16
07181.68 1.973e-16
07183.58 1.975e-16
07185.48 1.912e-16
07187.37 1.928e-16
07189.27 1.953e-16
07191.17 1.983e-16
07193.07 1.956e-16
07194.97 2.086e-16
07196.86 2.129e-16
07198.76 2.085e-16
07200.66 2.033e-16
07202.56 1.985e-16
07204.46 2.015e-16
07206.36 2.031e-16
07208.25 2.080e-16
07210.15 2.145e-16
07212.05 2.051e-16
07213.95 2.043e-16
07215.85 2.141e-16
07217.74 2.079e-16
07219.64 2.111e-16
07221.54 2.132e-16
07223.44 2.058e-16
07225.34 2.082e-16
07227.23 2.141e-16
07229.13 2.075e-16
07231.03 1.951e-16
07232.93 1.982e-16
07234.83 2.022e-16
07236.73 2.030e-16
07238.62 2.029e-16
07240.52 2.036e-16
07242.42 2.019e-16
07244.32 1.915e-16
07246.22 1.954e-16
07248.11 1.947e-16
07250.01 1.931e-16
07251.91 1.921e-16
07253.81 1.851e-16
07255.71 1.889e-16
07257.61 1.991e-16
07259.50 2.041e-16
07261.40 2.064e-16
07263.30 2.012e-16
07265.20 1.901e-16
07267.10 1.902e-16
07268.99 2.031e-16
07270.89 2.101e-16
07272.79 2.039e-16
07274.69 2.041e-16
07276.59 1.935e-16
07278.48 1.863e-16
07280.38 1.918e-16
07282.28 1.982e-16
07284.18 2.020e-16
07286.08 2.011e-16
07287.98 2.033e-16
07289.87 1.972e-16
07291.77 1.886e-16
07293.67 1.981e-16
07295.57 2.054e-16
07297.47 1.967e-16
07299.36 1.851e-16
07301.26 1.853e-16
07303.16 1.947e-16
07305.06 1.930e-16
07306.96 1.898e-16
07308.86 1.971e-16
07310.75 1.938e-16
07312.65 1.904e-16
07314.55 1.925e-16
07316.45 1.898e-16
07318.35 1.921e-16
07320.24 1.928e-16
07322.14 2.103e-16
07324.04 2.159e-16
07325.94 2.081e-16
07327.84 2.029e-16
07329.73 1.990e-16
07331.63 1.974e-16
07333.53 1.997e-16
07335.43 2.089e-16
07337.33 2.041e-16
07339.23 2.007e-16
07341.12 1.996e-16
07343.02 1.985e-16
07344.92 2.008e-16
07346.82 2.006e-16
07348.72 2.028e-16
07350.61 1.979e-16
07352.51 1.911e-16
07354.41 2.077e-16
07356.31 2.156e-16
07358.21 2.042e-16
07360.11 1.997e-16
07362.00 1.983e-16
07363.90 1.958e-16
07365.80 1.967e-16
07367.70 2.026e-16
07369.60 2.031e-16
07371.49 1.957e-16
07373.39 1.909e-16
07375.29 1.926e-16
07377.19 1.999e-16
07379.09 2.002e-16
07380.98 1.928e-16
07382.88 1.973e-16
07384.78 2.108e-16
07386.68 2.072e-16
07388.58 1.929e-16
07390.48 1.918e-16
07392.37 1.890e-16
07394.27 1.896e-16
07396.17 2.015e-16
07398.07 1.956e-16
07399.97 1.805e-16
07401.86 1.917e-16
07403.76 2.010e-16
07405.66 1.987e-16
07407.56 1.985e-16
07409.46 1.975e-16
07411.36 1.909e-16
07413.25 1.870e-16
07415.15 1.861e-16
07417.05 1.868e-16
07418.95 1.880e-16
07420.85 1.898e-16
07422.74 1.897e-16
07424.64 1.830e-16
07426.54 1.813e-16
07428.44 1.833e-16
07430.34 1.948e-16
07432.23 2.015e-16
07434.13 1.979e-16
07436.03 1.916e-16
07437.93 1.845e-16
07439.83 1.909e-16
07441.73 2.009e-16
07443.62 2.026e-16
07445.52 1.962e-16
07447.42 1.950e-16
07449.32 1.944e-16
07451.22 1.841e-16
07453.11 1.796e-16
07455.01 1.857e-16
07456.91 1.896e-16
07458.81 1.862e-16
07460.71 1.854e-16
07462.61 1.899e-16
07464.50 1.969e-16
07466.40 1.948e-16
07468.30 1.804e-16
07470.20 1.825e-16
07472.10 1.914e-16
07473.99 1.873e-16
07475.89 1.906e-16
07477.79 1.906e-16
07479.69 1.871e-16
07481.59 1.919e-16
07483.48 1.972e-16
07485.38 2.010e-16
07487.28 2.029e-16
07489.18 1.999e-16
07491.08 1.887e-16
07492.98 1.922e-16
07494.87 1.979e-16
07496.77 1.859e-16
07498.67 1.804e-16
07500.57 1.813e-16
07502.47 1.853e-16
07504.36 1.861e-16
07506.26 1.783e-16
07508.16 1.967e-16
07510.06 1.906e-16
07511.96 1.927e-16
07513.86 1.944e-16
07515.75 1.916e-16
07517.65 1.937e-16
07519.55 1.928e-16
07521.45 1.884e-16
07523.35 1.793e-16
07525.24 1.749e-16
07527.14 1.812e-16
07529.04 1.893e-16
07530.94 1.879e-16
07532.84 1.817e-16
07534.73 1.749e-16
07536.63 1.759e-16
07538.53 1.832e-16
07540.43 1.807e-16
07542.33 1.872e-16
07544.23 1.860e-16
07546.12 1.891e-16
07548.02 1.841e-16
07549.92 1.837e-16
07551.82 1.751e-16
07553.72 1.809e-16
07555.61 1.786e-16
07557.51 1.823e-16
07559.41 1.867e-16
07561.31 1.695e-16
07563.21 1.839e-16
07565.11 1.908e-16
07567.00 1.851e-16
07568.90 1.779e-16
07570.80 1.416e-16
07572.70 1.898e-16
07574.60 1.860e-16
07576.49 1.775e-16
07578.39 1.763e-16
07580.29 1.876e-16
07582.19 1.954e-16
07584.09 1.902e-16
07585.98 1.757e-16
07587.88 2.000e-16
07589.78 1.849e-16
07591.68 1.862e-16
07593.58 1.188e-16
07595.48 8.321e-17
07597.37 7.068e-17
07599.27 6.862e-17
07601.17 5.167e-17
07603.07 4.056e-17
07604.97 3.710e-17
07606.86 3.730e-17
07608.76 4.942e-17
07610.66 6.248e-17
07612.56 7.681e-17
07614.46 1.043e-16
07616.36 1.324e-16
07618.25 1.377e-16
07620.15 1.254e-16
07622.05 1.075e-16
07623.95 9.274e-17
07625.85 8.438e-17
07627.74 8.417e-17
07629.64 8.575e-17
07631.54 8.093e-17
07633.44 8.028e-17
07635.34 8.888e-17
07637.23 9.035e-17
07639.13 9.564e-17
07641.03 1.007e-16
07642.93 1.099e-16
07644.83 1.201e-16
07646.73 1.227e-16
07648.62 1.283e-16
07650.52 1.382e-16
07652.42 1.458e-16
07654.32 1.461e-16
07656.22 1.524e-16
07658.11 1.545e-16
07660.01 1.476e-16
07661.91 1.523e-16
07663.81 1.559e-16
07665.71 1.505e-16
07667.61 1.600e-16
07669.50 1.645e-16
07671.40 1.615e-16
07673.30 1.571e-16
07675.20 1.556e-16
07677.10 1.619e-16
07678.99 1.708e-16
07680.89 1.622e-16
07682.79 1.643e-16
07684.69 1.793e-16
07686.59 1.842e-16
07688.48 1.734e-16
07690.38 1.699e-16
07692.28 1.733e-16
07694.18 1.735e-16
07696.08 1.633e-16
07697.98 1.572e-16
07699.87 1.652e-16
07701.77 1.656e-16
07703.67 1.756e-16
07705.57 1.857e-16
07707.47 1.859e-16
07709.36 1.856e-16
07711.26 1.767e-16
07713.16 1.710e-16
07715.06 1.679e-16
07716.96 1.701e-16
07718.86 1.636e-16
07720.75 1.648e-16
07722.65 1.738e-16
07724.55 1.742e-16
07726.45 1.761e-16
07728.35 1.838e-16
07730.24 1.815e-16
07732.14 1.839e-16
07734.04 1.862e-16
07735.94 1.878e-16
07737.84 1.812e-16
07739.73 1.772e-16
07741.63 1.684e-16
07743.53 1.660e-16
07745.43 1.778e-16
07747.33 1.872e-16
07749.23 1.999e-16
07751.12 1.988e-16
07753.02 1.781e-16
07754.92 1.774e-16
07756.82 1.819e-16
07758.72 1.875e-16
07760.61 1.850e-16
07762.51 1.755e-16
07764.41 1.695e-16
07766.31 1.731e-16
07768.21 1.775e-16
07770.11 1.810e-16
07772.00 1.737e-16
07773.90 1.758e-16
07775.80 1.886e-16
07777.70 1.848e-16
07779.60 1.754e-16
07781.49 1.808e-16
07783.39 1.810e-16
07785.29 1.676e-16
07787.19 1.710e-16
07789.09 1.751e-16
07790.99 1.609e-16
07792.88 1.621e-16
07794.78 1.716e-16
07796.68 1.800e-16
07798.58 1.817e-16
07800.48 1.792e-16
07802.37 1.726e-16
07804.27 1.699e-16
07806.17 1.743e-16
07808.07 1.807e-16
07809.97 1.773e-16
07811.86 1.690e-16
07813.76 1.682e-16
07815.66 1.801e-16
07817.56 1.866e-16
07819.46 1.747e-16
07821.36 1.679e-16
07823.25 1.674e-16
07825.15 1.635e-16
07827.05 1.770e-16
07828.95 1.777e-16
07830.85 1.710e-16
07832.74 1.705e-16
07834.64 1.690e-16
07836.54 1.698e-16
07838.44 1.653e-16
07840.34 1.521e-16
07842.24 1.539e-16
07844.13 1.663e-16
07846.03 1.762e-16
07847.93 1.839e-16
07849.83 1.835e-16
07851.73 1.612e-16
07853.62 1.489e-16
07855.52 1.593e-16
07857.42 1.488e-16
07859.32 1.324e-16
07861.22 1.426e-16
07863.11 1.547e-16
07865.01 1.584e-16
07866.91 1.553e-16
07868.81 1.562e-16
07870.71 1.545e-16
07872.61 1.491e-16
07874.50 1.513e-16
07876.40 1.517e-16
07878.30 1.390e-16
07880.20 1.254e-16
07882.10 1.346e-16
07883.99 1.385e-16
07885.89 1.391e-16
07887.79 1.491e-16
07889.69 1.509e-16
07891.59 1.379e-16
07893.49 1.331e-16
07895.38 1.378e-16
07897.28 1.460e-16
07899.18 1.485e-16
07901.08 1.422e-16
07902.98 1.362e-16
07904.87 1.378e-16
07906.77 1.350e-16
07908.67 1.378e-16
07910.57 1.560e-16
07912.47 1.457e-16
07914.36 1.241e-16
07916.26 1.365e-16
07918.16 1.379e-16
07920.06 1.267e-16
07921.96 1.229e-16
07923.86 1.305e-16
07925.75 1.357e-16
07927.65 1.410e-16
07929.55 1.355e-16
07931.45 1.292e-16
07933.35 1.276e-16
07935.24 1.224e-16
07937.14 1.204e-16
07939.04 1.215e-16
07940.94 1.094e-16
07942.84 1.266e-16
07944.74 1.432e-16
07946.63 1.280e-16
07948.53 1.171e-16
07950.43 1.123e-16
07952.33 1.256e-16
07954.23 1.173e-16
07956.12 1.209e-16
07958.02 1.179e-16
07959.92 6.617e-17
07961.82 5.569e-17
07963.72 6.719e-17
07965.61 9.185e-17
07967.51 1.047e-16
07969.41 1.063e-16
07971.31 1.079e-16
07973.21 1.127e-16
07975.11 1.130e-16
07977.00 1.120e-16
07978.90 1.194e-16
07980.80 1.185e-16
07982.70 1.091e-16
07984.60 1.118e-16
07986.49 1.004e-16
07988.39 9.867e-17
07990.29 9.875e-17
07992.19 9.623e-17
07994.09 9.262e-17
07995.99 9.255e-17
07997.88 9.681e-17
07999.78 1.021e-16
08001.68 9.595e-17
08003.58 1.019e-16
08005.48 1.109e-16
08007.37 1.057e-16
08009.27 9.812e-17
08011.17 9.858e-17
08013.07 9.824e-17
08014.97 9.671e-17
08016.86 1.012e-16
08018.76 1.042e-16
08020.66 1.073e-16
08022.56 1.167e-16
08024.46 1.250e-16
08026.36 1.149e-16
08028.25 9.971e-17
08030.15 1.003e-16
08032.05 1.066e-16
08033.95 1.035e-16
08035.85 9.421e-17
08037.74 9.467e-17
08039.64 9.490e-17
08041.54 8.745e-17
08043.44 8.162e-17
08045.34 8.073e-17
08047.24 9.558e-17
08049.13 9.148e-17
08051.03 8.629e-17
08052.93 8.960e-17
08054.83 9.489e-17
08056.73 1.033e-16
08058.62 9.886e-17
08060.52 9.031e-17
08062.42 9.469e-17
08064.32 9.145e-17
08066.22 8.964e-17
08068.11 9.594e-17
08070.01 9.909e-17
08071.91 9.660e-17
08073.81 8.504e-17
08075.71 8.659e-17
08077.61 1.069e-16
08079.50 1.109e-16
08081.40 9.520e-17
08083.30 7.223e-17
08085.20 7.350e-17
08087.10 7.950e-17
08088.99 7.579e-17
08090.89 8.026e-17
08092.79 8.407e-17
08094.69 4.816e-17
08096.59 4.123e-17
08098.49 5.180e-17
08100.38 7.489e-17
08102.28 7.510e-17
08104.18 7.910e-17
08106.08 8.517e-17
08107.98 8.586e-17
08109.87 8.842e-17
08111.77 8.978e-17
08113.67 9.375e-17
08115.57 9.282e-17
08117.47 9.049e-17
08119.36 8.391e-17
08121.26 8.167e-17
08123.16 8.258e-17
08125.06 8.420e-17
08126.96 8.740e-17
08128.86 8.668e-17
08130.75 8.287e-17
08132.65 8.235e-17
08134.55 8.262e-17
08136.45 7.594e-17
08138.35 8.298e-17
08140.24 8.509e-17
08142.14 8.080e-17
08144.04 8.683e-17
08145.94 8.971e-17
08147.84 8.226e-17
08149.74 7.668e-17
08151.63 7.962e-17
08153.53 8.511e-17
08155.43 7.857e-17
08157.33 7.245e-17
08159.23 7.086e-17
08161.12 7.046e-17
08163.02 7.268e-17
08164.92 7.175e-17
08166.82 7.808e-17
08168.72 7.720e-17
08170.61 6.941e-17
08172.51 7.321e-17
08174.41 7.729e-17
08176.31 6.887e-17
08178.21 6.545e-17
08180.11 7.171e-17
08182.00 7.358e-17
08183.90 7.490e-17
08185.80 8.797e-17
08187.70 8.933e-17
08189.60 7.142e-17
08191.49 6.353e-17
08193.39 6.901e-17
08195.29 7.458e-17
08197.19 7.909e-17
08199.09 8.397e-17
08200.99 8.763e-17
08202.88 8.238e-17
08204.78 8.784e-17
08206.68 9.716e-17
08208.58 9.294e-17
08210.48 8.530e-17
08212.37 7.950e-17
08214.27 8.283e-17
08216.17 8.447e-17
08218.07 7.580e-17
08219.97 7.583e-17
08221.86 7.930e-17
08223.76 8.028e-17
08225.66 7.847e-17
08227.56 6.551e-17
08229.46 5.859e-17
08231.36 7.122e-17
08233.25 7.681e-17
08235.15 7.484e-17
08237.05 7.457e-17
08238.95 6.451e-17
08240.85 6.512e-17
08242.74 7.970e-17
08244.64 8.389e-17
08246.54 8.721e-17
08248.44 8.634e-17
08250.34 7.628e-17
08252.24 7.640e-17
08254.13 8.125e-17
08256.03 8.347e-17
08257.93 7.601e-17
08259.83 7.615e-17
08261.73 8.441e-17
08263.62 9.056e-17
08265.52 8.745e-17
08267.42 8.345e-17
08269.32 8.176e-17
08271.22 8.157e-17
08273.11 8.784e-17
08275.01 8.734e-17
08276.91 8.651e-17
08278.81 8.848e-17
08280.71 7.732e-17
08282.61 7.309e-17
08284.50 8.889e-17
08286.40 9.970e-17
08288.30 8.641e-17
08290.20 7.717e-17
08292.10 7.622e-17
08293.99 7.592e-17
08295.89 7.449e-17
08297.79 6.821e-17
08299.69 6.992e-17
08301.59 7.861e-17
08303.49 8.707e-17
08305.38 9.248e-17
08307.28 9.699e-17
08309.18 9.835e-17
08311.08 8.924e-17
08312.98 7.773e-17
08314.87 7.880e-17
08316.77 8.179e-17
08318.67 8.726e-17
08320.57 9.624e-17
08322.47 9.740e-17
08324.36 9.733e-17
08326.26 1.016e-16
08328.16 1.005e-16
08330.06 9.141e-17
08331.96 8.773e-17
08333.86 8.896e-17
08335.75 8.383e-17
08337.65 8.802e-17
08339.55 1.040e-16
08341.45 1.168e-16
08343.35 1.019e-16
08345.24 9.457e-17
08347.14 1.001e-16
08349.04 1.039e-16
08350.94 1.026e-16
08352.84 9.325e-17
08354.74 9.250e-17
08356.63 9.971e-17
08358.53 1.094e-16
08360.43 1.139e-16
08362.33 1.103e-16
08364.23 1.089e-16
08366.12 1.041e-16
08368.02 9.956e-17
08369.92 9.986e-17
08371.82 9.775e-17
08373.72 9.627e-17
08375.61 1.087e-16
08377.51 1.103e-16
08379.41 9.956e-17
08381.31 1.029e-16
08383.21 1.162e-16
08385.11 1.165e-16
08387.00 1.134e-16
08388.90 1.096e-16
08390.80 1.013e-16
08392.70 9.752e-17
08394.60 1.122e-16
08396.49 1.230e-16
08398.39 1.174e-16
08400.29 1.235e-16
08402.19 1.197e-16
08404.09 1.129e-16
08405.99 1.108e-16
08407.88 1.139e-16
08409.78 1.274e-16
08411.68 1.370e-16
08413.58 1.281e-16
08415.48 1.219e-16
08417.37 1.145e-16
08419.27 1.069e-16
08421.17 1.039e-16
08423.07 1.050e-16
08424.97 1.149e-16
08426.86 1.244e-16
08428.76 1.259e-16
08430.66 1.280e-16
08432.56 1.268e-16
08434.46 1.257e-16
08436.36 1.231e-16
08438.25 1.185e-16
08440.15 1.218e-16
08442.05 1.275e-16
08443.95 1.296e-16
08445.85 1.357e-16
08447.74 1.340e-16
08449.64 1.143e-16
08451.54 9.331e-17
08453.44 9.237e-17
08455.34 9.959e-17
08457.24 1.028e-16
08459.13 1.142e-16
08461.03 1.316e-16
08462.93 1.313e-16
08464.83 1.213e-16
08466.73 1.306e-16
08468.62 1.284e-16
08470.52 1.211e-16
08472.42 1.225e-16
08474.32 1.232e-16
08476.22 1.212e-16
08478.12 1.214e-16
08480.01 1.243e-16
08481.91 1.259e-16
08483.81 1.304e-16
08485.71 1.374e-16
08487.61 1.349e-16
08489.50 1.325e-16
08491.40 1.307e-16
08493.30 1.314e-16
08495.20 1.356e-16
08497.10 1.317e-16
08498.99 1.274e-16
08500.89 1.237e-16
08502.79 1.137e-16
08504.69 1.079e-16
08506.59 1.252e-16
08508.49 1.489e-16
08510.38 1.551e-16
08512.28 1.562e-16
08514.18 1.496e-16
08516.08 1.432e-16
08517.98 1.454e-16
08519.87 1.441e-16
08521.77 1.407e-16
08523.67 1.380e-16
08525.57 1.322e-16
08527.47 1.272e-16
08529.37 1.263e-16
08531.26 1.287e-16
08533.16 1.437e-16
08535.06 1.528e-16
08536.96 1.467e-16
08538.86 1.392e-16
08540.75 1.410e-16
08542.65 1.466e-16
08544.55 1.456e-16
08546.45 1.461e-16
08548.35 1.446e-16
08550.24 1.428e-16
08552.14 1.399e-16
08554.04 1.295e-16
08555.94 1.303e-16
08557.84 1.463e-16
08559.74 1.422e-16
08561.63 1.352e-16
08563.53 1.384e-16
08565.43 1.348e-16
08567.33 1.388e-16
08569.23 1.421e-16
08571.12 1.320e-16
08573.02 1.269e-16
08574.92 1.344e-16
08576.82 1.354e-16
08578.72 1.355e-16
08580.62 1.399e-16
08582.51 1.447e-16
08584.41 1.484e-16
08586.31 1.509e-16
08588.21 1.553e-16
08590.11 1.585e-16
08592.00 1.636e-16
08593.90 1.651e-16
08595.80 1.642e-16
08597.70 1.533e-16
08599.60 1.533e-16
08601.49 1.578e-16
08603.39 1.511e-16
08605.29 1.486e-16
08607.19 1.524e-16
08609.09 1.596e-16
08610.99 1.628e-16
08612.88 1.564e-16
08614.78 1.478e-16
08616.68 1.413e-16
08618.58 1.360e-16
08620.48 1.338e-16
08622.37 1.307e-16
08624.27 1.173e-16
08626.17 1.061e-16
08628.07 1.052e-16
08629.97 1.025e-16
08631.87 1.156e-16
08633.76 1.284e-16
08635.66 1.304e-16
08637.56 1.268e-16
08639.46 1.299e-16
08641.36 1.421e-16
08643.25 1.539e-16
08645.15 1.622e-16
08647.05 1.650e-16
08648.95 1.570e-16
08650.85 1.579e-16
08652.74 1.641e-16
08654.64 1.542e-16
08656.54 1.364e-16
08658.44 1.314e-16
08660.34 1.286e-16
08662.24 1.308e-16
08664.13 1.461e-16
08666.03 1.495e-16
08667.93 1.409e-16
08669.83 1.354e-16
08671.73 1.410e-16
08673.62 1.443e-16
08675.52 1.320e-16
08677.42 1.231e-16
08679.32 1.299e-16
08681.22 1.421e-16
08683.12 1.403e-16
08685.01 1.400e-16
08686.91 1.453e-16
08688.81 1.545e-16
08690.71 1.458e-16
08692.61 1.388e-16
08694.50 1.423e-16
08696.40 1.396e-16
08698.30 1.385e-16
08700.20 1.467e-16
08702.10 1.563e-16
08703.99 1.608e-16
08705.89 1.544e-16
08707.79 1.252e-16
08709.69 1.231e-16
08711.59 1.176e-16
08713.49 1.190e-16
08715.38 1.382e-16
08717.28 1.499e-16
08719.18 1.568e-16
08721.08 1.601e-16
08722.98 1.658e-16
08724.87 1.605e-16
08726.77 1.423e-16
08728.67 1.252e-16
08730.57 1.183e-16
08732.47 1.199e-16
08734.37 1.176e-16
08736.26 1.221e-16
08738.16 1.244e-16
08740.06 1.218e-16
08741.96 1.289e-16
08743.86 1.449e-16
08745.75 1.476e-16
08747.65 1.396e-16
08749.55 1.337e-16
08751.45 1.321e-16
08753.35 1.241e-16
08755.24 1.025e-16
08757.14 1.106e-16
08759.04 1.171e-16
08760.94 1.333e-16
08762.84 1.525e-16
08764.74 1.411e-16
08766.63 1.084e-16
08768.53 1.084e-16
08770.43 1.305e-16
08772.33 1.303e-16
08774.23 1.379e-16
08776.12 1.445e-16
08778.02 1.287e-16
08779.92 1.336e-16
08781.82 1.095e-16
08783.72 1.162e-16
08785.62 1.568e-16
08787.51 1.107e-16
08789.41 1.343e-16
08791.31 1.261e-16
08793.21 1.092e-16
08795.11 1.113e-16
08797.00 1.192e-16
08798.90 1.300e-16
08800.80 1.338e-16
08802.70 1.266e-16
08804.60 1.334e-16
08806.49 1.466e-16
08808.39 1.492e-16
08810.29 1.383e-16
08812.19 1.245e-16
08814.09 1.228e-16
08815.99 1.214e-16
08817.88 1.179e-16
08819.78 1.205e-16
08821.68 1.211e-16
08823.58 1.162e-16
08825.48 1.173e-16
08827.37 1.188e-16
08829.27 1.136e-16
08831.17 1.202e-16
08833.07 1.360e-16
08834.97 1.568e-16
08836.87 1.538e-16
08838.76 1.389e-16
08840.66 1.266e-16
08842.56 1.157e-16
08844.46 1.044e-16
08846.36 8.780e-17
08848.25 7.974e-17
08850.15 9.270e-17
08852.05 1.023e-16
08853.95 1.043e-16
08855.85 1.099e-16
08857.74 1.107e-16
08859.64 1.060e-16
08861.54 1.054e-16
08863.44 9.368e-17
08865.34 8.972e-17
08867.24 1.028e-16
08869.13 1.072e-16
08871.03 1.112e-16
08872.93 1.176e-16
08874.83 1.214e-16
08876.73 1.260e-16
08878.62 1.251e-16
08880.52 1.127e-16
08882.42 9.122e-17
08884.32 9.452e-17
08886.22 1.278e-16
08888.12 1.314e-16
08890.01 1.126e-16
08891.91 1.040e-16
08893.81 9.650e-17
08895.71 8.994e-17
08897.61 1.052e-16
08899.50 1.214e-16
08901.40 8.795e-17
08903.30 6.655e-17
08905.20 1.102e-16
08907.10 1.123e-16
08908.99 1.145e-16
08910.89 1.099e-16
08912.79 9.819e-17
08914.69 9.238e-17
08916.59 7.838e-17
08918.49 5.311e-17
08920.38 5.051e-17
08922.28 8.055e-17
08924.18 1.055e-16
08926.08 1.110e-16
08927.98 1.085e-16
08929.87 1.020e-16
08931.77 1.009e-16
08933.67 9.729e-17
08935.57 9.021e-17
08937.47 9.284e-17
08939.37 1.159e-16
08941.26 1.274e-16
08943.16 1.226e-16
08945.06 1.267e-16
08946.96 1.220e-16
08948.86 1.211e-16
08950.75 1.203e-16
08952.65 1.031e-16
08954.55 8.765e-17
08956.45 8.368e-17
08958.35 8.213e-17
08960.24 8.276e-17
08962.14 8.797e-17
08964.04 9.784e-17
08965.94 1.057e-16
08967.84 1.139e-16
08969.74 1.080e-16
08971.63 1.018e-16
08973.53 8.168e-17
08975.43 7.752e-17
08977.33 9.238e-17
08979.23 1.095e-16
08981.12 1.132e-16
08983.02 1.063e-16
08984.92 7.396e-17
08986.82 2.542e-17
08988.72 9.420e-18
08990.62 3.006e-17
08992.51 6.747e-17
08994.41 9.556e-17
08996.31 1.085e-16
08998.21 1.068e-16
09000.11 6.973e-17
09002.00 2.474e-17
09003.90 2.841e-17
09005.80 4.960e-17
09007.70 5.944e-17
09009.60 7.240e-17
09011.49 8.577e-17
09013.39 9.204e-17
09015.29 1.017e-16
09017.19 1.167e-16
09019.09 1.211e-16
09020.99 1.151e-16
09022.88 9.434e-17
09024.78 7.319e-17
09026.68 5.989e-17
09028.58 5.950e-17
09030.48 6.539e-17
09032.37 8.258e-17
09034.27 7.486e-17
09036.17 8.736e-18
