04172.00 7.349e+00
04176.00 7.069e+00
04180.00 6.830e+00
04184.00 7.018e+00
04188.00 7.146e+00
04192.00 6.882e+00
04196.00 7.047e+00
04200.00 7.159e+00
04204.00 7.070e+00
04208.00 7.252e+00
04212.00 7.323e+00
04216.00 7.176e+00
04220.00 7.151e+00
04224.00 7.408e+00
04228.00 7.627e+00
04232.00 7.581e+00
04236.00 7.643e+00
04240.00 7.455e+00
04244.00 7.262e+00
04248.00 7.249e+00
04252.00 7.260e+00
04256.00 7.209e+00
04260.00 7.193e+00
04264.00 7.273e+00
04268.00 7.406e+00
04272.00 7.400e+00
04276.00 7.188e+00
04280.00 7.097e+00
04284.00 7.213e+00
04288.00 7.205e+00
04292.00 7.175e+00
04296.00 7.241e+00
04300.00 6.981e+00
04304.00 6.899e+00
04308.00 6.953e+00
04312.00 6.906e+00
04316.00 6.769e+00
04320.00 6.580e+00
04324.00 6.406e+00
04328.00 6.344e+00
04332.00 6.344e+00
04336.00 6.185e+00
04340.00 6.161e+00
04344.00 6.190e+00
04348.00 6.230e+00
04352.00 6.272e+00
04356.00 6.080e+00
04360.00 5.983e+00
04364.00 6.070e+00
04368.00 5.881e+00
04372.00 5.759e+00
04376.00 5.947e+00
04380.00 5.898e+00
04384.00 5.780e+00
04388.00 5.828e+00
04392.00 5.856e+00
04396.00 5.745e+00
04400.00 5.686e+00
04404.00 5.781e+00
04408.00 5.731e+00
04412.00 5.790e+00
04416.00 5.925e+00
04420.00 5.766e+00
04424.00 5.582e+00
04428.00 5.613e+00
04432.00 5.796e+00
04436.00 5.899e+00
04440.00 5.829e+00
04444.00 5.953e+00
04448.00 5.946e+00
04452.00 6.058e+00
04456.00 6.156e+00
04460.00 6.178e+00
04464.00 6.208e+00
04468.00 6.268e+00
04472.00 6.309e+00
04476.00 6.423e+00
04480.00 6.610e+00
04484.00 6.751e+00
04488.00 6.782e+00
04492.00 6.908e+00
04496.00 7.062e+00
04500.00 7.111e+00
04504.00 7.140e+00
04508.00 7.300e+00
04512.00 7.434e+00
04516.00 7.434e+00
04520.00 7.436e+00
04524.00 7.649e+00
04528.00 7.725e+00
04532.00 7.740e+00
04536.00 7.876e+00
04540.00 8.047e+00
04544.00 8.103e+00
04548.00 8.057e+00
04552.00 8.017e+00
04556.00 8.261e+00
04560.00 8.356e+00
04564.00 8.365e+00
04568.00 8.521e+00
04572.00 8.720e+00
04576.00 8.764e+00
04580.00 8.836e+00
04584.00 8.930e+00
04588.00 9.080e+00
04592.00 9.157e+00
04596.00 9.256e+00
04600.00 9.187e+00
04604.00 9.137e+00
04608.00 9.269e+00
04612.00 9.334e+00
04616.00 9.294e+00
04620.00 9.330e+00
04624.00 9.186e+00
04628.00 9.334e+00
04632.00 9.336e+00
04636.00 9.272e+00
04640.00 9.268e+00
04644.00 9.263e+00
04648.00 9.251e+00
04652.00 9.046e+00
04656.00 8.956e+00
04660.00 8.854e+00
04664.00 8.751e+00
04668.00 8.664e+00
04672.00 8.551e+00
04676.00 8.418e+00
04680.00 8.292e+00
04684.00 8.158e+00
04688.00 8.150e+00
04692.00 7.908e+00
04696.00 7.820e+00
04700.00 7.705e+00
04704.00 7.576e+00
04708.00 7.440e+00
04712.00 7.318e+00
04716.00 7.221e+00
04720.00 7.017e+00
04724.00 6.879e+00
04728.00 6.736e+00
04732.00 6.660e+00
04736.00 6.408e+00
04740.00 6.267e+00
04744.00 6.185e+00
04748.00 5.943e+00
04752.00 5.723e+00
04756.00 5.602e+00
04760.00 5.503e+00
04764.00 5.414e+00
04768.00 5.340e+00
04772.00 5.247e+00
04776.00 5.100e+00
04780.00 4.934e+00
04784.00 4.867e+00
04788.00 4.928e+00
04792.00 4.857e+00
04796.00 4.767e+00
04800.00 4.695e+00
04804.00 4.692e+00
04808.00 4.700e+00
04812.00 4.701e+00
04816.00 4.647e+00
04820.00 4.555e+00
04824.00 4.605e+00
04828.00 4.601e+00
04832.00 4.624e+00
04836.00 4.594e+00
04840.00 4.590e+00
04844.00 4.605e+00
04848.00 4.656e+00
04852.00 4.715e+00
04856.00 4.741e+00
04860.00 4.841e+00
04864.00 4.739e+00
04868.00 4.851e+00
04872.00 4.857e+00
04876.00 4.856e+00
04880.00 4.862e+00
04884.00 4.797e+00
04888.00 4.741e+00
04892.00 4.842e+00
04896.00 4.868e+00
04900.00 4.895e+00
04904.00 5.011e+00
04908.00 5.089e+00
04912.00 5.090e+00
04916.00 5.070e+00
04920.00 5.073e+00
04924.00 5.124e+00
04928.00 5.227e+00
04932.00 5.191e+00
04936.00 5.246e+00
04940.00 5.315e+00
04944.00 5.330e+00
04948.00 5.310e+00
04952.00 5.330e+00
04956.00 5.404e+00
04960.00 5.462e+00
04964.00 5.464e+00
04968.00 5.425e+00
04972.00 5.408e+00
04976.00 5.424e+00
04980.00 5.435e+00
04984.00 5.384e+00
04988.00 5.344e+00
04992.00 5.406e+00
04996.00 5.506e+00
05000.00 5.518e+00
05004.00 5.433e+00
05008.00 5.330e+00
05012.00 5.358e+00
05016.00 5.421e+00
05020.00 5.415e+00
05024.00 5.396e+00
05028.00 5.442e+00
05032.00 5.443e+00
05036.00 5.477e+00
05040.00 5.511e+00
05044.00 5.544e+00
05048.00 5.578e+00
05052.00 5.612e+00
05056.00 5.612e+00
05060.00 5.610e+00
05064.00 5.593e+00
05068.00 5.680e+00
05072.00 5.634e+00
05076.00 5.699e+00
05080.00 5.748e+00
05084.00 5.728e+00
05088.00 5.772e+00
05092.00 5.866e+00
05096.00 5.924e+00
05100.00 5.963e+00
05104.00 5.986e+00
05108.00 5.989e+00
05112.00 6.117e+00
05116.00 6.257e+00
05120.00 6.228e+00
05124.00 6.189e+00
05128.00 6.219e+00
05132.00 6.223e+00
05136.00 6.235e+00
05140.00 6.390e+00
05144.00 6.423e+00
05148.00 6.479e+00
05152.00 6.473e+00
05156.00 6.468e+00
05160.00 6.530e+00
05164.00 6.588e+00
05168.00 6.578e+00
05172.00 6.594e+00
05176.00 6.582e+00
05180.00 6.582e+00
05184.00 6.628e+00
05188.00 6.674e+00
05192.00 6.709e+00
05196.00 6.731e+00
05200.00 6.740e+00
05204.00 6.757e+00
05208.00 6.806e+00
05212.00 6.845e+00
05216.00 6.867e+00
05220.00 6.902e+00
05224.00 6.974e+00
05228.00 7.038e+00
05232.00 7.118e+00
05236.00 7.195e+00
05240.00 7.198e+00
05244.00 7.285e+00
05248.00 7.380e+00
05252.00 7.387e+00
05256.00 7.428e+00
05260.00 7.563e+00
05264.00 7.630e+00
05268.00 7.631e+00
05272.00 7.667e+00
05276.00 7.684e+00
05280.00 7.800e+00
05284.00 7.773e+00
05288.00 7.767e+00
05292.00 7.808e+00
05296.00 7.821e+00
05300.00 7.881e+00
05304.00 7.964e+00
05308.00 7.948e+00
05312.00 7.927e+00
05316.00 7.914e+00
05320.00 7.972e+00
05324.00 7.946e+00
05328.00 7.918e+00
05332.00 7.950e+00
05336.00 7.966e+00
05340.00 7.955e+00
05344.00 7.977e+00
05348.00 7.906e+00
05352.00 7.919e+00
05356.00 7.954e+00
05360.00 7.994e+00
05364.00 7.963e+00
05368.00 7.890e+00
05372.00 7.840e+00
05376.00 7.802e+00
05380.00 7.741e+00
05384.00 7.757e+00
05388.00 7.802e+00
05392.00 7.711e+00
05396.00 7.650e+00
05400.00 7.660e+00
05404.00 7.636e+00
05408.00 7.546e+00
05412.00 7.463e+00
05416.00 7.420e+00
05420.00 7.424e+00
05424.00 7.445e+00
05428.00 7.368e+00
05432.00 7.266e+00
05436.00 7.241e+00
05440.00 7.223e+00
05444.00 7.143e+00
05448.00 7.072e+00
05452.00 7.069e+00
05456.00 7.106e+00
05460.00 7.106e+00
05464.00 7.109e+00
05468.00 7.063e+00
05472.00 7.035e+00
05476.00 7.052e+00
05480.00 7.050e+00
05484.00 7.013e+00
05488.00 7.048e+00
05492.00 7.016e+00
05496.00 6.999e+00
05500.00 7.041e+00
05504.00 7.052e+00
05508.00 7.018e+00
05512.00 6.955e+00
05516.00 6.892e+00
05520.00 6.872e+00
05524.00 6.862e+00
05528.00 6.876e+00
05532.00 6.819e+00
05536.00 6.795e+00
05540.00 6.811e+00
05544.00 6.826e+00
05548.00 6.795e+00
05552.00 6.731e+00
05556.00 6.710e+00
05560.00 6.640e+00
05564.00 6.542e+00
05568.00 6.452e+00
05572.00 6.382e+00
05576.00 6.353e+00
05580.00 6.330e+00
05584.00 6.281e+00
05588.00 6.222e+00
05592.00 6.165e+00
05596.00 6.084e+00
05600.00 6.032e+00
05604.00 6.001e+00
05608.00 5.932e+00
05612.00 5.851e+00
05616.00 5.808e+00
05620.00 5.693e+00
05624.00 5.421e+00
05628.00 5.384e+00
05632.00 5.601e+00
05636.00 5.548e+00
05640.00 5.392e+00
05644.00 5.302e+00
05648.00 5.270e+00
05652.00 5.243e+00
05656.00 5.204e+00
05660.00 5.126e+00
05664.00 5.037e+00
05668.00 4.953e+00
05672.00 4.854e+00
05676.00 4.879e+00
05680.00 4.876e+00
05684.00 4.740e+00
05688.00 4.588e+00
05692.00 4.593e+00
05696.00 4.731e+00
05700.00 4.738e+00
05704.00 4.814e+00
05708.00 4.800e+00
05712.00 4.828e+00
05716.00 4.811e+00
05720.00 4.773e+00
05724.00 4.843e+00
05728.00 4.967e+00
05732.00 4.969e+00
05736.00 4.935e+00
05740.00 4.981e+00
05744.00 5.071e+00
05748.00 5.134e+00
05752.00 5.204e+00
05756.00 5.273e+00
05760.00 5.320e+00
05764.00 5.396e+00
05768.00 5.443e+00
05772.00 5.471e+00
05776.00 5.532e+00
05780.00 5.546e+00
05784.00 5.602e+00
05788.00 5.681e+00
05792.00 5.774e+00
05796.00 5.899e+00
05800.00 5.949e+00
05804.00 5.974e+00
05808.00 6.121e+00
05812.00 6.200e+00
05816.00 6.242e+00
05820.00 6.324e+00
05824.00 6.422e+00
05828.00 6.468e+00
05832.00 6.498e+00
05836.00 6.612e+00
05840.00 6.669e+00
05844.00 6.762e+00
05848.00 6.804e+00
05852.00 6.838e+00
05856.00 6.917e+00
05860.00 7.003e+00
05864.00 6.998e+00
05868.00 6.910e+00
05872.00 6.916e+00
05876.00 6.869e+00
05880.00 6.862e+00
05884.00 6.762e+00
05888.00 6.680e+00
05892.00 6.681e+00
05896.00 6.722e+00
05900.00 6.749e+00
05904.00 6.765e+00
05908.00 6.834e+00
05912.00 6.716e+00
05916.00 6.608e+00
05920.00 6.572e+00
05924.00 6.557e+00
05928.00 6.572e+00
05932.00 6.624e+00
05936.00 6.646e+00
05940.00 6.605e+00
05944.00 6.523e+00
05948.00 6.519e+00
05952.00 6.487e+00
05956.00 6.512e+00
05960.00 6.514e+00
05964.00 6.500e+00
05968.00 6.496e+00
05972.00 6.437e+00
05976.00 6.394e+00
05980.00 6.366e+00
05984.00 6.350e+00
05988.00 6.311e+00
05992.00 6.233e+00
05996.00 6.207e+00
06000.00 6.208e+00
06004.00 6.149e+00
06008.00 6.101e+00
06012.00 6.160e+00
06016.00 6.086e+00
06020.00 6.047e+00
06024.00 6.028e+00
06028.00 5.975e+00
06032.00 5.942e+00
06036.00 5.944e+00
06040.00 5.905e+00
06044.00 5.827e+00
06048.00 5.780e+00
06052.00 5.759e+00
06056.00 5.747e+00
06060.00 5.722e+00
06064.00 5.714e+00
06068.00 5.733e+00
06072.00 5.739e+00
06076.00 5.699e+00
06080.00 5.648e+00
06084.00 5.653e+00
06088.00 5.615e+00
06092.00 5.576e+00
06096.00 5.518e+00
06100.00 5.457e+00
06104.00 5.384e+00
06108.00 5.319e+00
06112.00 5.310e+00
06116.00 5.275e+00
06120.00 5.207e+00
06124.00 5.142e+00
06128.00 5.067e+00
06132.00 5.014e+00
06136.00 4.944e+00
06140.00 4.847e+00
06144.00 4.775e+00
06148.00 4.755e+00
06152.00 4.771e+00
06156.00 4.728e+00
06160.00 4.633e+00
06164.00 4.574e+00
06168.00 4.544e+00
06172.00 4.531e+00
06176.00 4.497e+00
06180.00 4.426e+00
06184.00 4.413e+00
06188.00 4.421e+00
06192.00 4.422e+00
06196.00 4.201e+00
06200.00 4.025e+00
06204.00 4.135e+00
06208.00 4.285e+00
06212.00 4.253e+00
06216.00 4.220e+00
06220.00 4.201e+00
06224.00 4.183e+00
06228.00 4.114e+00
06232.00 4.059e+00
06236.00 4.066e+00
06240.00 4.094e+00
06244.00 4.103e+00
06248.00 4.117e+00
06252.00 4.153e+00
06256.00 4.126e+00
06260.00 4.148e+00
06264.00 4.216e+00
06268.00 4.236e+00
06272.00 4.283e+00
06276.00 4.320e+00
06280.00 4.319e+00
06284.00 4.357e+00
06288.00 4.454e+00
06292.00 4.531e+00
06296.00 4.579e+00
06300.00 4.599e+00
06304.00 4.694e+00
06308.00 4.754e+00
06312.00 4.723e+00
06316.00 4.713e+00
06320.00 4.796e+00
06324.00 4.839e+00
06328.00 4.870e+00
06332.00 4.877e+00
06336.00 4.931e+00
06340.00 5.009e+00
06344.00 5.015e+00
06348.00 4.986e+00
06352.00 5.018e+00
06356.00 5.074e+00
06360.00 5.057e+00
06364.00 5.145e+00
06368.00 5.193e+00
06372.00 5.207e+00
06376.00 5.206e+00
06380.00 5.210e+00
06384.00 5.220e+00
06388.00 5.236e+00
06392.00 5.269e+00
06396.00 5.302e+00
06400.00 5.317e+00
06404.00 5.270e+00
06408.00 5.257e+00
06412.00 5.247e+00
06416.00 5.233e+00
06420.00 5.239e+00
06424.00 5.262e+00
06428.00 5.287e+00
06432.00 5.253e+00
06436.00 5.236e+00
06440.00 5.221e+00
06444.00 5.215e+00
06448.00 5.184e+00
06452.00 5.180e+00
06456.00 5.177e+00
06460.00 5.079e+00
06464.00 5.047e+00
06468.00 4.988e+00
06472.00 4.940e+00
06476.00 4.879e+00
06480.00 4.886e+00
06484.00 4.920e+00
06488.00 4.924e+00
06492.00 4.913e+00
06496.00 4.894e+00
06500.00 4.809e+00
06504.00 4.890e+00
06508.00 4.881e+00
06512.00 4.913e+00
06516.00 4.885e+00
06520.00 4.839e+00
06524.00 4.864e+00
06528.00 4.925e+00
06532.00 4.951e+00
06536.00 4.908e+00
06540.00 4.940e+00
06544.00 4.928e+00
06548.00 4.905e+00
06552.00 4.929e+00
06556.00 4.962e+00
06560.00 4.971e+00
06564.00 4.972e+00
06568.00 4.914e+00
06572.00 4.858e+00
06576.00 4.921e+00
06580.00 4.946e+00
06584.00 4.855e+00
06588.00 4.781e+00
06592.00 4.781e+00
06596.00 4.799e+00
06600.00 4.839e+00
06604.00 4.956e+00
06608.00 5.046e+00
06612.00 5.067e+00
06616.00 5.092e+00
06620.00 5.133e+00
06624.00 5.187e+00
06628.00 5.199e+00
06632.00 5.169e+00
06636.00 5.202e+00
06640.00 5.220e+00
06644.00 5.209e+00
06648.00 5.264e+00
06652.00 5.293e+00
06656.00 5.287e+00
06660.00 5.292e+00
06664.00 5.319e+00
06668.00 5.315e+00
06672.00 5.255e+00
06676.00 5.254e+00
06680.00 5.296e+00
06684.00 5.317e+00
06688.00 5.280e+00
06692.00 5.221e+00
06696.00 5.239e+00
06700.00 5.289e+00
06704.00 5.235e+00
06708.00 5.193e+00
06712.00 5.161e+00
06716.00 5.131e+00
06720.00 5.148e+00
06724.00 5.196e+00
06728.00 5.152e+00
06732.00 5.050e+00
06736.00 5.027e+00
06740.00 5.057e+00
06744.00 5.014e+00
06748.00 4.953e+00
06752.00 4.910e+00
06756.00 4.878e+00
06760.00 4.854e+00
06764.00 4.874e+00
06768.00 4.881e+00
06772.00 4.828e+00
06776.00 4.833e+00
06780.00 4.758e+00
06784.00 4.759e+00
06788.00 4.755e+00
06792.00 4.731e+00
06796.00 4.680e+00
06800.00 4.650e+00
06804.00 4.639e+00
06808.00 4.603e+00
06812.00 4.596e+00
06816.00 4.561e+00
06820.00 4.569e+00
06824.00 4.513e+00
06828.00 4.512e+00
06832.00 4.530e+00
06836.00 4.480e+00
06840.00 4.404e+00
06844.00 4.410e+00
06848.00 4.431e+00
06852.00 4.412e+00
06856.00 4.367e+00
06860.00 4.364e+00
06864.00 4.413e+00
06868.00 4.388e+00
06872.00 4.263e+00
06876.00 4.209e+00
06880.00 4.321e+00
06884.00 4.358e+00
06888.00 4.341e+00
06892.00 4.307e+00
06896.00 4.321e+00
06900.00 4.368e+00
06904.00 4.353e+00
06908.00 4.325e+00
06912.00 4.381e+00
06916.00 4.376e+00
06920.00 4.295e+00
06924.00 4.315e+00
06928.00 4.335e+00
06932.00 4.293e+00
06936.00 4.283e+00
06940.00 4.300e+00
06944.00 4.290e+00
06948.00 4.290e+00
06952.00 4.290e+00
06956.00 4.287e+00
06960.00 4.322e+00
06964.00 4.335e+00
06968.00 4.325e+00
06972.00 4.320e+00
06976.00 4.327e+00
06980.00 4.360e+00
06984.00 4.425e+00
06988.00 4.409e+00
06992.00 4.408e+00
06996.00 4.470e+00
07000.00 4.484e+00
07004.00 4.455e+00
07008.00 4.455e+00
07012.00 4.496e+00
07016.00 4.526e+00
07020.00 4.528e+00
07024.00 4.494e+00
07028.00 4.511e+00
07032.00 4.605e+00
07036.00 4.624e+00
07040.00 4.590e+00
07044.00 4.591e+00
07048.00 4.626e+00
07052.00 4.608e+00
07056.00 4.531e+00
07060.00 4.569e+00
07064.00 4.588e+00
07068.00 4.556e+00
07072.00 4.515e+00
07076.00 4.518e+00
07080.00 4.537e+00
07084.00 4.540e+00
07088.00 4.558e+00
07092.00 4.560e+00
07096.00 4.549e+00
07100.00 4.544e+00
07104.00 4.605e+00
07108.00 4.614e+00
07112.00 4.552e+00
07116.00 4.521e+00
07120.00 4.544e+00
07124.00 4.501e+00
07128.00 4.387e+00
07132.00 4.445e+00
07136.00 4.480e+00
07140.00 4.422e+00
07144.00 4.391e+00
07148.00 4.373e+00
07152.00 4.327e+00
07156.00 4.311e+00
07160.00 4.342e+00
07164.00 4.305e+00
07168.00 4.276e+00
07172.00 4.248e+00
07176.00 4.172e+00
07180.00 4.129e+00
07184.00 4.170e+00
07188.00 4.210e+00
07192.00 4.154e+00
07196.00 4.086e+00
07200.00 4.179e+00
07204.00 4.184e+00
07208.00 4.135e+00
07212.00 4.153e+00
07216.00 4.248e+00
07220.00 4.237e+00
07224.00 4.141e+00
07228.00 4.264e+00
07232.00 4.379e+00
07236.00 4.255e+00
07240.00 4.145e+00
07244.00 4.177e+00
07248.00 4.178e+00
07252.00 4.139e+00
07256.00 4.130e+00
07260.00 4.126e+00
07264.00 4.118e+00
07268.00 4.188e+00
07272.00 4.146e+00
07276.00 4.097e+00
07280.00 4.074e+00
07284.00 4.068e+00
07288.00 4.081e+00
07292.00 4.093e+00
07296.00 4.072e+00
07300.00 4.043e+00
07304.00 3.963e+00
07308.00 3.965e+00
07312.00 4.065e+00
07316.00 4.055e+00
07320.00 3.993e+00
07324.00 3.953e+00
07328.00 3.928e+00
07332.00 3.941e+00
07336.00 3.984e+00
07340.00 4.007e+00
07344.00 3.985e+00
07348.00 3.963e+00
07352.00 3.934e+00
07356.00 3.920e+00
07360.00 3.919e+00
07364.00 3.896e+00
07368.00 3.864e+00
07372.00 3.908e+00
07376.00 3.934e+00
07380.00 3.932e+00
07384.00 3.856e+00
07388.00 3.853e+00
07392.00 3.885e+00
07396.00 3.861e+00
07400.00 3.845e+00
07404.00 3.885e+00
07408.00 3.877e+00
07412.00 3.841e+00
07416.00 3.860e+00
07420.00 3.897e+00
07424.00 3.907e+00
07428.00 3.899e+00
07432.00 3.883e+00
07436.00 3.853e+00
07440.00 3.860e+00
07444.00 3.868e+00
07448.00 3.862e+00
07452.00 3.839e+00
07456.00 3.828e+00
07460.00 3.875e+00
07464.00 3.915e+00
07468.00 3.867e+00
07472.00 3.791e+00
07476.00 3.785e+00
07480.00 3.814e+00
07484.00 3.784e+00
07488.00 3.779e+00
07492.00 3.813e+00
07496.00 3.795e+00
07500.00 3.736e+00
07504.00 3.721e+00
07508.00 3.703e+00
07512.00 3.672e+00
07516.00 3.711e+00
07520.00 3.739e+00
07524.00 3.726e+00
07528.00 3.682e+00
07532.00 3.622e+00
07536.00 3.588e+00
07540.00 3.611e+00
07544.00 3.626e+00
07548.00 3.597e+00
07552.00 3.600e+00
07556.00 3.565e+00
07560.00 3.572e+00
07564.00 3.580e+00
07568.00 3.537e+00
07572.00 3.490e+00
07576.00 3.497e+00
07580.00 3.510e+00
07584.00 3.514e+00
07588.00 3.517e+00
07592.00 3.525e+00
07596.00 3.519e+00
07600.00 3.627e+00
07604.00 3.806e+00
07608.00 3.783e+00
07612.00 3.502e+00
07616.00 3.432e+00
07620.00 3.564e+00
07624.00 3.686e+00
07628.00 3.704e+00
07632.00 3.683e+00
07636.00 3.670e+00
07640.00 3.649e+00
07644.00 3.623e+00
07648.00 3.636e+00
07652.00 3.652e+00
07656.00 3.634e+00
07660.00 3.539e+00
07664.00 3.483e+00
07668.00 3.463e+00
07672.00 3.447e+00
07676.00 3.467e+00
07680.00 3.550e+00
07684.00 3.604e+00
07688.00 3.515e+00
07692.00 3.487e+00
07696.00 3.501e+00
07700.00 3.482e+00
07704.00 3.456e+00
07708.00 3.470e+00
07712.00 3.508e+00
07716.00 3.536e+00
07720.00 3.567e+00
07724.00 3.600e+00
07728.00 3.571e+00
07732.00 3.487e+00
07736.00 3.428e+00
07740.00 3.417e+00
07744.00 3.424e+00
07748.00 3.457e+00
07752.00 3.552e+00
07756.00 3.619e+00
07760.00 3.570e+00
07764.00 3.455e+00
07768.00 3.426e+00
07772.00 3.464e+00
07776.00 3.435e+00
07780.00 3.374e+00
07784.00 3.418e+00
07788.00 3.474e+00
07792.00 3.495e+00
07796.00 3.549e+00
07800.00 3.534e+00
07804.00 3.443e+00
07808.00 3.410e+00
07812.00 3.444e+00
07816.00 3.496e+00
07820.00 3.587e+00
07824.00 3.600e+00
07828.00 3.527e+00
07832.00 3.446e+00
07836.00 3.387e+00
07840.00 3.398e+00
07844.00 3.480e+00
07848.00 3.575e+00
07852.00 3.606e+00
07856.00 3.562e+00
07860.00 3.547e+00
07864.00 3.484e+00
07868.00 3.475e+00
07872.00 3.466e+00
07876.00 3.492e+00
07880.00 3.577e+00
07884.00 3.618e+00
07888.00 3.573e+00
07892.00 3.595e+00
07896.00 3.454e+00
07900.00 3.328e+00
07904.00 3.384e+00
07908.00 3.472e+00
07912.00 3.485e+00
07916.00 3.464e+00
07920.00 3.468e+00
07924.00 3.464e+00
07928.00 3.414e+00
07932.00 3.343e+00
07936.00 3.346e+00
07940.00 3.359e+00
07944.00 3.340e+00
07948.00 3.335e+00
07952.00 3.325e+00
07956.00 3.304e+00
07960.00 3.336e+00
07964.00 3.280e+00
07968.00 3.200e+00
07972.00 3.165e+00
07976.00 3.188e+00
07980.00 3.298e+00
07984.00 3.364e+00
07988.00 3.347e+00
07992.00 3.310e+00
07996.00 3.201e+00
08000.00 3.152e+00
08004.00 3.099e+00
08008.00 3.028e+00
08012.00 3.037e+00
08016.00 3.095e+00
08020.00 3.096e+00
08024.00 3.036e+00
08028.00 3.001e+00
08032.00 2.980e+00
08036.00 2.888e+00
08040.00 2.851e+00
08044.00 2.875e+00
08048.00 2.846e+00
08052.00 2.831e+00
08056.00 2.848e+00
08060.00 2.840e+00
08064.00 2.810e+00
08068.00 2.756e+00
08072.00 2.640e+00
08076.00 2.632e+00
08080.00 2.639e+00
08084.00 2.614e+00
08088.00 2.628e+00
08092.00 2.666e+00
08096.00 2.635e+00
08100.00 2.559e+00
08104.00 2.535e+00
08108.00 2.465e+00
08112.00 2.392e+00
08116.00 2.386e+00
08120.00 2.378e+00
08124.00 2.328e+00
08128.00 2.292e+00
08132.00 2.308e+00
08136.00 2.304e+00
08140.00 2.227e+00
08144.00 2.170e+00
08148.00 2.178e+00
08152.00 2.196e+00
08156.00 2.142e+00
08160.00 2.101e+00
08164.00 2.149e+00
08168.00 2.178e+00
08172.00 2.125e+00
08176.00 2.140e+00
08180.00 2.118e+00
08184.00 2.002e+00
08188.00 1.973e+00
08192.00 1.966e+00
08196.00 1.945e+00
08200.00 1.963e+00
08204.00 1.976e+00
08208.00 1.957e+00
08212.00 1.957e+00
08216.00 1.919e+00
08220.00 1.899e+00
08224.00 1.906e+00
08228.00 1.882e+00
08232.00 1.827e+00
08236.00 1.805e+00
08240.00 1.840e+00
08244.00 1.920e+00
08248.00 1.851e+00
08252.00 1.882e+00
08256.00 1.859e+00
08260.00 1.809e+00
08264.00 1.776e+00
08268.00 1.755e+00
08272.00 1.765e+00
08276.00 1.853e+00
08280.00 1.884e+00
08284.00 1.832e+00
08288.00 1.889e+00
08292.00 1.870e+00
08296.00 1.759e+00
08300.00 1.721e+00
08304.00 1.789e+00
08308.00 1.808e+00
08312.00 1.780e+00
08316.00 1.841e+00
08320.00 1.908e+00
08324.00 1.884e+00
08328.00 1.827e+00
08332.00 1.822e+00
08336.00 1.804e+00
08340.00 1.721e+00
08344.00 1.699e+00
08348.00 1.776e+00
08352.00 1.856e+00
08356.00 1.921e+00
08360.00 1.888e+00
08364.00 1.816e+00
08368.00 1.795e+00
08372.00 1.792e+00
08376.00 1.752e+00
08380.00 1.777e+00
08384.00 1.893e+00
08388.00 1.865e+00
08392.00 1.875e+00
08396.00 1.861e+00
08400.00 1.754e+00
08404.00 1.735e+00
08408.00 1.867e+00
08412.00 1.928e+00
08416.00 1.894e+00
08420.00 1.968e+00
08424.00 1.951e+00
08428.00 1.964e+00
08432.00 1.979e+00
08436.00 1.989e+00
08440.00 1.962e+00
08444.00 1.901e+00
08448.00 1.908e+00
08452.00 1.980e+00
08456.00 1.970e+00
08460.00 2.070e+00
08464.00 2.148e+00
08468.00 2.131e+00
08472.00 2.129e+00
08476.00 2.171e+00
08480.00 2.162e+00
08484.00 2.126e+00
08488.00 2.187e+00
08492.00 2.253e+00
08496.00 2.261e+00
08500.00 2.284e+00
08504.00 2.321e+00
08508.00 2.321e+00
08512.00 2.302e+00
08516.00 2.320e+00
08520.00 2.316e+00
08524.00 2.240e+00
08528.00 2.284e+00
08532.00 2.407e+00
08536.00 2.435e+00
08540.00 2.458e+00
08544.00 2.520e+00
08548.00 2.540e+00
08552.00 2.508e+00
08556.00 2.481e+00
08560.00 2.523e+00
08564.00 2.547e+00
08568.00 2.595e+00
08572.00 2.669e+00
08576.00 2.715e+00
08580.00 2.733e+00
08584.00 2.760e+00
08588.00 2.771e+00
08592.00 2.740e+00
08596.00 2.711e+00
08600.00 2.690e+00
08604.00 2.721e+00
08608.00 2.805e+00
08612.00 2.917e+00
08616.00 2.963e+00
08620.00 2.910e+00
08624.00 2.921e+00
08628.00 2.962e+00
08632.00 3.007e+00
08636.00 2.873e+00
08640.00 2.856e+00
08644.00 2.918e+00
08648.00 2.967e+00
08652.00 3.020e+00
08656.00 3.090e+00
08660.00 3.124e+00
08664.00 3.071e+00
08668.00 2.977e+00
08672.00 2.942e+00
08676.00 2.919e+00
08680.00 2.912e+00
08684.00 2.965e+00
08688.00 3.035e+00
08692.00 3.043e+00
08696.00 3.107e+00
08700.00 3.035e+00
08704.00 3.102e+00
08708.00 3.035e+00
08712.00 2.977e+00
08716.00 2.976e+00
08720.00 2.949e+00
08724.00 2.926e+00
08728.00 3.033e+00
08732.00 3.178e+00
08736.00 3.199e+00
08740.00 3.131e+00
08744.00 3.099e+00
08748.00 3.017e+00
08752.00 2.877e+00
08756.00 2.799e+00
08760.00 2.850e+00
08764.00 2.964e+00
08768.00 3.062e+00
08772.00 3.051e+00
08776.00 3.111e+00
08780.00 3.104e+00
08784.00 3.014e+00
08788.00 2.909e+00
08792.00 2.825e+00
08796.00 2.787e+00
08800.00 2.877e+00
08804.00 2.871e+00
08808.00 2.905e+00
08812.00 2.928e+00
08816.00 2.974e+00
08820.00 3.032e+00
08824.00 2.984e+00
08828.00 2.827e+00
08832.00 2.750e+00
08836.00 2.704e+00
08840.00 2.742e+00
08844.00 2.882e+00
08848.00 3.012e+00
08852.00 3.031e+00
08856.00 2.923e+00
08860.00 2.806e+00
08864.00 2.773e+00
08868.00 2.751e+00
08872.00 2.765e+00
08876.00 2.773e+00
08880.00 2.772e+00
08884.00 2.764e+00
08888.00 2.745e+00
08892.00 2.752e+00
08896.00 2.760e+00
08900.00 2.687e+00
08904.00 2.582e+00
08908.00 2.497e+00
08912.00 2.440e+00
08916.00 2.486e+00
08920.00 2.542e+00
08924.00 2.605e+00
08928.00 2.677e+00
08932.00 2.694e+00
08936.00 2.642e+00
08940.00 2.649e+00
08944.00 2.634e+00
08948.00 2.466e+00
08952.00 2.330e+00
08956.00 2.337e+00
08960.00 2.385e+00
08964.00 2.465e+00
08968.00 2.597e+00
08972.00 2.561e+00
08976.00 2.339e+00
08980.00 2.358e+00
08984.00 2.385e+00
08988.00 2.397e+00
08992.00 2.360e+00
08996.00 2.296e+00
09000.00 2.276e+00
09004.00 2.341e+00
09008.00 2.448e+00
09012.00 2.387e+00
09016.00 2.437e+00
09020.00 2.513e+00
09024.00 2.426e+00
09028.00 2.279e+00
09032.00 2.190e+00
09036.00 2.173e+00
09040.00 2.238e+00
09044.00 2.372e+00
09048.00 2.378e+00
09052.00 2.223e+00
09056.00 2.138e+00
09060.00 2.091e+00
09064.00 2.084e+00
09068.00 2.188e+00
09072.00 2.355e+00
09076.00 2.388e+00
09080.00 2.272e+00
09084.00 2.263e+00
09088.00 2.229e+00
09092.00 2.155e+00
09096.00 2.124e+00
09100.00 2.127e+00
09104.00 2.144e+00
09108.00 2.189e+00
09112.00 2.212e+00
09116.00 2.165e+00
09120.00 2.155e+00
09124.00 2.235e+00
09128.00 2.376e+00
09132.00 2.455e+00
09136.00 2.377e+00
09140.00 2.211e+00
09144.00 2.109e+00
09148.00 2.097e+00
09152.00 2.301e+00
09156.00 2.413e+00
09160.00 2.346e+00
09164.00 2.236e+00
09168.00 2.183e+00
09172.00 2.229e+00
09176.00 2.337e+00
09180.00 2.384e+00
09184.00 2.276e+00
09188.00 2.185e+00
09192.00 2.170e+00
09196.00 2.180e+00
09200.00 2.176e+00
09204.00 2.197e+00
09208.00 2.310e+00
09212.00 2.457e+00
09216.00 2.452e+00
09220.00 2.333e+00
09224.00 2.306e+00
09228.00 2.210e+00
09232.00 2.181e+00
09236.00 2.225e+00
09240.00 2.309e+00
09244.00 2.354e+00
09248.00 2.299e+00
09252.00 2.237e+00
09256.00 2.251e+00
09260.00 2.232e+00
09264.00 2.164e+00
09268.00 2.055e+00
09272.00 1.994e+00
09276.00 2.021e+00
09280.00 2.094e+00
09284.00 2.161e+00
09288.00 2.184e+00
09292.00 2.063e+00
09296.00 2.018e+00
09300.00 2.065e+00
09304.00 2.005e+00
09308.00 1.910e+00
09312.00 1.905e+00
09316.00 1.922e+00
09320.00 1.868e+00
09324.00 1.909e+00
09328.00 1.963e+00
09332.00 2.000e+00
09336.00 2.014e+00
09340.00 2.092e+00
09344.00 2.095e+00
09348.00 1.939e+00
09352.00 1.792e+00
09356.00 1.769e+00
09360.00 1.678e+00
09364.00 1.728e+00
09368.00 2.039e+00
09372.00 2.069e+00
09376.00 2.054e+00
09380.00 2.166e+00
09384.00 2.103e+00
09388.00 1.727e+00
09392.00 1.558e+00
09396.00 1.717e+00
09400.00 1.878e+00
09404.00 1.999e+00
09408.00 1.985e+00
09412.00 1.878e+00
09416.00 1.809e+00
09420.00 1.806e+00
09424.00 1.798e+00
09428.00 1.889e+00
09432.00 1.891e+00
09436.00 1.812e+00
09440.00 1.830e+00
09444.00 1.866e+00
09448.00 1.791e+00
09452.00 1.641e+00
09456.00 1.601e+00
09460.00 1.739e+00
09464.00 1.730e+00
09468.00 1.734e+00
09472.00 1.761e+00
09476.00 1.871e+00
09480.00 1.943e+00
09484.00 1.851e+00
09488.00 1.743e+00
09492.00 1.883e+00
09496.00 2.187e+00
09500.00 2.268e+00
09504.00 2.019e+00
09508.00 1.767e+00
09512.00 1.739e+00
09516.00 1.864e+00
09520.00 1.975e+00
09524.00 1.967e+00
09528.00 1.851e+00
09532.00 1.783e+00
09536.00 1.839e+00
09540.00 1.893e+00
09544.00 1.929e+00
09548.00 2.021e+00
09552.00 1.896e+00
09556.00 1.738e+00
09560.00 1.835e+00
09564.00 1.825e+00
09568.00 1.731e+00
09572.00 1.756e+00
09576.00 1.719e+00
09580.00 1.730e+00
09584.00 1.873e+00
09588.00 2.030e+00
09592.00 2.022e+00
09596.00 1.865e+00
09600.00 1.769e+00
09604.00 1.730e+00
09608.00 1.598e+00
09612.00 1.580e+00
09616.00 1.694e+00
09620.00 1.848e+00
09624.00 1.915e+00
09628.00 1.854e+00
09632.00 1.764e+00
09636.00 1.756e+00
09640.00 1.829e+00
09644.00 1.755e+00
09648.00 1.616e+00
09652.00 1.624e+00
09656.00 1.684e+00
09660.00 1.766e+00
09664.00 1.847e+00
09668.00 1.755e+00
09672.00 1.670e+00
09676.00 1.566e+00
09680.00 1.607e+00
09684.00 1.661e+00
09688.00 1.715e+00
09692.00 1.775e+00
09696.00 1.801e+00
09700.00 1.772e+00
09704.00 1.730e+00
09708.00 1.649e+00
09712.00 1.642e+00
09716.00 1.639e+00
09720.00 1.586e+00
09724.00 1.639e+00
09728.00 1.723e+00
09732.00 1.736e+00
09736.00 1.726e+00
09740.00 1.668e+00
09744.00 1.697e+00
09748.00 1.705e+00
09752.00 1.713e+00
09756.00 1.788e+00
09760.00 1.793e+00
09764.00 1.707e+00
09768.00 1.656e+00
09772.00 1.650e+00
09776.00 1.547e+00
09780.00 1.635e+00
09784.00 1.694e+00
09788.00 1.627e+00
09792.00 1.604e+00
09796.00 1.666e+00
09800.00 1.736e+00
09804.00 1.759e+00
09808.00 1.732e+00
09812.00 1.653e+00
09816.00 1.597e+00
09820.00 1.590e+00
09824.00 1.649e+00
09828.00 1.702e+00
09832.00 1.681e+00
09836.00 1.686e+00
09840.00 1.764e+00
09844.00 1.710e+00
09848.00 1.776e+00
09852.00 1.648e+00
09856.00 1.615e+00
09860.00 1.520e+00
09864.00 1.562e+00
09868.00 1.678e+00
09872.00 1.660e+00
09876.00 1.573e+00
09880.00 1.583e+00
09884.00 1.552e+00
09888.00 1.639e+00
09892.00 1.616e+00
09896.00 1.647e+00
09900.00 1.674e+00
09904.00 1.662e+00
09908.00 1.652e+00
09912.00 1.575e+00
09916.00 1.385e+00
09920.00 1.512e+00
09924.00 1.582e+00
09928.00 1.520e+00
09932.00 1.620e+00
09936.00 1.641e+00
09940.00 1.479e+00
09944.00 1.421e+00
09948.00 1.517e+00
09952.00 1.675e+00
09956.00 1.754e+00
09960.00 1.651e+00
09964.00 1.483e+00
09968.00 1.352e+00
09972.00 1.481e+00
09976.00 1.621e+00
09980.00 1.433e+00
09984.00 1.447e+00
09988.00 1.446e+00
09992.00 1.468e+00
09996.00 1.435e+00
10000.00 1.438e+00
10004.00 1.599e+00
10008.00 1.597e+00
10012.00 1.377e+00
10016.00 1.435e+00
10020.00 1.624e+00
10024.00 1.528e+00
10028.00 1.379e+00
10032.00 1.400e+00
10036.00 1.377e+00
10040.00 1.319e+00
10044.00 1.413e+00
10048.00 1.556e+00
10052.00 1.435e+00
10056.00 1.349e+00
10060.00 1.433e+00
10064.00 1.392e+00
10068.00 1.426e+00
10072.00 1.519e+00
10076.00 1.455e+00
10080.00 1.313e+00
10084.00 1.341e+00
10088.00 1.387e+00
10092.00 1.320e+00
10096.00 1.412e+00
10100.00 1.429e+00
10104.00 1.352e+00
10108.00 1.319e+00
10112.00 1.299e+00
10116.00 1.240e+00
10120.00 1.197e+00
10124.00 1.142e+00
10128.00 1.345e+00
10132.00 1.392e+00
10136.00 1.221e+00
10140.00 1.201e+00
10144.00 1.386e+00
10148.00 1.478e+00
10152.00 1.283e+00
10156.00 1.046e+00
10160.00 1.192e+00
10164.00 1.383e+00
10168.00 1.321e+00
10172.00 1.139e+00
10176.00 1.079e+00
10180.00 1.234e+00
10184.00 1.344e+00
10188.00 1.256e+00
10192.00 1.266e+00
10196.00 1.284e+00
10200.00 1.429e+00
10204.00 1.581e+00
10208.00 1.476e+00
10212.00 1.410e+00
10216.00 1.385e+00
10220.00 1.267e+00
10224.00 1.148e+00
10228.00 1.085e+00
10232.00 1.102e+00
10236.00 9.833e-01
10240.00 1.095e+00
10244.00 1.223e+00
10248.00 1.400e+00
10252.00 1.457e+00
10256.00 1.340e+00
10260.00 1.304e+00
10264.00 1.180e+00
10268.00 1.223e+00
10272.00 1.339e+00
10276.00 1.464e+00
10280.00 1.500e+00
10284.00 1.491e+00
10288.00 1.369e+00
10292.00 1.227e+00
10296.00 1.380e+00
10300.00 1.415e+00
10304.00 1.472e+00
10308.00 1.614e+00
10312.00 1.474e+00
10316.00 1.298e+00
10320.00 1.314e+00
10324.00 1.461e+00
10328.00 1.510e+00
10332.00 1.379e+00
10336.00 1.578e+00
10340.00 1.657e+00
10344.00 1.512e+00
10348.00 1.421e+00
10352.00 1.656e+00
10356.00 1.836e+00
10360.00 1.744e+00
10364.00 1.723e+00
10368.00 1.711e+00
10372.00 1.597e+00
10376.00 1.366e+00
10380.00 1.694e+00
10384.00 1.695e+00
10388.00 1.639e+00
10392.00 1.753e+00
10396.00 1.734e+00
10400.00 1.632e+00
10404.00 1.839e+00
10408.00 1.838e+00
10412.00 1.785e+00
10416.00 1.901e+00
10420.00 2.027e+00
10424.00 2.072e+00
10428.00 2.079e+00
10432.00 2.040e+00
10436.00 1.895e+00
10440.00 1.822e+00
10444.00 1.158e+00
10448.00 1.354e+00
10452.00 1.890e+00
10456.00 1.906e+00
10460.00 1.648e+00
10464.00 1.589e+00
10468.00 1.600e+00
10472.00 1.624e+00
10476.00 1.784e+00
10480.00 2.010e+00
10484.00 2.077e+00
10488.00 1.982e+00
10492.00 2.034e+00
10496.00 2.087e+00
10500.00 1.857e+00
10504.00 1.663e+00
10508.00 1.993e+00
10512.00 1.766e+00
10516.00 1.756e+00
10520.00 2.005e+00
10524.00 2.003e+00
10528.00 1.937e+00
10532.00 2.031e+00
10536.00 2.125e+00
10540.00 2.029e+00
10544.00 1.607e+00
10548.00 1.853e+00
10552.00 1.961e+00
10556.00 1.906e+00
10560.00 1.838e+00
10564.00 2.020e+00
10568.00 2.269e+00
10572.00 2.233e+00
10576.00 2.056e+00
10580.00 1.482e+00
10584.00 1.727e+00
10588.00 1.925e+00
10592.00 1.910e+00
10596.00 1.970e+00
10600.00 2.126e+00
10604.00 2.133e+00
10608.00 1.986e+00
10612.00 1.942e+00
10616.00 1.634e+00
10620.00 1.735e+00
10624.00 2.145e+00
10628.00 2.159e+00
10632.00 2.045e+00
10636.00 2.116e+00
10640.00 2.095e+00
10644.00 1.851e+00
10648.00 2.042e+00
10652.00 2.307e+00
10656.00 2.058e+00
10660.00 1.776e+00
10664.00 1.715e+00
10668.00 1.808e+00
10672.00 1.881e+00
10676.00 1.902e+00
10680.00 1.987e+00
10684.00 2.084e+00
10688.00 1.808e+00
10692.00 1.694e+00
10696.00 1.697e+00
10700.00 1.715e+00
10704.00 1.924e+00
10708.00 2.242e+00
10712.00 2.309e+00
10716.00 2.187e+00
10720.00 2.002e+00
10724.00 2.246e+00
10728.00 2.126e+00
10732.00 1.810e+00
10736.00 1.842e+00
10740.00 2.070e+00
10744.00 1.994e+00
10748.00 1.705e+00
10752.00 1.746e+00
10756.00 1.994e+00
10760.00 1.923e+00
10764.00 1.817e+00
10768.00 1.810e+00
10772.00 1.973e+00
10776.00 2.337e+00
10780.00 2.495e+00
10784.00 2.023e+00
10788.00 2.005e+00
10792.00 1.291e+00
10796.00 1.391e+00
10800.00 1.908e+00
