04915.00 3.562e-20
04916.20 2.865e-20
04917.41 1.957e-20
04918.61 3.206e-20
04919.82 4.445e-20
04921.02 7.600e-21
04922.23 5.070e-21
04923.43 5.133e-21
04924.64 1.528e-20
04925.84 2.403e-20
04927.05 9.178e-21
04928.25 -7.809e-21
04929.46 1.523e-21
04930.66 -7.097e-21
04931.86 -1.169e-20
04933.07 -1.797e-20
04934.27 4.326e-20
04935.48 1.559e-20
04936.68 5.301e-22
04937.89 1.893e-20
04939.09 1.044e-20
04940.30 -1.357e-20
04941.50 -3.866e-21
04942.71 -2.652e-20
04943.91 -6.808e-22
04945.12 2.050e-20
04946.32 -6.344e-21
04947.52 2.167e-20
04948.73 -3.536e-21
04949.93 -7.792e-21
04951.14 -1.201e-20
04952.34 1.352e-21
04953.55 -6.759e-21
04954.75 1.278e-20
04955.96 -2.996e-20
04957.16 -1.883e-20
04958.37 -6.943e-21
04959.57 2.956e-20
04960.78 2.782e-20
04961.98 1.454e-20
04963.18 2.427e-21
04964.39 3.338e-20
04965.59 1.525e-20
04966.80 -1.523e-20
04968.00 -2.475e-20
04969.21 -4.644e-20
04970.41 2.964e-21
04971.62 4.158e-21
04972.82 -1.064e-20
04974.03 2.978e-20
04975.23 -1.283e-21
04976.44 2.179e-20
04977.64 1.036e-20
04978.84 -2.372e-20
04980.05 7.775e-21
04981.25 1.405e-20
04982.46 3.422e-20
04983.66 2.649e-20
04984.87 1.325e-20
04986.07 1.197e-20
04987.28 1.516e-20
04988.48 6.898e-21
04989.69 1.057e-21
04990.89 1.385e-20
04992.10 1.497e-21
04993.30 6.262e-21
04994.50 1.096e-20
04995.71 3.624e-21
04996.91 -8.486e-21
04998.12 -1.712e-20
04999.32 -2.838e-20
05000.53 4.658e-21
05001.73 1.471e-20
05002.94 1.898e-20
05004.14 -8.562e-21
05005.35 -1.197e-20
05006.55 -2.244e-20
05007.76 -5.341e-21
05008.96 1.175e-20
05010.16 -4.014e-21
05011.37 1.672e-20
05012.57 2.747e-20
05013.78 -1.158e-20
05014.98 -1.449e-20
05016.19 1.655e-20
05017.39 1.196e-20
05018.60 3.346e-20
05019.80 2.704e-20
05021.01 1.235e-20
05022.21 -2.116e-20
05023.42 -1.669e-20
05024.62 -2.315e-20
05025.82 -2.688e-20
05027.03 2.796e-20
05028.23 3.728e-20
05029.44 1.341e-20
05030.64 2.641e-20
05031.85 5.114e-21
05033.05 -2.803e-21
05034.26 -2.762e-21
05035.46 -1.141e-20
05036.67 -2.063e-20
05037.87 -2.695e-20
05039.08 -8.936e-21
05040.28 -6.685e-21
05041.48 -1.589e-20
05042.69 1.588e-20
05043.89 1.736e-20
05045.10 -4.640e-21
05046.30 2.103e-20
05047.51 3.296e-20
05048.71 3.957e-20
05049.92 1.008e-20
05051.12 1.164e-20
05052.33 1.159e-20
05053.53 -1.553e-21
05054.74 1.366e-20
05055.94 1.444e-20
05057.14 -1.679e-21
05058.35 5.088e-21
05059.55 2.216e-20
05060.76 1.623e-20
05061.96 -3.207e-21
05063.17 1.849e-21
05064.37 7.848e-21
05065.58 6.013e-21
05066.78 1.637e-21
05067.99 -5.149e-21
05069.19 9.702e-22
05070.40 1.023e-20
05071.60 1.075e-20
05072.80 -9.029e-22
05074.01 -7.124e-21
05075.21 -9.169e-21
05076.42 -1.231e-20
05077.62 -9.680e-21
05078.83 1.747e-20
05080.03 2.131e-20
05081.24 9.390e-21
05082.44 1.981e-20
05083.65 4.007e-20
05084.85 2.805e-20
05086.06 -6.605e-21
05087.26 -1.060e-21
05088.46 1.659e-20
05089.67 -1.853e-21
05090.87 -1.912e-20
05092.08 -2.189e-22
05093.28 -1.239e-20
05094.49 -1.616e-20
05095.69 8.045e-21
05096.90 -5.586e-21
05098.10 -1.817e-20
05099.31 -8.144e-21
05100.51 -2.066e-20
05101.72 -1.108e-20
05102.92 8.233e-21
05104.12 1.393e-20
05105.33 -1.028e-20
05106.53 -7.566e-21
05107.74 1.522e-20
05108.94 3.171e-21
05110.15 -2.398e-20
05111.35 -2.126e-20
05112.56 2.590e-21
05113.76 3.431e-21
05114.97 -6.774e-21
05116.17 -1.734e-20
05117.38 3.850e-21
05118.58 3.715e-21
05119.78 5.327e-21
05120.99 1.217e-20
05122.19 -2.803e-21
05123.40 1.660e-20
05124.60 -2.628e-21
05125.81 -1.446e-20
05127.01 1.740e-20
05128.22 2.710e-20
05129.42 -8.734e-21
05130.63 -2.097e-20
05131.83 -5.927e-21
05133.04 -4.369e-21
05134.24 1.351e-20
05135.44 1.833e-21
05136.65 1.050e-20
05137.85 1.375e-21
05139.06 1.091e-20
05140.26 2.086e-20
05141.47 1.979e-20
05142.67 7.902e-21
05143.88 1.838e-20
05145.08 7.586e-21
05146.29 -8.256e-21
05147.49 -1.304e-21
05148.70 1.573e-21
05149.90 4.005e-21
05151.10 -3.587e-21
05152.31 -1.475e-20
05153.51 4.890e-21
05154.72 2.902e-21
05155.92 4.125e-21
05157.13 1.880e-20
05158.33 7.060e-21
05159.54 -7.899e-22
05160.74 -3.667e-21
05161.95 4.404e-21
05163.15 6.662e-21
05164.36 1.093e-20
05165.56 2.696e-20
05166.76 1.750e-20
05167.97 -1.694e-20
05169.17 -1.974e-20
05170.38 -2.640e-20
05171.58 -6.856e-21
05172.79 1.420e-20
05173.99 -6.838e-21
05175.20 1.000e-21
05176.40 -1.632e-20
05177.61 -1.031e-20
05178.81 2.127e-20
05180.02 3.844e-20
05181.22 5.863e-21
05182.42 1.106e-20
05183.63 2.137e-20
05184.83 1.656e-20
05186.04 1.773e-20
05187.24 1.543e-20
05188.45 -1.232e-20
05189.65 -1.556e-21
05190.86 2.346e-21
05192.06 -4.124e-22
05193.27 -9.864e-22
05194.47 -9.581e-21
05195.68 -3.921e-20
05196.88 -1.823e-21
05198.08 -2.757e-20
05199.29 -1.886e-20
05200.49 3.317e-21
05201.70 1.910e-20
05202.90 2.082e-20
05204.11 8.932e-21
05205.31 -1.589e-20
05206.52 -2.681e-20
05207.72 -3.771e-20
05208.93 -2.526e-21
05210.13 -4.884e-21
05211.34 2.778e-21
05212.54 1.834e-20
05213.74 2.006e-20
05214.95 1.655e-20
05216.15 -2.927e-21
05217.36 -2.173e-20
05218.56 -1.675e-20
05219.77 -3.952e-21
05220.97 -2.754e-21
05222.18 6.437e-21
05223.38 1.543e-20
05224.59 1.121e-22
05225.79 1.624e-20
05227.00 1.022e-20
05228.20 -6.606e-21
05229.40 -1.958e-20
05230.61 -1.282e-20
05231.81 -1.967e-20
05233.02 -1.595e-20
05234.22 7.070e-21
05235.43 1.164e-20
05236.63 6.569e-21
05237.84 1.588e-20
05239.04 3.544e-21
05240.25 -2.167e-20
05241.45 -3.136e-21
05242.66 1.125e-20
05243.86 1.459e-20
05245.06 1.066e-20
05246.27 2.208e-20
05247.47 1.946e-20
05248.68 -1.055e-20
05249.88 7.033e-21
05251.09 4.609e-22
05252.29 1.950e-21
05253.50 4.997e-21
05254.70 7.794e-21
05255.91 1.504e-20
05257.11 -5.561e-21
05258.32 -1.823e-20
05259.52 -1.320e-20
05260.72 -6.467e-21
05261.93 2.141e-20
05263.13 2.454e-20
05264.34 3.023e-20
05265.54 8.843e-21
05266.75 9.396e-21
05267.95 7.193e-21
05269.16 -3.135e-21
05270.36 -4.233e-22
05271.57 4.205e-21
05272.77 -2.964e-21
05273.98 9.653e-21
05275.18 -4.416e-21
05276.38 -2.107e-20
05277.59 -6.553e-21
05278.79 -3.939e-22
05280.00 -2.267e-21
05281.20 4.943e-21
05282.41 -2.840e-21
05283.61 -1.387e-22
05284.82 1.600e-21
05286.02 -1.710e-20
05287.23 -9.545e-21
05288.43 -1.284e-20
05289.64 -8.525e-21
05290.84 -1.330e-20
05292.04 -9.511e-22
05293.25 5.788e-21
05294.45 -1.572e-20
05295.66 -2.680e-20
05296.86 -1.192e-20
05298.07 -9.821e-21
05299.27 6.926e-21
05300.48 9.719e-22
05301.68 7.466e-21
05302.89 5.374e-21
05304.09 4.151e-21
05305.30 2.271e-21
05306.50 -1.333e-20
05307.70 -1.689e-20
05308.91 -4.677e-21
05310.11 3.481e-21
05311.32 1.427e-20
05312.52 1.573e-20
05313.73 1.461e-20
05314.93 2.358e-20
05316.14 -6.719e-22
05317.34 2.739e-21
05318.55 5.968e-21
05319.75 3.278e-21
05320.96 1.887e-20
05322.16 1.277e-20
05323.36 -1.257e-21
05324.57 5.196e-21
05325.77 9.851e-21
05326.98 -1.698e-20
05328.18 -1.469e-20
05329.39 1.310e-20
05330.59 -2.102e-21
05331.80 -1.011e-20
05333.00 -1.670e-21
05334.21 1.413e-20
05335.41 1.609e-20
05336.62 6.804e-21
05337.82 1.144e-20
05339.02 3.247e-21
05340.23 -9.151e-21
05341.43 -1.982e-21
05342.64 7.394e-21
05343.84 1.415e-21
05345.05 6.398e-21
05346.25 1.848e-20
05347.46 1.179e-20
05348.66 1.919e-20
05349.87 9.501e-21
05351.07 -1.807e-21
05352.28 1.645e-23
05353.48 -1.312e-21
05354.68 2.879e-21
05355.89 -1.493e-21
05357.09 1.360e-22
05358.30 3.392e-20
05359.50 2.598e-20
05360.71 1.909e-20
05361.91 6.499e-21
05363.12 -2.498e-20
05364.32 -1.551e-20
05365.53 7.663e-21
05366.73 1.055e-20
05367.94 9.117e-21
05369.14 -8.938e-21
05370.34 -2.441e-20
05371.55 -9.774e-21
05372.75 5.291e-21
05373.96 1.557e-21
05375.16 2.348e-20
05376.37 1.075e-21
05377.57 -2.547e-21
05378.78 2.034e-20
05379.98 1.923e-20
05381.19 1.613e-20
05382.39 1.434e-21
05383.60 3.216e-21
05384.80 2.094e-20
05386.00 2.422e-20
05387.21 2.413e-20
05388.41 1.736e-20
05389.62 8.736e-21
05390.82 -5.525e-21
05392.03 -3.485e-21
05393.23 -5.662e-21
05394.44 -9.885e-21
05395.64 -5.954e-21
05396.85 6.491e-21
05398.05 -9.103e-21
05399.26 -1.082e-20
05400.46 5.111e-21
05401.66 -5.166e-21
05402.87 -1.186e-20
05404.07 -2.785e-21
05405.28 1.726e-20
05406.48 1.498e-20
05407.69 -1.135e-20
05408.89 -1.681e-20
05410.10 -1.050e-20
05411.30 -1.235e-20
05412.51 8.915e-21
05413.71 -8.780e-21
05414.92 1.379e-21
05416.12 1.875e-20
05417.32 1.043e-20
05418.53 7.825e-21
05419.73 -4.021e-21
05420.94 1.840e-21
05422.14 9.958e-21
05423.35 1.734e-20
05424.55 1.310e-20
05425.76 -1.879e-21
05426.96 -1.106e-20
05428.17 -9.858e-22
05429.37 1.094e-20
05430.58 1.691e-20
05431.78 1.127e-21
05432.98 8.835e-21
05434.19 6.266e-21
05435.39 9.175e-21
05436.60 1.812e-20
05437.80 1.374e-20
05439.01 1.603e-20
05440.21 2.070e-20
05441.42 1.217e-20
05442.62 1.443e-20
05443.83 1.367e-20
05445.03 2.610e-20
05446.24 2.219e-20
05447.44 6.067e-21
05448.64 5.857e-21
05449.85 -1.044e-20
05451.05 -5.890e-21
05452.26 -1.653e-21
05453.46 -1.035e-20
05454.67 -1.708e-20
05455.87 -6.523e-21
05457.08 7.966e-21
05458.28 1.708e-20
05459.49 7.386e-21
05460.69 7.429e-21
05461.90 -6.347e-21
05463.10 -1.411e-20
05464.30 -6.098e-23
05465.51 -5.184e-21
05466.71 -4.827e-21
05467.92 5.767e-21
05469.12 9.331e-21
05470.33 3.527e-21
05471.53 1.433e-20
05472.74 1.756e-20
05473.94 1.298e-20
05475.15 2.705e-20
05476.35 1.669e-21
05477.56 -1.981e-21
05478.76 5.908e-22
05479.96 3.960e-21
05481.17 6.985e-21
05482.37 -1.670e-20
05483.58 6.269e-21
05484.78 1.086e-20
05485.99 1.102e-20
05487.19 -3.058e-21
05488.40 -1.634e-21
05489.60 1.265e-20
05490.81 7.080e-21
05492.01 -7.519e-21
05493.22 1.908e-20
05494.42 3.534e-20
05495.62 1.748e-20
05496.83 1.496e-21
05498.03 1.205e-20
05499.24 -1.832e-22
05500.44 1.276e-20
05501.65 6.587e-21
05502.85 -1.566e-20
05504.06 -3.866e-21
05505.26 9.999e-21
05506.47 -5.068e-22
05507.67 6.747e-21
05508.88 4.989e-21
05510.08 -1.085e-20
05511.28 6.858e-22
05512.49 -7.193e-21
05513.69 1.063e-21
05514.90 3.704e-21
05516.10 6.864e-21
05517.31 2.525e-20
05518.51 4.691e-21
05519.72 1.299e-20
05520.92 -5.658e-21
05522.13 1.831e-20
05523.33 5.413e-21
05524.54 -2.416e-20
05525.74 -8.850e-21
05526.94 -6.212e-22
05528.15 -4.669e-21
05529.35 -5.499e-21
05530.56 2.210e-21
05531.76 1.703e-21
05532.97 -4.474e-21
05534.17 -3.079e-21
05535.38 -4.163e-21
05536.58 -1.552e-21
05537.79 8.019e-22
05538.99 -3.065e-21
05540.20 8.703e-21
05541.40 2.074e-20
05542.60 -5.250e-21
05543.81 -7.260e-22
05545.01 -5.280e-21
05546.22 -3.718e-21
05547.42 1.798e-21
05548.63 3.317e-21
05549.83 -2.683e-21
05551.04 -1.271e-20
05552.24 2.392e-20
05553.45 1.039e-20
05554.65 1.587e-20
05555.86 1.959e-20
05557.06 1.174e-20
05558.26 1.998e-20
05559.47 5.733e-21
05560.67 -1.296e-20
05561.88 -1.287e-20
05563.08 -1.023e-21
05564.29 -7.568e-21
05565.49 -2.819e-20
05566.70 -2.438e-20
05567.90 -8.943e-21
05569.11 -1.056e-20
05570.31 -9.359e-21
05571.52 -1.732e-20
05572.72 -1.641e-20
05573.92 -1.513e-20
05575.13 -1.408e-20
05576.33 -1.294e-20
05577.54 -1.221e-20
05578.74 -9.421e-21
05579.95 3.088e-21
05581.15 7.687e-21
05582.36 8.634e-22
05583.56 1.346e-20
05584.77 -2.842e-21
05585.97 2.927e-21
05587.18 -3.887e-21
05588.38 -1.166e-20
05589.58 -3.081e-21
05590.79 2.000e-21
05591.99 -2.252e-22
05593.20 -2.698e-21
05594.40 -3.310e-21
05595.61 -2.985e-21
05596.81 -2.379e-20
05598.02 -2.284e-20
05599.22 2.449e-21
05600.43 -1.242e-20
05601.63 -5.822e-21
05602.84 -2.156e-20
05604.04 -5.688e-21
05605.24 2.654e-21
05606.45 -7.697e-21
05607.65 -1.363e-21
05608.86 -3.842e-21
05610.06 -1.231e-21
05611.27 4.632e-21
05612.47 -1.690e-21
05613.68 -1.077e-23
05614.88 -4.659e-21
05616.09 -6.520e-21
05617.29 -6.826e-21
05618.50 -1.211e-21
05619.70 -9.882e-21
05620.90 -7.125e-21
05622.11 7.437e-22
05623.31 -2.380e-21
05624.52 1.048e-20
05625.72 -1.381e-20
05626.93 -6.310e-21
05628.13 -5.844e-21
05629.34 -1.738e-20
05630.54 -9.227e-21
05631.75 -8.235e-21
05632.95 -7.361e-21
05634.16 -9.846e-21
05635.36 -1.359e-21
05636.56 7.434e-21
05637.77 2.756e-21
05638.97 7.082e-21
05640.18 1.743e-20
05641.38 2.834e-21
05642.59 1.377e-20
05643.79 -4.657e-21
05645.00 2.459e-21
05646.20 2.163e-20
05647.41 -8.369e-22
05648.61 -8.693e-21
05649.82 -3.161e-21
05651.02 -2.998e-21
05652.22 -4.989e-21
05653.43 -1.333e-20
05654.63 -3.148e-22
05655.84 -4.458e-21
05657.04 9.273e-22
05658.25 -2.625e-21
05659.45 -6.167e-21
05660.66 -9.833e-21
05661.86 -1.247e-20
05663.07 -1.763e-21
05664.27 -2.800e-21
05665.48 -5.907e-21
05666.68 -4.629e-21
05667.88 -1.073e-21
05669.09 3.485e-21
05670.29 1.541e-20
05671.50 3.597e-22
05672.70 -3.029e-21
05673.91 1.072e-20
05675.11 1.041e-20
05676.32 2.417e-21
05677.52 6.756e-21
05678.73 2.264e-20
05679.93 6.433e-21
05681.14 -1.396e-20
05682.34 -3.679e-21
05683.54 -8.404e-21
05684.75 -2.044e-21
05685.95 5.600e-21
05687.16 5.198e-22
05688.36 -8.688e-21
05689.57 1.340e-21
05690.77 5.219e-21
05691.98 -3.655e-21
05693.18 2.417e-22
05694.39 5.005e-21
05695.59 -1.121e-20
05696.80 -2.038e-20
05698.00 -4.556e-21
05699.20 1.022e-20
05700.41 9.037e-21
05701.61 1.295e-20
05702.82 5.389e-21
05704.02 -1.010e-20
05705.23 -9.591e-22
05706.43 1.494e-20
05707.64 1.103e-20
05708.84 3.145e-22
05710.05 -1.912e-21
05711.25 1.736e-21
05712.46 -8.746e-21
05713.66 -1.860e-20
05714.86 -5.474e-21
05716.07 1.181e-21
05717.27 1.284e-20
05718.48 1.451e-20
05719.68 1.011e-20
05720.89 9.065e-21
05722.09 -9.855e-21
05723.30 -1.507e-20
05724.50 7.668e-21
05725.71 -6.093e-21
05726.91 4.032e-21
05728.12 1.380e-20
05729.32 -6.239e-21
05730.52 -1.544e-20
05731.73 -5.321e-21
05732.93 -5.011e-21
05734.14 -1.305e-20
05735.34 -5.309e-21
05736.55 -8.411e-21
05737.75 -9.630e-21
05738.96 -4.630e-21
05740.16 2.313e-21
05741.37 3.657e-21
05742.57 6.707e-21
05743.78 -1.437e-21
05744.98 2.522e-21
05746.18 1.354e-20
05747.39 -1.132e-20
05748.59 -1.207e-20
05749.80 2.527e-21
05751.00 -1.449e-21
05752.21 5.903e-21
05753.41 8.879e-21
05754.62 7.357e-21
05755.82 4.366e-21
05757.03 5.670e-21
05758.23 1.024e-20
05759.44 1.206e-20
05760.64 1.137e-20
05761.84 4.890e-21
05763.05 5.836e-21
05764.25 1.139e-20
05765.46 5.919e-23
05766.66 1.024e-20
05767.87 1.680e-21
05769.07 8.853e-21
05770.28 8.310e-21
05771.48 -4.318e-21
05772.69 -2.071e-21
05773.89 -1.078e-20
05775.10 -6.267e-21
05776.30 1.978e-21
05777.50 1.924e-22
05778.71 -1.339e-20
05779.91 -3.182e-21
05781.12 -1.582e-21
05782.32 -3.369e-21
05783.53 -4.887e-21
05784.73 1.311e-21
05785.94 1.034e-21
05787.14 -1.435e-20
05788.35 6.483e-21
05789.55 9.055e-21
05790.76 -1.420e-23
05791.96 -4.860e-21
05793.16 4.846e-21
05794.37 -6.394e-21
05795.57 -1.810e-20
05796.78 -7.959e-21
05797.98 6.288e-21
05799.19 2.403e-21
05800.39 -1.134e-20
05801.60 -1.674e-20
05802.80 8.235e-21
05804.01 6.432e-22
05805.21 1.225e-20
05806.42 -1.059e-20
05807.62 8.937e-21
05808.82 2.320e-20
05810.03 -5.690e-22
05811.23 1.390e-21
05812.44 2.714e-21
05813.64 7.775e-22
05814.85 -3.738e-21
05816.05 -1.528e-20
05817.26 -1.487e-20
05818.46 3.400e-21
05819.67 -3.159e-22
05820.87 -1.420e-20
05822.08 9.914e-21
05823.28 -1.441e-21
05824.48 9.748e-21
05825.69 3.474e-21
05826.89 2.561e-21
05828.10 1.378e-20
05829.30 -1.187e-21
05830.51 1.488e-21
05831.71 -1.437e-21
05832.92 -5.126e-21
05834.12 -7.615e-21
05835.33 -3.964e-22
05836.53 -4.793e-21
05837.74 1.307e-20
05838.94 4.713e-21
05840.14 1.302e-20
05841.35 2.149e-20
05842.55 5.328e-21
05843.76 -7.106e-21
05844.96 7.718e-22
05846.17 1.197e-20
05847.37 1.539e-20
05848.58 1.625e-20
05849.78 -3.002e-21
05850.99 1.459e-21
05852.19 4.193e-21
05853.40 4.049e-21
05854.60 1.120e-20
05855.80 1.774e-21
05857.01 7.560e-21
05858.21 -4.322e-21
05859.42 -7.824e-21
05860.62 7.560e-21
05861.83 2.852e-20
05863.03 2.478e-21
05864.24 1.513e-20
05865.44 5.810e-21
05866.65 5.099e-22
05867.85 9.375e-21
05869.06 2.363e-20
05870.26 7.244e-21
05871.46 -1.531e-20
05872.67 -8.917e-21
05873.87 2.249e-20
05875.08 5.799e-21
05876.28 -1.060e-20
05877.49 8.493e-22
05878.69 1.051e-20
05879.90 1.939e-20
05881.10 2.008e-20
05882.31 4.459e-21
05883.51 -1.262e-22
05884.72 -8.106e-21
05885.92 1.533e-21
05887.12 4.145e-21
05888.33 6.141e-21
05889.53 8.252e-21
05890.74 1.124e-20
05891.94 9.127e-21
05893.15 7.090e-21
05894.35 3.397e-20
05895.56 1.328e-20
05896.76 8.096e-21
05897.97 1.613e-20
05899.17 1.137e-20
05900.38 2.502e-20
05901.58 2.888e-20
05902.78 2.625e-20
05903.99 1.931e-20
05905.19 3.595e-20
05906.40 4.669e-20
05907.60 3.769e-20
05908.81 2.263e-20
05910.01 8.550e-21
05911.22 5.855e-21
05912.42 -5.351e-21
05913.63 6.477e-21
05914.83 2.436e-20
05916.04 1.226e-20
05917.24 -4.594e-21
05918.44 -5.888e-21
05919.65 -2.307e-21
05920.85 -2.232e-21
05922.06 1.052e-20
05923.26 6.708e-21
05924.47 -4.036e-21
05925.67 1.118e-20
05926.88 9.107e-21
05928.08 5.603e-21
05929.29 5.007e-21
05930.49 2.049e-20
05931.70 2.864e-20
05932.90 1.465e-20
05934.10 3.938e-21
05935.31 8.249e-21
05936.51 7.938e-21
05937.72 2.292e-21
05938.92 1.110e-20
05940.13 5.673e-21
05941.33 -3.768e-21
05942.54 5.430e-21
05943.74 -2.912e-21
05944.95 -2.129e-21
05946.15 1.561e-20
05947.36 1.079e-20
05948.56 2.655e-21
05949.76 9.095e-21
05950.97 -1.465e-21
05952.17 7.161e-21
05953.38 1.636e-20
05954.58 7.628e-21
05955.79 1.389e-21
05956.99 2.313e-21
05958.20 1.426e-20
05959.40 2.111e-20
05960.61 9.851e-21
05961.81 1.792e-20
05963.02 1.187e-20
05964.22 6.709e-21
05965.42 1.283e-20
05966.63 3.009e-20
05967.83 1.875e-20
05969.04 1.149e-20
05970.24 -2.822e-21
05971.45 -1.704e-20
05972.65 -5.865e-21
05973.86 8.906e-21
05975.06 2.335e-20
05976.27 1.834e-20
05977.47 8.218e-21
05978.68 -7.213e-21
05979.88 2.263e-21
05981.08 2.196e-20
05982.29 1.598e-20
05983.49 3.989e-21
05984.70 1.022e-20
05985.90 8.391e-21
05987.11 8.099e-21
05988.31 1.594e-20
05989.52 6.033e-21
05990.72 -3.755e-21
05991.93 3.925e-21
05993.13 6.269e-21
05994.34 -3.506e-21
05995.54 4.218e-21
05996.74 1.582e-20
05997.95 2.113e-20
05999.15 3.247e-20
06000.36 2.457e-20
06001.56 1.260e-20
06002.77 -1.250e-20
06003.97 -5.005e-21
06005.18 1.699e-20
06006.38 -7.027e-23
06007.59 -1.207e-20
06008.79 -1.830e-20
06010.00 -1.389e-21
06011.20 9.964e-21
06012.40 4.841e-21
06013.61 7.930e-21
06014.81 8.880e-21
06016.02 -7.573e-21
06017.22 -7.144e-21
06018.43 1.253e-20
06019.63 1.466e-20
06020.84 1.063e-20
06022.04 5.468e-21
06023.25 4.720e-21
06024.45 7.404e-21
06025.66 8.568e-21
06026.86 1.132e-20
06028.06 5.098e-21
06029.27 3.156e-21
06030.47 -1.189e-22
06031.68 2.414e-21
06032.88 -6.915e-22
06034.09 -9.735e-21
06035.29 -1.695e-20
06036.50 -3.796e-21
06037.70 1.050e-20
06038.91 7.014e-21
06040.11 2.535e-21
06041.32 2.372e-21
06042.52 7.324e-21
06043.72 -5.094e-21
06044.93 -1.894e-20
06046.13 -8.114e-21
06047.34 -4.341e-21
06048.54 -5.720e-21
06049.75 4.173e-21
06050.95 1.863e-20
06052.16 2.255e-20
06053.36 1.017e-20
06054.57 2.180e-21
06055.77 5.367e-21
06056.98 3.968e-21
06058.18 7.036e-21
06059.38 6.867e-21
06060.59 5.327e-21
06061.79 1.532e-20
06063.00 5.960e-21
06064.20 -2.772e-21
06065.41 3.492e-21
06066.61 1.061e-20
06067.82 1.122e-20
06069.02 2.831e-21
06070.23 -6.447e-21
06071.43 -5.380e-21
06072.64 -4.373e-21
06073.84 1.826e-21
06075.04 1.327e-21
06076.25 -1.013e-20
06077.45 6.171e-22
06078.66 1.354e-21
06079.86 -1.190e-21
06081.07 1.020e-21
06082.27 -2.051e-21
06083.48 3.072e-21
06084.68 1.512e-21
06085.89 1.638e-20
06087.09 1.337e-20
06088.30 1.945e-21
06089.50 2.401e-21
06090.70 -6.970e-22
06091.91 1.126e-21
06093.11 -2.505e-21
06094.32 -3.139e-21
06095.52 6.204e-21
06096.73 3.015e-21
06097.93 -2.086e-21
06099.14 1.653e-20
06100.34 9.819e-21
06101.55 1.662e-20
06102.75 2.399e-21
06103.96 9.612e-21
06105.16 7.786e-21
06106.36 7.237e-22
06107.57 9.585e-21
06108.77 3.749e-21
06109.98 7.540e-22
06111.18 3.197e-21
06112.39 1.219e-20
06113.59 -1.137e-22
06114.80 2.439e-22
06116.00 5.751e-21
06117.21 -2.482e-21
06118.41 -6.319e-21
06119.62 4.176e-21
06120.82 4.634e-21
06122.02 -7.228e-21
06123.23 -1.301e-20
06124.43 -1.110e-20
06125.64 -7.148e-21
06126.84 -1.053e-20
06128.05 3.702e-21
06129.25 1.038e-20
06130.46 1.072e-20
06131.66 4.921e-21
06132.87 1.943e-22
06134.07 -9.696e-21
06135.28 2.339e-22
06136.48 4.169e-21
06137.68 1.633e-20
06138.89 1.007e-20
06140.09 1.529e-21
06141.30 -7.904e-21
06142.50 2.868e-21
06143.71 1.058e-20
06144.91 1.300e-21
06146.12 -1.525e-21
06147.32 2.636e-21
06148.53 2.727e-21
06149.73 1.110e-20
06150.94 -2.510e-21
06152.14 -4.525e-21
06153.34 -2.480e-21
06154.55 7.898e-21
06155.75 -1.497e-21
06156.96 -1.719e-21
06158.16 6.642e-21
06159.37 2.419e-22
06160.57 1.560e-21
06161.78 -1.663e-20
06162.98 -6.678e-22
06164.19 1.734e-22
06165.39 -9.479e-21
06166.60 -1.231e-20
06167.80 -1.583e-20
06169.00 1.287e-21
06170.21 1.240e-20
06171.41 -3.205e-21
06172.62 1.426e-20
06173.82 2.543e-20
06175.03 1.827e-20
06176.23 1.185e-20
06177.44 1.584e-20
06178.64 9.762e-21
06179.85 -5.860e-21
06181.05 -1.998e-20
06182.26 -1.142e-20
06183.46 2.410e-21
06184.66 8.055e-21
06185.87 4.460e-21
06187.07 8.030e-21
06188.28 1.414e-20
06189.48 2.581e-21
06190.69 -8.874e-21
06191.89 -2.099e-20
06193.10 -9.508e-21
06194.30 -5.897e-21
06195.51 3.070e-21
06196.71 8.697e-21
06197.92 1.054e-20
06199.12 -1.979e-21
06200.32 1.516e-21
06201.53 5.944e-21
06202.73 -4.200e-21
06203.94 1.060e-20
06205.14 7.926e-21
06206.35 1.334e-20
06207.55 -1.175e-20
06208.76 -1.041e-20
06209.96 -4.488e-21
06211.17 1.491e-21
06212.37 2.075e-21
06213.58 5.932e-21
06214.78 -6.071e-21
06215.98 -2.088e-21
06217.19 5.984e-21
06218.39 1.066e-20
06219.60 7.283e-21
06220.80 -1.006e-20
06222.01 5.022e-21
06223.21 -9.889e-21
06224.42 8.408e-22
06225.62 1.694e-20
06226.83 1.772e-20
06228.03 2.468e-20
06229.24 7.292e-21
06230.44 7.595e-21
06231.65 -2.121e-22
06232.85 -6.364e-21
06234.05 1.637e-21
06235.26 -1.300e-21
06236.46 -7.254e-21
06237.67 2.303e-20
06238.87 2.423e-20
06240.08 -2.603e-22
06241.28 9.185e-21
06242.49 7.374e-21
06243.69 2.525e-21
06244.90 -4.440e-22
06246.10 9.555e-21
06247.31 -4.311e-21
06248.51 -2.826e-21
06249.71 1.106e-20
06250.92 1.588e-20
06252.12 -1.891e-21
06253.33 -5.054e-21
06254.53 -5.714e-21
06255.74 5.065e-21
06256.94 3.171e-20
06258.15 2.670e-20
06259.35 1.059e-20
06260.56 1.162e-20
06261.76 9.183e-21
06262.97 8.101e-21
06264.17 7.091e-21
06265.37 1.186e-21
06266.58 1.788e-21
06267.78 1.228e-20
06268.99 1.367e-20
06270.19 2.505e-20
06271.40 2.797e-20
06272.60 2.334e-20
06273.81 2.670e-20
06275.01 2.787e-20
06276.22 1.875e-20
06277.42 3.721e-20
06278.63 2.614e-20
06279.83 2.807e-20
06281.03 3.578e-20
06282.24 4.029e-20
06283.44 3.407e-20
06284.65 3.481e-20
06285.85 4.914e-20
06287.06 4.462e-20
06288.26 2.561e-20
06289.47 2.542e-20
06290.67 4.287e-20
06291.88 3.829e-20
06293.08 3.313e-20
06294.29 4.220e-20
06295.49 5.449e-20
06296.69 4.347e-20
06297.90 2.847e-20
06299.10 3.568e-20
06300.31 4.136e-20
06301.51 4.416e-20
06302.72 4.800e-20
06303.92 5.122e-20
06305.13 6.564e-20
06306.33 7.237e-20
06307.54 6.587e-20
06308.74 5.680e-20
06309.95 5.556e-20
06311.15 6.372e-20
06312.35 4.616e-20
06313.56 3.425e-20
06314.76 3.925e-20
06315.97 5.160e-20
06317.17 5.374e-20
06318.38 5.803e-20
06319.58 5.666e-20
06320.79 6.182e-20
06321.99 6.674e-20
06323.20 6.740e-20
06324.40 5.901e-20
06325.61 5.397e-20
06326.81 5.525e-20
06328.01 5.421e-20
06329.22 4.810e-20
06330.42 4.171e-20
06331.63 5.058e-20
06332.83 5.280e-20
06334.04 4.228e-20
06335.24 3.902e-20
06336.45 4.719e-20
06337.65 4.202e-20
06338.86 3.880e-20
06340.06 4.239e-20
06341.27 4.659e-20
06342.47 4.092e-20
06343.67 4.517e-20
06344.88 3.705e-20
06346.08 2.407e-20
06347.29 2.282e-20
06348.49 3.155e-20
06349.70 3.834e-20
06350.90 3.755e-20
06352.11 4.220e-20
06353.31 4.644e-20
06354.52 4.462e-20
06355.72 5.550e-20
06356.93 4.760e-20
06358.13 4.867e-20
06359.33 6.288e-20
06360.54 5.174e-20
06361.74 4.489e-20
06362.95 4.750e-20
06364.15 4.852e-20
06365.36 4.921e-20
06366.56 5.458e-20
06367.77 5.346e-20
06368.97 4.184e-20
06370.18 4.722e-20
06371.38 4.671e-20
06372.59 4.170e-20
06373.79 4.277e-20
06374.99 3.550e-20
06376.20 3.215e-20
06377.40 4.787e-20
06378.61 6.212e-20
06379.81 5.198e-20
06381.02 3.606e-20
06382.22 4.141e-20
06383.43 5.565e-20
06384.63 5.260e-20
06385.84 5.525e-20
06387.04 3.355e-20
06388.25 3.509e-20
06389.45 3.240e-20
06390.65 3.844e-20
06391.86 4.137e-20
06393.06 3.257e-20
06394.27 3.128e-20
06395.47 3.084e-20
06396.68 3.080e-20
06397.88 3.206e-20
06399.09 1.801e-20
06400.29 2.730e-20
06401.50 1.337e-20
06402.70 1.368e-20
06403.91 1.453e-20
06405.11 2.785e-20
06406.31 3.076e-20
06407.52 3.493e-20
06408.72 2.950e-20
06409.93 2.251e-20
06411.13 1.547e-20
06412.34 1.830e-20
06413.54 2.853e-20
06414.75 2.433e-20
06415.95 2.243e-20
06417.16 1.892e-20
06418.36 3.522e-22
06419.57 1.964e-20
06420.77 3.646e-20
06421.97 2.798e-20
06423.18 2.154e-20
06424.38 1.742e-20
06425.59 1.710e-20
06426.79 1.230e-20
06428.00 4.348e-21
06429.20 1.689e-20
06430.41 1.462e-20
06431.61 1.078e-20
06432.82 1.864e-20
06434.02 1.349e-20
06435.23 2.594e-20
06436.43 1.392e-20
06437.63 2.448e-20
06438.84 2.398e-20
06440.04 -8.373e-23
06441.25 2.883e-21
06442.45 1.850e-21
06443.66 -1.986e-21
06444.86 6.947e-21
06446.07 3.677e-21
06447.27 -9.160e-21
06448.48 -2.511e-21
06449.68 7.512e-21
06450.89 1.256e-20
06452.09 2.185e-20
06453.29 2.056e-20
06454.50 3.323e-21
06455.70 -2.346e-21
06456.91 9.936e-21
06458.11 5.489e-21
06459.32 3.348e-22
06460.52 1.875e-20
06461.73 7.608e-21
06462.93 -1.422e-21
06464.14 2.644e-20
06465.34 2.004e-20
06466.55 9.379e-21
06467.75 2.029e-20
06468.95 1.863e-20
06470.16 1.869e-20
06471.36 -8.297e-21
06472.57 6.667e-22
06473.77 2.986e-21
06474.98 2.124e-20
06476.18 5.502e-21
06477.39 1.452e-20
06478.59 1.415e-20
06479.80 1.653e-20
06481.00 4.922e-21
06482.21 -4.408e-21
06483.41 4.096e-21
06484.61 4.007e-21
06485.82 3.140e-21
06487.02 6.987e-21
06488.23 -2.983e-21
06489.43 -5.215e-21
06490.64 1.534e-20
06491.84 2.074e-20
06493.05 9.622e-21
06494.25 8.871e-21
06495.46 2.250e-20
06496.66 1.528e-20
06497.87 5.778e-22
06499.07 1.026e-20
06500.27 -9.982e-22
06501.48 1.862e-20
06502.68 1.075e-20
06503.89 1.146e-20
06505.09 1.558e-20
06506.30 6.071e-21
06507.50 1.191e-20
06508.71 2.096e-20
06509.91 1.272e-20
06511.12 2.086e-20
06512.32 2.435e-20
06513.53 1.355e-20
06514.73 3.730e-21
06515.93 -2.232e-21
06517.14 2.148e-20
06518.34 2.507e-20
06519.55 2.139e-20
06520.75 2.587e-20
06521.96 2.361e-20
06523.16 1.429e-20
06524.37 2.657e-20
06525.57 6.881e-21
06526.78 3.329e-21
06527.98 7.481e-21
06529.19 -1.762e-20
06530.39 -1.557e-20
06531.59 -1.761e-21
06532.80 2.346e-20
06534.00 1.707e-20
06535.21 1.851e-20
06536.41 2.238e-20
06537.62 1.587e-20
06538.82 1.553e-20
06540.03 2.159e-20
06541.23 1.024e-20
06542.44 1.254e-23
06543.64 1.195e-20
06544.85 2.880e-20
06546.05 2.201e-20
06547.25 1.163e-20
06548.46 1.570e-20
06549.66 6.554e-21
06550.87 -4.414e-21
06552.07 -5.174e-21
06553.28 2.128e-20
06554.48 1.560e-20
06555.69 -4.726e-22
06556.89 4.060e-21
06558.10 1.667e-20
06559.30 6.334e-21
06560.51 3.790e-21
06561.71 -5.915e-21
06562.91 -1.402e-20
06564.12 -4.309e-21
06565.32 3.401e-21
06566.53 2.441e-20
06567.73 2.214e-20
06568.94 9.902e-21
06570.14 2.257e-21
06571.35 1.001e-20
06572.55 1.510e-20
06573.76 1.101e-20
06574.96 2.032e-21
06576.17 1.838e-20
06577.37 2.645e-20
06578.57 2.293e-20
06579.78 4.147e-20
06580.98 6.068e-20
06582.19 3.691e-20
06583.39 7.997e-21
06584.60 -5.959e-21
06585.80 -9.027e-21
06587.01 5.340e-21
06588.21 1.752e-20
06589.42 3.998e-21
06590.62 -1.827e-21
06591.83 1.125e-21
06593.03 1.039e-21
06594.23 3.144e-21
06595.44 4.729e-21
06596.64 3.488e-21
06597.85 9.168e-22
06599.05 3.443e-21
06600.26 6.403e-21
06601.46 8.989e-21
06602.67 1.222e-20
06603.87 2.096e-20
06605.08 1.142e-20
06606.28 -1.174e-21
06607.49 4.903e-21
06608.69 1.403e-21
06609.89 -2.325e-21
06611.10 9.712e-21
06612.30 6.399e-21
06613.51 4.497e-21
06614.71 1.110e-21
06615.92 1.536e-21
06617.12 1.381e-21
06618.33 5.925e-21
06619.53 9.896e-21
06620.74 9.873e-21
06621.94 4.802e-21
06623.15 2.492e-21
06624.35 5.727e-21
06625.55 8.172e-21
06626.76 1.512e-20
06627.96 2.086e-20
06629.17 2.863e-20
06630.37 1.470e-20
06631.58 1.179e-20
06632.78 2.056e-20
06633.99 1.279e-20
06635.19 7.109e-21
06636.40 1.345e-20
06637.60 2.034e-20
06638.81 3.965e-21
06640.01 -9.881e-21
06641.21 8.053e-21
06642.42 2.071e-20
06643.62 1.551e-20
06644.83 1.246e-20
06646.03 3.334e-21
06647.24 6.945e-21
06648.44 2.035e-20
06649.65 4.236e-21
06650.85 2.760e-21
06652.06 1.021e-20
06653.26 9.467e-21
06654.47 1.581e-20
06655.67 1.382e-20
06656.87 1.101e-20
06658.08 1.727e-20
06659.28 9.390e-21
06660.49 -6.524e-22
06661.69 2.772e-22
06662.90 9.787e-21
06664.10 1.421e-20
06665.31 6.354e-21
06666.51 5.983e-22
06667.72 -5.663e-21
06668.92 6.854e-22
06670.13 3.117e-21
06671.33 -4.738e-22
06672.53 1.273e-20
06673.74 1.656e-20
06674.94 2.755e-21
06676.15 3.228e-21
06677.35 2.245e-21
06678.56 4.827e-21
06679.76 1.315e-20
06680.97 3.900e-21
06682.17 -7.745e-21
06683.38 -8.964e-22
06684.58 -2.901e-21
06685.79 1.052e-20
06686.99 1.068e-20
06688.19 6.057e-21
06689.40 1.160e-20
06690.60 4.249e-21
06691.81 7.363e-21
06693.01 -3.572e-21
06694.22 1.147e-20
06695.42 7.506e-21
06696.63 -2.524e-21
06697.83 3.024e-21
06699.04 1.525e-20
06700.24 1.112e-20
06701.45 1.942e-20
06702.65 7.531e-21
06703.85 1.205e-20
06705.06 1.803e-20
06706.26 1.057e-20
06707.47 1.149e-20
06708.67 1.021e-20
06709.88 6.012e-21
06711.08 4.147e-21
06712.29 5.989e-21
06713.49 3.139e-21
06714.70 1.234e-20
06715.90 3.700e-21
06717.11 4.864e-21
06718.31 -2.412e-21
06719.51 -4.898e-21
06720.72 8.214e-21
06721.92 -1.733e-21
06723.13 -6.177e-21
06724.33 5.557e-21
06725.54 9.003e-21
06726.74 -7.866e-22
06727.95 -2.259e-21
06729.15 -6.308e-21
06730.36 -2.291e-21
06731.56 -9.240e-21
06732.77 -1.397e-21
06733.97 2.848e-21
06735.17 2.923e-22
06736.38 -3.342e-21
06737.58 -1.712e-21
06738.79 -1.746e-21
06739.99 5.053e-21
06741.20 -6.577e-21
06742.40 -1.126e-20
06743.61 -3.793e-21
06744.81 1.253e-20
06746.02 1.703e-21
06747.22 2.551e-20
06748.43 5.340e-20
06749.63 9.016e-20
06750.83 6.880e-20
06752.04 2.998e-20
06753.24 -2.329e-21
06754.45 -1.423e-22
06755.65 2.278e-21
06756.86 1.850e-21
06758.06 1.119e-20
06759.27 9.065e-21
06760.47 6.946e-21
06761.68 2.601e-20
06762.88 3.381e-20
06764.09 5.987e-20
06765.29 4.803e-20
06766.49 7.765e-21
06767.70 9.873e-21
06768.90 3.123e-21
06770.11 1.222e-20
06771.31 -2.104e-21
06772.52 5.531e-21
06773.72 7.587e-21
06774.93 4.038e-21
06776.13 -5.362e-21
06777.34 6.766e-21
06778.54 -1.452e-20
06779.75 -1.976e-20
06780.95 2.554e-21
06782.15 -7.178e-22
06783.36 1.182e-20
06784.56 -1.009e-20
06785.77 -1.649e-20
06786.97 -5.210e-22
06788.18 -3.339e-21
06789.38 -4.549e-22
06790.59 8.840e-21
06791.79 5.063e-21
06793.00 6.997e-21
06794.20 8.225e-21
06795.41 6.647e-21
06796.61 1.401e-20
06797.81 -5.605e-23
06799.02 3.873e-21
06800.22 -7.354e-21
06801.43 5.478e-21
06802.63 8.150e-21
06803.84 9.453e-21
06805.04 1.467e-21
06806.25 1.424e-21
06807.45 -6.530e-21
06808.66 -1.539e-20
06809.86 -4.138e-21
06811.07 1.655e-21
06812.27 3.762e-21
06813.47 9.288e-21
06814.68 3.436e-21
06815.88 1.024e-21
06817.09 -2.914e-21
06818.29 1.664e-20
06819.50 7.400e-22
06820.70 -1.200e-20
06821.91 4.580e-21
06823.11 5.903e-21
06824.32 1.158e-20
06825.52 -2.788e-21
06826.73 -1.551e-20
06827.93 8.251e-21
06829.13 6.040e-21
06830.34 3.886e-21
06831.54 -7.139e-21
06832.75 -4.239e-21
06833.95 3.856e-22
06835.16 3.422e-21
06836.36 3.350e-21
06837.57 3.725e-21
06838.77 6.839e-21
06839.98 -7.258e-22
06841.18 -1.082e-20
06842.39 -8.513e-22
06843.59 -1.160e-21
06844.79 -5.760e-21
06846.00 -1.098e-20
06847.20 -3.024e-21
06848.41 5.030e-21
06849.61 -8.215e-21
06850.82 -7.315e-21
06852.02 -3.290e-21
06853.23 -5.506e-21
06854.43 6.469e-21
06855.64 3.155e-21
06856.84 -2.552e-21
06858.05 -2.722e-21
06859.25 -2.186e-21
06860.45 -8.000e-22
06861.66 -1.014e-20
06862.86 1.345e-20
06864.07 2.644e-20
06865.27 -9.872e-21
06866.48 -1.093e-20
06867.68 -6.966e-21
06868.89 -2.145e-20
06870.09 -2.011e-20
06871.30 1.469e-20
06872.50 -1.506e-20
06873.71 -7.443e-21
06874.91 9.043e-21
06876.11 1.524e-20
06877.32 4.248e-21
06878.52 -2.432e-21
06879.73 -8.488e-22
06880.93 -1.091e-20
06882.14 5.538e-21
06883.34 6.543e-21
06884.55 -1.945e-21
06885.75 2.668e-21
06886.96 7.178e-21
06888.16 2.534e-20
06889.37 2.624e-20
06890.57 -2.287e-21
06891.77 -2.057e-20
06892.98 -7.136e-21
06894.18 5.126e-21
06895.39 1.280e-20
06896.59 2.002e-21
06897.80 6.650e-21
06899.00 1.600e-20
06900.21 1.176e-20
06901.41 -2.524e-21
06902.62 7.311e-22
06903.82 3.539e-21
06905.03 -3.897e-21
06906.23 -1.645e-20
06907.43 -8.236e-21
06908.64 -4.066e-21
06909.84 6.768e-21
06911.05 1.570e-20
06912.25 2.123e-20
06913.46 5.376e-21
06914.66 -5.217e-21
06915.87 1.110e-20
06917.07 1.527e-20
06918.28 -3.794e-21
06919.48 3.200e-21
06920.69 9.328e-21
06921.89 1.220e-20
06923.09 1.714e-20
06924.30 1.704e-20
06925.50 9.612e-21
06926.71 2.812e-21
06927.91 -9.058e-21
06929.12 -1.487e-20
06930.32 -2.796e-21
06931.53 6.556e-21
06932.73 3.775e-21
06933.94 -1.725e-21
06935.14 -3.468e-21
06936.35 9.754e-21
06937.55 3.648e-21
06938.75 -1.449e-21
06939.96 6.294e-21
06941.16 8.596e-21
06942.37 6.476e-21
06943.57 -3.894e-21
06944.78 -1.569e-21
06945.98 -7.893e-21
06947.19 -1.056e-20
06948.39 1.412e-20
06949.60 1.969e-20
06950.80 -1.252e-20
06952.01 -5.206e-22
06953.21 5.882e-21
06954.41 -1.832e-20
06955.62 3.754e-21
06956.82 9.968e-21
06958.03 4.185e-21
06959.23 7.037e-21
06960.44 4.511e-21
06961.64 8.129e-21
06962.85 3.013e-21
06964.05 3.002e-21
06965.26 1.588e-20
06966.46 1.423e-20
06967.67 7.893e-21
06968.87 1.315e-20
06970.07 8.827e-21
06971.28 1.826e-21
06972.48 1.095e-20
06973.69 1.387e-20
06974.89 7.562e-21
06976.10 3.041e-20
06977.30 4.138e-20
06978.51 1.635e-20
06979.71 -5.211e-22
06980.92 1.862e-20
06982.12 1.074e-20
06983.33 6.089e-21
06984.53 7.967e-21
06985.73 2.090e-21
06986.94 8.561e-21
06988.14 -8.535e-22
06989.35 -3.697e-21
06990.55 8.146e-21
06991.76 4.052e-21
06992.96 7.630e-21
06994.17 3.592e-21
06995.37 2.314e-20
06996.58 1.413e-20
06997.78 -1.260e-20
06998.99 -8.262e-22
07000.19 1.765e-21
07001.39 1.297e-20
07002.60 1.833e-20
07003.80 8.728e-21
07005.01 -4.636e-21
07006.21 2.119e-21
07007.42 1.710e-20
07008.62 2.567e-20
07009.83 9.607e-21
07011.03 7.885e-21
07012.24 2.088e-21
07013.44 -7.306e-22
07014.65 5.001e-21
07015.85 1.153e-20
07017.05 1.339e-20
07018.26 9.878e-21
07019.46 2.229e-20
07020.67 1.300e-20
07021.87 2.774e-21
07023.08 6.422e-21
07024.28 -2.321e-22
07025.49 7.138e-21
07026.69 3.817e-21
07027.90 -3.823e-21
07029.10 -1.468e-21
07030.31 4.391e-22
07031.51 1.148e-20
07032.71 4.515e-21
07033.92 -4.223e-21
07035.12 4.300e-21
07036.33 1.660e-21
07037.53 -5.909e-21
07038.74 2.524e-21
07039.94 -3.305e-21
07041.15 -3.153e-20
07042.35 -2.221e-20
07043.56 7.784e-22
07044.76 1.527e-20
07045.97 8.710e-21
07047.17 2.092e-21
07048.37 -3.330e-21
07049.58 -6.084e-21
07050.78 7.883e-21
07051.99 7.038e-21
07053.19 6.241e-21
07054.40 1.173e-21
07055.60 -9.693e-21
07056.81 5.075e-21
07058.01 7.475e-21
07059.22 6.973e-22
07060.42 2.675e-21
07061.63 -1.690e-21
07062.83 3.386e-21
07064.03 1.076e-20
07065.24 1.993e-20
07066.44 1.184e-20
07067.65 5.174e-21
07068.85 3.102e-21
07070.06 1.842e-20
07071.26 1.315e-20
07072.47 4.477e-21
07073.67 1.986e-20
07074.88 1.901e-20
07076.08 1.058e-20
07077.29 8.444e-21
07078.49 3.708e-21
07079.69 -5.141e-21
07080.90 -7.992e-22
07082.10 6.019e-21
07083.31 1.522e-20
07084.51 1.542e-20
07085.72 1.498e-20
07086.92 8.354e-21
07088.13 6.537e-21
07089.33 -4.353e-21
07090.54 9.049e-21
07091.74 1.514e-21
07092.95 -8.313e-22
07094.15 -8.971e-21
07095.35 4.295e-21
07096.56 1.081e-20
07097.76 3.056e-21
07098.97 -5.923e-21
07100.17 3.331e-21
07101.38 2.267e-20
07102.58 6.169e-21
07103.79 -1.626e-21
07104.99 -2.066e-21
07106.20 8.316e-21
07107.40 8.739e-21
07108.61 2.665e-20
07109.81 5.867e-21
07111.01 6.165e-21
07112.22 2.981e-21
07113.42 7.807e-21
07114.63 3.090e-21
07115.83 7.313e-21
07117.04 3.480e-21
07118.24 -8.086e-21
07119.45 -6.963e-22
07120.65 1.029e-20
07121.86 -1.125e-20
07123.06 -1.704e-20
07124.27 3.139e-21
07125.47 -1.811e-21
07126.67 1.139e-21
07127.88 1.708e-21
07129.08 -6.694e-21
07130.29 -5.471e-21
07131.49 -2.150e-21
07132.70 -1.371e-21
07133.90 1.937e-21
07135.11 1.038e-20
07136.31 -7.017e-22
07137.52 -1.387e-21
07138.72 2.947e-21
07139.93 7.721e-21
07141.13 -5.117e-21
07142.33 7.895e-22
07143.54 -2.504e-21
07144.74 1.032e-20
07145.95 1.204e-20
07147.15 2.410e-21
07148.36 3.134e-21
07149.56 4.954e-22
07150.77 -4.112e-22
07151.97 3.670e-21
07153.18 -7.431e-21
07154.38 -1.461e-20
07155.59 -1.250e-21
07156.79 1.160e-21
07157.99 -5.048e-22
07159.20 -3.430e-20
07160.40 -3.038e-20
07161.61 -2.203e-20
07162.81 7.198e-22
07164.02 -4.461e-21
07165.22 -4.198e-22
07166.43 8.521e-21
07167.63 1.018e-20
07168.84 1.698e-21
07170.04 -2.749e-21
07171.25 -3.391e-21
07172.45 8.244e-21
07173.65 6.971e-21
07174.86 1.077e-20
07176.06 6.582e-21
07177.27 6.090e-21
07178.47 4.216e-21
07179.68 -2.777e-21
07180.88 -1.143e-20
07182.09 1.001e-20
07183.29 2.925e-21
07184.50 -6.280e-21
07185.70 -7.044e-21
07186.91 5.417e-21
07188.11 8.746e-22
07189.31 -1.214e-20
07190.52 -1.502e-20
07191.72 -1.268e-20
07192.93 1.178e-21
07194.13 -5.302e-21
07195.34 -3.783e-21
07196.54 1.824e-21
07197.75 6.875e-22
07198.95 -3.394e-21
07200.16 5.784e-22
07201.36 -3.272e-21
07202.57 1.842e-21
07203.77 3.123e-21
07204.97 3.805e-23
07206.18 8.064e-21
07207.38 2.205e-21
07208.59 4.258e-21
07209.79 1.964e-20
07211.00 6.780e-21
07212.20 -9.757e-21
07213.41 -1.402e-20
07214.61 -4.219e-21
07215.82 -1.559e-21
07217.02 9.716e-21
07218.23 6.272e-21
07219.43 -5.220e-23
07220.63 -8.892e-21
07221.84 9.618e-22
07223.04 1.131e-20
07224.25 1.281e-20
07225.45 5.000e-21
07226.66 -2.473e-21
07227.86 1.414e-20
07229.07 9.947e-21
07230.27 3.352e-21
07231.48 6.434e-21
07232.68 2.321e-21
07233.89 -5.674e-21
07235.09 8.534e-21
07236.29 -5.685e-21
07237.50 -2.179e-21
07238.70 5.298e-20
07239.91 6.039e-20
07241.11 4.829e-20
07242.32 3.628e-20
07243.52 2.802e-20
07244.73 5.760e-20
07245.93 6.576e-20
07247.14 3.081e-20
07248.34 2.582e-20
07249.55 2.446e-20
07250.75 9.965e-21
07251.95 1.999e-20
07253.16 4.837e-20
07254.36 2.502e-20
07255.57 1.689e-20
07256.77 2.806e-20
07257.98 2.181e-20
07259.18 2.145e-20
07260.39 1.907e-20
07261.59 1.871e-20
07262.80 1.650e-20
07264.00 1.728e-20
07265.21 3.919e-20
07266.41 4.291e-20
07267.61 3.846e-20
07268.82 3.540e-20
07270.02 2.067e-20
07271.23 2.921e-20
07272.43 3.452e-20
07273.64 5.527e-20
07274.84 8.844e-20
07276.05 1.601e-19
07277.25 1.035e-19
07278.46 1.916e-20
07279.66 2.561e-20
07280.87 3.584e-20
07282.07 4.980e-20
07283.27 6.078e-20
07284.48 6.703e-20
07285.68 4.578e-20
07286.89 2.543e-20
07288.09 2.640e-20
07289.30 2.955e-20
07290.50 3.191e-20
07291.71 3.673e-20
07292.91 3.651e-20
07294.12 4.195e-20
07295.32 5.348e-20
07296.53 4.364e-20
07297.73 3.096e-20
07298.93 3.630e-20
07300.14 4.189e-20
07301.34 4.360e-20
07302.55 6.220e-20
07303.75 7.084e-20
07304.96 4.454e-20
07306.16 3.334e-20
07307.37 3.493e-20
07308.57 3.595e-20
07309.78 5.222e-20
07310.98 5.506e-20
07312.19 5.600e-20
07313.39 1.401e-20
07314.59 3.501e-20
07315.80 1.003e-19
07317.00 8.567e-20
07318.21 5.229e-20
07319.41 5.521e-20
07320.62 5.233e-20
07321.82 5.091e-20
07323.03 4.317e-20
07324.23 4.492e-20
07325.44 7.293e-20
07326.64 6.986e-20
07327.85 5.235e-20
07329.05 4.173e-20
07330.25 3.249e-20
07331.46 4.431e-20
07332.66 4.509e-20
07333.87 4.191e-20
07335.07 4.839e-20
07336.28 4.191e-20
07337.48 5.902e-20
07338.69 8.155e-20
07339.89 4.337e-20
07341.10 6.762e-20
07342.30 7.150e-20
07343.51 5.725e-20
07344.71 5.650e-20
07345.91 6.320e-20
07347.12 7.434e-20
07348.32 7.098e-20
07349.53 5.433e-20
07350.73 5.779e-20
07351.94 6.615e-20
07353.14 5.673e-20
07354.35 6.484e-20
07355.55 8.195e-20
07356.76 6.502e-20
07357.96 7.880e-20
07359.17 8.232e-20
07360.37 5.604e-20
07361.57 5.761e-20
07362.78 5.119e-20
07363.98 5.022e-20
07365.19 5.145e-20
07366.39 5.396e-20
07367.60 7.771e-20
07368.80 1.198e-19
07370.01 5.534e-20
07371.21 3.935e-20
07372.42 4.616e-20
07373.62 4.949e-20
07374.83 4.402e-20
07376.03 5.283e-20
07377.23 6.629e-20
07378.44 6.108e-20
07379.64 4.886e-20
07380.85 4.625e-20
07382.05 6.170e-20
07383.26 4.471e-20
07384.46 4.141e-20
07385.67 5.109e-20
07386.87 4.345e-20
07388.08 4.754e-20
07389.28 3.313e-20
07390.49 2.154e-20
07391.69 4.992e-20
07392.89 6.880e-20
07394.10 4.345e-20
07395.30 3.552e-20
07396.51 4.138e-20
07397.71 2.746e-20
07398.92 4.115e-20
07400.12 5.617e-20
07401.33 9.080e-20
07402.53 5.433e-20
07403.74 2.776e-20
07404.94 3.770e-20
07406.15 4.509e-20
07407.35 3.512e-20
07408.55 3.244e-20
07409.76 2.908e-20
07410.96 2.073e-20
07412.17 3.389e-20
07413.37 3.331e-20
07414.58 2.868e-20
07415.78 3.048e-20
07416.99 2.005e-20
07418.19 2.368e-20
07419.40 3.706e-20
07420.60 2.997e-20
07421.81 3.599e-20
07423.01 2.577e-20
07424.21 2.605e-20
07425.42 2.990e-20
07426.62 1.745e-20
07427.83 1.960e-20
07429.03 3.163e-20
07430.24 3.176e-20
07431.44 2.897e-20
07432.65 1.129e-20
07433.85 1.100e-21
07435.06 1.555e-20
07436.26 2.305e-20
07437.47 3.741e-20
07438.67 5.000e-20
07439.87 2.862e-20
07441.08 2.317e-20
07442.28 2.379e-20
07443.49 1.729e-20
07444.69 1.169e-20
07445.90 1.279e-20
07447.10 2.049e-20
07448.31 2.381e-20
07449.51 2.306e-20
07450.72 1.492e-20
07451.92 2.661e-20
07453.13 1.004e-20
07454.33 9.774e-21
07455.53 2.302e-20
07456.74 1.243e-20
07457.94 1.151e-20
07459.15 1.340e-20
07460.35 1.147e-20
07461.56 2.154e-20
07462.76 2.027e-20
07463.97 1.563e-20
07465.17 1.285e-20
07466.38 1.228e-20
07467.58 1.964e-20
07468.79 6.268e-21
07469.99 -1.362e-22
07471.19 3.566e-20
07472.40 2.866e-20
07473.60 1.898e-20
07474.81 8.173e-21
07476.01 1.338e-20
07477.22 1.814e-20
07478.42 3.714e-20
07479.63 2.467e-20
07480.83 1.754e-20
07482.04 3.474e-20
07483.24 2.431e-20
07484.45 2.131e-20
07485.65 1.267e-20
07486.85 1.044e-20
07488.06 3.784e-21
07489.26 8.257e-21
07490.47 -1.361e-21
07491.67 1.328e-21
07492.88 4.877e-21
07494.08 1.219e-20
07495.29 1.397e-20
07496.49 1.441e-20
07497.70 1.480e-20
07498.90 1.513e-20
07500.11 1.541e-20
07501.31 1.561e-20
07502.51 1.576e-20
07503.72 1.583e-20
07504.92 1.583e-20
07506.13 1.576e-20
07507.33 1.561e-20
07508.54 1.538e-20
07509.74 1.508e-20
07510.95 1.471e-20
07512.15 1.425e-20
07513.36 1.373e-20
07514.56 1.194e-20
07515.77 5.586e-22
07516.97 7.300e-21
07518.17 5.236e-21
07519.38 -5.830e-21
07520.58 -1.444e-20
07521.79 -5.783e-21
07522.99 -5.263e-21
07524.20 -7.865e-21
07525.40 -1.510e-21
07526.61 -8.146e-22
07527.81 3.139e-21
07529.02 3.664e-21
07530.22 2.187e-21
07531.43 6.758e-21
07532.63 6.283e-21
07533.83 4.847e-21
07535.04 9.265e-21
07536.24 9.770e-21
07537.45 8.027e-21
07538.65 -1.603e-21
07539.86 4.170e-22
07541.06 9.023e-21
07542.27 9.235e-22
07543.47 3.035e-21
07544.68 2.075e-20
07545.88 9.499e-21
07547.09 2.669e-21
07548.29 -7.909e-21
07549.49 -3.307e-21
07550.70 9.295e-21
07551.90 9.784e-21
07553.11 1.358e-20
07554.31 1.832e-20
07555.52 6.770e-21
07556.72 1.107e-20
07557.93 1.311e-20
07559.13 -3.626e-21
07560.34 8.058e-21
07561.54 1.322e-20
07562.75 1.814e-20
07563.95 8.730e-21
07565.15 -1.620e-21
07566.36 6.392e-21
07567.56 7.235e-22
07568.77 -3.955e-21
07569.97 2.339e-20
07571.18 3.993e-20
07572.38 2.134e-20
07573.59 1.301e-20
07574.79 7.127e-21
07576.00 5.351e-21
07577.20 -8.909e-22
07578.41 1.107e-20
07579.61 2.004e-20
07580.81 1.417e-20
07582.02 9.754e-21
07583.22 7.909e-21
07584.43 1.447e-21
07585.63 1.313e-20
07586.84 1.020e-20
07588.04 1.295e-21
07589.25 -9.457e-22
07590.45 -1.763e-22
07591.66 -7.421e-21
07592.86 -5.351e-21
07594.07 -2.554e-20
07595.27 -1.516e-20
07596.47 -3.467e-20
07597.68 -1.739e-20
07598.88 2.450e-20
07600.09 1.911e-20
07601.29 -1.513e-21
07602.50 1.958e-20
07603.70 2.647e-20
07604.91 3.270e-20
07606.11 1.494e-20
07607.32 2.970e-20
07608.52 1.070e-20
07609.73 1.868e-20
07610.93 2.209e-20
07612.13 2.072e-20
07613.34 2.665e-21
07614.54 2.381e-20
07615.75 1.552e-20
07616.95 1.733e-20
07618.16 1.736e-20
07619.36 1.058e-20
07620.57 7.988e-21
07621.77 -9.257e-21
07622.98 1.410e-21
07624.18 -5.400e-21
07625.39 -2.129e-20
07626.59 2.749e-20
07627.79 3.882e-20
07629.00 1.352e-20
07630.20 1.631e-20
07631.41 1.827e-20
07632.61 -2.883e-21
07633.82 -1.800e-20
07635.02 1.560e-20
07636.23 9.521e-21
07637.43 1.960e-21
07638.64 1.592e-20
07639.84 9.811e-21
07641.05 3.695e-21
07642.25 1.502e-22
07643.45 1.599e-21
07644.66 6.460e-21
07645.86 -3.717e-21
07647.07 -9.227e-21
07648.27 -1.008e-20
07649.48 6.619e-21
07650.68 2.396e-20
07651.89 1.515e-20
07653.09 -1.305e-20
07654.30 2.585e-21
07655.50 -5.066e-22
07656.71 -8.765e-21
07657.91 -2.236e-21
07659.11 -7.840e-21
07660.32 -1.585e-20
07661.52 -9.440e-21
07662.73 -8.948e-21
07663.93 2.109e-21
07665.14 1.013e-20
07666.34 4.982e-21
07667.55 -9.347e-22
07668.75 7.245e-21
07669.96 1.246e-20
07671.16 1.504e-20
07672.37 6.157e-21
07673.57 1.154e-21
07674.77 -6.273e-21
07675.98 -9.123e-21
07677.18 -2.722e-21
07678.39 8.411e-21
07679.59 -1.540e-21
07680.80 3.674e-21
07682.00 5.875e-21
07683.21 3.731e-21
07684.41 4.277e-21
07685.62 -6.606e-22
07686.82 -3.330e-21
07688.03 7.964e-21
07689.23 -7.080e-21
07690.43 -1.923e-21
07691.64 1.552e-21
07692.84 -5.678e-21
07694.05 1.234e-21
07695.25 -2.668e-21
07696.46 6.856e-21
07697.66 5.840e-21
07698.87 -2.816e-21
07700.07 -4.920e-23
07701.28 -4.785e-21
07702.48 -5.932e-21
07703.69 -3.860e-21
07704.89 2.391e-21
07706.09 4.516e-21
07707.30 -4.849e-21
07708.50 -1.614e-20
07709.71 -8.614e-21
07710.91 -4.054e-21
07712.12 -2.215e-20
07713.32 -2.454e-21
07714.53 -1.174e-21
07715.73 3.316e-21
07716.94 3.529e-20
07718.14 1.397e-20
07719.35 -1.012e-20
07720.55 -2.400e-21
07721.75 9.571e-21
07722.96 1.348e-20
07724.16 2.882e-21
07725.37 7.615e-21
07726.57 1.478e-20
07727.78 3.897e-21
07728.98 -3.347e-21
07730.19 -1.692e-20
07731.39 -9.678e-21
07732.60 -3.826e-21
07733.80 -6.767e-21
07735.01 -2.441e-21
07736.21 4.721e-21
07737.41 1.899e-21
07738.62 1.079e-20
07739.82 4.592e-21
07741.03 4.955e-21
07742.23 9.343e-21
07743.44 1.781e-20
07744.64 1.288e-20
07745.85 9.403e-21
07747.05 7.675e-21
07748.26 3.163e-20
07749.46 4.910e-20
07750.67 4.890e-20
07751.87 1.924e-20
07753.07 -8.010e-22
07754.28 2.399e-21
07755.48 -4.849e-21
07756.69 -1.151e-20
07757.89 -1.230e-20
07759.10 2.805e-20
07760.30 3.798e-20
07761.51 1.040e-20
07762.71 8.776e-21
07763.92 3.123e-22
07765.12 -4.728e-22
07766.33 -2.660e-21
07767.53 8.706e-21
07768.73 6.292e-21
07769.94 -4.144e-21
07771.14 4.390e-21
07772.35 6.445e-21
07773.55 1.501e-20
07774.76 1.474e-20
07775.96 8.294e-21
07777.17 1.703e-21
07778.37 -4.057e-21
07779.58 1.054e-20
07780.78 1.578e-20
07781.99 3.670e-21
07783.19 -1.817e-21
07784.39 -7.783e-21
07785.60 -8.173e-21
07786.80 -2.741e-21
07788.01 -7.090e-21
07789.21 -4.187e-21
07790.42 5.264e-21
07791.62 5.257e-20
07792.83 2.873e-20
07794.03 4.034e-21
07795.24 1.725e-20
07796.44 -3.115e-22
07797.65 -1.272e-22
07798.85 -1.192e-21
07800.05 6.390e-21
07801.26 8.040e-21
07802.46 3.255e-21
07803.67 4.740e-21
07804.87 3.957e-21
07806.08 3.133e-21
07807.28 7.854e-21
07808.49 2.265e-20
07809.69 1.545e-20
07810.90 -7.544e-22
07812.10 -2.075e-21
07813.31 -7.536e-21
07814.51 -1.058e-20
07815.71 2.000e-21
07816.92 1.653e-21
07818.12 -2.441e-21
07819.33 -6.261e-20
07820.53 -3.727e-20
07821.74 3.305e-20
07822.94 1.983e-20
07824.15 1.239e-20
07825.35 2.554e-20
07826.56 1.071e-20
07827.76 6.410e-21
07828.97 5.359e-21
07830.17 6.779e-21
07831.37 4.477e-21
07832.58 -3.040e-21
07833.78 8.633e-21
07834.99 7.554e-21
07836.19 4.774e-21
07837.40 2.858e-21
07838.60 2.199e-21
07839.81 1.385e-20
07841.01 2.211e-20
07842.22 1.808e-20
07843.42 -8.636e-22
07844.63 8.681e-21
07845.83 5.700e-21
07847.03 1.019e-20
07848.24 1.205e-20
07849.44 -7.983e-21
07850.65 8.769e-21
07851.85 1.631e-20
07853.06 1.943e-20
07854.26 3.785e-20
07855.47 9.398e-21
07856.67 -1.172e-20
07857.88 6.281e-23
07859.08 1.843e-21
07860.29 5.091e-21
07861.49 1.039e-21
07862.69 5.148e-22
07863.90 -3.506e-21
07865.10 9.568e-21
07866.31 2.071e-20
07867.51 1.397e-20
07868.72 -4.553e-22
07869.92 1.167e-20
07871.13 3.221e-20
07872.33 8.046e-22
07873.54 -9.807e-22
07874.74 1.872e-21
07875.95 -1.731e-21
07877.15 2.915e-22
07878.35 1.532e-20
07879.56 7.850e-21
07880.76 -8.428e-21
07881.97 8.197e-21
07883.17 1.482e-20
07884.38 1.082e-20
07885.58 -8.486e-21
07886.79 -6.669e-21
07887.99 -8.543e-21
07889.20 -2.532e-20
07890.40 1.130e-20
07891.61 1.321e-21
07892.81 -9.892e-21
07894.01 4.713e-21
07895.22 1.470e-20
07896.42 4.294e-21
07897.63 9.624e-21
07898.83 -2.127e-21
07900.04 -1.810e-21
07901.24 -8.375e-21
07902.45 3.252e-21
07903.65 9.553e-21
07904.86 5.873e-21
07906.06 9.543e-21
07907.27 4.794e-21
07908.47 5.084e-21
07909.67 2.441e-20
07910.88 -1.258e-20
07912.08 1.682e-20
07913.29 2.218e-20
07914.49 3.613e-20
07915.70 6.278e-21
07916.90 -1.889e-21
07918.11 -6.919e-21
07919.31 -1.226e-20
07920.52 -1.276e-20
07921.72 -9.900e-21
07922.93 6.596e-21
07924.13 -4.555e-21
07925.33 -5.404e-21
07926.54 2.133e-22
07927.74 -1.836e-20
07928.95 -1.081e-20
07930.15 9.110e-21
07931.36 1.890e-20
07932.56 6.753e-21
07933.77 -8.930e-21
07934.97 -1.212e-20
07936.18 -1.138e-20
07937.38 -4.646e-21
07938.59 5.167e-21
07939.79 -1.775e-21
07940.99 8.836e-22
07942.20 3.184e-21
07943.40 1.368e-20
07944.61 -1.604e-20
07945.81 -1.939e-20
07947.02 1.361e-20
07948.22 2.007e-20
07949.43 2.740e-20
07950.63 1.512e-21
07951.84 1.382e-21
07953.04 1.472e-22
07954.25 -1.550e-20
07955.45 -2.528e-22
07956.65 -3.218e-21
07957.86 -3.638e-21
07959.06 1.738e-22
07960.27 6.107e-21
07961.47 -7.000e-21
07962.68 -2.754e-20
07963.88 1.113e-22
07965.09 1.408e-20
07966.29 2.450e-21
07967.50 -1.071e-20
07968.70 3.589e-21
07969.91 4.234e-21
07971.11 -2.875e-21
07972.31 -7.182e-21
07973.52 6.842e-21
07974.72 5.508e-21
07975.93 8.137e-21
07977.13 -5.300e-21
07978.34 1.143e-20
07979.54 -6.449e-21
07980.75 -4.247e-21
07981.95 -1.180e-20
07983.16 -3.088e-21
07984.36 1.141e-20
07985.57 1.097e-20
07986.77 2.806e-21
07987.97 1.252e-20
07989.18 -2.429e-21
07990.38 -5.722e-20
07991.59 -2.320e-20
07992.79 6.966e-20
07994.00 3.961e-20
07995.20 2.883e-21
07996.41 -2.778e-21
07997.61 1.471e-21
07998.82 -5.223e-21
08000.02 -1.763e-20
08001.23 -8.334e-21
08002.43 3.327e-21
08003.63 -6.309e-21
08004.84 -9.484e-21
08006.04 -5.803e-21
08007.25 1.272e-20
08008.45 1.625e-20
08009.66 1.604e-20
08010.86 1.278e-20
08012.07 2.176e-21
08013.27 -2.252e-20
08014.48 6.270e-21
08015.68 1.735e-21
08016.89 -7.629e-22
08018.09 -1.728e-21
08019.29 7.327e-21
08020.50 1.165e-20
08021.70 1.010e-20
08022.91 1.288e-20
08024.11 3.168e-20
08025.32 2.800e-20
08026.52 -9.491e-22
08027.73 6.910e-21
08028.93 1.166e-20
08030.14 -6.652e-21
08031.34 -9.284e-21
08032.55 -1.090e-20
08033.75 -1.713e-21
08034.95 1.205e-20
08036.16 6.256e-22
08037.36 -2.749e-21
08038.57 3.737e-21
08039.77 1.893e-21
08040.98 -1.561e-21
08042.18 3.949e-21
08043.39 7.508e-21
08044.59 -6.860e-22
08045.80 9.827e-21
08047.00 1.012e-20
08048.21 6.997e-21
08049.41 -4.666e-21
08050.61 8.177e-21
08051.82 1.139e-20
08053.02 2.361e-20
08054.23 1.013e-20
08055.43 2.396e-20
08056.64 1.363e-20
08057.84 -2.219e-21
08059.05 -5.231e-21
08060.25 -2.063e-20
08061.46 -2.568e-20
08062.66 -3.567e-23
08063.87 3.916e-21
08065.07 -8.813e-22
08066.27 9.912e-21
08067.48 5.039e-21
08068.68 -5.749e-21
08069.89 2.586e-21
08071.09 1.737e-20
08072.30 1.567e-20
08073.50 7.667e-21
08074.71 -2.861e-21
08075.91 3.921e-21
08077.12 5.647e-21
08078.32 -5.042e-21
08079.53 -9.158e-22
08080.73 9.043e-21
08081.93 3.641e-21
08083.14 -1.022e-20
08084.34 -9.061e-21
08085.55 -3.146e-21
08086.75 -5.277e-21
08087.96 1.359e-21
08089.16 -4.135e-21
08090.37 -3.777e-21
08091.57 9.899e-21
08092.78 1.485e-20
08093.98 2.255e-20
08095.19 9.943e-21
08096.39 9.834e-21
08097.59 9.967e-21
08098.80 -3.277e-21
08100.00 6.643e-21
08101.21 1.923e-20
08102.41 9.831e-22
08103.62 -1.420e-20
08104.82 -3.947e-21
08106.03 3.090e-21
08107.23 5.749e-21
08108.44 7.893e-22
08109.64 2.724e-21
08110.85 2.846e-21
08112.05 -7.457e-21
08113.25 -3.344e-21
08114.46 -5.780e-21
08115.66 -1.171e-20
08116.87 -1.580e-21
08118.07 5.109e-21
08119.28 1.065e-20
08120.48 1.096e-20
08121.69 1.606e-20
08122.89 1.551e-20
08124.10 8.565e-22
08125.30 -2.433e-21
08126.51 8.882e-21
08127.71 8.816e-21
08128.91 -5.973e-21
08130.12 -6.820e-21
08131.32 -7.039e-21
08132.53 -5.286e-21
08133.73 -1.995e-21
08134.94 2.407e-21
08136.14 1.378e-20
08137.35 -1.863e-20
08138.55 -2.103e-20
08139.76 9.923e-21
08140.96 2.122e-20
08142.17 4.534e-21
08143.37 -3.084e-21
08144.57 -4.101e-21
08145.78 -9.595e-22
08146.98 6.421e-21
08148.19 1.331e-20
08149.39 8.269e-21
08150.60 3.322e-21
08151.80 9.159e-22
08153.01 6.440e-21
08154.21 1.081e-20
08155.42 7.103e-21
08156.62 1.027e-20
08157.83 1.490e-21
08159.03 -4.172e-21
08160.23 1.135e-20
08161.44 1.392e-20
08162.64 1.783e-20
08163.85 1.044e-20
08165.05 -1.807e-21
08166.26 1.674e-21
08167.46 -1.814e-21
08168.67 -6.559e-21
08169.87 -3.274e-21
08171.08 -8.567e-21
08172.28 -3.730e-22
08173.49 2.601e-21
08174.69 1.289e-20
08175.89 1.660e-20
08177.10 1.879e-20
08178.30 1.549e-20
08179.51 1.017e-20
08180.71 7.595e-21
08181.92 5.705e-21
08183.12 7.074e-21
08184.33 1.136e-20
08185.53 7.445e-22
08186.74 -8.667e-21
08187.94 1.180e-20
08189.15 1.381e-20
08190.35 9.737e-21
08191.55 1.741e-20
08192.76 3.912e-21
08193.96 -1.191e-20
08195.17 -9.812e-21
08196.37 4.877e-21
08197.58 7.309e-20
08198.78 5.373e-20
08199.99 1.499e-20
08201.19 1.510e-20
08202.40 6.878e-21
08203.60 -6.249e-22
08204.81 -5.100e-21
08206.01 -3.371e-22
08207.21 -1.390e-21
08208.42 5.637e-21
08209.62 4.700e-21
08210.83 6.597e-21
08212.03 7.305e-21
08213.24 1.210e-20
08214.44 6.268e-21
08215.65 3.426e-21
08216.85 1.455e-20
08218.06 -6.012e-22
08219.26 -1.264e-21
08220.47 1.395e-20
08221.67 3.238e-21
08222.87 -9.737e-22
08224.08 4.993e-21
08225.28 -1.263e-21
08226.49 7.632e-21
08227.69 1.976e-20
08228.90 1.821e-20
08230.10 1.279e-20
08231.31 9.612e-21
08232.51 -5.578e-21
08233.72 -9.703e-21
08234.92 1.010e-21
08236.13 -3.158e-22
08237.33 -1.011e-20
08238.53 1.668e-21
08239.74 6.248e-21
08240.94 -8.554e-21
08242.15 -7.708e-21
08243.35 2.819e-21
08244.56 2.419e-20
08245.76 1.151e-20
08246.97 -3.876e-21
08248.17 -6.655e-22
08249.38 3.175e-21
08250.58 2.262e-21
08251.79 2.065e-21
08252.99 -4.232e-21
08254.19 -6.593e-21
08255.40 -1.314e-21
08256.60 1.646e-20
08257.81 1.282e-20
08259.01 6.622e-22
08260.22 -8.710e-21
08261.42 1.340e-21
08262.63 6.878e-21
08263.83 -7.263e-21
08265.04 -1.054e-20
08266.24 5.692e-21
08267.45 2.056e-20
08268.65 1.014e-20
08269.85 7.719e-21
08271.06 9.503e-21
08272.26 -2.040e-21
08273.47 2.839e-21
08274.67 8.990e-21
08275.88 7.623e-21
08277.08 -1.011e-20
08278.29 2.773e-21
08279.49 2.768e-20
08280.70 2.704e-20
08281.90 3.617e-20
08283.11 1.943e-20
08284.31 1.035e-20
08285.51 -2.780e-20
08286.72 2.267e-20
08287.92 5.785e-20
08289.13 1.697e-20
08290.33 1.603e-20
08291.54 6.817e-21
08292.74 -6.148e-22
08293.95 2.170e-20
08295.15 1.843e-20
08296.36 3.141e-21
08297.56 3.588e-20
08298.77 3.677e-20
08299.97 2.779e-20
08301.17 5.949e-21
08302.38 -3.075e-21
08303.58 -3.984e-21
08304.79 2.274e-21
08305.99 1.060e-20
08307.20 -1.302e-21
08308.40 -1.442e-20
08309.61 -6.418e-21
08310.81 1.111e-20
08312.02 1.250e-20
08313.22 4.261e-21
08314.43 4.382e-21
08315.63 1.026e-20
08316.83 -4.009e-21
08318.04 4.899e-21
08319.24 1.313e-20
08320.45 1.454e-20
08321.65 5.591e-21
08322.86 -3.092e-21
08324.06 6.160e-21
08325.27 8.756e-21
08326.47 -6.616e-22
08327.68 -2.775e-21
08328.88 -2.701e-21
08330.09 -8.309e-21
08331.29 -6.653e-21
08332.49 -1.676e-21
08333.70 1.733e-21
08334.90 -4.644e-22
08336.11 1.343e-20
08337.31 1.757e-21
08338.52 -1.232e-20
08339.72 -1.570e-20
08340.93 -1.010e-20
08342.13 -1.244e-22
08343.34 1.702e-20
08344.54 7.074e-20
08345.75 1.075e-20
08346.95 -1.503e-21
08348.15 -1.698e-20
08349.36 1.509e-20
08350.56 3.949e-20
08351.77 2.229e-20
08352.97 3.274e-20
08354.18 4.853e-21
08355.38 -1.163e-21
08356.59 -1.703e-22
08357.79 3.473e-21
08359.00 6.086e-21
08360.20 1.364e-22
08361.41 7.697e-21
08362.61 6.121e-21
08363.81 -4.258e-21
08365.02 2.179e-20
08366.22 4.497e-22
08367.43 -1.650e-20
08368.63 -5.369e-21
08369.84 -2.160e-21
08371.04 -4.169e-21
08372.25 4.738e-21
08373.45 3.578e-21
08374.66 3.979e-21
08375.86 4.160e-21
08377.07 -7.995e-21
08378.27 1.246e-20
08379.47 1.220e-20
08380.68 -1.716e-20
08381.88 -1.609e-20
08383.09 -4.488e-22
08384.29 -2.269e-21
08385.50 -3.892e-21
08386.70 7.932e-21
08387.91 1.102e-20
08389.11 7.393e-21
08390.32 3.186e-21
08391.52 -1.023e-21
08392.73 -5.431e-21
08393.93 3.689e-21
08395.13 6.674e-21
08396.34 2.993e-20
08397.54 6.030e-20
08398.75 2.820e-20
08399.95 -7.210e-21
08401.16 -2.088e-22
08402.36 9.384e-21
08403.57 -3.063e-21
08404.77 8.627e-23
08405.98 1.468e-21
08407.18 7.854e-21
08408.39 1.277e-20
08409.59 9.485e-22
08410.79 -6.349e-21
08412.00 3.343e-21
08413.20 -1.136e-20
08414.41 -6.694e-21
08415.61 1.431e-20
08416.82 -4.685e-21
08418.02 -1.770e-21
08419.23 6.659e-21
08420.43 -1.970e-21
08421.64 2.264e-21
08422.84 7.084e-21
08424.05 -2.759e-21
08425.25 -1.333e-22
08426.45 7.879e-22
08427.66 -8.253e-21
08428.86 -1.810e-20
08430.07 8.987e-21
08431.27 2.441e-22
08432.48 -8.625e-21
08433.68 -2.966e-21
08434.89 -1.236e-20
08436.09 -8.844e-21
08437.30 -8.101e-21
08438.50 5.202e-21
08439.71 1.260e-20
08440.91 -2.435e-21
08442.11 -2.336e-21
08443.32 9.193e-21
08444.52 5.734e-21
08445.73 4.980e-21
08446.93 -2.206e-21
08448.14 -6.800e-21
08449.34 1.704e-20
08450.55 2.357e-21
08451.75 1.651e-20
08452.96 2.608e-20
08454.16 3.698e-21
08455.37 1.609e-21
08456.57 4.139e-21
08457.77 2.009e-21
08458.98 -4.717e-21
08460.18 -2.606e-21
08461.39 7.366e-21
08462.59 8.522e-21
08463.80 2.694e-20
08465.00 3.550e-20
08466.21 1.604e-20
08467.41 -8.642e-21
08468.62 -3.382e-21
08469.82 4.913e-21
08471.03 -6.537e-21
08472.23 4.304e-21
08473.43 4.119e-21
08474.64 -5.140e-22
08475.84 6.311e-21
08477.05 -1.503e-20
08478.25 -1.411e-20
08479.46 3.020e-21
08480.66 8.752e-23
08481.87 2.982e-21
08483.07 1.061e-20
08484.28 6.543e-22
08485.48 9.529e-21
08486.69 1.563e-20
08487.89 -7.162e-21
08489.09 -7.072e-21
08490.30 -3.607e-21
08491.50 1.376e-20
08492.71 3.751e-20
08493.91 3.099e-20
08495.12 2.367e-21
08496.32 -1.678e-21
08497.53 -5.856e-22
08498.73 1.193e-20
08499.94 6.936e-21
08501.14 1.956e-20
08502.35 -7.687e-21
08503.55 -1.552e-20
08504.75 2.667e-20
08505.96 1.277e-21
08507.16 -1.171e-20
08508.37 -6.193e-21
08509.57 5.138e-21
08510.78 -1.211e-20
08511.98 -9.813e-21
08513.19 7.857e-21
08514.39 8.576e-21
08515.60 1.167e-21
08516.80 -8.634e-21
08518.01 3.538e-21
08519.21 1.062e-21
08520.41 -7.705e-21
08521.62 4.135e-23
08522.82 -2.247e-21
08524.03 5.789e-22
08525.23 -8.582e-21
08526.44 -4.573e-21
08527.64 -7.951e-23
08528.85 -1.377e-21
08530.05 6.751e-21
08531.26 7.990e-21
08532.46 -1.561e-21
08533.67 -6.627e-21
08534.87 3.220e-21
08536.07 -7.849e-21
08537.28 -9.129e-21
08538.48 1.887e-21
08539.69 -1.951e-20
08540.89 -1.530e-20
08542.10 -1.574e-20
08543.30 -1.878e-20
08544.51 -4.420e-21
08545.71 1.373e-20
08546.92 2.550e-20
08548.12 3.116e-20
08549.33 2.176e-21
08550.53 -3.581e-21
08551.73 8.661e-21
08552.94 5.502e-21
08554.14 1.672e-21
08555.35 -5.495e-22
08556.55 -3.327e-21
08557.76 -3.786e-21
08558.96 7.184e-22
08560.17 4.788e-21
08561.37 1.515e-20
08562.58 2.826e-21
08563.78 -4.026e-21
08564.99 -1.616e-21
08566.19 -6.656e-21
08567.39 -5.039e-21
08568.60 -6.226e-22
08569.80 3.799e-21
08571.01 -1.173e-20
08572.21 1.312e-20
08573.42 6.109e-21
08574.62 3.979e-21
08575.83 2.400e-21
08577.03 3.123e-21
08578.24 -2.512e-21
08579.44 -7.742e-21
08580.65 -9.107e-21
08581.85 -4.128e-21
08583.05 -1.332e-20
08584.26 -1.196e-20
08585.46 -6.186e-21
08586.67 -1.580e-20
08587.87 4.171e-21
08589.08 1.319e-20
08590.28 -1.675e-21
08591.49 -1.388e-20
08592.69 -3.640e-21
08593.90 6.409e-21
08595.10 1.704e-21
08596.31 -1.622e-20
08597.51 -4.692e-21
08598.71 1.105e-21
08599.92 -5.087e-21
08601.12 3.831e-21
08602.33 1.366e-21
08603.53 -9.816e-21
08604.74 -4.804e-21
08605.94 9.108e-22
08607.15 3.411e-21
08608.35 -4.299e-21
08609.56 3.131e-21
08610.76 -1.833e-21
08611.97 3.819e-21
08613.17 8.907e-21
08614.37 2.163e-20
08615.58 1.554e-20
08616.78 2.365e-20
08617.99 1.635e-20
08619.19 -1.061e-21
08620.40 3.545e-20
08621.60 1.640e-20
08622.81 -1.586e-21
08624.01 4.028e-21
08625.22 -1.400e-23
08626.42 5.598e-21
08627.63 -2.276e-20
08628.83 5.781e-22
08630.03 1.456e-20
08631.24 -6.696e-21
08632.44 -5.358e-21
08633.65 2.190e-20
08634.85 5.910e-21
08636.06 -2.818e-21
08637.26 -5.780e-21
08638.47 -1.722e-21
08639.67 -7.141e-21
08640.88 1.469e-20
08642.08 6.676e-21
08643.29 -5.314e-21
08644.49 1.033e-21
08645.69 2.281e-20
08646.90 1.315e-20
08648.10 -1.029e-20
08649.31 -1.147e-20
08650.51 1.171e-20
08651.72 -1.132e-20
08652.92 -2.918e-20
08654.13 2.892e-20
08655.33 4.591e-20
08656.54 -4.020e-21
08657.74 2.935e-21
08658.95 1.553e-20
08660.15 -3.646e-21
08661.35 8.581e-21
08662.56 4.282e-20
08663.76 4.484e-20
08664.97 4.427e-20
08666.17 1.715e-20
08667.38 1.657e-20
08668.58 7.516e-21
08669.79 1.246e-20
08670.99 2.416e-20
08672.20 4.304e-20
08673.40 3.671e-20
08674.61 3.037e-20
08675.81 4.245e-20
08677.01 2.699e-20
08678.22 2.341e-20
08679.42 1.485e-20
08680.63 9.728e-21
08681.83 1.583e-20
08683.04 7.380e-21
08684.24 8.139e-22
08685.45 2.973e-21
08686.65 5.690e-21
08687.86 8.649e-21
08689.06 2.683e-20
08690.27 4.737e-21
08691.47 -9.127e-21
08692.67 9.293e-21
08693.88 1.602e-20
08695.08 1.290e-20
08696.29 9.595e-22
08697.49 4.810e-21
08698.70 4.951e-21
08699.90 -1.533e-21
08701.11 8.291e-22
08702.31 -2.702e-21
08703.52 -3.978e-21
08704.72 -2.349e-21
08705.93 -6.664e-21
08707.13 -1.478e-20
08708.33 -5.645e-21
08709.54 -5.049e-22
08710.74 1.118e-22
08711.95 8.870e-21
08713.15 1.469e-20
08714.36 1.653e-20
08715.56 1.353e-20
08716.77 4.278e-21
08717.97 4.042e-21
08719.18 2.421e-21
08720.38 -3.043e-21
08721.59 7.005e-21
08722.79 1.438e-20
08723.99 1.296e-20
08725.20 1.317e-20
08726.40 -1.944e-21
08727.61 -8.292e-21
08728.81 9.876e-22
08730.02 5.821e-21
08731.22 -2.652e-22
08732.43 -3.960e-21
08733.63 1.220e-20
08734.84 5.725e-21
08736.04 6.907e-21
08737.25 1.595e-20
08738.45 1.474e-22
08739.65 -4.784e-21
08740.86 5.922e-21
08742.06 7.965e-21
08743.27 6.916e-21
08744.47 2.758e-21
08745.68 5.520e-21
08746.88 2.008e-20
08748.09 1.563e-20
08749.29 1.113e-20
08750.50 8.202e-21
08751.70 1.374e-20
08752.91 2.632e-20
08754.11 2.601e-20
08755.31 3.014e-20
08756.52 4.567e-21
08757.72 2.110e-20
08758.93 -6.001e-21
08760.13 -4.894e-20
08761.34 -8.645e-21
08762.54 9.306e-21
08763.75 2.405e-20
08764.95 -1.357e-20
08766.16 -2.556e-20
08767.36 8.003e-21
08768.57 2.414e-20
08769.77 2.004e-20
08770.97 1.075e-20
08772.18 -6.301e-21
08773.38 1.138e-20
08774.59 1.392e-20
08775.79 3.020e-20
08777.00 -2.837e-21
08778.20 1.500e-20
08779.41 1.895e-20
08780.61 7.787e-21
08781.82 5.570e-21
08783.02 1.506e-20
08784.23 4.785e-21
08785.43 -7.838e-21
08786.63 -2.812e-21
08787.84 2.153e-20
08789.04 3.121e-20
08790.25 -2.453e-21
08791.45 -9.595e-21
08792.66 3.839e-21
08793.86 -4.215e-22
08795.07 1.672e-20
08796.27 1.647e-20
08797.48 5.468e-21
08798.68 2.343e-21
08799.89 2.326e-21
08801.09 1.024e-20
08802.29 1.463e-20
08803.50 5.048e-21
08804.70 -5.947e-21
08805.91 1.040e-20
08807.11 3.213e-21
08808.32 1.298e-20
08809.52 1.656e-20
08810.73 9.564e-21
08811.93 1.222e-20
08813.14 1.712e-20
08814.34 1.275e-20
08815.55 -2.229e-22
08816.75 -3.485e-21
08817.95 -5.792e-21
08819.16 -4.484e-21
08820.36 4.974e-21
08821.57 1.767e-20
08822.77 1.294e-20
08823.98 -6.081e-20
08825.18 -2.962e-20
08826.39 6.419e-20
08827.59 3.952e-20
08828.80 7.195e-21
08830.00 3.502e-20
08831.21 2.440e-20
08832.41 8.653e-21
08833.62 2.875e-20
08834.82 -1.455e-20
08836.02 -3.531e-20
08837.23 2.044e-20
08838.43 2.444e-20
08839.64 6.735e-21
08840.84 9.443e-21
08842.05 1.373e-20
08843.25 2.289e-20
08844.46 1.538e-20
08845.66 1.043e-20
08846.87 1.609e-20
08848.07 1.581e-21
08849.28 -1.878e-20
08850.48 5.622e-21
08851.68 1.551e-20
08852.89 1.323e-20
08854.09 1.033e-21
08855.30 5.716e-21
08856.50 3.969e-21
08857.71 8.321e-21
08858.91 1.591e-21
08860.12 -1.346e-21
08861.32 2.031e-21
08862.53 9.208e-21
08863.73 5.061e-21
08864.94 -2.814e-20
08866.14 -3.280e-20
08867.34 1.974e-22
08868.55 1.209e-20
08869.75 1.259e-20
08870.96 7.704e-21
08872.16 2.962e-21
08873.37 2.081e-20
08874.57 1.231e-20
08875.78 5.556e-21
08876.98 5.144e-22
08878.19 8.444e-21
08879.39 6.307e-21
08880.60 1.564e-20
08881.80 2.047e-20
08883.00 -6.680e-22
08884.21 8.512e-20
08885.41 3.164e-20
08886.62 1.523e-20
08887.82 2.179e-20
08889.03 1.259e-20
08890.23 6.686e-21
08891.44 1.558e-20
08892.64 1.224e-20
08893.85 6.261e-21
08895.05 6.422e-21
08896.26 2.007e-20
08897.46 1.012e-20
08898.66 1.692e-21
08899.87 1.352e-20
08901.07 2.807e-20
08902.28 3.766e-20
08903.48 4.991e-20
08904.69 1.442e-20
08905.89 -3.375e-21
08907.10 -2.585e-21
08908.30 -8.127e-21
08909.51 -4.070e-22
08910.71 3.901e-22
08911.92 -9.615e-21
08913.12 -1.119e-20
08914.32 1.121e-20
08915.53 -2.552e-21
08916.73 -3.455e-20
08917.94 -4.239e-20
08919.14 -2.581e-20
08920.35 2.299e-20
08921.55 -8.146e-21
08922.76 -1.393e-20
08923.96 -1.797e-21
08925.17 1.081e-20
08926.37 1.177e-21
08927.58 -5.149e-21
08928.78 6.665e-21
08929.98 1.022e-20
08931.19 2.918e-21
08932.39 -1.914e-21
08933.60 8.072e-21
08934.80 1.313e-20
08936.01 -1.819e-20
08937.21 2.249e-21
08938.42 1.291e-20
08939.62 -1.002e-20
08940.83 -1.256e-20
08942.03 2.215e-21
08943.24 -2.057e-21
08944.44 1.853e-20
08945.64 5.292e-21
08946.85 -3.899e-21
08948.05 1.097e-21
08949.26 -1.646e-20
08950.46 -3.014e-21
08951.67 2.657e-21
08952.87 8.189e-21
08954.08 -2.805e-21
08955.28 -1.847e-20
08956.49 -2.133e-20
08957.69 1.121e-20
08958.90 -3.998e-21
08960.10 -8.620e-21
08961.30 1.099e-20
08962.51 1.105e-20
08963.71 5.818e-21
08964.92 5.222e-21
08966.12 2.280e-21
08967.33 -1.493e-21
08968.53 -7.424e-21
08969.74 4.032e-21
08970.94 1.782e-20
08972.15 8.025e-21
08973.35 2.234e-21
08974.56 6.334e-21
08975.76 7.834e-21
08976.96 2.973e-21
08978.17 4.829e-21
08979.37 7.610e-21
08980.58 1.135e-20
08981.78 -6.450e-21
08982.99 3.177e-21
08984.19 1.236e-20
08985.40 2.785e-20
08986.60 2.057e-20
08987.81 1.416e-20
08989.01 1.964e-21
08990.22 1.173e-20
08991.42 2.158e-20
08992.62 1.247e-20
08993.83 -2.173e-21
08995.03 -1.510e-21
08996.24 2.418e-21
08997.44 -1.067e-20
08998.65 -1.833e-20
08999.85 -1.330e-20
09001.06 -1.383e-21
09002.26 1.752e-20
09003.47 2.134e-20
09004.67 1.338e-20
09005.88 3.245e-21
09007.08 1.628e-21
09008.28 -3.169e-21
09009.49 -4.916e-21
09010.69 -3.212e-21
09011.90 -2.363e-21
09013.10 -5.485e-21
09014.31 -9.067e-21
09015.51 -6.487e-21
09016.72 5.972e-21
09017.92 2.843e-21
09019.13 -3.829e-22
09020.33 -2.101e-21
09021.54 -6.400e-21
09022.74 -3.374e-21
09023.94 -3.891e-21
09025.15 2.569e-21
09026.35 1.311e-20
09027.56 8.905e-21
09028.76 8.716e-21
09029.97 3.321e-21
09031.17 -8.061e-21
09032.38 -2.259e-21
09033.58 1.214e-20
09034.79 -1.303e-20
09035.99 -2.856e-20
09037.20 -4.938e-21
09038.40 1.817e-21
09039.60 6.437e-21
09040.81 -2.479e-22
09042.01 -1.309e-21
09043.22 1.222e-20
09044.42 5.115e-21
09045.63 9.713e-21
09046.83 3.025e-20
09048.04 1.479e-20
09049.24 1.526e-20
09050.45 4.409e-21
09051.65 -7.786e-21
09052.86 -1.181e-21
09054.06 -2.535e-22
09055.26 1.142e-20
09056.47 -5.889e-21
09057.67 -2.573e-20
09058.88 -7.974e-21
09060.08 -3.712e-21
09061.29 -9.473e-21
09062.49 -2.721e-21
09063.70 -7.468e-22
09064.90 -6.923e-21
09066.11 -1.420e-20
09067.31 -4.217e-21
09068.52 -1.007e-20
09069.72 -7.874e-21
09070.92 -7.714e-21
09072.13 -2.090e-21
09073.33 7.058e-21
09074.54 2.904e-21
09075.74 3.255e-21
09076.95 4.804e-21
09078.15 2.951e-21
09079.36 5.759e-21
09080.56 4.814e-21
09081.77 4.070e-21
09082.97 -6.773e-22
09084.18 -8.237e-21
09085.38 2.191e-21
09086.58 -2.918e-22
09087.79 8.002e-21
09088.99 1.312e-20
09090.20 -5.428e-22
09091.40 -1.217e-20
09092.61 1.388e-20
09093.81 1.993e-20
09095.02 5.189e-21
09096.22 1.451e-21
09097.43 -8.409e-21
09098.63 -6.463e-21
09099.84 2.761e-21
09101.04 7.600e-21
09102.24 1.205e-20
09103.45 1.004e-20
09104.65 6.349e-22
09105.86 5.064e-21
09107.06 8.159e-21
09108.27 1.099e-20
09109.47 -5.427e-21
09110.68 -2.007e-20
09111.88 -2.251e-21
09113.09 6.922e-21
09114.29 8.961e-21
09115.50 -4.348e-21
09116.70 -3.463e-21
09117.90 2.991e-21
09119.11 -1.105e-21
09120.31 -2.057e-22
09121.52 -4.611e-21
09122.72 -8.029e-22
09123.93 2.702e-21
09125.13 -6.420e-22
09126.34 -2.491e-21
09127.54 7.534e-21
09128.75 1.196e-21
09129.95 2.154e-21
09131.16 -9.902e-22
09132.36 -1.269e-20
09133.56 -1.315e-20
09134.77 7.467e-22
09135.97 3.777e-21
09137.18 -2.475e-21
09138.38 1.068e-20
09139.59 -2.493e-21
09140.79 -4.618e-21
09142.00 6.537e-21
09143.20 2.168e-21
09144.41 -2.647e-21
09145.61 5.216e-21
09146.82 9.867e-21
09148.02 -1.309e-20
09149.22 -3.121e-20
09150.43 -1.185e-20
09151.63 7.011e-21
09152.84 6.485e-21
09154.04 4.000e-21
09155.25 4.856e-21
09156.45 -1.043e-21
09157.66 -5.304e-21
09158.86 1.283e-20
09160.07 7.760e-21
09161.27 8.119e-21
09162.48 5.606e-21
09163.68 5.040e-21
09164.88 1.081e-20
09166.09 1.054e-20
09167.29 1.076e-20
09168.50 8.048e-21
09169.70 1.622e-21
09170.91 -9.011e-22
09172.11 -7.256e-21
09173.32 7.929e-21
09174.52 5.917e-21
09175.73 -3.562e-21
09176.93 1.146e-21
09178.14 1.028e-20
09179.34 5.757e-21
09180.54 2.989e-21
09181.75 -4.487e-21
09182.95 -1.835e-21
09184.16 1.011e-21
09185.36 1.840e-21
09186.57 -7.104e-21
09187.77 9.420e-22
09188.98 8.663e-21
09190.18 3.281e-21
09191.39 -5.529e-22
09192.59 2.253e-21
09193.80 5.820e-22
09195.00 2.328e-21
09196.20 -4.512e-21
09197.41 6.911e-21
09198.61 1.581e-20
09199.82 1.091e-20
09201.02 -5.936e-21
09202.23 -2.019e-21
09203.43 -1.706e-21
09204.64 -1.270e-21
09205.84 3.483e-22
09207.05 9.290e-21
09208.25 5.903e-21
09209.46 -3.384e-21
09210.66 -1.846e-21
09211.86 4.339e-21
09213.07 5.174e-21
09214.27 -1.158e-20
09215.48 -8.267e-21
09216.68 1.819e-21
09217.89 1.668e-20
09219.09 3.778e-21
09220.30 -6.363e-21
09221.50 -9.657e-21
09222.71 -4.182e-21
09223.91 -2.750e-21
09225.12 -8.856e-21
09226.32 -2.160e-21
09227.52 2.468e-21
09228.73 4.270e-21
09229.93 -3.334e-21
09231.14 -1.224e-21
09232.34 -1.162e-21
09233.55 6.868e-21
09234.75 6.873e-21
09235.96 -1.219e-21
09237.16 -1.226e-20
09238.37 -8.162e-21
09239.57 -3.808e-22
09240.78 -6.144e-21
09241.98 -1.383e-20
09243.18 -9.666e-21
09244.39 -6.000e-21
09245.59 5.277e-21
09246.80 -7.677e-21
09248.00 1.240e-21
09249.21 -8.827e-22
09250.41 -2.351e-21
09251.62 -3.209e-21
09252.82 4.833e-21
09254.03 -9.125e-21
09255.23 -1.163e-20
09256.44 -1.064e-20
09257.64 -2.659e-21
09258.84 1.515e-21
09260.05 2.893e-22
09261.25 -1.201e-20
09262.46 -9.393e-21
09263.66 -4.216e-21
09264.87 -1.625e-20
09266.07 -1.330e-20
09267.28 -4.582e-22
09268.48 7.434e-22
09269.69 -5.175e-21
09270.89 -1.139e-20
09272.10 -1.862e-20
09273.30 -1.426e-20
09274.50 1.124e-20
09275.71 -2.634e-21
09276.91 -1.708e-20
09278.12 2.316e-21
09279.32 7.359e-21
09280.53 -4.397e-21
09281.73 1.288e-21
09282.94 -4.274e-21
09284.14 -6.949e-21
09285.35 6.274e-21
09286.55 -6.319e-21
09287.76 -5.949e-21
09288.96 -3.599e-21
09290.16 1.422e-20
09291.37 1.093e-20
09292.57 -7.021e-21
09293.78 6.534e-21
09294.98 -1.035e-20
09296.19 -1.348e-20
09297.39 1.261e-21
09298.60 -6.108e-22
09299.80 -7.107e-21
09301.01 1.280e-20
09302.21 -3.192e-22
09303.42 -5.135e-20
09304.62 -1.466e-20
09305.82 1.436e-20
09307.03 1.404e-20
09308.23 3.778e-20
09309.44 1.998e-20
09310.64 -8.706e-20
09311.85 -1.462e-19
09313.05 -6.698e-20
09314.26 -2.458e-21
09315.46 2.041e-20
09316.67 1.225e-20
09317.87 -7.128e-21
09319.08 5.548e-21
09320.28 4.908e-20
09321.48 -1.883e-21
09322.69 -2.673e-20
09323.89 2.902e-20
09325.10 2.817e-21
09326.30 2.118e-20
09327.51 5.841e-21
09328.71 -1.732e-21
09329.92 5.506e-21
09331.12 5.269e-21
09332.33 7.000e-21
09333.53 -3.603e-21
09334.74 -7.640e-21
09335.94 1.146e-20
09337.14 -5.214e-21
09338.35 1.559e-21
09339.55 3.884e-21
09340.76 -1.685e-20
09341.96 -1.412e-20
09343.17 -4.026e-21
09344.37 3.153e-20
09345.58 3.774e-20
09346.78 3.527e-21
09347.99 -3.275e-21
09349.19 3.690e-21
09350.40 1.273e-21
09351.60 -1.178e-20
09352.80 3.644e-22
09354.01 7.201e-22
09355.21 -2.373e-20
09356.42 -1.666e-20
09357.62 -1.122e-21
09358.83 -5.892e-21
09360.03 -4.206e-21
09361.24 2.432e-22
09362.44 -4.949e-21
09363.65 -6.980e-21
09364.85 -2.761e-21
09366.06 -1.545e-21
09367.26 4.293e-22
09368.46 -1.145e-20
09369.67 7.437e-21
09370.87 -9.523e-21
09372.08 -9.376e-20
09373.28 -8.586e-20
09374.49 -5.227e-20
09375.69 5.313e-20
09376.90 9.749e-20
09378.10 1.656e-20
09379.31 3.156e-21
09380.51 2.530e-20
09381.72 1.338e-20
09382.92 -2.169e-21
09384.12 -5.682e-21
09385.33 -1.585e-22
09386.53 9.823e-22
09387.74 1.030e-20
09388.94 -3.945e-22
09390.15 -1.479e-20
09391.35 -8.722e-21
09392.56 -1.056e-20
09393.76 -1.026e-20
09394.97 -7.176e-21
09396.17 -6.168e-21
09397.38 -2.004e-21
09398.58 4.636e-20
09399.78 5.634e-20
09400.99 1.913e-20
09402.19 1.608e-20
09403.40 8.977e-21
09404.60 -7.381e-21
09405.81 -2.013e-20
09407.01 -1.238e-20
09408.22 2.974e-21
09409.42 3.334e-21
09410.63 3.871e-21
09411.83 -1.063e-20
09413.04 -7.627e-21
09414.24 -1.777e-20
09415.44 -2.469e-21
09416.65 -3.930e-20
09417.85 -6.457e-20
09419.06 -4.297e-20
09420.26 -6.305e-22
09421.47 -4.273e-21
09422.67 -1.810e-20
09423.88 -1.972e-20
09425.08 -1.065e-20
09426.29 7.004e-21
09427.49 -1.770e-20
09428.70 7.054e-21
09429.90 5.449e-21
09431.10 1.035e-20
09432.31 2.313e-21
09433.51 -9.086e-21
09434.72 -2.997e-20
09435.92 3.163e-20
09437.13 1.359e-19
09438.33 1.246e-19
09439.54 9.504e-20
09440.74 1.227e-19
09441.95 4.740e-20
09443.15 5.671e-21
09444.36 1.713e-20
09445.56 2.344e-21
09446.76 -5.815e-21
09447.97 -5.797e-21
09449.17 1.801e-20
09450.38 1.981e-21
09451.58 -9.822e-21
09452.79 -3.383e-22
09453.99 3.582e-20
09455.20 4.237e-20
09456.40 -3.987e-20
09457.61 -3.582e-20
09458.81 9.150e-21
09460.02 -2.535e-21
09461.22 -6.404e-21
09462.42 -2.166e-21
09463.63 -2.052e-21
09464.83 -1.152e-20
09466.04 -9.325e-22
09467.24 8.588e-21
09468.45 -4.931e-21
09469.65 -4.649e-21
09470.86 -5.756e-21
09472.06 5.168e-21
09473.27 3.301e-21
09474.47 7.930e-20
09475.68 4.647e-20
09476.88 -2.010e-21
09478.08 2.237e-21
09479.29 -5.875e-21
09480.49 -9.651e-21
09481.70 9.082e-21
09482.90 -4.874e-22
09484.11 -4.352e-21
09485.31 -7.949e-21
09486.52 -3.301e-21
09487.72 -5.895e-21
09488.93 -3.550e-21
09490.13 -2.230e-20
09491.34 -1.472e-20
09492.54 -1.847e-20
09493.74 -1.788e-20
09494.95 -2.068e-20
09496.15 -3.099e-21
09497.36 -1.867e-21
09498.56 -1.440e-20
09499.77 -1.311e-20
09500.97 -1.050e-19
09502.18 -1.584e-19
09503.38 -6.656e-20
09504.59 -8.248e-21
09505.79 4.383e-21
09507.00 -1.122e-20
09508.20 -1.270e-20
09509.40 -1.394e-21
09510.61 -4.316e-21
09511.81 -3.176e-21
09513.02 4.465e-21
09514.22 -8.320e-21
09515.43 7.012e-21
09516.63 -2.848e-20
09517.84 -1.254e-20
09519.04 1.460e-20
09520.25 1.581e-20
09521.45 1.553e-20
09522.66 5.696e-21
09523.86 1.605e-20
09525.06 -6.091e-21
09526.27 -1.668e-20
09527.47 -1.049e-20
09528.68 2.467e-21
09529.88 1.130e-20
09531.09 1.234e-21
09532.29 -4.741e-21
09533.50 -1.362e-21
09534.70 1.126e-20
09535.91 1.530e-20
09537.11 1.127e-20
09538.32 6.624e-21
09539.52 -4.877e-21
09540.72 -1.082e-20
09541.93 -9.911e-21
09543.13 -1.045e-22
09544.34 8.944e-21
09545.54 9.406e-21
09546.75 7.145e-21
09547.95 -1.664e-20
09549.16 -1.030e-20
09550.36 -1.843e-21
09551.57 -5.938e-20
09552.77 -2.759e-20
09553.98 5.194e-21
09555.18 -1.011e-20
09556.38 -2.905e-20
09557.59 -1.256e-20
09558.79 -2.836e-21
09560.00 -1.271e-20
09561.20 -6.280e-21
09562.41 -5.365e-21
09563.61 -2.255e-20
09564.82 -2.303e-20
09566.02 2.169e-20
09567.23 1.494e-20
09568.43 -1.134e-20
09569.64 -3.889e-21
09570.84 3.229e-21
09572.04 -1.909e-20
09573.25 -2.764e-20
09574.45 -3.112e-20
09575.66 -3.188e-20
09576.86 -3.658e-20
09578.07 -2.118e-20
09579.27 2.088e-21
09580.48 -4.012e-21
09581.68 6.122e-21
09582.89 8.690e-21
09584.09 -1.092e-20
09585.30 -2.555e-20
09586.50 -1.387e-20
09587.70 -1.647e-20
09588.91 -1.104e-20
09590.11 -1.684e-21
09591.32 -6.437e-21
09592.52 -5.021e-21
09593.73 -8.648e-21
09594.93 -9.418e-21
09596.14 -7.300e-21
09597.34 -1.281e-20
09598.55 -1.501e-20
09599.75 -5.984e-21
09600.96 -6.137e-21
09602.16 -1.416e-20
09603.36 8.603e-21
09604.57 5.104e-21
09605.77 -3.728e-20
09606.98 -1.741e-20
09608.18 -8.964e-21
09609.39 -7.388e-21
09610.59 -1.193e-20
09611.80 1.072e-21
09613.00 3.264e-21
09614.21 -5.203e-21
09615.41 -4.489e-21
09616.62 -1.378e-20
09617.82 -3.036e-20
09619.02 -4.302e-20
09620.23 -2.378e-20
09621.43 4.139e-21
09622.64 4.436e-21
09623.84 -1.641e-22
09625.05 -5.621e-21
09626.25 -1.260e-20
09627.46 -1.424e-20
09628.66 1.155e-20
09629.87 2.288e-20
09631.07 7.242e-21
09632.28 -7.261e-21
09633.48 -1.557e-20
09634.68 -6.637e-21
09635.89 -5.446e-23
09637.09 -4.090e-21
09638.30 -4.079e-21
09639.50 2.307e-21
09640.71 -8.257e-22
09641.91 -1.005e-20
09643.12 -2.054e-20
09644.32 -1.131e-20
09645.53 -4.272e-21
09646.73 -7.346e-21
09647.94 -7.609e-21
09649.14 -9.360e-21
09650.34 -1.224e-20
09651.55 -1.711e-21
09652.75 8.655e-21
09653.96 6.532e-21
09655.16 -2.647e-21
09656.37 -1.037e-20
09657.57 -3.367e-21
09658.78 -2.599e-21
09659.98 -9.169e-21
09661.19 -7.731e-21
09662.39 -4.667e-21
09663.60 -7.490e-21
09664.80 9.997e-22
09666.00 9.663e-21
09667.21 -4.092e-20
09668.41 -4.868e-20
09669.62 -1.689e-20
09670.82 -9.346e-21
09672.03 8.981e-21
09673.23 6.123e-21
09674.44 -2.758e-21
09675.64 1.414e-20
09676.85 4.208e-21
09678.05 1.393e-20
09679.26 -1.610e-23
09680.46 -3.033e-20
09681.66 -1.385e-20
09682.87 -2.633e-21
09684.07 -1.504e-22
09685.28 3.258e-21
09686.48 -1.585e-20
09687.69 -3.288e-20
09688.89 -1.369e-20
09690.10 -8.862e-21
09691.30 -1.478e-20
09692.51 1.695e-21
09693.71 -8.325e-21
09694.92 -5.567e-21
09696.12 -4.057e-20
09697.32 -4.022e-20
09698.53 -3.010e-20
09699.73 -4.042e-20
09700.94 -1.830e-20
09702.14 2.071e-21
09703.35 7.173e-21
09704.55 -9.261e-21
09705.76 -1.905e-21
09706.96 -2.533e-21
09708.17 -1.220e-20
09709.37 3.319e-20
09710.58 6.473e-20
09711.78 2.393e-20
09712.98 -1.462e-22
09714.19 1.223e-20
09715.39 2.201e-20
09716.60 -4.280e-20
09717.80 -2.358e-20
09719.01 5.489e-20
09720.21 4.276e-20
09721.42 7.959e-21
09722.62 7.210e-22
09723.83 -8.135e-21
09725.03 -1.664e-20
09726.24 -2.839e-21
09727.44 3.813e-21
09728.64 -1.099e-20
09729.85 -1.212e-20
09731.05 -5.264e-21
09732.26 1.625e-20
09733.46 3.648e-21
09734.67 -6.662e-21
09735.87 8.217e-21
09737.08 8.295e-21
09738.28 2.662e-20
09739.49 1.316e-20
09740.69 6.829e-21
09741.90 -1.348e-21
09743.10 -1.694e-20
09744.30 -4.418e-21
09745.51 -3.090e-21
09746.71 -1.129e-20
09747.92 -1.087e-20
09749.12 -1.191e-21
09750.33 -7.029e-21
09751.53 -4.117e-21
09752.74 -6.172e-21
09753.94 4.014e-21
09755.15 -8.312e-21
09756.35 -8.962e-21
09757.56 -1.004e-21
09758.76 1.225e-21
09759.96 -1.208e-20
09761.17 -1.798e-20
09762.37 -1.478e-20
09763.58 -1.367e-20
09764.78 -1.400e-20
09765.99 -9.880e-21
09767.19 -8.159e-21
09768.40 -7.081e-21
09769.60 1.247e-20
09770.81 -3.952e-21
09772.01 -1.371e-20
09773.22 -1.554e-20
09774.42 -1.322e-20
09775.62 -8.556e-21
09776.83 -1.020e-20
09778.03 -1.104e-20
09779.24 -1.541e-20
09780.44 -1.346e-20
09781.65 -6.525e-21
09782.85 -3.701e-22
09784.06 2.731e-22
09785.26 -1.569e-20
09786.47 5.406e-21
09787.67 2.022e-20
09788.88 3.886e-20
09790.08 3.504e-20
09791.28 2.978e-21
09792.49 -2.575e-20
09793.69 1.499e-20
09794.90 2.084e-20
09796.10 -7.219e-21
09797.31 -2.382e-20
09798.51 -6.438e-21
09799.72 1.882e-20
09800.92 3.728e-20
09802.13 1.660e-20
09803.33 -2.464e-21
09804.54 -6.701e-21
09805.74 -6.435e-21
09806.94 -1.124e-20
09808.15 -1.885e-21
09809.35 -2.694e-20
09810.56 -2.556e-20
09811.76 7.821e-21
09812.97 3.623e-21
09814.17 1.947e-21
09815.38 1.083e-21
09816.58 -6.085e-21
09817.79 -1.065e-20
09818.99 4.253e-21
09820.20 2.716e-21
09821.40 1.335e-20
09822.60 1.150e-20
09823.81 -4.606e-22
09825.01 2.187e-20
09826.22 1.438e-20
09827.42 -1.029e-20
09828.63 -2.841e-21
09829.83 -5.895e-21
09831.04 -2.476e-20
09832.24 -1.491e-20
09833.45 -2.103e-20
09834.65 -4.964e-21
09835.86 1.310e-21
09837.06 -3.863e-21
09838.26 2.353e-21
09839.47 2.981e-21
09840.67 -5.933e-21
09841.88 -1.042e-20
09843.08 -2.017e-21
09844.29 1.608e-20
09845.49 5.053e-20
09846.70 -9.605e-21
09847.90 7.203e-21
09849.11 6.133e-21
09850.31 2.494e-21
09851.52 -5.285e-22
09852.72 -1.024e-21
09853.92 1.534e-20
09855.13 -1.525e-21
09856.33 1.447e-21
09857.54 5.186e-21
09858.74 -6.520e-21
09859.95 -1.015e-20
09861.15 3.700e-21
09862.36 5.527e-21
09863.56 -9.759e-21
09864.77 -2.686e-22
09865.97 -3.424e-21
09867.18 1.446e-20
09868.38 1.799e-20
09869.58 -2.421e-20
09870.79 -4.105e-20
09871.99 -3.351e-20
09873.20 1.070e-20
09874.40 5.230e-22
09875.61 3.191e-21
09876.81 1.972e-21
09878.02 -1.095e-20
09879.22 -1.582e-20
09880.43 -8.735e-22
09881.63 -8.858e-21
09882.84 8.362e-21
09884.04 4.767e-21
09885.24 -1.202e-20
09886.45 8.535e-22
09887.65 -2.513e-21
09888.86 7.006e-21
09890.06 1.053e-20
09891.27 -1.345e-20
09892.47 1.984e-21
09893.68 1.426e-21
09894.88 -1.461e-20
09896.09 -1.820e-20
09897.29 -5.449e-21
09898.50 2.343e-20
09899.70 2.014e-20
09900.90 9.519e-21
09902.11 -1.085e-20
09903.31 -9.699e-21
09904.52 -6.741e-21
09905.72 -5.401e-21
09906.93 -1.294e-20
09908.13 1.987e-21
09909.34 2.184e-20
09910.54 -8.800e-21
09911.75 1.849e-20
09912.95 2.047e-19
09914.16 1.882e-19
09915.36 8.924e-20
09916.56 3.726e-20
09917.77 5.435e-20
09918.97 3.039e-20
09920.18 2.258e-20
09921.38 -6.591e-21
09922.59 6.478e-21
09923.79 1.247e-20
09925.00 -1.025e-20
09926.20 -2.732e-21
09927.41 7.277e-21
09928.61 1.499e-20
09929.82 2.956e-21
09931.02 6.689e-21
09932.22 1.070e-20
09933.43 1.743e-20
09934.63 1.165e-20
09935.84 2.446e-20
09937.04 3.176e-20
09938.25 -5.196e-22
09939.45 -4.956e-20
09940.66 -4.985e-20
09941.86 1.043e-20
09943.07 -1.477e-20
09944.27 -3.988e-20
09945.48 3.317e-20
09946.68 2.552e-20
09947.88 2.379e-20
09949.09 2.313e-20
09950.29 3.836e-20
09951.50 1.485e-20
09952.70 -2.148e-20
09953.91 -3.743e-20
09955.11 -3.631e-20
09956.32 -5.054e-20
09957.52 1.466e-20
09958.73 5.667e-20
09959.93 2.874e-22
09961.14 2.410e-20
09962.34 3.545e-20
09963.54 1.485e-20
09964.75 2.837e-20
09965.95 1.878e-20
09967.16 7.952e-21
09968.36 -1.116e-20
09969.57 -8.764e-21
09970.77 -9.112e-21
09971.98 -1.466e-20
09973.18 2.491e-20
09974.39 3.399e-20
09975.59 1.785e-20
09976.80 7.841e-21
09978.00 1.005e-20
09979.20 1.065e-20
09980.41 5.230e-21
09981.61 -1.725e-20
09982.82 -8.898e-21
09984.02 1.460e-21
09985.23 4.313e-22
09986.43 1.647e-20
09987.64 4.985e-21
09988.84 -6.941e-21
09990.05 -3.608e-21
09991.25 6.085e-21
09992.46 1.503e-20
09993.66 1.640e-20
09994.86 5.645e-21
09996.07 -3.380e-21
09997.27 -2.659e-20
09998.48 -3.566e-20
09999.68 -6.475e-21
10000.89 -1.739e-21
10002.09 -1.056e-20
10003.30 1.891e-22
10004.50 5.311e-21
10005.71 1.567e-21
10006.91 1.145e-20
10008.12 -6.265e-20
10009.32 -1.635e-19
10010.52 -2.113e-19
10011.73 -1.459e-19
10012.93 -4.244e-20
10014.14 -3.030e-20
10015.34 -3.890e-20
10016.55 -1.875e-20
10017.75 -1.672e-20
10018.96 -1.179e-20
10020.16 -3.031e-20
10021.37 -1.786e-20
10022.57 -9.490e-22
10023.78 -7.899e-20
10024.98 -4.657e-20
10026.18 -7.455e-21
10027.39 -8.565e-21
10028.59 -3.063e-21
10029.80 7.336e-21
10031.00 2.603e-21
10032.21 -7.829e-21
10033.41 -1.955e-20
10034.62 4.020e-21
10035.82 -2.129e-20
10037.03 -6.379e-21
10038.23 9.700e-21
10039.44 2.596e-20
10040.64 1.368e-20
10041.84 1.780e-20
10043.05 2.260e-20
10044.25 -3.996e-21
10045.46 9.908e-21
10046.66 1.875e-20
10047.87 2.018e-20
10049.07 -1.117e-22
10050.28 1.396e-21
10051.48 2.041e-21
10052.69 -2.775e-20
10053.89 -2.624e-20
10055.10 -7.729e-23
10056.30 -3.406e-20
10057.50 -1.454e-20
10058.71 2.033e-20
10059.91 4.240e-20
10061.12 6.124e-20
10062.32 2.252e-20
10063.53 1.005e-20
10064.73 -9.530e-21
10065.94 -2.088e-20
10067.14 -2.939e-21
10068.35 -4.122e-20
10069.55 -4.561e-20
10070.76 -3.684e-20
10071.96 -1.990e-20
10073.16 -1.324e-20
10074.37 -2.797e-21
10075.57 2.907e-20
10076.78 4.730e-20
10077.98 -2.184e-20
10079.19 -3.755e-20
10080.39 -1.214e-19
10081.60 -1.683e-19
10082.80 -9.049e-20
10084.01 -2.298e-20
10085.21 1.500e-20
10086.42 -2.265e-20
10087.62 -3.041e-20
10088.82 2.929e-21
10090.03 -7.049e-21
10091.23 3.765e-22
10092.44 -1.343e-20
10093.64 -2.390e-20
10094.85 -2.382e-20
10096.05 -2.580e-20
10097.26 -5.442e-21
10098.46 -1.696e-21
10099.67 -8.617e-21
10100.87 -4.537e-20
10102.08 -9.472e-20
10103.28 1.138e-20
10104.48 -9.448e-21
10105.69 -1.468e-21
10106.89 -7.184e-21
10108.10 -1.287e-20
10109.30 -1.540e-20
10110.51 4.960e-21
10111.71 -6.018e-21
10112.92 8.189e-21
10114.12 7.114e-21
10115.33 2.208e-21
10116.53 -1.459e-20
10117.74 -2.722e-20
10118.94 -3.895e-20
10120.14 -1.534e-19
10121.35 -2.376e-19
10122.55 -2.164e-19
10123.76 -4.846e-20
10124.96 2.535e-20
10126.17 8.374e-21
10127.37 1.116e-20
10128.58 2.986e-21
10129.78 3.194e-22
10130.99 -2.037e-20
10132.19 -3.076e-20
10133.40 -1.640e-21
10134.60 1.505e-20
