03115.15 1.288e-17
03116.89 -5.626e-17
03118.63 -4.214e-16
03120.36 1.644e-17
03122.10 5.078e-16
03123.84 2.152e-15
03125.58 2.866e-15
03127.32 2.425e-15
03129.06 1.593e-15
03130.79 1.335e-15
03132.53 2.291e-15
03134.27 2.065e-15
03136.01 3.139e-15
03137.75 2.769e-15
03139.49 2.013e-15
03141.22 1.837e-15
03142.96 2.235e-15
03144.70 1.503e-15
03146.44 3.071e-16
03148.18 9.098e-16
03149.92 1.244e-15
03151.65 1.550e-15
03153.39 1.486e-15
03155.13 1.712e-15
03156.87 1.924e-15
03158.61 1.845e-15
03160.35 1.401e-15
03162.08 2.882e-16
03163.82 8.371e-16
03165.56 1.192e-15
03167.30 2.141e-16
03169.04 -2.967e-16
03170.78 -6.613e-16
03172.51 4.441e-16
03174.25 4.101e-16
03175.99 4.255e-16
03177.73 4.098e-16
03179.47 5.418e-16
03181.21 8.429e-16
03182.94 3.436e-16
03184.68 7.075e-16
03186.42 6.393e-16
03188.16 7.358e-16
03189.90 1.046e-16
03191.64 2.848e-17
03193.37 4.523e-16
03195.11 2.591e-16
03196.85 1.840e-16
03198.59 3.707e-16
03200.33 1.450e-16
03202.07 3.214e-16
03203.80 2.719e-16
03205.54 3.301e-16
03207.28 -7.868e-17
03209.02 3.825e-16
03210.76 3.453e-16
03212.50 -3.109e-17
03214.23 3.069e-16
03215.97 1.401e-16
03217.71 1.521e-16
03219.45 1.931e-16
03221.19 6.726e-17
03222.93 7.398e-17
03224.66 3.022e-16
03226.40 2.341e-16
03228.14 -7.929e-17
03229.88 2.786e-16
03231.62 3.396e-16
03233.36 7.020e-18
03235.09 2.872e-16
03236.83 2.383e-16
03238.57 3.597e-16
03240.31 1.869e-16
03242.05 3.118e-16
03243.79 5.897e-16
03245.52 6.480e-16
03247.26 4.185e-16
03249.00 3.489e-16
03250.74 5.240e-16
03252.48 2.881e-16
03254.22 -4.081e-17
03255.95 2.909e-16
03257.69 3.816e-16
03259.43 3.420e-16
03261.17 1.414e-16
03262.91 2.096e-16
03264.65 1.783e-16
03266.38 2.100e-16
03268.12 7.250e-18
03269.86 1.435e-16
03271.60 2.882e-16
03273.34 2.368e-16
03275.08 4.929e-17
03276.81 1.108e-16
03278.55 2.441e-16
03280.29 2.974e-16
03282.03 3.929e-16
03283.77 4.424e-16
03285.51 3.215e-16
03287.24 1.966e-16
03288.98 3.582e-16
03290.72 2.999e-16
03292.46 3.480e-16
03294.20 -5.024e-17
03295.94 -1.282e-16
03297.67 -9.538e-17
03299.41 1.467e-16
03301.15 2.348e-17
03302.89 2.503e-16
03304.63 4.526e-16
03306.36 -4.982e-19
03308.10 1.694e-16
03309.84 3.453e-16
03311.58 4.338e-17
03313.32 2.713e-16
03315.06 1.854e-16
03316.79 2.047e-16
03318.53 1.099e-16
03320.27 1.942e-16
03322.01 2.714e-16
03323.75 6.110e-16
03325.49 -5.324e-17
03327.22 -2.201e-17
03328.96 1.866e-16
03330.70 2.237e-16
03332.44 4.564e-16
03334.18 2.572e-16
03335.92 6.141e-17
03337.65 3.445e-16
03339.39 1.757e-16
03341.13 9.857e-17
03342.87 3.849e-16
03344.61 2.868e-16
03346.35 2.192e-16
03348.08 2.389e-16
03349.82 3.553e-16
03351.56 2.478e-16
03353.30 3.668e-16
03355.04 2.921e-16
03356.78 2.115e-16
03358.51 4.480e-16
03360.25 2.178e-16
03361.99 6.815e-17
03363.73 3.505e-16
03365.47 5.052e-16
03367.21 5.911e-16
03368.94 4.143e-16
03370.68 2.901e-16
03372.42 1.891e-16
03374.16 1.727e-16
03375.90 1.706e-16
03377.64 1.713e-16
03379.37 3.558e-16
03381.11 5.278e-16
03382.85 3.297e-16
03384.59 1.424e-16
03386.33 2.678e-16
03388.07 2.099e-16
03389.80 1.840e-16
03391.54 1.163e-16
03393.28 2.368e-16
03395.02 1.862e-17
03396.76 1.693e-16
03398.50 1.489e-16
03400.23 1.357e-16
03401.97 3.267e-16
03403.71 2.152e-16
03405.45 2.080e-17
03407.19 -5.948e-18
03408.93 3.517e-16
03410.66 4.709e-16
03412.40 2.062e-16
03414.14 2.717e-16
03415.88 3.211e-16
03417.62 1.434e-16
03419.36 2.682e-16
03421.09 2.751e-16
03422.83 6.773e-17
03424.57 2.243e-16
03426.31 2.435e-16
03428.05 1.497e-16
03429.79 3.228e-16
03431.52 3.472e-16
03433.26 4.052e-17
03435.00 -2.781e-17
03436.74 3.002e-16
03438.48 3.309e-16
03440.22 2.220e-16
03441.95 2.835e-16
03443.69 1.223e-16
03445.43 3.904e-16
03447.17 2.803e-16
03448.91 2.438e-16
03450.65 2.973e-16
03452.38 3.801e-16
03454.12 2.923e-16
03455.86 3.675e-16
03457.60 2.950e-16
03459.34 1.094e-16
03461.08 2.576e-16
03462.81 3.487e-16
03464.55 3.674e-16
03466.29 3.389e-16
03468.03 1.731e-16
03469.77 1.989e-16
03471.51 2.884e-16
03473.24 2.917e-16
03474.98 2.173e-16
03476.72 2.326e-16
03478.46 1.800e-16
03480.20 3.127e-16
03481.94 3.537e-16
03483.67 4.482e-16
03485.41 2.981e-16
03487.15 2.581e-16
03488.89 4.359e-16
03490.63 3.715e-16
03492.37 3.176e-16
03494.10 2.314e-16
03495.84 3.816e-16
03497.58 2.511e-16
03499.32 3.583e-16
03501.06 3.958e-16
03502.79 5.407e-16
03504.53 4.722e-16
03506.27 3.667e-16
03508.01 3.601e-16
03509.75 4.838e-16
03511.49 5.896e-16
03513.22 3.958e-16
03514.96 3.380e-16
03516.70 4.902e-16
03518.44 4.410e-16
03520.18 3.842e-16
03521.92 2.739e-16
03523.65 3.256e-16
03525.39 3.795e-16
03527.13 3.418e-16
03528.87 4.291e-16
03530.61 3.856e-16
03532.35 3.294e-16
03534.08 4.767e-16
03535.82 3.120e-16
03537.56 2.631e-16
03539.30 2.405e-16
03541.04 2.386e-16
03542.78 4.166e-16
03544.51 2.258e-16
03546.25 2.098e-16
03547.99 2.203e-16
03549.73 1.902e-16
03551.47 3.152e-16
03553.21 2.511e-16
03554.94 3.058e-16
03556.68 2.709e-16
03558.42 1.422e-16
03560.16 2.638e-16
03561.90 2.106e-16
03563.64 3.565e-16
03565.37 2.437e-16
03567.11 3.063e-16
03568.85 3.812e-16
03570.59 3.046e-16
03572.33 1.409e-16
03574.07 3.037e-16
03575.80 4.180e-16
03577.54 4.965e-16
03579.28 4.098e-16
03581.02 2.573e-16
03582.76 2.887e-16
03584.50 2.007e-16
03586.23 4.005e-16
03587.97 4.128e-16
03589.71 4.041e-16
03591.45 2.319e-16
03593.19 2.126e-16
03594.93 2.987e-16
03596.66 2.800e-16
03598.40 3.413e-16
03600.14 2.858e-16
03601.88 2.653e-16
03603.62 5.841e-16
03605.36 4.198e-16
03607.09 3.839e-16
03608.83 4.659e-16
03610.57 4.406e-16
03612.31 4.056e-16
03614.05 3.707e-16
03615.79 2.489e-16
03617.52 3.955e-16
03619.26 4.691e-16
03621.00 4.781e-16
03622.74 1.641e-16
03624.48 3.028e-16
03626.22 3.159e-16
03627.95 3.518e-16
03629.69 3.244e-16
03631.43 3.297e-16
03633.17 1.888e-16
03634.91 3.121e-16
03636.65 4.534e-16
03638.38 3.312e-16
03640.12 4.217e-16
03641.86 2.991e-16
03643.60 3.040e-16
03645.34 4.241e-16
03647.08 3.714e-16
03648.81 3.313e-16
03650.55 2.250e-16
03652.29 2.263e-16
03654.03 5.042e-16
03655.77 3.089e-16
03657.51 2.604e-16
03659.24 2.486e-16
03660.98 3.671e-16
03662.72 2.929e-16
03664.46 4.200e-16
03666.20 3.008e-16
03667.94 2.927e-16
03669.67 3.492e-16
03671.41 2.745e-16
03673.15 3.788e-16
03674.89 2.293e-16
03676.63 2.607e-16
03678.37 2.792e-16
03680.10 9.640e-17
03681.84 2.233e-16
03683.58 3.070e-16
03685.32 3.121e-16
03687.06 3.986e-16
03688.80 3.558e-16
03690.53 1.202e-16
03692.27 2.327e-16
03694.01 3.760e-16
03695.75 9.185e-17
03697.49 1.570e-16
03699.23 2.582e-16
03700.96 2.863e-16
03702.70 2.376e-16
03704.44 1.913e-16
03706.18 2.501e-16
03707.92 2.178e-16
03709.65 1.747e-16
03711.39 2.445e-16
03713.13 3.918e-16
03714.87 3.296e-16
03716.61 2.677e-16
03718.35 2.950e-16
03720.08 3.458e-16
03721.82 4.112e-16
03723.56 3.795e-16
03725.30 2.771e-16
03727.04 3.473e-16
03728.78 3.014e-16
03730.51 3.431e-16
03732.25 3.871e-16
03733.99 3.648e-16
03735.73 2.108e-16
03737.47 2.759e-16
03739.21 2.104e-16
03740.94 1.078e-16
03742.68 3.270e-16
03744.42 2.365e-16
03746.16 3.100e-16
03747.90 4.894e-16
03749.64 4.590e-16
03751.37 2.036e-16
03753.11 2.915e-16
03754.85 2.756e-16
03756.59 2.064e-16
03758.33 1.379e-16
03760.07 1.961e-16
03761.80 2.480e-16
03763.54 1.932e-16
03765.28 1.932e-16
03767.02 2.105e-16
03768.76 2.966e-16
03770.50 1.947e-16
03772.23 1.049e-16
03773.97 1.372e-16
03775.71 3.414e-16
03777.45 3.131e-16
03779.19 8.014e-17
03780.93 2.327e-16
03782.66 2.279e-16
03784.40 1.439e-16
03786.14 2.026e-16
03787.88 9.019e-17
03789.62 1.948e-16
03791.36 2.454e-16
03793.09 2.331e-16
03794.83 2.313e-16
03796.57 1.873e-16
03798.31 1.022e-16
03800.05 2.588e-16
03801.79 1.800e-16
03803.52 1.992e-16
03805.26 2.243e-16
03807.00 2.526e-17
03808.74 1.058e-16
03810.48 1.217e-16
03812.22 2.229e-16
03813.95 2.030e-16
03815.69 2.471e-16
03817.43 1.632e-16
03819.17 2.592e-16
03820.91 1.481e-16
03822.65 1.507e-16
03824.38 1.451e-16
03826.12 2.857e-16
03827.86 1.782e-16
03829.60 1.104e-16
03831.34 2.154e-16
03833.08 2.686e-16
03834.81 1.786e-16
03836.55 2.259e-16
03838.29 1.634e-16
03840.03 2.244e-16
03841.77 1.541e-16
03843.51 6.010e-17
03845.24 1.624e-16
03846.98 1.508e-16
03848.72 2.243e-16
03850.46 1.967e-16
03852.20 1.743e-16
03853.94 3.331e-16
03855.67 2.217e-16
03857.41 1.993e-16
03859.15 1.757e-16
03860.89 8.364e-17
03862.63 1.930e-16
03864.37 3.320e-16
03866.10 1.174e-16
03867.84 9.380e-17
03869.58 1.932e-16
03871.32 3.085e-16
03873.06 1.980e-16
03874.80 1.025e-16
03876.53 3.115e-16
03878.27 2.017e-16
03880.01 1.147e-16
03881.75 2.013e-16
03883.49 2.329e-16
03885.23 2.138e-16
03886.96 1.605e-16
03888.70 1.879e-16
03890.44 2.898e-16
03892.18 1.804e-16
03893.92 1.796e-16
03895.66 2.329e-16
03897.39 3.206e-16
03899.13 2.858e-16
03900.87 3.256e-16
03902.61 2.229e-16
03904.35 1.739e-16
03906.08 2.683e-16
03907.82 2.413e-16
03909.56 2.357e-16
03911.30 3.005e-16
03913.04 2.572e-16
03914.78 3.723e-16
03916.51 3.780e-16
03918.25 4.425e-16
03919.99 4.507e-16
03921.73 4.803e-16
03923.47 4.409e-16
03925.21 3.402e-16
03926.94 4.544e-16
03928.68 5.214e-16
03930.42 5.691e-16
03932.16 5.745e-16
03933.90 4.923e-16
03935.64 5.673e-16
03937.37 7.184e-16
03939.11 6.999e-16
03940.85 7.441e-16
03942.59 7.254e-16
03944.33 5.756e-16
03946.07 5.699e-16
03947.80 6.003e-16
03949.54 6.389e-16
03951.28 5.989e-16
03953.02 6.408e-16
03954.76 6.068e-16
03956.50 6.080e-16
03958.23 6.797e-16
03959.97 5.453e-16
03961.71 4.064e-16
03963.45 5.564e-16
03965.19 6.317e-16
03966.93 5.864e-16
03968.66 5.503e-16
03970.40 6.412e-16
03972.14 6.307e-16
03973.88 6.326e-16
03975.62 7.188e-16
03977.36 5.355e-16
03979.09 5.397e-16
03980.83 5.169e-16
03982.57 6.152e-16
03984.31 6.292e-16
03986.05 5.272e-16
03987.79 4.864e-16
03989.52 4.836e-16
03991.26 5.618e-16
03993.00 5.776e-16
03994.74 4.952e-16
03996.48 5.102e-16
03998.22 5.732e-16
03999.95 6.039e-16
04001.69 5.588e-16
04003.43 6.062e-16
04005.17 7.292e-16
04006.91 5.595e-16
04008.65 6.075e-16
04010.38 7.251e-16
04012.12 5.980e-16
04013.86 5.923e-16
04015.60 6.275e-16
04017.34 6.498e-16
04019.08 7.697e-16
04020.81 6.739e-16
04022.55 6.274e-16
04024.29 6.040e-16
04026.03 6.309e-16
04027.77 6.229e-16
04029.51 7.382e-16
04031.24 6.305e-16
04032.98 5.915e-16
04034.72 6.442e-16
04036.46 6.869e-16
04038.20 7.464e-16
04039.94 5.428e-16
04041.67 6.106e-16
04043.41 7.637e-16
04045.15 7.388e-16
04046.89 7.488e-16
04048.63 6.716e-16
04050.37 6.054e-16
04052.10 5.615e-16
04053.84 6.799e-16
04055.58 7.789e-16
04057.32 7.672e-16
04059.06 8.101e-16
04060.80 7.612e-16
04062.53 7.271e-16
04064.27 8.153e-16
04066.01 7.333e-16
04067.75 7.797e-16
04069.49 6.976e-16
04071.23 6.401e-16
04072.96 6.754e-16
04074.70 6.615e-16
04076.44 7.064e-16
04078.18 7.150e-16
04079.92 6.708e-16
04081.66 6.654e-16
04083.39 6.752e-16
04085.13 5.932e-16
04086.87 7.380e-16
04088.61 6.016e-16
04090.35 5.900e-16
04092.09 7.272e-16
04093.82 6.028e-16
04095.56 5.485e-16
04097.30 6.497e-16
04099.04 6.129e-16
04100.78 5.450e-16
04102.51 5.942e-16
04104.25 7.141e-16
04105.99 7.050e-16
04107.73 7.279e-16
04109.47 6.959e-16
04111.21 5.414e-16
04112.94 5.345e-16
04114.68 6.336e-16
04116.42 6.402e-16
04118.16 6.687e-16
04119.90 5.773e-16
04121.64 5.857e-16
04123.37 5.289e-16
04125.11 6.447e-16
04126.85 7.481e-16
04128.59 6.383e-16
04130.33 5.511e-16
04132.07 5.358e-16
04133.80 7.133e-16
04135.54 6.711e-16
04137.28 5.923e-16
04139.02 5.834e-16
04140.76 5.861e-16
04142.50 6.654e-16
04144.23 6.453e-16
04145.97 7.366e-16
04147.71 5.642e-16
04149.45 6.866e-16
04151.19 6.477e-16
04152.93 7.055e-16
04154.66 6.816e-16
04156.40 6.201e-16
04158.14 6.122e-16
04159.88 7.386e-16
04161.62 7.508e-16
04163.36 6.356e-16
04165.09 5.303e-16
04166.83 5.802e-16
04168.57 6.298e-16
04170.31 6.438e-16
04172.05 5.929e-16
04173.79 5.127e-16
04175.52 5.221e-16
04177.26 5.563e-16
04179.00 5.150e-16
04180.74 5.672e-16
04182.48 5.668e-16
04184.22 5.618e-16
04185.95 4.645e-16
04187.69 6.649e-16
04189.43 7.160e-16
04191.17 8.107e-16
04192.91 6.950e-16
04194.65 4.911e-16
04196.38 5.660e-16
04198.12 5.296e-16
04199.86 5.648e-16
04201.60 5.066e-16
04203.34 6.160e-16
04205.08 5.905e-16
04206.81 6.064e-16
04208.55 6.280e-16
04210.29 6.214e-16
04212.03 7.118e-16
04213.77 6.601e-16
04215.51 5.914e-16
04217.24 5.995e-16
04218.98 5.985e-16
04220.72 6.481e-16
04222.46 7.469e-16
04224.20 7.487e-16
04225.94 5.879e-16
04227.67 5.823e-16
04229.41 5.901e-16
04231.15 5.457e-16
04232.89 7.187e-16
04234.63 6.168e-16
04236.37 6.384e-16
04238.10 6.282e-16
04239.84 5.792e-16
04241.58 5.127e-16
04243.32 5.330e-16
04245.06 6.124e-16
04246.80 5.725e-16
04248.53 6.201e-16
04250.27 7.311e-16
04252.01 5.763e-16
04253.75 5.155e-16
04255.49 4.941e-16
04257.23 4.962e-16
04258.96 4.393e-16
04260.70 5.703e-16
04262.44 5.282e-16
04264.18 5.985e-16
04265.92 6.656e-16
04267.66 5.701e-16
04269.39 5.296e-16
04271.13 6.817e-16
04272.87 6.159e-16
04274.61 5.652e-16
04276.35 6.880e-16
04278.09 7.489e-16
04279.82 6.282e-16
04281.56 6.415e-16
04283.30 6.319e-16
04285.04 4.743e-16
04286.78 5.338e-16
04288.52 5.387e-16
04290.25 6.520e-16
04291.99 6.543e-16
04293.73 4.837e-16
04295.47 6.303e-16
04297.21 7.868e-16
04298.95 7.522e-16
04300.68 6.634e-16
04302.42 5.612e-16
04304.16 5.577e-16
04305.90 5.332e-16
04307.64 5.796e-16
04309.37 6.205e-16
04311.11 6.511e-16
04312.85 6.461e-16
04314.59 4.889e-16
04316.33 5.689e-16
04318.07 7.436e-16
04319.80 7.436e-16
04321.54 5.001e-16
04323.28 5.793e-16
04325.02 5.557e-16
04326.76 6.553e-16
04328.50 6.711e-16
04330.23 5.756e-16
04331.97 4.220e-16
04333.71 5.192e-16
04335.45 6.364e-16
04337.19 5.773e-16
04338.93 5.662e-16
04340.66 5.514e-16
04342.40 5.620e-16
04344.14 4.647e-16
04345.88 5.380e-16
04347.62 5.211e-16
04349.36 6.445e-16
04351.09 5.955e-16
04352.83 6.296e-16
04354.57 5.830e-16
04356.31 5.423e-16
04358.05 6.061e-16
04359.79 5.897e-16
04361.52 5.976e-16
04363.26 6.458e-16
04365.00 6.309e-16
04366.74 5.659e-16
04368.48 5.754e-16
04370.22 5.332e-16
04371.95 7.072e-16
04373.69 5.048e-16
04375.43 5.491e-16
04377.17 7.292e-16
04378.91 7.885e-16
04380.65 6.749e-16
04382.38 7.046e-16
04384.12 5.422e-16
04385.86 6.243e-16
04387.60 6.589e-16
04389.34 5.497e-16
04391.08 7.253e-16
04392.81 5.412e-16
04394.55 5.517e-16
04396.29 4.910e-16
04398.03 5.750e-16
04399.77 4.464e-16
04401.51 5.671e-16
04403.24 5.798e-16
04404.98 6.532e-16
04406.72 6.648e-16
04408.46 5.404e-16
04410.20 4.072e-16
04411.94 4.673e-16
04413.67 4.828e-16
04415.41 4.465e-16
04417.15 3.709e-16
04418.89 5.876e-16
04420.63 6.198e-16
04422.37 7.742e-16
04424.10 3.888e-16
04425.84 4.127e-16
04427.58 5.121e-16
04429.32 5.531e-16
04431.06 5.887e-16
04432.80 6.501e-16
04434.53 5.065e-16
04436.27 6.276e-16
04438.01 6.737e-16
04439.75 6.244e-16
04441.49 4.234e-16
04443.23 5.426e-16
04444.96 5.327e-16
04446.70 6.060e-16
04448.44 6.471e-16
04450.18 5.440e-16
04451.92 8.236e-16
04453.66 7.496e-16
04455.39 6.777e-16
04457.13 5.574e-16
04458.87 5.967e-16
04460.61 5.276e-16
04462.35 5.471e-16
04464.09 6.410e-16
04465.82 5.422e-16
04467.56 5.770e-16
04469.30 6.175e-16
04471.04 5.878e-16
04472.78 5.675e-16
04474.52 6.361e-16
04476.25 6.209e-16
04477.99 7.173e-16
04479.73 6.119e-16
04481.47 5.065e-16
04483.21 4.849e-16
04484.95 5.644e-16
04486.68 6.967e-16
04488.42 6.942e-16
04490.16 5.841e-16
04491.90 6.662e-16
04493.64 7.200e-16
04495.38 5.441e-16
04497.11 5.417e-16
04498.85 5.762e-16
04500.59 6.387e-16
04502.33 5.566e-16
04504.07 5.925e-16
04505.80 5.741e-16
04507.54 6.191e-16
04509.28 6.152e-16
04511.02 7.581e-16
04512.76 6.663e-16
04514.50 6.121e-16
04516.23 7.328e-16
04517.97 6.589e-16
04519.71 7.449e-16
04521.45 6.038e-16
04523.19 7.163e-16
04524.93 6.449e-16
04526.66 6.440e-16
04528.40 8.278e-16
04530.14 7.395e-16
04531.88 6.466e-16
04533.62 6.000e-16
04535.36 6.178e-16
04537.09 7.155e-16
04538.83 6.908e-16
04540.57 6.918e-16
04542.31 7.250e-16
04544.05 6.798e-16
04545.79 6.777e-16
04547.52 9.262e-16
04549.26 8.665e-16
04551.00 7.897e-16
04552.74 7.569e-16
04554.48 7.492e-16
04556.22 7.337e-16
04557.95 7.883e-16
04559.69 7.617e-16
04561.43 8.306e-16
04563.17 9.147e-16
04564.91 8.364e-16
04566.65 8.380e-16
04568.38 8.082e-16
04570.12 9.537e-16
04571.86 8.949e-16
04573.60 8.608e-16
04575.34 8.519e-16
04577.08 9.616e-16
04578.81 8.558e-16
04580.55 7.794e-16
04582.29 9.632e-16
04584.03 8.805e-16
04585.77 9.271e-16
04587.51 9.029e-16
04589.24 8.762e-16
04590.98 1.099e-15
04592.72 1.198e-15
04594.46 9.960e-16
04596.20 1.001e-15
04597.94 1.036e-15
04599.67 1.114e-15
04601.41 9.728e-16
04603.15 9.963e-16
04604.89 1.100e-15
04606.63 1.172e-15
04608.37 1.137e-15
04610.10 1.056e-15
04611.84 9.501e-16
04613.58 1.001e-15
04615.32 1.028e-15
04617.06 1.003e-15
04618.80 1.026e-15
04620.53 9.471e-16
04622.27 8.828e-16
04624.01 8.927e-16
04625.75 1.075e-15
04627.49 1.071e-15
04629.23 1.032e-15
04630.96 1.008e-15
04632.70 1.086e-15
04634.44 1.139e-15
04636.18 1.174e-15
04637.92 1.056e-15
04639.66 1.011e-15
04641.39 1.012e-15
04643.13 9.429e-16
04644.87 9.292e-16
04646.61 9.387e-16
04648.35 1.101e-15
04650.09 9.861e-16
04651.82 8.322e-16
04653.56 8.927e-16
04655.30 9.248e-16
04657.04 9.344e-16
04658.78 8.731e-16
04660.52 9.265e-16
04662.25 8.693e-16
04663.99 8.440e-16
04665.73 8.832e-16
04667.47 8.319e-16
04669.21 6.558e-16
04670.95 8.276e-16
04672.68 9.772e-16
04674.42 8.677e-16
04676.16 1.016e-15
04677.90 1.011e-15
04679.64 9.579e-16
04681.38 1.034e-15
04683.11 9.798e-16
04684.85 1.016e-15
04686.59 1.046e-15
04688.33 9.894e-16
04690.07 1.009e-15
04691.81 9.501e-16
04693.54 1.006e-15
04695.28 9.433e-16
04697.02 8.709e-16
04698.76 8.708e-16
04700.50 1.014e-15
04702.23 1.120e-15
04703.97 1.020e-15
04705.71 1.004e-15
04707.45 1.214e-15
04709.19 1.138e-15
04710.93 1.102e-15
04712.66 9.906e-16
04714.40 9.348e-16
04716.14 1.198e-15
04717.88 1.275e-15
04719.62 9.942e-16
04721.36 9.293e-16
04723.09 1.056e-15
04724.83 1.052e-15
04726.57 1.072e-15
04728.31 1.167e-15
04730.05 1.157e-15
04731.79 1.108e-15
04733.52 1.254e-15
04735.26 1.189e-15
04737.00 1.198e-15
04738.74 1.117e-15
04740.48 1.100e-15
04742.22 1.059e-15
04743.95 1.030e-15
04745.69 1.039e-15
04747.43 1.092e-15
04749.17 1.038e-15
04750.91 1.000e-15
04752.65 1.119e-15
04754.38 1.018e-15
04756.12 9.989e-16
04757.86 1.090e-15
04759.60 1.031e-15
04761.34 9.627e-16
04763.08 1.048e-15
04764.81 1.065e-15
04766.55 1.120e-15
04768.29 1.022e-15
04770.03 8.391e-16
04771.77 9.436e-16
04773.51 9.345e-16
04775.24 1.004e-15
04776.98 9.744e-16
04778.72 1.033e-15
04780.46 1.093e-15
04782.20 9.887e-16
04783.94 9.165e-16
04785.67 9.372e-16
04787.41 9.578e-16
04789.15 1.052e-15
04790.89 9.535e-16
04792.63 1.061e-15
04794.37 9.723e-16
04796.10 9.432e-16
04797.84 9.629e-16
04799.58 1.040e-15
04801.32 8.812e-16
04803.06 9.184e-16
04804.80 9.758e-16
04806.53 9.586e-16
04808.27 9.994e-16
04810.01 7.886e-16
04811.75 8.164e-16
04813.49 1.003e-15
04815.23 8.959e-16
04816.96 8.941e-16
04818.70 8.910e-16
04820.44 9.956e-16
04822.18 1.028e-15
04823.92 9.049e-16
04825.66 9.550e-16
04827.39 1.088e-15
04829.13 1.031e-15
04830.87 8.990e-16
04832.61 9.347e-16
04834.35 7.612e-16
04836.09 8.862e-16
04837.82 8.373e-16
04839.56 6.574e-16
04841.30 7.404e-16
04843.04 8.463e-16
04844.78 8.944e-16
04846.52 8.786e-16
04848.25 8.164e-16
04849.99 6.833e-16
04851.73 6.717e-16
04853.47 7.922e-16
04855.21 8.599e-16
04856.95 6.769e-16
04858.68 8.081e-16
04860.42 7.237e-16
04862.16 5.542e-16
04863.90 6.406e-16
04865.64 7.495e-16
04867.38 8.056e-16
04869.11 6.435e-16
04870.85 6.582e-16
04872.59 6.310e-16
04874.33 6.589e-16
04876.07 6.619e-16
04877.81 6.191e-16
04879.54 6.146e-16
04881.28 6.331e-16
04883.02 6.303e-16
04884.76 6.383e-16
04886.50 6.888e-16
04888.24 6.042e-16
04889.97 5.477e-16
04891.71 5.338e-16
04893.45 5.821e-16
04895.19 5.972e-16
04896.93 5.334e-16
04898.67 5.411e-16
04900.40 6.121e-16
04902.14 5.857e-16
04903.88 5.757e-16
04905.62 5.210e-16
04907.36 5.412e-16
04909.09 4.971e-16
04910.83 4.877e-16
04912.57 5.681e-16
04914.31 6.407e-16
04916.05 5.886e-16
04917.79 5.655e-16
04919.52 5.189e-16
04921.26 5.285e-16
04923.00 5.382e-16
04924.74 5.208e-16
04926.48 5.768e-16
04928.22 5.349e-16
04929.95 5.539e-16
04931.69 5.947e-16
04933.43 5.539e-16
04935.17 4.706e-16
04936.91 5.341e-16
04938.65 4.699e-16
04940.38 4.607e-16
04942.12 5.467e-16
04943.86 5.832e-16
04945.60 5.888e-16
04947.34 6.225e-16
04949.08 6.521e-16
04950.81 7.010e-16
04952.55 6.469e-16
04954.29 7.270e-16
04956.03 7.427e-16
04957.77 7.050e-16
04959.51 7.288e-16
04961.24 7.538e-16
04962.98 7.894e-16
04964.72 8.883e-16
04966.46 9.234e-16
04968.20 8.847e-16
04969.94 9.276e-16
04971.67 9.113e-16
04973.41 8.029e-16
04975.15 8.984e-16
04976.89 9.682e-16
04978.63 8.687e-16
04980.37 9.520e-16
04982.10 1.007e-15
04983.84 8.893e-16
04985.58 8.870e-16
04987.32 9.262e-16
04989.06 9.402e-16
04990.80 9.869e-16
04992.53 1.031e-15
04994.27 1.021e-15
04996.01 1.078e-15
04997.75 1.070e-15
04999.49 1.100e-15
05001.23 1.206e-15
05002.96 1.179e-15
05004.70 1.165e-15
05006.44 1.126e-15
05008.18 1.179e-15
05009.92 1.283e-15
05011.66 1.251e-15
05013.39 1.215e-15
05015.13 1.222e-15
05016.87 1.199e-15
05018.61 1.165e-15
05020.35 1.249e-15
05022.09 1.271e-15
05023.82 1.232e-15
05025.56 1.242e-15
05027.30 1.277e-15
05029.04 1.244e-15
05030.78 1.326e-15
05032.52 1.351e-15
05034.25 1.359e-15
05035.99 1.337e-15
05037.73 1.179e-15
05039.47 1.311e-15
05041.21 1.364e-15
05042.95 1.305e-15
05044.68 1.358e-15
05046.42 1.357e-15
05048.16 1.266e-15
05049.90 1.266e-15
05051.64 1.215e-15
05053.38 1.273e-15
05055.11 1.222e-15
05056.85 1.238e-15
05058.59 1.297e-15
05060.33 1.276e-15
05062.07 1.177e-15
05063.81 1.204e-15
05065.54 1.193e-15
05067.28 1.212e-15
05069.02 1.129e-15
05070.76 1.213e-15
05072.50 1.104e-15
05074.24 1.033e-15
05075.97 1.021e-15
05077.71 1.012e-15
05079.45 1.002e-15
05081.19 1.023e-15
05082.93 9.710e-16
05084.67 9.116e-16
05086.40 8.446e-16
05088.14 9.332e-16
05089.88 9.294e-16
05091.62 9.103e-16
05093.36 9.740e-16
05095.10 8.046e-16
05096.83 7.717e-16
05098.57 7.734e-16
05100.31 7.866e-16
05102.05 8.009e-16
05103.79 8.333e-16
05105.52 7.737e-16
05107.26 8.001e-16
05109.00 8.061e-16
05110.74 7.838e-16
05112.48 7.916e-16
05114.22 8.317e-16
05115.95 8.885e-16
05117.69 8.284e-16
05119.43 7.826e-16
05121.17 7.800e-16
05122.91 7.796e-16
05124.65 7.800e-16
05126.38 7.600e-16
05128.12 7.997e-16
05129.86 8.547e-16
05131.60 8.773e-16
05133.34 8.179e-16
05135.08 8.426e-16
05136.81 8.933e-16
05138.55 8.259e-16
05140.29 8.758e-16
05142.03 8.857e-16
05143.77 9.068e-16
05145.51 8.746e-16
05147.24 8.556e-16
05148.98 8.305e-16
05150.72 9.574e-16
05152.46 1.106e-15
05154.20 1.016e-15
05155.94 9.685e-16
05157.67 8.960e-16
05159.41 9.012e-16
05161.15 9.151e-16
05162.89 9.764e-16
05164.63 8.747e-16
05166.37 8.192e-16
05168.10 8.872e-16
05169.84 9.434e-16
05171.58 9.901e-16
05173.32 9.797e-16
05175.06 9.246e-16
05176.80 9.327e-16
05178.53 1.006e-15
05180.27 1.052e-15
05182.01 9.848e-16
05183.75 9.771e-16
05185.49 9.727e-16
05187.23 1.021e-15
05188.96 9.539e-16
05190.70 9.031e-16
05192.44 1.073e-15
05194.18 1.018e-15
05195.92 1.037e-15
05197.66 1.018e-15
05199.39 9.807e-16
05201.13 9.869e-16
05202.87 1.058e-15
05204.61 1.058e-15
05206.35 9.475e-16
05208.09 1.032e-15
05209.82 1.016e-15
05211.56 9.862e-16
05213.30 1.058e-15
05215.04 1.095e-15
05216.78 1.092e-15
05218.52 9.954e-16
05220.25 9.928e-16
05221.99 1.055e-15
05223.73 9.859e-16
05225.47 1.007e-15
05227.21 9.643e-16
05228.95 9.554e-16
05230.68 1.006e-15
05232.42 9.825e-16
05234.16 1.019e-15
05235.90 9.709e-16
05237.64 8.898e-16
05239.38 1.060e-15
05241.11 9.965e-16
05242.85 9.473e-16
05244.59 1.017e-15
05246.33 1.113e-15
05248.07 1.028e-15
05249.81 9.221e-16
05251.54 9.941e-16
05253.28 1.101e-15
05255.02 1.022e-15
05256.76 9.768e-16
05258.50 1.055e-15
05260.24 9.756e-16
05261.97 9.035e-16
05263.71 1.021e-15
05265.45 9.251e-16
05267.19 1.012e-15
05268.93 1.049e-15
05270.67 9.660e-16
05272.40 1.043e-15
05274.14 9.999e-16
05275.88 1.003e-15
05277.62 9.844e-16
05279.36 9.777e-16
05281.10 1.086e-15
05282.83 1.027e-15
05284.57 1.031e-15
05286.31 1.007e-15
05288.05 9.311e-16
05289.79 9.605e-16
05291.53 1.067e-15
05293.26 1.039e-15
05295.00 9.861e-16
05296.74 1.025e-15
05298.48 1.069e-15
05300.22 1.005e-15
05301.95 1.036e-15
05303.69 1.168e-15
05305.43 1.102e-15
05307.17 1.002e-15
05308.91 1.074e-15
05310.65 1.118e-15
05312.38 1.095e-15
05314.12 1.111e-15
05315.86 1.169e-15
05317.60 1.169e-15
05319.34 1.081e-15
05321.08 1.094e-15
05322.81 1.130e-15
05324.55 1.139e-15
05326.29 1.053e-15
05328.03 1.057e-15
05329.77 1.065e-15
05331.51 1.016e-15
05333.24 1.124e-15
05334.98 1.170e-15
05336.72 1.145e-15
05338.46 1.174e-15
05340.20 1.133e-15
05341.94 1.185e-15
05343.67 1.171e-15
05345.41 1.109e-15
05347.15 1.077e-15
05348.89 1.049e-15
05350.63 1.104e-15
05352.37 1.127e-15
05354.10 1.122e-15
05355.84 1.129e-15
05357.58 1.157e-15
05359.32 1.081e-15
05361.06 1.050e-15
05362.80 1.099e-15
05364.53 1.138e-15
05366.27 1.151e-15
05368.01 1.149e-15
05369.75 1.053e-15
05371.49 1.079e-15
05373.23 1.154e-15
05374.96 1.112e-15
05376.70 1.217e-15
05378.44 1.236e-15
05380.18 1.091e-15
05381.92 1.060e-15
05383.66 1.073e-15
05385.39 1.167e-15
05387.13 1.083e-15
05388.87 1.090e-15
05390.61 1.159e-15
05392.35 1.180e-15
05394.09 1.203e-15
05395.82 1.133e-15
05397.56 1.146e-15
05399.30 1.145e-15
05401.04 1.032e-15
05402.78 1.063e-15
05404.52 1.189e-15
05406.25 1.112e-15
05407.99 1.108e-15
05409.73 1.263e-15
05411.47 1.198e-15
05413.21 1.069e-15
05414.95 1.186e-15
05416.68 1.268e-15
05418.42 1.318e-15
05420.16 1.250e-15
05421.90 1.103e-15
05423.64 1.153e-15
05425.38 1.239e-15
05427.11 1.161e-15
05428.85 1.058e-15
05430.59 1.062e-15
05432.33 1.184e-15
05434.07 1.132e-15
05435.81 1.130e-15
05437.54 1.078e-15
05439.28 1.134e-15
05441.02 1.136e-15
05442.76 1.113e-15
05444.50 1.149e-15
05446.24 1.043e-15
05447.97 1.112e-15
05449.71 1.176e-15
05451.45 1.257e-15
05453.19 1.189e-15
05454.93 1.117e-15
05456.67 1.127e-15
05458.40 1.122e-15
05460.14 1.183e-15
05461.88 1.129e-15
05463.62 1.085e-15
05465.36 1.160e-15
05467.10 1.115e-15
05468.83 1.112e-15
05470.57 1.104e-15
05472.31 1.087e-15
05474.05 1.072e-15
05475.79 1.045e-15
05477.53 1.193e-15
05479.26 1.136e-15
05481.00 1.132e-15
05482.74 1.124e-15
05484.48 1.195e-15
05486.22 1.162e-15
05487.96 1.185e-15
05489.69 1.259e-15
05491.43 1.215e-15
05493.17 1.164e-15
05494.91 1.193e-15
05496.65 1.086e-15
05498.39 1.117e-15
05500.12 1.124e-15
05501.86 1.159e-15
05503.60 1.180e-15
05505.34 1.154e-15
05507.08 1.145e-15
05508.81 1.160e-15
05510.55 1.201e-15
05512.29 1.175e-15
05514.03 1.108e-15
05515.77 1.226e-15
05517.51 1.284e-15
05519.24 1.194e-15
05520.98 1.268e-15
05522.72 1.407e-15
05524.46 1.321e-15
05526.20 1.215e-15
05527.94 1.256e-15
05529.67 1.357e-15
05531.41 1.173e-15
05533.15 1.101e-15
05534.89 1.180e-15
05536.63 1.251e-15
05538.37 1.342e-15
05540.10 1.269e-15
05541.84 1.199e-15
05543.58 1.296e-15
05545.32 1.164e-15
05547.06 1.175e-15
05548.80 1.262e-15
05550.53 1.380e-15
05552.27 1.259e-15
05554.01 1.307e-15
05555.75 1.447e-15
05557.49 1.405e-15
05559.23 1.328e-15
05560.96 1.303e-15
05562.70 1.388e-15
05564.44 1.345e-15
05566.18 1.314e-15
05567.92 1.262e-15
05569.66 1.265e-15
05571.39 1.356e-15
05573.13 1.414e-15
05574.87 1.373e-15
05576.61 1.325e-15
05578.35 1.368e-15
05580.09 1.334e-15
05581.82 1.387e-15
05583.56 1.359e-15
05585.30 1.361e-15
05587.04 1.278e-15
05588.78 1.305e-15
05590.52 1.292e-15
05592.25 1.289e-15
05593.99 1.320e-15
05595.73 1.337e-15
05597.47 1.274e-15
05599.21 1.137e-15
05600.95 1.176e-15
05602.68 1.299e-15
05604.42 1.225e-15
05606.16 1.045e-15
05607.90 1.074e-15
05609.64 1.166e-15
05611.38 1.036e-15
05613.11 1.007e-15
05614.85 1.049e-15
05616.59 9.864e-16
05618.33 1.023e-15
05620.07 1.022e-15
05621.81 1.049e-15
05623.54 1.013e-15
05625.28 1.031e-15
05627.02 9.459e-16
05628.76 8.882e-16
05630.50 8.816e-16
05632.24 9.717e-16
05633.97 9.613e-16
05635.71 8.335e-16
05637.45 8.939e-16
05639.19 9.937e-16
05640.93 9.146e-16
05642.67 8.893e-16
05644.40 9.593e-16
05646.14 8.354e-16
05647.88 8.164e-16
05649.62 7.804e-16
05651.36 7.719e-16
05653.10 7.278e-16
05654.83 8.552e-16
05656.57 8.413e-16
05658.31 7.828e-16
05660.05 8.892e-16
05661.79 7.985e-16
05663.53 9.004e-16
05665.26 9.376e-16
05667.00 7.977e-16
05668.74 7.049e-16
05670.48 8.085e-16
05672.22 9.451e-16
05673.96 9.054e-16
05675.69 7.957e-16
05677.43 5.930e-16
05679.17 5.399e-16
05680.91 5.443e-16
05682.65 5.824e-16
05684.39 6.050e-16
05686.12 5.818e-16
05687.86 5.253e-16
05689.60 7.319e-16
05691.34 6.586e-16
05693.08 5.886e-16
05694.82 6.423e-16
05696.55 6.819e-16
05698.29 6.667e-16
05700.03 5.777e-16
05701.77 4.784e-16
05703.51 5.920e-16
05705.24 5.715e-16
05706.98 4.173e-16
05708.72 3.830e-16
05710.46 4.412e-16
05712.20 3.990e-16
05713.94 4.166e-16
05715.67 4.064e-16
05717.41 2.995e-16
05719.15 4.009e-16
05720.89 4.061e-16
05722.63 3.832e-16
05724.37 4.520e-16
05726.10 4.325e-16
05727.84 4.053e-16
05729.58 2.712e-16
05731.32 2.496e-16
05733.06 3.142e-16
05734.80 4.075e-16
05736.53 4.727e-16
05738.27 4.615e-16
05740.01 4.295e-16
05741.75 3.171e-16
05743.49 3.400e-16
05745.23 3.499e-16
05746.96 3.712e-16
05748.70 3.488e-16
05750.44 3.943e-16
05752.18 4.264e-16
05753.92 3.889e-16
05755.66 3.419e-16
05757.39 2.594e-16
05759.13 3.003e-16
05760.87 5.202e-16
05762.61 4.827e-16
05764.35 3.851e-16
05766.09 4.764e-16
05767.82 4.723e-16
05769.56 3.504e-16
05771.30 4.210e-16
05773.04 4.251e-16
05774.78 3.832e-16
05776.52 4.494e-16
05778.25 5.393e-16
05779.99 5.156e-16
05781.73 3.432e-16
05783.47 3.911e-16
05785.21 4.270e-16
05786.95 4.209e-16
05788.68 3.839e-16
05790.42 4.610e-16
05792.16 5.639e-16
05793.90 5.676e-16
05795.64 4.748e-16
05797.38 6.282e-16
05799.11 4.471e-16
05800.85 5.049e-16
05802.59 6.068e-16
05804.33 7.220e-16
05806.07 7.563e-16
05807.81 7.074e-16
05809.54 7.102e-16
05811.28 8.345e-16
05813.02 8.120e-16
05814.76 8.317e-16
05816.50 7.683e-16
05818.24 8.845e-16
05819.97 9.125e-16
05821.71 8.719e-16
05823.45 9.743e-16
05825.19 9.372e-16
05826.93 8.728e-16
05828.67 1.024e-15
05830.40 1.231e-15
05832.14 1.190e-15
05833.88 1.232e-15
05835.62 1.287e-15
05837.36 1.111e-15
05839.10 1.231e-15
05840.83 1.493e-15
05842.57 1.298e-15
05844.31 1.150e-15
05846.05 1.351e-15
05847.79 1.337e-15
05849.53 1.360e-15
05851.26 1.354e-15
05853.00 1.460e-15
05854.74 1.458e-15
05856.48 1.508e-15
05858.22 1.607e-15
05859.96 1.602e-15
05861.69 1.794e-15
05863.43 1.710e-15
05865.17 1.418e-15
05866.91 1.554e-15
05868.65 1.632e-15
05870.39 1.708e-15
05872.12 1.719e-15
05873.86 1.450e-15
05875.60 1.299e-15
05877.34 1.514e-15
05879.08 1.702e-15
05880.82 1.627e-15
05882.55 1.410e-15
05884.29 1.365e-15
05886.03 1.707e-15
05887.77 1.711e-15
05889.51 1.755e-15
05891.25 1.694e-15
05892.98 1.838e-15
05894.72 1.849e-15
05896.46 1.766e-15
05898.20 1.841e-15
05899.94 1.941e-15
05901.67 1.969e-15
05903.41 1.925e-15
05905.15 1.742e-15
05906.89 1.655e-15
05908.63 1.997e-15
05910.37 2.033e-15
05912.10 1.753e-15
05913.84 1.748e-15
05915.58 1.714e-15
05917.32 1.668e-15
05919.06 1.718e-15
05920.80 1.870e-15
05922.53 1.631e-15
05924.27 1.669e-15
05926.01 1.992e-15
05927.75 2.003e-15
05929.49 1.689e-15
05931.23 1.720e-15
05932.96 1.899e-15
05934.70 2.103e-15
05936.44 1.813e-15
05938.18 1.718e-15
05939.92 1.753e-15
05941.66 1.773e-15
05943.39 1.775e-15
05945.13 1.760e-15
05946.87 1.730e-15
05948.61 1.695e-15
05950.35 1.666e-15
05952.09 1.653e-15
05953.82 1.667e-15
05955.56 1.698e-15
05957.30 1.721e-15
05959.04 1.734e-15
05960.78 1.750e-15
05962.52 1.760e-15
05964.25 1.741e-15
05965.99 1.702e-15
05967.73 1.670e-15
05969.47 1.645e-15
05971.21 1.607e-15
05972.95 1.572e-15
05974.68 1.592e-15
05976.42 1.650e-15
05978.16 1.669e-15
05979.90 1.642e-15
05981.64 1.616e-15
05983.38 1.608e-15
05985.11 1.602e-15
05986.85 1.596e-15
05988.59 1.594e-15
05990.33 1.592e-15
05992.07 1.577e-15
05993.81 1.549e-15
05995.54 1.525e-15
05997.28 1.512e-15
05999.02 1.502e-15
06000.76 1.498e-15
06002.50 1.513e-15
06004.24 1.541e-15
06005.97 1.542e-15
06007.71 1.510e-15
06009.45 1.493e-15
06011.19 1.506e-15
06012.93 1.506e-15
06014.67 1.474e-15
06016.40 1.434e-15
06018.14 1.401e-15
06019.88 1.381e-15
06021.62 1.372e-15
06023.36 1.360e-15
06025.10 1.343e-15
06026.83 1.350e-15
06028.57 1.390e-15
06030.31 1.411e-15
06032.05 1.384e-15
06033.79 1.343e-15
06035.53 1.311e-15
06037.26 1.295e-15
06039.00 1.295e-15
06040.74 1.300e-15
06042.48 1.299e-15
06044.22 1.294e-15
06045.96 1.287e-15
06047.69 1.279e-15
06049.43 1.272e-15
06051.17 1.269e-15
06052.91 1.273e-15
06054.65 1.279e-15
06056.39 1.280e-15
06058.12 1.287e-15
06059.86 1.304e-15
06061.60 1.315e-15
06063.34 1.305e-15
06065.08 1.278e-15
06066.82 1.244e-15
06068.55 1.222e-15
06070.29 1.228e-15
06072.03 1.244e-15
06073.77 1.248e-15
06075.51 1.249e-15
06077.25 1.260e-15
06078.98 1.260e-15
06080.72 1.228e-15
06082.46 1.200e-15
06084.20 1.218e-15
06085.94 1.251e-15
06087.68 1.258e-15
06089.41 1.243e-15
06091.15 1.221e-15
06092.89 1.201e-15
06094.63 1.192e-15
06096.37 1.189e-15
06098.10 1.183e-15
06099.84 1.169e-15
06101.58 1.144e-15
06103.32 1.122e-15
06105.06 1.124e-15
06106.80 1.139e-15
06108.53 1.148e-15
06110.27 1.146e-15
06112.01 1.137e-15
06113.75 1.128e-15
06115.49 1.127e-15
06117.23 1.131e-15
06118.96 1.128e-15
06120.70 1.126e-15
06122.44 1.143e-15
06124.18 1.167e-15
06125.92 1.178e-15
06127.66 1.174e-15
06129.39 1.163e-15
06131.13 1.148e-15
06132.87 1.125e-15
06134.61 1.100e-15
06136.35 1.084e-15
06138.09 1.080e-15
06139.82 1.087e-15
06141.56 1.100e-15
06143.30 1.109e-15
06145.04 1.116e-15
06146.78 1.123e-15
06148.52 1.133e-15
06150.25 1.145e-15
06151.99 1.155e-15
06153.73 1.154e-15
06155.47 1.144e-15
06157.21 1.133e-15
06158.95 1.127e-15
06160.68 1.129e-15
06162.42 1.131e-15
06164.16 1.105e-15
06165.90 1.057e-15
06167.64 1.038e-15
06169.38 1.053e-15
06171.11 1.055e-15
06172.85 1.030e-15
06174.59 1.007e-15
06176.33 1.002e-15
06178.07 1.020e-15
06179.81 1.053e-15
06181.54 1.075e-15
06183.28 1.075e-15
06185.02 1.063e-15
06186.76 1.051e-15
06188.50 1.059e-15
06190.24 1.087e-15
06191.97 1.093e-15
06193.71 1.063e-15
06195.45 1.045e-15
06197.19 1.061e-15
06198.93 1.079e-15
06200.67 1.076e-15
06202.40 1.061e-15
06204.14 1.042e-15
06205.88 1.029e-15
06207.62 1.027e-15
06209.36 1.032e-15
06211.10 1.041e-15
06212.83 1.065e-15
06214.57 1.104e-15
06216.31 1.125e-15
06218.05 1.110e-15
06219.79 1.082e-15
06221.53 1.066e-15
06223.26 1.063e-15
06225.00 1.070e-15
06226.74 1.088e-15
06228.48 1.111e-15
06230.22 1.131e-15
06231.96 1.142e-15
06233.69 1.134e-15
06235.43 1.105e-15
06237.17 1.079e-15
06238.91 1.077e-15
06240.65 1.085e-15
06242.39 1.085e-15
06244.12 1.079e-15
06245.86 1.076e-15
06247.60 1.081e-15
06249.34 1.099e-15
06251.08 1.117e-15
06252.82 1.118e-15
06254.55 1.110e-15
06256.29 1.104e-15
06258.03 1.104e-15
06259.77 1.113e-15
06261.51 1.132e-15
06263.25 1.162e-15
06264.98 1.187e-15
06266.72 1.190e-15
06268.46 1.177e-15
06270.20 1.161e-15
06271.94 1.153e-15
06273.68 1.162e-15
06275.41 1.174e-15
06277.15 1.171e-15
06278.89 1.161e-15
06280.63 1.164e-15
06282.37 1.170e-15
06284.11 1.163e-15
06285.84 1.149e-15
06287.58 1.146e-15
06289.32 1.150e-15
06291.06 1.147e-15
06292.80 1.139e-15
06294.54 1.128e-15
06296.27 1.127e-15
06298.01 1.150e-15
06299.75 1.186e-15
06301.49 1.205e-15
06303.23 1.209e-15
06304.96 1.222e-15
06306.70 1.245e-15
06308.44 1.272e-15
06310.18 1.292e-15
06311.92 1.291e-15
06313.66 1.272e-15
06315.39 1.256e-15
06317.13 1.249e-15
06318.87 1.246e-15
06320.61 1.243e-15
06322.35 1.231e-15
06324.09 1.212e-15
06325.82 1.197e-15
06327.56 1.192e-15
06329.30 1.202e-15
06331.04 1.224e-15
06332.78 1.253e-15
06334.52 1.281e-15
06336.25 1.299e-15
06337.99 1.298e-15
06339.73 1.265e-15
06341.47 1.212e-15
06343.21 1.176e-15
06344.95 1.172e-15
06346.68 1.174e-15
06348.42 1.171e-15
06350.16 1.169e-15
06351.90 1.170e-15
06353.64 1.175e-15
06355.38 1.181e-15
06357.11 1.184e-15
06358.85 1.181e-15
06360.59 1.182e-15
06362.33 1.191e-15
06364.07 1.197e-15
06365.81 1.197e-15
06367.54 1.192e-15
06369.28 1.183e-15
06371.02 1.169e-15
06372.76 1.153e-15
06374.50 1.156e-15
06376.24 1.185e-15
06377.97 1.210e-15
06379.71 1.209e-15
06381.45 1.199e-15
06383.19 1.193e-15
06384.93 1.186e-15
06386.67 1.176e-15
06388.40 1.160e-15
06390.14 1.140e-15
06391.88 1.130e-15
06393.62 1.140e-15
06395.36 1.157e-15
06397.10 1.167e-15
06398.83 1.164e-15
06400.57 1.149e-15
06402.31 1.136e-15
06404.05 1.137e-15
06405.79 1.148e-15
06407.53 1.162e-15
06409.26 1.158e-15
06411.00 1.119e-15
06412.74 1.084e-15
06414.48 1.091e-15
06416.22 1.127e-15
06417.96 1.169e-15
06419.69 1.199e-15
06421.43 1.200e-15
06423.17 1.184e-15
06424.91 1.167e-15
06426.65 1.151e-15
06428.39 1.135e-15
06430.12 1.119e-15
06431.86 1.107e-15
06433.60 1.105e-15
06435.34 1.121e-15
06437.08 1.144e-15
06438.82 1.156e-15
06440.55 1.152e-15
06442.29 1.131e-15
06444.03 1.111e-15
06445.77 1.116e-15
06447.51 1.130e-15
06449.25 1.127e-15
06450.98 1.111e-15
06452.72 1.094e-15
06454.46 1.087e-15
06456.20 1.095e-15
06457.94 1.118e-15
06459.68 1.151e-15
06461.41 1.181e-15
06463.15 1.187e-15
06464.89 1.175e-15
06466.63 1.164e-15
06468.37 1.159e-15
06470.11 1.161e-15
06471.84 1.167e-15
06473.58 1.170e-15
06475.32 1.172e-15
06477.06 1.178e-15
06478.80 1.184e-15
06480.54 1.175e-15
06482.27 1.159e-15
06484.01 1.158e-15
06485.75 1.174e-15
06487.49 1.191e-15
06489.23 1.200e-15
06490.97 1.191e-15
06492.70 1.175e-15
06494.44 1.178e-15
06496.18 1.199e-15
06497.92 1.211e-15
06499.66 1.201e-15
06501.39 1.176e-15
06503.13 1.144e-15
06504.87 1.119e-15
06506.61 1.108e-15
06508.35 1.105e-15
06510.09 1.111e-15
06511.82 1.131e-15
06513.56 1.156e-15
06515.30 1.154e-15
06517.04 1.122e-15
06518.78 1.094e-15
06520.52 1.086e-15
06522.25 1.087e-15
06523.99 1.089e-15
06525.73 1.089e-15
06527.47 1.082e-15
06529.21 1.062e-15
06530.95 1.034e-15
06532.68 1.028e-15
06534.42 1.052e-15
06536.16 1.058e-15
06537.90 1.026e-15
06539.64 9.865e-16
06541.38 9.594e-16
06543.11 9.404e-16
06544.85 9.263e-16
06546.59 9.166e-16
06548.33 9.085e-16
06550.07 8.976e-16
06551.81 8.807e-16
06553.54 8.581e-16
06555.28 8.328e-16
06557.02 8.155e-16
06558.76 8.116e-16
06560.50 8.052e-16
06562.24 7.860e-16
06563.97 7.718e-16
06565.71 7.754e-16
06567.45 7.879e-16
06569.19 7.979e-16
06570.93 7.835e-16
06572.67 7.337e-16
06574.40 6.957e-16
06576.14 7.081e-16
06577.88 7.371e-16
06579.62 7.462e-16
06581.36 7.315e-16
06583.10 6.968e-16
06584.83 6.721e-16
06586.57 6.856e-16
06588.31 7.302e-16
06590.05 7.910e-16
06591.79 8.373e-16
06593.53 8.418e-16
06595.26 8.400e-16
06597.00 8.733e-16
06598.74 9.201e-16
06600.48 9.488e-16
06602.22 9.647e-16
06603.96 9.792e-16
06605.69 9.875e-16
06607.43 9.832e-16
06609.17 9.676e-16
06610.91 9.441e-16
06612.65 9.339e-16
06614.39 9.610e-16
06616.12 1.003e-15
06617.86 1.024e-15
06619.60 1.030e-15
06621.34 1.042e-15
06623.08 1.062e-15
06624.82 1.092e-15
06626.55 1.116e-15
06628.29 1.110e-15
06630.03 1.091e-15
06631.77 1.091e-15
06633.51 1.106e-15
06635.25 1.119e-15
06636.98 1.130e-15
06638.72 1.151e-15
06640.46 1.169e-15
06642.20 1.166e-15
06643.94 1.151e-15
06645.68 1.147e-15
06647.41 1.160e-15
06649.15 1.182e-15
06650.89 1.203e-15
06652.63 1.208e-15
06654.37 1.202e-15
06656.11 1.202e-15
06657.84 1.215e-15
06659.58 1.239e-15
06661.32 1.264e-15
06663.06 1.266e-15
06664.80 1.250e-15
06666.54 1.242e-15
06668.27 1.251e-15
06670.01 1.270e-15
06671.75 1.292e-15
06673.49 1.306e-15
06675.23 1.308e-15
06676.97 1.297e-15
06678.70 1.280e-15
06680.44 1.269e-15
06682.18 1.268e-15
06683.92 1.265e-15
06685.66 1.256e-15
06687.40 1.244e-15
06689.13 1.235e-15
06690.87 1.244e-15
06692.61 1.273e-15
06694.35 1.296e-15
06696.09 1.296e-15
06697.82 1.274e-15
06699.56 1.241e-15
06701.30 1.236e-15
06703.04 1.268e-15
06704.78 1.290e-15
06706.52 1.279e-15
06708.25 1.271e-15
06709.99 1.281e-15
06711.73 1.287e-15
06713.47 1.276e-15
06715.21 1.261e-15
06716.95 1.252e-15
06718.68 1.244e-15
06720.42 1.231e-15
06722.16 1.198e-15
06723.90 1.144e-15
06725.64 1.119e-15
06727.38 1.149e-15
06729.11 1.193e-15
06730.85 1.215e-15
06732.59 1.210e-15
06734.33 1.183e-15
06736.07 1.157e-15
06737.81 1.155e-15
06739.54 1.165e-15
06741.28 1.177e-15
06743.02 1.190e-15
06744.76 1.204e-15
06746.50 1.209e-15
06748.24 1.199e-15
06749.97 1.182e-15
06751.71 1.167e-15
06753.45 1.168e-15
06755.19 1.191e-15
06756.93 1.206e-15
06758.67 1.186e-15
06760.40 1.156e-15
06762.14 1.146e-15
06763.88 1.139e-15
06765.62 1.116e-15
06767.36 1.094e-15
06769.10 1.094e-15
06770.83 1.111e-15
06772.57 1.132e-15
06774.31 1.142e-15
06776.05 1.131e-15
06777.79 1.109e-15
06779.53 1.091e-15
06781.26 1.089e-15
06783.00 1.113e-15
06784.74 1.139e-15
06786.48 1.133e-15
06788.22 1.108e-15
06789.96 1.091e-15
06791.69 1.085e-15
06793.43 1.088e-15
06795.17 1.094e-15
06796.91 1.096e-15
06798.65 1.090e-15
06800.39 1.071e-15
06802.12 1.048e-15
06803.86 1.036e-15
06805.60 1.034e-15
06807.34 1.031e-15
06809.08 1.026e-15
06810.82 1.021e-15
06812.55 1.016e-15
06814.29 1.015e-15
06816.03 1.018e-15
06817.77 1.029e-15
06819.51 1.035e-15
06821.25 1.012e-15
06822.98 9.770e-16
06824.72 9.693e-16
06826.46 9.874e-16
06828.20 1.000e-15
06829.94 9.994e-16
06831.68 9.912e-16
06833.41 9.776e-16
06835.15 9.568e-16
06836.89 9.381e-16
06838.63 9.404e-16
06840.37 9.609e-16
06842.11 9.769e-16
06843.84 9.778e-16
06845.58 9.642e-16
06847.32 9.437e-16
06849.06 9.335e-16
06850.80 9.374e-16
06852.54 9.433e-16
06854.27 9.469e-16
06856.01 9.550e-16
06857.75 9.658e-16
06859.49 9.672e-16
06861.23 9.572e-16
06862.97 9.485e-16
06864.70 9.445e-16
06866.44 9.332e-16
06868.18 9.107e-16
06869.92 8.856e-16
06871.66 8.610e-16
06873.40 8.270e-16
06875.13 7.886e-16
06876.87 7.831e-16
06878.61 8.182e-16
06880.35 8.392e-16
06882.09 8.210e-16
06883.83 8.051e-16
06885.56 8.200e-16
06887.30 8.667e-16
06889.04 9.330e-16
06890.78 9.710e-16
06892.52 9.542e-16
06894.26 9.225e-16
06895.99 9.052e-16
06897.73 8.896e-16
06899.47 8.672e-16
06901.21 8.470e-16
06902.95 8.344e-16
06904.68 8.223e-16
06906.42 8.055e-16
06908.16 7.882e-16
06909.90 7.746e-16
06911.64 7.673e-16
06913.38 7.671e-16
06915.11 7.689e-16
06916.85 7.670e-16
06918.59 7.551e-16
06920.33 7.305e-16
06922.07 7.061e-16
06923.81 6.944e-16
06925.54 6.906e-16
06927.28 6.879e-16
06929.02 6.822e-16
06930.76 6.705e-16
06932.50 6.589e-16
06934.24 6.539e-16
06935.97 6.514e-16
06937.71 6.459e-16
06939.45 6.360e-16
06941.19 6.215e-16
06942.93 6.109e-16
06944.67 6.133e-16
06946.40 6.181e-16
06948.14 6.119e-16
06949.88 5.997e-16
06951.62 5.906e-16
06953.36 5.912e-16
06955.10 6.066e-16
06956.83 6.266e-16
06958.57 6.374e-16
06960.31 6.373e-16
06962.05 6.299e-16
06963.79 6.222e-16
06965.53 6.228e-16
06967.26 6.401e-16
06969.00 6.808e-16
06970.74 7.342e-16
06972.48 7.829e-16
06974.22 8.187e-16
06975.96 8.380e-16
06977.69 8.513e-16
06979.43 8.760e-16
06981.17 9.093e-16
06982.91 9.384e-16
06984.65 9.602e-16
06986.39 9.768e-16
06988.12 9.938e-16
06989.86 1.018e-15
06991.60 1.057e-15
06993.34 1.115e-15
06995.08 1.174e-15
06996.82 1.195e-15
06998.55 1.180e-15
07000.29 1.165e-15
07002.03 1.164e-15
07003.77 1.185e-15
07005.51 1.216e-15
07007.25 1.236e-15
07008.98 1.246e-15
07010.72 1.270e-15
07012.46 1.312e-15
07014.20 1.356e-15
07015.94 1.391e-15
07017.68 1.403e-15
07019.41 1.398e-15
07021.15 1.405e-15
07022.89 1.430e-15
07024.63 1.453e-15
07026.37 1.460e-15
07028.11 1.448e-15
07029.84 1.423e-15
07031.58 1.414e-15
07033.32 1.426e-15
07035.06 1.431e-15
07036.80 1.421e-15
07038.54 1.419e-15
07040.27 1.433e-15
07042.01 1.447e-15
07043.75 1.451e-15
07045.49 1.449e-15
07047.23 1.443e-15
07048.97 1.434e-15
07050.70 1.429e-15
07052.44 1.439e-15
07054.18 1.469e-15
07055.92 1.517e-15
07057.66 1.569e-15
07059.40 1.579e-15
07061.13 1.532e-15
07062.87 1.500e-15
07064.61 1.526e-15
07066.35 1.559e-15
07068.09 1.564e-15
07069.83 1.560e-15
07071.56 1.559e-15
07073.30 1.552e-15
07075.04 1.534e-15
07076.78 1.514e-15
07078.52 1.501e-15
07080.26 1.481e-15
07081.99 1.447e-15
07083.73 1.412e-15
07085.47 1.390e-15
07087.21 1.398e-15
07088.95 1.440e-15
07090.69 1.470e-15
07092.42 1.446e-15
07094.16 1.403e-15
07095.90 1.378e-15
07097.64 1.367e-15
07099.38 1.364e-15
07101.11 1.377e-15
07102.85 1.412e-15
07104.59 1.444e-15
07106.33 1.449e-15
07108.07 1.437e-15
07109.81 1.426e-15
07111.54 1.415e-15
07113.28 1.400e-15
07115.02 1.384e-15
07116.76 1.372e-15
07118.50 1.358e-15
07120.24 1.335e-15
07121.97 1.317e-15
07123.71 1.323e-15
07125.45 1.333e-15
07127.19 1.322e-15
07128.93 1.296e-15
07130.67 1.269e-15
07132.40 1.252e-15
07134.14 1.253e-15
07135.88 1.269e-15
07137.62 1.288e-15
07139.36 1.302e-15
07141.10 1.302e-15
07142.83 1.293e-15
07144.57 1.285e-15
07146.31 1.275e-15
07148.05 1.254e-15
07149.79 1.220e-15
07151.53 1.176e-15
07153.26 1.133e-15
07155.00 1.110e-15
07156.74 1.106e-15
07158.48 1.115e-15
07160.22 1.130e-15
07161.96 1.150e-15
07163.69 1.166e-15
07165.43 1.174e-15
07167.17 1.170e-15
07168.91 1.157e-15
07170.65 1.137e-15
07172.39 1.112e-15
07174.12 1.091e-15
07175.86 1.084e-15
07177.60 1.090e-15
07179.34 1.093e-15
07181.08 1.089e-15
07182.82 1.089e-15
07184.55 1.095e-15
07186.29 1.100e-15
07188.03 1.102e-15
07189.77 1.102e-15
07191.51 1.101e-15
07193.25 1.096e-15
07194.98 1.086e-15
07196.72 1.072e-15
07198.46 1.063e-15
07200.20 1.081e-15
07201.94 1.124e-15
07203.68 1.161e-15
07205.41 1.172e-15
07207.15 1.161e-15
07208.89 1.135e-15
07210.63 1.123e-15
07212.37 1.135e-15
07214.11 1.163e-15
07215.84 1.194e-15
07217.58 1.203e-15
07219.32 1.186e-15
07221.06 1.180e-15
07222.80 1.204e-15
07224.54 1.239e-15
07226.27 1.264e-15
07228.01 1.261e-15
07229.75 1.225e-15
07231.49 1.187e-15
07233.23 1.171e-15
07234.97 1.181e-15
07236.70 1.212e-15
07238.44 1.238e-15
07240.18 1.245e-15
07241.92 1.261e-15
07243.66 1.305e-15
07245.40 1.341e-15
07247.13 1.347e-15
07248.87 1.346e-15
07250.61 1.354e-15
07252.35 1.351e-15
07254.09 1.326e-15
07255.83 1.312e-15
07257.56 1.334e-15
07259.30 1.354e-15
07261.04 1.340e-15
07262.78 1.315e-15
07264.52 1.304e-15
07266.26 1.307e-15
07267.99 1.317e-15
07269.73 1.341e-15
07271.47 1.380e-15
07273.21 1.414e-15
07274.95 1.427e-15
07276.69 1.424e-15
07278.42 1.415e-15
07280.16 1.420e-15
07281.90 1.455e-15
07283.64 1.486e-15
07285.38 1.475e-15
07287.12 1.461e-15
07288.85 1.497e-15
07290.59 1.542e-15
07292.33 1.542e-15
07294.07 1.510e-15
07295.81 1.473e-15
07297.54 1.459e-15
07299.28 1.492e-15
07301.02 1.541e-15
07302.76 1.558e-15
07304.50 1.545e-15
07306.24 1.523e-15
07307.97 1.505e-15
07309.71 1.502e-15
07311.45 1.512e-15
07313.19 1.524e-15
07314.93 1.535e-15
07316.67 1.547e-15
07318.40 1.542e-15
07320.14 1.499e-15
07321.88 1.446e-15
07323.62 1.433e-15
07325.36 1.458e-15
07327.10 1.493e-15
07328.83 1.527e-15
07330.57 1.557e-15
07332.31 1.581e-15
07334.05 1.598e-15
07335.79 1.606e-15
07337.53 1.605e-15
07339.26 1.600e-15
07341.00 1.598e-15
07342.74 1.607e-15
07344.48 1.629e-15
07346.22 1.655e-15
07347.96 1.670e-15
07349.69 1.663e-15
07351.43 1.628e-15
07353.17 1.584e-15
07354.91 1.581e-15
07356.65 1.611e-15
07358.39 1.614e-15
07360.12 1.582e-15
07361.86 1.559e-15
07363.60 1.558e-15
07365.34 1.563e-15
07367.08 1.560e-15
07368.82 1.535e-15
07370.55 1.495e-15
07372.29 1.467e-15
07374.03 1.471e-15
07375.77 1.510e-15
07377.51 1.568e-15
07379.25 1.599e-15
07380.98 1.586e-15
07382.72 1.555e-15
07384.46 1.520e-15
07386.20 1.467e-15
07387.94 1.403e-15
07389.68 1.371e-15
07391.41 1.384e-15
07393.15 1.400e-15
07394.89 1.392e-15
07396.63 1.365e-15
07398.37 1.331e-15
07400.11 1.303e-15
07401.84 1.292e-15
07403.58 1.296e-15
07405.32 1.307e-15
07407.06 1.309e-15
07408.80 1.295e-15
07410.54 1.292e-15
07412.27 1.312e-15
07414.01 1.320e-15
07415.75 1.295e-15
07417.49 1.266e-15
07419.23 1.255e-15
07420.97 1.252e-15
07422.70 1.245e-15
07424.44 1.226e-15
07426.18 1.193e-15
07427.92 1.162e-15
07429.66 1.150e-15
07431.40 1.150e-15
07433.13 1.154e-15
07434.87 1.164e-15
07436.61 1.178e-15
07438.35 1.190e-15
07440.09 1.192e-15
07441.83 1.184e-15
07443.56 1.169e-15
07445.30 1.147e-15
07447.04 1.123e-15
07448.78 1.102e-15
07450.52 1.090e-15
07452.26 1.090e-15
07453.99 1.105e-15
07455.73 1.110e-15
07457.47 1.078e-15
07459.21 1.053e-15
07460.95 1.087e-15
07462.69 1.127e-15
07464.42 1.105e-15
07466.16 1.044e-15
07467.90 9.898e-16
07469.64 9.663e-16
07471.38 9.899e-16
07473.12 1.030e-15
07474.85 1.041e-15
07476.59 1.028e-15
07478.33 1.011e-15
07480.07 1.002e-15
07481.81 1.010e-15
07483.55 1.028e-15
07485.28 1.039e-15
07487.02 1.040e-15
07488.76 1.034e-15
07490.50 1.030e-15
07492.24 1.039e-15
07493.98 1.049e-15
07495.71 1.039e-15
07497.45 1.021e-15
07499.19 1.028e-15
07500.93 1.045e-15
07502.67 1.032e-15
07504.40 9.932e-16
07506.14 9.566e-16
07507.88 9.371e-16
07509.62 9.429e-16
07511.36 9.607e-16
07513.10 9.593e-16
07514.83 9.452e-16
07516.57 9.531e-16
07518.31 9.823e-16
07520.05 1.008e-15
07521.79 1.008e-15
07523.53 9.613e-16
07525.26 8.907e-16
07527.00 8.615e-16
07528.74 8.831e-16
07530.48 9.096e-16
07532.22 9.199e-16
07533.96 9.169e-16
07535.69 9.046e-16
07537.43 8.910e-16
07539.17 8.835e-16
07540.91 8.886e-16
07542.65 9.020e-16
07544.39 9.031e-16
07546.12 8.905e-16
07547.86 8.910e-16
07549.60 9.099e-16
07551.34 9.218e-16
07553.08 9.133e-16
07554.82 8.885e-16
07556.55 8.574e-16
07558.29 8.434e-16
07560.03 8.522e-16
07561.77 8.533e-16
07563.51 8.351e-16
07565.25 8.256e-16
07566.98 8.377e-16
07568.72 8.518e-16
07570.46 8.556e-16
07572.20 8.531e-16
07573.94 8.471e-16
07575.68 8.380e-16
07577.41 8.275e-16
07579.15 8.154e-16
07580.89 8.062e-16
07582.63 8.227e-16
07584.37 8.720e-16
07586.11 9.079e-16
07587.84 9.025e-16
07589.58 9.013e-16
07591.32 9.359e-16
07593.06 9.748e-16
07594.80 9.899e-16
07596.54 9.806e-16
07598.27 9.501e-16
07600.01 9.188e-16
07601.75 9.002e-16
07603.49 8.487e-16
07605.23 7.350e-16
07606.97 6.492e-16
07608.70 6.675e-16
07610.44 7.163e-16
07612.18 7.192e-16
07613.92 7.100e-16
07615.66 7.281e-16
07617.40 7.627e-16
07619.13 7.983e-16
07620.87 8.238e-16
07622.61 8.306e-16
07624.35 8.273e-16
07626.09 8.251e-16
07627.83 8.250e-16
07629.56 8.256e-16
07631.30 8.156e-16
07633.04 7.834e-16
07634.78 7.382e-16
07636.52 6.937e-16
07638.26 6.681e-16
07639.99 6.780e-16
07641.73 6.991e-16
07643.47 6.971e-16
07645.21 6.828e-16
07646.95 6.795e-16
07648.69 6.934e-16
07650.42 7.255e-16
07652.16 7.505e-16
07653.90 7.351e-16
07655.64 6.969e-16
07657.38 6.724e-16
07659.12 6.744e-16
07660.85 7.055e-16
07662.59 7.505e-16
07664.33 7.845e-16
07666.07 8.087e-16
07667.81 8.386e-16
07669.55 8.625e-16
07671.28 8.551e-16
07673.02 8.316e-16
07674.76 8.305e-16
07676.50 8.434e-16
07678.24 8.322e-16
07679.98 8.116e-16
07681.71 8.304e-16
07683.45 8.721e-16
07685.19 8.756e-16
07686.93 8.410e-16
07688.67 8.129e-16
07690.41 8.005e-16
07692.14 7.857e-16
07693.88 7.717e-16
07695.62 7.782e-16
07697.36 8.015e-16
07699.10 8.175e-16
07700.83 8.169e-16
07702.57 8.031e-16
07704.31 7.842e-16
07706.05 7.743e-16
07707.79 7.790e-16
07709.53 7.934e-16
07711.26 8.138e-16
07713.00 8.406e-16
07714.74 8.612e-16
07716.48 8.462e-16
07718.22 7.949e-16
07719.96 7.466e-16
07721.69 7.270e-16
07723.43 7.436e-16
07725.17 7.903e-16
07726.91 8.388e-16
07728.65 8.723e-16
07730.39 8.987e-16
07732.12 9.196e-16
07733.86 9.253e-16
07735.60 9.149e-16
07737.34 9.042e-16
07739.08 9.003e-16
07740.82 8.876e-16
07742.55 8.640e-16
07744.29 8.603e-16
07746.03 8.915e-16
07747.77 9.370e-16
07749.51 9.748e-16
07751.25 9.784e-16
07752.98 9.393e-16
07754.72 9.021e-16
07756.46 9.010e-16
07758.20 9.270e-16
07759.94 9.678e-16
07761.68 1.011e-15
07763.41 1.043e-15
07765.15 1.055e-15
07766.89 1.043e-15
07768.63 1.018e-15
07770.37 9.915e-16
07772.11 9.747e-16
07773.84 9.751e-16
07775.58 9.902e-16
07777.32 1.014e-15
07779.06 1.031e-15
07780.80 1.029e-15
07782.54 1.029e-15
07784.27 1.052e-15
07786.01 1.075e-15
07787.75 1.077e-15
07789.49 1.066e-15
07791.23 1.054e-15
07792.97 1.036e-15
07794.70 1.007e-15
07796.44 9.893e-16
07798.18 1.005e-15
07799.92 1.039e-15
07801.66 1.068e-15
07803.40 1.083e-15
07805.13 1.078e-15
07806.87 1.074e-15
07808.61 1.098e-15
07810.35 1.129e-15
07812.09 1.139e-15
07813.83 1.133e-15
07815.56 1.125e-15
07817.30 1.106e-15
07819.04 1.060e-15
07820.78 1.024e-15
07822.52 1.047e-15
07824.26 1.105e-15
07825.99 1.149e-15
07827.73 1.152e-15
07829.47 1.098e-15
07831.21 1.012e-15
07832.95 9.385e-16
07834.69 9.096e-16
07836.42 9.509e-16
07838.16 1.009e-15
07839.90 9.905e-16
07841.64 9.341e-16
07843.38 9.525e-16
07845.12 1.023e-15
07846.85 1.047e-15
07848.59 1.025e-15
07850.33 1.006e-15
07852.07 1.000e-15
07853.81 9.927e-16
07855.55 9.761e-16
07857.28 9.456e-16
07859.02 9.108e-16
07860.76 8.936e-16
07862.50 8.984e-16
07864.24 9.152e-16
07865.98 9.383e-16
07867.71 9.664e-16
07869.45 9.894e-16
07871.19 9.897e-16
07872.93 9.688e-16
07874.67 9.465e-16
07876.41 9.321e-16
07878.14 9.236e-16
07879.88 9.177e-16
07881.62 9.068e-16
07883.36 8.938e-16
07885.10 8.971e-16
07886.84 9.115e-16
07888.57 8.975e-16
07890.31 8.519e-16
07892.05 8.241e-16
07893.79 8.275e-16
07895.53 8.177e-16
07897.26 7.851e-16
07899.00 7.794e-16
07900.74 8.105e-16
07902.48 8.166e-16
07904.22 7.778e-16
07905.96 7.546e-16
07907.69 7.725e-16
07909.43 7.844e-16
07911.17 7.706e-16
07912.91 7.727e-16
07914.65 8.087e-16
07916.39 8.437e-16
07918.12 8.535e-16
07919.86 8.396e-16
07921.60 8.099e-16
07923.34 7.897e-16
07925.08 7.932e-16
07926.82 7.910e-16
07928.55 7.682e-16
07930.29 7.705e-16
07932.03 8.209e-16
07933.77 8.576e-16
07935.51 8.363e-16
07937.25 7.952e-16
07938.98 7.704e-16
07940.72 7.664e-16
07942.46 7.837e-16
07944.20 8.194e-16
07945.94 8.644e-16
07947.68 8.885e-16
07949.41 8.692e-16
07951.15 8.339e-16
07952.89 8.114e-16
07954.63 7.975e-16
07956.37 7.849e-16
07958.11 7.639e-16
07959.84 7.280e-16
07961.58 6.975e-16
07963.32 6.927e-16
07965.06 7.138e-16
07966.80 7.547e-16
07968.54 7.726e-16
07970.27 7.275e-16
07972.01 6.832e-16
07973.75 7.145e-16
07975.49 7.711e-16
07977.23 7.810e-16
07978.97 7.622e-16
07980.70 7.515e-16
07982.44 7.415e-16
07984.18 7.168e-16
07985.92 6.936e-16
07987.66 6.938e-16
07989.40 7.123e-16
07991.13 7.356e-16
07992.87 7.567e-16
07994.61 7.710e-16
07996.35 7.732e-16
07998.09 7.589e-16
07999.83 7.419e-16
08001.56 7.436e-16
08003.30 7.514e-16
08005.04 7.393e-16
08006.78 7.142e-16
08008.52 6.975e-16
08010.26 6.942e-16
08011.99 7.012e-16
08013.73 7.172e-16
08015.47 7.420e-16
08017.21 7.640e-16
08018.95 7.646e-16
08020.69 7.565e-16
08022.42 7.731e-16
08024.16 8.018e-16
08025.90 7.999e-16
08027.64 7.722e-16
08029.38 7.553e-16
08031.12 7.615e-16
08032.85 7.882e-16
08034.59 8.177e-16
08036.33 8.174e-16
08038.07 7.882e-16
08039.81 7.610e-16
08041.55 7.472e-16
08043.28 7.411e-16
08045.02 7.380e-16
08046.76 7.330e-16
08048.50 7.254e-16
08050.24 7.199e-16
08051.98 7.190e-16
08053.71 7.241e-16
08055.45 7.291e-16
08057.19 7.168e-16
08058.93 6.906e-16
08060.67 6.818e-16
08062.41 7.013e-16
08064.14 7.325e-16
08065.88 7.579e-16
08067.62 7.570e-16
08069.36 7.244e-16
08071.10 6.785e-16
08072.84 6.392e-16
08074.57 6.274e-16
08076.31 6.475e-16
08078.05 6.706e-16
08079.79 6.793e-16
08081.53 6.831e-16
08083.27 6.869e-16
08085.00 6.835e-16
08086.74 6.733e-16
08088.48 6.726e-16
08090.22 6.890e-16
08091.96 7.081e-16
08093.69 7.181e-16
08095.43 7.149e-16
08097.17 6.980e-16
08098.91 6.748e-16
08100.65 6.537e-16
08102.39 6.416e-16
08104.12 6.446e-16
08105.86 6.723e-16
08107.60 7.235e-16
08109.34 7.575e-16
08111.08 7.449e-16
08112.82 7.091e-16
08114.55 6.762e-16
08116.29 6.659e-16
08118.03 6.873e-16
08119.77 6.927e-16
08121.51 6.442e-16
08123.25 5.956e-16
08124.98 5.977e-16
08126.72 6.231e-16
08128.46 6.390e-16
08130.20 6.457e-16
08131.94 6.463e-16
08133.68 6.307e-16
08135.41 5.927e-16
08137.15 5.628e-16
08138.89 5.715e-16
08140.63 5.998e-16
08142.37 6.206e-16
08144.11 6.238e-16
08145.84 6.050e-16
08147.58 5.878e-16
08149.32 6.000e-16
08151.06 6.255e-16
08152.80 6.393e-16
08154.54 6.384e-16
08156.27 6.249e-16
08158.01 6.206e-16
08159.75 6.515e-16
08161.49 6.848e-16
08163.23 6.716e-16
08164.97 6.346e-16
08166.70 6.195e-16
08168.44 6.229e-16
08170.18 6.247e-16
08171.92 6.261e-16
08173.66 6.342e-16
08175.40 6.509e-16
08177.13 6.770e-16
08178.87 6.956e-16
08180.61 6.825e-16
08182.35 6.481e-16
08184.09 6.187e-16
08185.83 6.106e-16
08187.56 6.338e-16
08189.30 6.737e-16
08191.04 7.012e-16
08192.78 7.023e-16
08194.52 6.721e-16
08196.26 6.314e-16
08197.99 6.195e-16
08199.73 6.386e-16
08201.47 6.627e-16
08203.21 6.850e-16
08204.95 7.132e-16
08206.69 7.378e-16
08208.42 7.364e-16
08210.16 7.131e-16
08211.90 6.961e-16
08213.64 6.897e-16
08215.38 6.745e-16
08217.12 6.510e-16
08218.85 6.392e-16
08220.59 6.384e-16
08222.33 6.246e-16
08224.07 5.979e-16
08225.81 5.859e-16
08227.55 5.949e-16
08229.28 6.059e-16
08231.02 6.065e-16
08232.76 5.903e-16
08234.50 5.626e-16
08236.24 5.478e-16
08237.98 5.536e-16
08239.71 5.603e-16
08241.45 5.564e-16
08243.19 5.420e-16
08244.93 5.237e-16
08246.67 5.214e-16
08248.41 5.433e-16
08250.14 5.736e-16
08251.88 6.011e-16
08253.62 6.266e-16
08255.36 6.460e-16
08257.10 6.427e-16
08258.84 6.160e-16
08260.57 6.037e-16
08262.31 6.265e-16
08264.05 6.603e-16
08265.79 6.853e-16
08267.53 6.970e-16
08269.27 6.954e-16
08271.00 6.974e-16
08272.74 7.110e-16
08274.48 7.038e-16
08276.22 6.583e-16
08277.96 6.119e-16
08279.70 5.974e-16
08281.43 6.202e-16
08283.17 6.762e-16
08284.91 7.373e-16
08286.65 7.745e-16
08288.39 7.625e-16
08290.13 6.917e-16
08291.86 6.132e-16
08293.60 5.762e-16
08295.34 5.855e-16
08297.08 6.326e-16
08298.82 6.599e-16
08300.55 6.184e-16
08302.29 5.765e-16
08304.03 6.039e-16
08305.77 6.477e-16
08307.51 6.460e-16
08309.25 6.104e-16
08310.98 5.647e-16
08312.72 5.273e-16
08314.46 5.151e-16
08316.20 5.240e-16
08317.94 5.433e-16
08319.68 5.594e-16
08321.41 5.586e-16
08323.15 5.496e-16
08324.89 5.466e-16
08326.63 5.369e-16
08328.37 5.030e-16
08330.11 4.619e-16
08331.84 4.389e-16
08333.58 4.302e-16
08335.32 4.240e-16
08337.06 4.121e-16
08338.80 3.869e-16
08340.54 3.651e-16
08342.27 3.714e-16
08344.01 3.931e-16
08345.75 4.019e-16
08347.49 4.033e-16
08349.23 4.180e-16
08350.97 4.297e-16
08352.70 4.067e-16
08354.44 3.627e-16
08356.18 3.317e-16
08357.92 3.312e-16
08359.66 3.719e-16
08361.40 4.223e-16
08363.13 4.253e-16
08364.87 3.872e-16
08366.61 3.540e-16
08368.35 3.404e-16
08370.09 3.416e-16
08371.83 3.501e-16
08373.56 3.529e-16
08375.30 3.484e-16
08377.04 3.459e-16
08378.78 3.409e-16
08380.52 3.153e-16
08382.26 2.837e-16
08383.99 2.893e-16
08385.73 3.310e-16
08387.47 3.668e-16
08389.21 3.751e-16
08390.95 3.523e-16
08392.69 3.127e-16
08394.42 2.922e-16
08396.16 3.046e-16
08397.90 3.373e-16
08399.64 3.739e-16
08401.38 3.907e-16
08403.12 3.843e-16
08404.85 3.829e-16
08406.59 3.953e-16
08408.33 4.021e-16
08410.07 3.956e-16
08411.81 3.841e-16
08413.55 3.761e-16
08415.28 3.816e-16
08417.02 4.031e-16
08418.76 4.314e-16
08420.50 4.517e-16
08422.24 4.353e-16
08423.98 3.826e-16
08425.71 3.552e-16
08427.45 3.875e-16
08429.19 4.558e-16
08430.93 5.257e-16
08432.67 5.338e-16
08434.41 4.584e-16
08436.14 3.943e-16
08437.88 4.026e-16
08439.62 4.315e-16
08441.36 4.466e-16
08443.10 4.838e-16
08444.84 5.590e-16
08446.57 6.188e-16
08448.31 6.285e-16
08450.05 6.309e-16
08451.79 6.596e-16
08453.53 6.924e-16
08455.27 7.099e-16
08457.00 7.143e-16
08458.74 7.114e-16
08460.48 7.236e-16
08462.22 7.664e-16
08463.96 8.135e-16
08465.70 8.393e-16
08467.43 8.508e-16
08469.17 8.577e-16
08470.91 8.563e-16
08472.65 8.456e-16
08474.39 8.489e-16
08476.13 8.860e-16
08477.86 9.266e-16
08479.60 9.381e-16
08481.34 9.353e-16
08483.08 9.393e-16
08484.82 9.498e-16
08486.56 9.632e-16
08488.29 9.761e-16
08490.03 9.845e-16
08491.77 9.936e-16
08493.51 1.009e-15
08495.25 1.025e-15
08496.98 1.031e-15
08498.72 1.014e-15
08500.46 9.603e-16
08502.20 8.955e-16
08503.94 8.534e-16
08505.68 8.590e-16
08507.41 9.307e-16
08509.15 1.014e-15
08510.89 1.029e-15
08512.63 1.002e-15
08514.37 9.955e-16
08516.11 1.001e-15
08517.84 9.815e-16
08519.58 9.382e-16
08521.32 8.844e-16
08523.06 8.453e-16
08524.80 8.511e-16
08526.54 8.949e-16
08528.27 9.502e-16
08530.01 9.965e-16
08531.75 1.017e-15
08533.49 1.015e-15
08535.23 1.010e-15
08536.97 1.009e-15
08538.70 1.006e-15
08540.44 1.006e-15
08542.18 1.015e-15
08543.92 1.033e-15
08545.66 1.058e-15
08547.40 1.081e-15
08549.13 1.088e-15
08550.87 1.086e-15
08552.61 1.106e-15
08554.35 1.138e-15
08556.09 1.135e-15
08557.83 1.106e-15
08559.56 1.117e-15
08561.30 1.168e-15
08563.04 1.192e-15
08564.78 1.181e-15
08566.52 1.187e-15
08568.26 1.222e-15
08569.99 1.249e-15
08571.73 1.258e-15
08573.47 1.268e-15
08575.21 1.286e-15
08576.95 1.303e-15
08578.69 1.320e-15
08580.42 1.351e-15
08582.16 1.394e-15
08583.90 1.422e-15
08585.64 1.425e-15
08587.38 1.420e-15
08589.12 1.418e-15
08590.85 1.414e-15
08592.59 1.413e-15
08594.33 1.432e-15
08596.07 1.471e-15
08597.81 1.481e-15
08599.55 1.452e-15
08601.28 1.465e-15
08603.02 1.557e-15
08604.76 1.658e-15
08606.50 1.717e-15
08608.24 1.735e-15
08609.98 1.724e-15
08611.71 1.725e-15
08613.45 1.767e-15
08615.19 1.839e-15
08616.93 1.919e-15
08618.67 1.972e-15
08620.41 1.971e-15
08622.14 1.949e-15
08623.88 1.935e-15
08625.62 1.938e-15
08627.36 1.959e-15
08629.10 1.991e-15
08630.84 2.021e-15
08632.57 2.042e-15
08634.31 2.050e-15
08636.05 2.058e-15
08637.79 2.080e-15
08639.53 2.106e-15
08641.27 2.125e-15
08643.00 2.141e-15
08644.74 2.158e-15
08646.48 2.170e-15
08648.22 2.173e-15
08649.96 2.169e-15
08651.70 2.164e-15
08653.43 2.154e-15
08655.17 2.137e-15
08656.91 2.127e-15
08658.65 2.140e-15
08660.39 2.165e-15
08662.13 2.190e-15
08663.86 2.190e-15
08665.60 2.143e-15
08667.34 2.099e-15
08669.08 2.116e-15
08670.82 2.167e-15
08672.56 2.201e-15
08674.29 2.213e-15
08676.03 2.208e-15
08677.77 2.212e-15
08679.51 2.254e-15
08681.25 2.322e-15
08682.99 2.386e-15
08684.72 2.421e-15
08686.46 2.401e-15
08688.20 2.364e-15
08689.94 2.377e-15
08691.68 2.421e-15
08693.41 2.438e-15
08695.15 2.435e-15
08696.89 2.444e-15
08698.63 2.474e-15
08700.37 2.515e-15
08702.11 2.563e-15
08703.84 2.607e-15
08705.58 2.638e-15
08707.32 2.647e-15
08709.06 2.638e-15
08710.80 2.617e-15
08712.54 2.600e-15
08714.27 2.616e-15
08716.01 2.640e-15
08717.75 2.610e-15
08719.49 2.547e-15
08721.23 2.536e-15
08722.97 2.580e-15
08724.70 2.611e-15
08726.44 2.597e-15
08728.18 2.531e-15
08729.92 2.441e-15
08731.66 2.389e-15
08733.40 2.392e-15
08735.13 2.411e-15
08736.87 2.431e-15
08738.61 2.469e-15
08740.35 2.497e-15
08742.09 2.435e-15
08743.83 2.301e-15
08745.56 2.246e-15
08747.30 2.296e-15
08749.04 2.295e-15
08750.78 2.202e-15
08752.52 2.150e-15
08754.26 2.195e-15
08755.99 2.304e-15
08757.73 2.411e-15
08759.47 2.385e-15
08761.21 2.206e-15
08762.95 2.071e-15
08764.69 2.074e-15
08766.42 2.096e-15
08768.16 2.066e-15
08769.90 2.021e-15
08771.64 1.983e-15
08773.38 1.971e-15
08775.12 1.982e-15
08776.85 1.966e-15
08778.59 1.899e-15
08780.33 1.839e-15
08782.07 1.829e-15
08783.81 1.858e-15
08785.55 1.908e-15
08787.28 1.942e-15
08789.02 1.935e-15
08790.76 1.916e-15
08792.50 1.911e-15
08794.24 1.898e-15
08795.98 1.867e-15
08797.71 1.835e-15
08799.45 1.815e-15
08801.19 1.798e-15
08802.93 1.771e-15
08804.67 1.727e-15
08806.41 1.663e-15
08808.14 1.606e-15
08809.88 1.578e-15
08811.62 1.571e-15
08813.36 1.569e-15
08815.10 1.523e-15
08816.84 1.397e-15
08818.57 1.263e-15
08820.31 1.201e-15
08822.05 1.242e-15
08823.79 1.392e-15
08825.53 1.515e-15
08827.27 1.471e-15
08829.00 1.371e-15
08830.74 1.362e-15
08832.48 1.379e-15
08834.22 1.323e-15
08835.96 1.257e-15
08837.70 1.265e-15
08839.43 1.323e-15
08841.17 1.379e-15
08842.91 1.395e-15
08844.65 1.341e-15
08846.39 1.273e-15
08848.13 1.275e-15
08849.86 1.327e-15
08851.60 1.380e-15
08853.34 1.416e-15
08855.08 1.427e-15
08856.82 1.410e-15
08858.56 1.363e-15
08860.29 1.314e-15
08862.03 1.301e-15
08863.77 1.305e-15
08865.51 1.278e-15
08867.25 1.237e-15
08868.99 1.226e-15
08870.72 1.236e-15
08872.46 1.233e-15
08874.20 1.229e-15
08875.94 1.263e-15
08877.68 1.323e-15
08879.42 1.370e-15
08881.15 1.404e-15
08882.89 1.451e-15
08884.63 1.490e-15
08886.37 1.470e-15
08888.11 1.389e-15
08889.85 1.285e-15
08891.58 1.186e-15
08893.32 1.115e-15
08895.06 1.081e-15
08896.80 1.081e-15
08898.54 1.099e-15
08900.27 1.106e-15
08902.01 1.093e-15
08903.75 1.069e-15
08905.49 1.045e-15
08907.23 1.039e-15
08908.97 1.037e-15
08910.70 9.856e-16
08912.44 8.917e-16
08914.18 8.365e-16
08915.92 8.397e-16
08917.66 8.360e-16
08919.40 8.192e-16
08921.13 8.694e-16
08922.87 9.907e-16
08924.61 1.076e-15
08926.35 1.080e-15
08928.09 1.058e-15
08929.83 1.045e-15
08931.56 1.051e-15
08933.30 1.068e-15
08935.04 1.040e-15
08936.78 9.501e-16
08938.52 8.651e-16
08940.26 8.299e-16
08941.99 8.461e-16
08943.73 8.995e-16
08945.47 9.388e-16
08947.21 9.353e-16
08948.95 9.260e-16
08950.69 9.342e-16
08952.42 9.387e-16
08954.16 9.252e-16
08955.90 8.927e-16
08957.64 8.503e-16
08959.38 8.458e-16
08961.12 9.019e-16
08962.85 9.506e-16
08964.59 9.405e-16
08966.33 9.049e-16
08968.07 8.758e-16
08969.81 8.612e-16
08971.55 8.629e-16
08973.28 8.510e-16
08975.02 8.044e-16
08976.76 7.641e-16
08978.50 7.657e-16
08980.24 7.842e-16
08981.98 7.938e-16
08983.71 8.097e-16
08985.45 8.445e-16
08987.19 8.797e-16
08988.93 8.958e-16
08990.67 8.690e-16
08992.41 7.866e-16
08994.14 7.303e-16
08995.88 7.796e-16
08997.62 8.470e-16
08999.36 8.283e-16
09001.10 7.800e-16
09002.84 7.806e-16
09004.57 8.027e-16
09006.31 8.024e-16
09008.05 7.857e-16
09009.79 7.680e-16
09011.53 7.575e-16
09013.27 7.615e-16
09015.00 7.612e-16
09016.74 7.327e-16
09018.48 6.979e-16
09020.22 6.902e-16
09021.96 7.105e-16
09023.70 7.487e-16
09025.43 7.791e-16
09027.17 7.706e-16
09028.91 7.460e-16
09030.65 7.484e-16
09032.39 7.713e-16
09034.13 7.876e-16
09035.86 7.956e-16
09037.60 8.031e-16
09039.34 8.101e-16
09041.08 8.162e-16
09042.82 8.086e-16
09044.56 7.659e-16
09046.29 7.219e-16
09048.03 7.414e-16
09049.77 7.986e-16
09051.51 8.138e-16
09053.25 7.773e-16
09054.99 7.219e-16
09056.72 6.746e-16
09058.46 6.615e-16
09060.20 6.781e-16
09061.94 6.936e-16
09063.68 7.001e-16
09065.42 7.096e-16
09067.15 7.170e-16
09068.89 7.030e-16
09070.63 6.764e-16
09072.37 6.720e-16
09074.11 6.934e-16
09075.85 7.107e-16
09077.58 7.246e-16
09079.32 7.708e-16
09081.06 8.350e-16
09082.80 8.467e-16
09084.54 7.935e-16
09086.28 7.305e-16
09088.01 6.975e-16
09089.75 7.183e-16
09091.49 7.820e-16
09093.23 8.272e-16
09094.97 8.187e-16
09096.70 7.596e-16
09098.44 6.760e-16
09100.18 6.337e-16
09101.92 6.600e-16
09103.66 7.118e-16
09105.40 7.550e-16
09107.13 7.758e-16
09108.87 7.684e-16
09110.61 7.474e-16
09112.35 7.247e-16
09114.09 7.001e-16
09115.83 6.772e-16
09117.56 6.692e-16
09119.30 6.816e-16
09121.04 7.005e-16
09122.78 7.170e-16
09124.52 7.402e-16
09126.26 7.705e-16
09127.99 7.811e-16
09129.73 7.577e-16
09131.47 7.276e-16
09133.21 7.133e-16
09134.95 7.170e-16
09136.69 7.339e-16
09138.42 7.358e-16
09140.16 7.037e-16
09141.90 6.606e-16
09143.64 6.305e-16
09145.38 6.214e-16
09147.12 6.363e-16
09148.85 6.702e-16
09150.59 7.123e-16
09152.33 7.270e-16
09154.07 6.889e-16
09155.81 6.416e-16
09157.55 6.288e-16
09159.28 6.318e-16
09161.02 6.264e-16
09162.76 6.043e-16
09164.50 5.630e-16
09166.24 5.367e-16
09167.98 5.588e-16
09169.71 6.033e-16
09171.45 6.349e-16
09173.19 6.415e-16
09174.93 6.180e-16
09176.67 5.793e-16
09178.41 5.462e-16
09180.14 5.223e-16
09181.88 5.058e-16
09183.62 5.117e-16
09185.36 5.551e-16
09187.10 6.001e-16
09188.84 5.996e-16
09190.57 5.789e-16
09192.31 5.842e-16
09194.05 6.070e-16
09195.79 6.225e-16
09197.53 6.293e-16
09199.27 6.330e-16
09201.00 6.425e-16
09202.74 6.672e-16
09204.48 7.022e-16
09206.22 7.372e-16
09207.96 7.547e-16
09209.70 7.348e-16
09211.43 6.986e-16
09213.17 6.874e-16
09214.91 7.058e-16
09216.65 7.391e-16
09218.39 7.696e-16
09220.13 7.769e-16
09221.86 7.615e-16
09223.60 7.368e-16
09225.34 7.189e-16
09227.08 7.266e-16
09228.82 7.502e-16
09230.56 7.607e-16
09232.29 7.467e-16
09234.03 7.082e-16
09235.77 6.682e-16
09237.51 6.691e-16
09239.25 7.144e-16
09240.99 7.732e-16
09242.72 8.240e-16
09244.46 8.568e-16
09246.20 8.564e-16
09247.94 8.029e-16
09249.68 7.177e-16
09251.42 6.682e-16
09253.15 6.697e-16
09254.89 6.752e-16
09256.63 6.684e-16
09258.37 6.703e-16
09260.11 6.851e-16
09261.85 6.976e-16
09263.58 7.056e-16
09265.32 7.223e-16
09267.06 7.548e-16
09268.80 8.049e-16
09270.54 8.602e-16
09272.28 8.838e-16
09274.01 8.640e-16
09275.75 8.326e-16
09277.49 8.150e-16
09279.23 8.255e-16
09280.97 8.615e-16
09282.71 8.822e-16
09284.44 8.683e-16
09286.18 8.491e-16
09287.92 8.489e-16
09289.66 8.758e-16
09291.40 9.347e-16
09293.13 1.026e-15
09294.87 1.136e-15
09296.61 1.213e-15
09298.35 1.231e-15
09300.09 1.249e-15
09301.83 1.306e-15
09303.56 1.357e-15
09305.30 1.370e-15
09307.04 1.380e-15
09308.78 1.408e-15
09310.52 1.427e-15
09312.26 1.412e-15
09313.99 1.359e-15
09315.73 1.267e-15
09317.47 1.125e-15
09319.21 9.394e-16
09320.95 7.964e-16
09322.69 7.663e-16
09324.42 7.972e-16
09326.16 8.288e-16
09327.90 8.565e-16
09329.64 8.800e-16
09331.38 8.975e-16
09333.12 9.088e-16
09334.85 9.001e-16
09336.59 8.607e-16
09338.33 8.085e-16
09340.07 7.648e-16
09341.81 7.419e-16
09343.55 7.472e-16
09345.28 7.627e-16
09347.02 7.660e-16
09348.76 7.796e-16
09350.50 8.303e-16
09352.24 8.907e-16
09353.98 9.244e-16
09355.71 9.181e-16
09357.45 8.699e-16
09359.19 8.319e-16
09360.93 8.674e-16
09362.67 9.785e-16
09364.41 1.141e-15
09366.14 1.312e-15
09367.88 1.444e-15
09369.62 1.481e-15
09371.36 1.382e-15
09373.10 1.139e-15
09374.84 7.648e-16
09376.57 4.187e-16
09378.31 3.170e-16
09380.05 3.994e-16
09381.79 4.777e-16
09383.53 4.926e-16
09385.27 4.405e-16
09387.00 3.962e-16
09388.74 4.850e-16
09390.48 6.629e-16
09392.22 7.863e-16
09393.96 8.377e-16
09395.70 8.732e-16
09397.43 9.061e-16
09399.17 9.317e-16
09400.91 9.243e-16
09402.65 8.369e-16
09404.39 7.096e-16
09406.13 6.515e-16
09407.86 6.707e-16
09409.60 6.910e-16
09411.34 7.004e-16
09413.08 7.422e-16
09414.82 8.052e-16
09416.56 8.321e-16
09418.29 8.089e-16
09420.03 7.615e-16
09421.77 7.167e-16
09423.51 7.016e-16
09425.25 7.308e-16
09426.99 8.085e-16
09428.72 8.951e-16
09430.46 8.886e-16
09432.20 7.923e-16
09433.94 7.653e-16
09435.68 8.242e-16
09437.42 7.695e-16
09439.15 5.666e-16
09440.89 4.269e-16
09442.63 4.620e-16
09444.37 6.359e-16
09446.11 8.714e-16
09447.85 1.011e-15
09449.58 9.753e-16
09451.32 8.402e-16
09453.06 6.889e-16
09454.80 6.131e-16
09456.54 6.477e-16
09458.28 6.903e-16
09460.01 6.737e-16
09461.75 6.234e-16
09463.49 5.754e-16
09465.23 5.988e-16
09466.97 7.182e-16
09468.71 8.201e-16
09470.44 8.319e-16
09472.18 8.211e-16
09473.92 8.425e-16
09475.66 8.968e-16
09477.40 9.704e-16
09479.14 1.001e-15
09480.87 9.462e-16
09482.61 8.374e-16
09484.35 7.191e-16
09486.09 6.662e-16
09487.83 7.217e-16
09489.57 7.692e-16
09491.30 7.100e-16
09493.04 6.145e-16
09494.78 5.577e-16
09496.52 5.355e-16
09498.26 5.383e-16
09499.99 5.722e-16
09501.73 6.363e-16
09503.47 7.116e-16
09505.21 7.761e-16
09506.95 7.702e-16
09508.69 6.515e-16
09510.42 5.435e-16
09512.16 5.767e-16
09513.90 6.873e-16
09515.64 7.782e-16
09517.38 8.308e-16
09519.12 8.412e-16
09520.85 8.085e-16
09522.59 7.411e-16
09524.33 6.250e-16
09526.07 4.476e-16
09527.81 3.175e-16
09529.55 3.607e-16
09531.28 5.062e-16
09533.02 6.273e-16
09534.76 6.933e-16
09536.50 7.034e-16
09538.24 6.955e-16
09539.98 7.261e-16
09541.71 7.558e-16
09543.45 7.110e-16
09545.19 6.364e-16
09546.93 6.205e-16
09548.67 6.445e-16
09550.41 6.480e-16
09552.14 6.162e-16
09553.88 5.488e-16
09555.62 4.988e-16
09557.36 5.550e-16
09559.10 6.318e-16
09560.84 5.419e-16
09562.57 3.883e-16
09564.31 4.422e-16
09566.05 6.452e-16
09567.79 7.412e-16
09569.53 6.873e-16
09571.27 5.719e-16
09573.00 4.635e-16
09574.74 4.291e-16
09576.48 4.598e-16
09578.22 4.772e-16
09579.96 4.788e-16
09581.70 5.264e-16
09583.43 6.123e-16
09585.17 6.713e-16
09586.91 6.872e-16
09588.65 6.880e-16
09590.39 6.852e-16
09592.13 6.763e-16
09593.86 6.597e-16
09595.60 6.327e-16
09597.34 5.948e-16
09599.08 5.475e-16
09600.82 5.015e-16
09602.56 4.770e-16
09604.29 4.878e-16
09606.03 5.423e-16
09607.77 6.216e-16
09609.51 6.695e-16
09611.25 6.571e-16
09612.99 5.936e-16
09614.72 5.153e-16
09616.46 5.115e-16
09618.20 6.000e-16
09619.94 6.624e-16
09621.68 6.463e-16
09623.42 6.364e-16
09625.15 6.691e-16
09626.89 6.730e-16
09628.63 6.288e-16
09630.37 6.370e-16
09632.11 7.360e-16
09633.85 8.122e-16
09635.58 7.968e-16
09637.32 7.400e-16
09639.06 6.881e-16
09640.80 6.749e-16
09642.54 7.105e-16
09644.28 7.202e-16
09646.01 6.594e-16
09647.75 6.047e-16
09649.49 6.094e-16
09651.23 6.146e-16
09652.97 5.796e-16
09654.71 5.676e-16
09656.44 6.191e-16
09658.18 6.492e-16
09659.92 5.958e-16
09661.66 5.479e-16
09663.40 5.811e-16
09665.14 6.382e-16
09666.87 6.613e-16
09668.61 6.584e-16
09670.35 6.438e-16
09672.09 6.314e-16
09673.83 6.339e-16
09675.57 6.326e-16
09677.30 6.098e-16
09679.04 5.956e-16
09680.78 6.199e-16
09682.52 6.616e-16
09684.26 6.918e-16
09686.00 7.115e-16
09687.73 7.263e-16
09689.47 7.145e-16
09691.21 6.556e-16
09692.95 6.004e-16
09694.69 6.087e-16
09696.42 6.432e-16
09698.16 6.459e-16
09699.90 6.272e-16
09701.64 6.116e-16
09703.38 6.152e-16
09705.12 6.546e-16
09706.85 6.587e-16
09708.59 5.315e-16
09710.33 4.077e-16
09712.07 4.953e-16
09713.81 6.590e-16
09715.55 6.420e-16
09717.28 5.268e-16
09719.02 5.218e-16
09720.76 6.292e-16
09722.50 7.684e-16
09724.24 8.707e-16
09725.98 8.725e-16
09727.71 7.733e-16
09729.45 6.052e-16
09731.19 4.723e-16
09732.93 5.169e-16
09734.67 6.802e-16
09736.41 7.855e-16
09738.14 7.779e-16
09739.88 6.755e-16
09741.62 5.401e-16
09743.36 4.707e-16
09745.10 4.812e-16
09746.84 5.204e-16
09748.57 5.569e-16
09750.31 5.685e-16
09752.05 5.648e-16
09753.79 5.906e-16
09755.53 6.297e-16
09757.27 6.081e-16
09759.00 5.403e-16
09760.74 5.253e-16
09762.48 5.829e-16
09764.22 6.546e-16
09765.96 7.055e-16
09767.70 7.252e-16
09769.43 7.059e-16
09771.17 6.433e-16
09772.91 5.685e-16
09774.65 5.579e-16
09776.39 6.254e-16
09778.13 7.024e-16
09779.86 7.356e-16
09781.60 6.891e-16
09783.34 5.773e-16
09785.08 5.007e-16
09786.82 5.045e-16
09788.56 5.245e-16
09790.29 5.539e-16
09792.03 7.141e-16
09793.77 9.844e-16
09795.51 1.062e-15
09797.25 8.275e-16
09798.99 5.454e-16
09800.72 4.043e-16
09802.46 4.192e-16
09804.20 5.588e-16
09805.94 6.734e-16
09807.68 6.692e-16
09809.42 6.355e-16
09811.15 6.391e-16
09812.89 6.661e-16
09814.63 6.983e-16
09816.37 6.952e-16
09818.11 6.370e-16
09819.85 5.870e-16
09821.58 5.896e-16
09823.32 6.017e-16
09825.06 5.889e-16
09826.80 5.696e-16
09828.54 5.626e-16
09830.28 5.715e-16
09832.01 6.011e-16
09833.75 6.816e-16
09835.49 8.233e-16
09837.23 9.363e-16
09838.97 9.429e-16
09840.71 8.947e-16
09842.44 8.510e-16
09844.18 7.874e-16
09845.92 6.850e-16
09847.66 6.088e-16
09849.40 6.205e-16
09851.14 7.213e-16
09852.87 8.913e-16
09854.61 1.021e-15
09856.35 1.007e-15
09858.09 9.632e-16
09859.83 1.030e-15
09861.57 1.135e-15
09863.30 1.173e-15
09865.04 1.153e-15
09866.78 1.109e-15
09868.52 1.093e-15
09870.26 1.160e-15
09872.00 1.237e-15
09873.73 1.227e-15
09875.47 1.158e-15
09877.21 1.095e-15
09878.95 1.056e-15
09880.69 1.051e-15
09882.43 1.034e-15
09884.16 9.448e-16
09885.90 8.092e-16
09887.64 6.876e-16
09889.38 6.186e-16
09891.12 6.261e-16
09892.85 7.099e-16
09894.59 8.621e-16
09896.33 9.607e-16
09898.07 8.280e-16
09899.81 6.022e-16
09901.55 5.876e-16
09903.28 7.189e-16
09905.02 7.316e-16
09906.76 6.241e-16
09908.50 5.405e-16
09910.24 5.144e-16
09911.98 5.167e-16
09913.71 5.534e-16
09915.45 6.473e-16
09917.19 7.613e-16
09918.93 8.232e-16
09920.67 7.998e-16
09922.41 6.748e-16
09924.14 5.537e-16
09925.88 6.561e-16
09927.62 9.206e-16
09929.36 1.032e-15
09931.10 9.028e-16
09932.84 6.562e-16
09934.57 4.108e-16
09936.31 2.829e-16
09938.05 3.336e-16
09939.79 5.708e-16
09941.53 8.476e-16
09943.27 8.177e-16
09945.00 4.700e-16
09946.74 2.276e-16
09948.48 2.955e-16
09950.22 5.982e-16
09951.96 9.812e-16
09953.70 1.137e-15
09955.43 9.920e-16
09957.17 8.795e-16
09958.91 9.307e-16
09960.65 9.110e-16
09962.39 7.371e-16
09964.13 5.857e-16
09965.86 5.534e-16
09967.60 5.972e-16
09969.34 6.736e-16
09971.08 7.333e-16
09972.82 7.440e-16
09974.56 7.223e-16
09976.29 6.880e-16
09978.03 6.499e-16
09979.77 6.308e-16
09981.51 7.025e-16
09983.25 8.737e-16
09984.99 9.660e-16
09986.72 8.756e-16
09988.46 7.513e-16
09990.20 7.128e-16
09991.94 7.330e-16
09993.68 7.843e-16
09995.42 8.788e-16
09997.15 1.002e-15
09998.89 1.031e-15
10000.63 8.940e-16
10002.37 7.724e-16
10004.11 8.129e-16
10005.85 8.741e-16
10007.58 8.306e-16
10009.32 8.183e-16
10011.06 9.451e-16
10012.80 9.982e-16
10014.54 7.980e-16
10016.28 5.500e-16
10018.01 4.745e-16
10019.75 6.087e-16
10021.49 9.277e-16
10023.23 1.144e-15
10024.97 9.836e-16
10026.71 6.410e-16
10028.44 3.840e-16
10030.18 3.089e-16
10031.92 4.595e-16
10033.66 7.013e-16
10035.40 8.604e-16
10037.14 9.407e-16
10038.87 9.893e-16
10040.61 9.906e-16
10042.35 9.265e-16
10044.09 8.309e-16
10045.83 7.501e-16
10047.57 7.108e-16
10049.30 7.296e-16
10051.04 7.883e-16
10052.78 8.534e-16
10054.52 9.044e-16
10056.26 9.300e-16
10058.00 8.943e-16
10059.73 7.555e-16
10061.47 6.109e-16
10063.21 6.097e-16
10064.95 7.130e-16
10066.69 7.982e-16
10068.43 8.205e-16
10070.16 7.698e-16
10071.90 6.698e-16
10073.64 5.726e-16
10075.38 4.824e-16
10077.12 3.656e-16
10078.86 3.109e-16
10080.59 4.840e-16
10082.33 7.613e-16
10084.07 8.320e-16
10085.81 7.174e-16
10087.55 6.631e-16
10089.29 7.234e-16
10091.02 8.267e-16
10092.76 9.056e-16
10094.50 8.815e-16
10096.24 7.688e-16
10097.98 6.705e-16
10099.71 6.092e-16
10101.45 5.294e-16
10103.19 4.441e-16
10104.93 4.384e-16
10106.67 4.822e-16
10108.41 4.082e-16
10110.14 2.659e-16
10111.88 3.728e-16
10113.62 6.983e-16
10115.36 7.761e-16
10117.10 5.289e-16
10118.84 3.832e-16
10120.57 4.892e-16
10122.31 6.306e-16
10124.05 6.926e-16
10125.79 6.808e-16
10127.53 6.322e-16
10129.27 6.649e-16
10131.00 7.992e-16
10132.74 8.779e-16
10134.48 8.160e-16
10136.22 6.481e-16
10137.96 4.504e-16
10139.70 4.003e-16
10141.43 5.486e-16
10143.17 6.428e-16
10144.91 5.752e-16
10146.65 6.205e-16
10148.39 8.807e-16
10150.13 1.003e-15
10151.86 8.043e-16
10153.60 5.740e-16
10155.34 5.168e-16
10157.08 5.586e-16
10158.82 6.287e-16
10160.56 6.898e-16
10162.29 7.093e-16
10164.03 6.949e-16
10165.77 6.611e-16
10167.51 6.006e-16
10169.25 5.310e-16
10170.99 6.052e-16
10172.72 8.963e-16
10174.46 1.096e-15
10176.20 9.562e-16
10177.94 6.640e-16
10179.68 4.212e-16
10181.42 2.626e-16
10183.15 1.980e-16
10184.89 1.876e-16
10186.63 1.799e-16
10188.37 1.203e-16
10190.11 -2.205e-17
10191.85 -8.447e-17
10193.58 7.865e-17
10195.32 3.030e-16
10197.06 3.936e-16
10198.80 2.420e-16
10200.54 -1.976e-16
10202.28 -5.755e-16
10204.01 -5.149e-16
10205.75 -1.355e-16
10207.49 3.241e-16
10209.23 6.146e-16
10210.97 5.097e-16
10212.71 2.374e-16
10214.44 1.414e-16
10216.18 1.137e-16
10217.92 -5.964e-17
10219.66 -2.501e-16
10221.40 -2.515e-16
10223.14 -5.003e-17
10224.87 2.993e-16
10226.61 6.590e-16
10228.35 8.647e-16
10230.09 8.840e-16
10231.83 7.478e-16
10233.57 5.406e-16
10235.30 3.766e-16
10237.04 2.661e-16
10238.78 1.630e-16
10240.52 1.173e-16
10242.26 2.189e-16
10244.00 3.957e-16
10245.73 4.923e-16
10247.47 4.995e-16
10249.21 4.942e-16
10250.95 4.662e-16
10252.69 3.589e-16
10254.43 2.250e-16
10256.16 1.784e-16
10257.90 2.582e-16
10259.64 4.531e-16
10261.38 6.848e-16
10263.12 8.301e-16
10264.86 8.237e-16
10266.59 6.447e-16
10268.33 4.024e-16
10270.07 3.096e-16
10271.81 4.463e-16
10273.55 7.860e-16
10275.29 1.134e-15
10277.02 1.120e-15
10278.76 7.299e-16
10280.50 3.132e-16
10282.24 1.344e-16
10283.98 3.644e-16
10285.72 9.505e-16
10287.45 1.589e-15
10289.19 1.932e-15
10290.93 1.531e-15
10292.67 5.592e-16
10294.41 1.457e-16
10296.14 5.524e-16
10297.88 6.765e-16
10299.62 1.289e-16
10301.36 -3.469e-16
10303.10 -3.563e-16
10304.84 -3.254e-17
10306.57 4.403e-16
10308.31 7.197e-16
10310.05 6.575e-16
10311.79 5.613e-16
10313.53 5.776e-16
10315.27 4.586e-16
10317.00 1.111e-16
10318.74 -2.239e-16
10320.48 -3.693e-16
10322.22 -2.950e-16
10323.96 -3.292e-17
10325.70 2.319e-16
10327.43 3.634e-16
10329.17 4.281e-16
10330.91 4.649e-16
10332.65 3.698e-16
10334.39 1.052e-16
10336.13 -1.932e-16
10337.86 -3.734e-16
10339.60 -1.947e-16
10341.34 4.244e-16
10343.08 9.543e-16
10344.82 9.567e-16
10346.56 5.763e-16
10348.29 4.177e-17
10350.03 -3.218e-16
10351.77 -2.625e-16
10353.51 -5.658e-17
10355.25 1.782e-17
10356.99 2.087e-16
10358.72 7.242e-16
10360.46 1.146e-15
10362.20 1.074e-15
10363.94 7.795e-16
10365.68 5.961e-16
10367.42 3.626e-16
10369.15 -1.011e-16
10370.89 -4.037e-16
10372.63 -1.456e-16
10374.37 2.497e-16
10376.11 2.518e-16
10377.85 7.636e-17
10379.58 7.291e-17
10381.32 1.102e-16
10383.06 -2.142e-17
10384.80 -1.530e-16
10386.54 -5.127e-17
10388.28 1.908e-16
10390.01 3.981e-16
10391.75 4.829e-16
10393.49 3.819e-16
10395.23 2.679e-16
10396.97 3.960e-16
10398.71 5.263e-16
10400.44 2.602e-16
10402.18 -1.555e-16
10403.92 -2.614e-16
10405.66 5.285e-17
10407.40 7.793e-16
10409.14 1.351e-15
10410.87 9.270e-16
10412.61 1.110e-16
10414.35 2.114e-16
10416.09 9.942e-16
10417.83 1.442e-15
10419.57 1.335e-15
10421.30 8.678e-16
10423.04 2.561e-16
10424.78 -2.404e-16
10426.52 -4.465e-16
10428.26 -2.607e-16
10430.00 1.597e-16
10431.73 4.675e-16
10433.47 5.713e-16
10435.21 5.768e-16
10436.95 5.519e-16
10438.69 5.546e-16
10440.43 5.714e-16
10442.16 5.072e-16
10443.90 4.026e-16
10445.64 4.265e-16
10447.38 5.845e-16
10449.12 7.271e-16
10450.86 7.800e-16
10452.59 7.349e-16
10454.33 6.471e-16
10456.07 6.680e-16
10457.81 7.797e-16
10459.55 7.364e-16
10461.29 5.161e-16
10463.02 3.858e-16
10464.76 4.709e-16
10466.50 7.151e-16
10468.24 1.012e-15
10469.98 1.176e-15
10471.72 1.097e-15
10473.45 7.535e-16
10475.19 3.104e-16
10476.93 2.920e-16
10478.67 8.106e-16
10480.41 1.181e-15
10482.15 1.032e-15
10483.88 6.301e-16
10485.62 2.246e-16
10487.36 2.851e-17
10489.10 1.415e-16
10490.84 3.624e-16
10492.57 5.191e-16
10494.31 5.499e-16
10496.05 4.593e-16
10497.79 4.616e-16
10499.53 6.599e-16
10501.27 7.753e-16
10503.00 6.257e-16
10504.74 3.816e-16
10506.48 1.931e-16
10508.22 6.161e-17
10509.96 -2.186e-19
10511.70 7.886e-17
10513.43 3.334e-16
10515.17 7.010e-16
10516.91 1.095e-15
10518.65 1.410e-15
10520.39 1.548e-15
10522.13 1.423e-15
10523.86 1.011e-15
10525.60 4.650e-16
10527.34 -3.054e-17
10529.08 -2.393e-16
10530.82 -7.643e-18
10532.56 3.638e-16
10534.29 5.407e-16
10536.03 5.081e-16
10537.77 3.188e-16
10539.51 3.092e-18
10541.25 -3.790e-16
10542.99 -5.136e-16
10544.72 -1.185e-16
10546.46 3.956e-16
10548.20 5.231e-16
10549.94 4.641e-16
10551.68 5.490e-16
10553.42 6.408e-16
10555.15 5.282e-16
10556.89 3.298e-16
10558.63 2.272e-16
10560.37 2.584e-16
10562.11 4.215e-16
10563.85 5.080e-16
10565.58 2.435e-16
10567.32 -5.688e-17
10569.06 1.269e-16
10570.80 2.537e-16
10572.54 -5.765e-16
10574.28 -1.597e-15
10576.01 -1.434e-15
10577.75 -5.167e-16
10579.49 8.858e-19
10581.23 -2.813e-17
10582.97 -3.433e-16
10584.71 -5.582e-16
10586.44 -1.712e-16
10588.18 4.592e-16
10589.92 5.091e-16
10591.66 3.350e-17
10593.40 -4.264e-16
10595.14 -6.103e-16
10596.87 -4.137e-16
10598.61 9.342e-17
10600.35 7.051e-16
10602.09 1.198e-15
10603.83 1.334e-15
10605.57 1.169e-15
10607.30 1.001e-15
10609.04 8.491e-16
10610.78 5.080e-16
10612.52 -1.780e-17
10614.26 -5.747e-16
10616.00 -9.491e-16
10617.73 -8.563e-16
10619.47 -3.301e-16
10621.21 2.623e-16
10622.95 7.435e-16
10624.69 1.157e-15
10626.43 1.455e-15
10628.16 1.493e-15
10629.90 1.297e-15
10631.64 1.087e-15
10633.38 9.589e-16
10635.12 8.362e-16
10636.86 6.985e-16
10638.59 5.971e-16
10640.33 5.503e-16
10642.07 5.272e-16
10643.81 5.360e-16
10645.55 6.749e-16
10647.29 8.879e-16
10649.02 8.306e-16
10650.76 4.019e-16
10652.50 -4.797e-17
10654.24 -2.759e-16
10655.98 -2.450e-16
10657.72 -2.103e-17
10659.45 5.787e-17
10661.19 -1.183e-16
10662.93 -3.204e-17
10664.67 5.342e-16
10666.41 1.014e-15
10668.15 1.000e-15
10669.88 5.214e-16
10671.62 -2.542e-16
10673.36 -8.130e-16
10675.10 -7.808e-16
10676.84 -2.903e-16
10678.58 4.399e-16
10680.31 1.071e-15
10682.05 1.349e-15
10683.79 1.405e-15
10685.53 1.408e-15
10687.27 1.509e-15
10689.00 1.802e-15
10690.74 2.159e-15
10692.48 2.409e-15
10694.22 2.223e-15
10695.96 1.412e-15
10697.70 5.052e-16
10699.43 2.606e-17
10701.17 -1.382e-17
10702.91 2.732e-16
10704.65 4.156e-16
10706.39 3.083e-18
10708.13 -4.732e-16
10709.86 -4.568e-16
10711.60 -6.749e-17
10713.34 4.516e-16
10715.08 1.010e-15
10716.82 1.525e-15
10718.56 1.584e-15
10720.29 8.293e-16
10722.03 1.911e-17
10723.77 6.813e-17
10725.51 6.172e-16
10727.25 1.021e-15
10728.99 1.107e-15
10730.72 8.417e-16
10732.46 5.491e-16
10734.20 6.414e-16
10735.94 1.139e-15
10737.68 1.932e-15
10739.42 2.451e-15
10741.15 2.003e-15
10742.89 1.166e-15
10744.63 9.571e-16
10746.37 1.338e-15
10748.11 1.873e-15
10749.85 2.157e-15
10751.58 1.751e-15
10753.32 1.163e-15
10755.06 1.383e-15
10756.80 1.942e-15
10758.54 1.656e-15
10760.28 8.145e-16
10762.01 4.496e-16
10763.75 7.663e-16
10765.49 1.526e-15
10767.23 2.427e-15
10768.97 3.065e-15
10770.71 3.374e-15
10772.44 3.609e-15
10774.18 3.422e-15
10775.92 1.995e-15
10777.66 -2.299e-17
10779.40 -8.596e-16
10781.14 -3.764e-16
10782.87 2.084e-16
10784.61 5.649e-16
10786.35 1.110e-15
10788.09 1.741e-15
10789.83 1.963e-15
10791.57 1.654e-15
10793.30 9.846e-16
10795.04 4.016e-16
10796.78 6.989e-16
10798.52 1.841e-15
10800.26 2.778e-15
10802.00 3.051e-15
10803.73 3.038e-15
10805.47 2.615e-15
10807.21 9.130e-16
10808.95 -1.696e-15
10810.69 -3.084e-15
10812.43 -2.418e-15
10814.16 -8.718e-16
10815.90 7.695e-16
10817.64 2.443e-15
10819.38 3.830e-15
10821.12 4.225e-15
10822.86 3.587e-15
10824.59 3.063e-15
10826.33 3.349e-15
10828.07 4.142e-15
10829.81 5.116e-15
10831.55 5.993e-15
10833.29 6.393e-15
10835.02 5.717e-15
10836.76 3.856e-15
10838.50 1.784e-15
10840.24 3.729e-16
10841.98 1.904e-16
10843.72 1.240e-15
10845.45 1.801e-15
10847.19 8.495e-16
10848.93 5.079e-17
10850.67 6.425e-16
10852.41 1.902e-15
10854.15 3.070e-15
10855.88 3.645e-15
10857.62 3.307e-15
10859.36 2.427e-15
10861.10 1.487e-15
10862.84 1.142e-15
10864.58 1.755e-15
10866.31 2.232e-15
10868.05 1.577e-15
10869.79 -3.615e-17
10871.53 -2.116e-15
10873.27 -3.220e-15
10875.01 -2.155e-15
10876.74 3.824e-16
10878.48 3.294e-15
10880.22 4.692e-15
10881.96 3.064e-15
10883.70 9.327e-16
10885.44 1.147e-15
10887.17 2.458e-15
10888.91 2.995e-15
10890.65 2.523e-15
10892.39 1.154e-15
10894.13 -1.740e-16
10895.86 -3.855e-16
10897.60 -8.509e-17
10899.34 -2.445e-16
10901.08 -4.768e-16
10902.82 -1.354e-16
10904.56 8.090e-16
10906.29 2.198e-15
10908.03 3.100e-15
10909.77 2.447e-15
10911.51 6.135e-16
10913.25 -1.511e-15
10914.99 -2.904e-15
10916.72 -2.538e-15
10918.46 -1.186e-15
10920.20 -3.534e-16
10921.94 -1.909e-16
10923.68 -3.321e-16
10925.42 -7.250e-18
10927.15 1.837e-15
10928.89 3.897e-15
10930.63 3.654e-15
10932.37 1.895e-15
10934.11 1.178e-15
10935.85 1.617e-15
10937.58 1.998e-15
10939.32 1.867e-15
10941.06 1.125e-15
10942.80 1.558e-16
10944.54 -2.595e-16
10946.28 -7.646e-17
10948.01 1.835e-16
10949.75 3.995e-16
10951.49 7.865e-16
10953.23 1.069e-15
10954.97 5.295e-16
10956.71 -4.263e-16
10958.44 -3.547e-16
10960.18 6.741e-16
10961.92 1.117e-15
10963.66 6.800e-16
10965.40 3.842e-16
10967.14 3.060e-16
10968.87 -5.551e-16
10970.61 -1.858e-15
10972.35 -1.697e-15
10974.09 1.882e-16
10975.83 2.081e-15
10977.57 2.864e-15
10979.30 2.101e-15
10981.04 2.026e-16
10982.78 -1.041e-15
10984.52 -9.356e-16
10986.26 -6.408e-16
10988.00 -6.831e-16
10989.73 -5.284e-16
10991.47 2.672e-17
10993.21 7.493e-16
10994.95 1.353e-15
10996.69 1.351e-15
10998.43 6.567e-16
11000.16 2.609e-17
11001.90 -5.357e-17
11003.64 3.027e-16
11005.38 8.399e-16
11007.12 8.813e-16
11008.86 2.409e-16
11010.59 1.853e-16
11012.33 1.363e-15
11014.07 2.562e-15
11015.81 2.866e-15
11017.55 2.505e-15
11019.29 1.690e-15
11021.02 3.250e-16
11022.76 -1.460e-15
11024.50 -2.941e-15
11026.24 -3.521e-15
11027.98 -3.042e-15
11029.72 -1.634e-15
11031.45 -2.980e-16
11033.19 1.378e-16
11034.93 8.567e-17
11036.67 2.555e-17
11038.41 -1.207e-17
11040.15 -1.682e-17
11041.88 -1.839e-18
11043.62 1.917e-18
11045.36 3.080e-19
