## SN 	 z 	 E_B_V_total 	 d [Mpc] 	 t_0 
## SN2011dh 	 0.002 	 0.085 	 7.87 	 55712.5 
###############BVRIJH#######################
# t-t_0 	 Lbol [erg/s] 	 log(Lbol) 	 M_ni
3.1999999999970896 	 1.6377683813807943e+41 	 41.214252482405584 	 0.002842173233238302
3.283000000003085 	 1.492157557495617e+41 	 41.17381468288077 	 0.0026088696899016516
3.3649999999979627 	 1.5128689529963827e+41 	 41.179801310405594 	 0.0026646112280776283
4.27900000000227 	 1.800067174560847e+41 	 41.25528871232372 	 0.0034382375589754157
4.338999999999942 	 1.8390983589635612e+41 	 41.26460495686875 	 0.003531326594432099
5.220000000001164 	 2.5629854829722088e+41 	 41.40874614630015 	 0.005312046052900996
5.271999999997206 	 2.31602123787868e+41 	 41.36474253754729 	 0.004821633484742695
5.313999999998487 	 2.3724866352893013e+41 	 41.37520377463507 	 0.004956980749015243
6.220000000001164 	 3.3522277339931512e+41 	 41.525333514808175 	 0.007561782990114224
6.2629999999990105 	 3.115187100674436e+41 	 41.49348413585883 	 0.0070523570075861795
6.2739999999976135 	 3.0684452388119985e+41 	 41.48691837702716 	 0.0069529189590353405
7.220000000001164 	 4.157110780108284e+41 	 41.61879159788815 	 0.01018282524202121
7.2850000000034925 	 3.895037738077671e+41 	 41.590511669803064 	 0.00959133810143025
7.351999999998952 	 3.950149456576803e+41 	 41.59661352776283 	 0.009779976501709416
8.277999999998428 	 4.532013858321533e+41 	 41.65629122921064 	 0.012081090343352545
8.343999999997322 	 4.643673853841247e+41 	 41.66686170967742 	 0.012443114494571906
9.27900000000227 	 5.1923648278838766e+41 	 41.71536519942606 	 0.014956673677956356
9.330999999998312 	 5.3127698339639874e+41 	 41.725321001303186 	 0.015364170232403834
9.781000000002678 	 5.661336047919209e+41 	 41.752918934680636 	 0.01693757241175791
9.82499999999709 	 5.690407834330622e+41 	 41.755143393609835 	 0.01708067838273499
10.275000000001455 	 6.192563791158237e+41 	 41.791870489057686 	 0.01921881671503926
10.336999999999534 	 6.3268092814663135e+41 	 41.801184743064304 	 0.0197251322767034
10.805000000000291 	 6.751919339209645e+41 	 41.829427245414784 	 0.021780068320785613
10.855999999999767 	 6.7797969225401925e+41 	 41.83121668549818 	 0.021950578490250443
11.286000000000058 	 7.036585568377342e+41 	 41.847361973271674 	 0.02349303929356733
11.756999999997788 	 7.506901770536909e+41 	 41.875460733064614 	 0.025906699710153826
11.802000000003318 	 7.545036878345765e+41 	 41.87766136684493 	 0.026119958532398794
12.703000000001339 	 8.444246744045593e+41 	 41.926560915068094 	 0.031088214642645266
12.790999999997439 	 8.507591486714012e+41 	 41.92980662799546 	 0.03150649736869005
13.286999999996624 	 8.977803451235767e+41 	 41.95317009327123 	 0.0343568013777949
14.319999999999709 	 9.795337999240067e+41 	 41.991019426412656 	 0.0400493075880366
14.347999999998137 	 9.783008762863468e+41 	 41.99047244253324 	 0.0400690510802343
15.27900000000227 	 1.0124382940380966e+42 	 42.005368563367796 	 0.04390094803184549
17.249000000003434 	 1.048666365043974e+42 	 42.020637338653664 	 0.050902183788237944
18.275000000001455 	 1.0727553331778892e+42 	 42.03050068229487 	 0.054991950475640025
19.249000000003434 	 1.0658565556325797e+42 	 42.027698760704574 	 0.057394065780996505
#19.279999999998836 	 1.217749478561188e+42 	 42.08555795227949 	 0.06567325382020506
#20.2300000000032 	 1.2193203529865286e+42 	 42.0861178231378 	 0.06882122826523829
20.247000000003027 	 1.0940172168613604e+42 	 42.03902415666747 	 0.06179786145797853
21.279999999998836 	 1.1089825090982533e+42 	 42.04492469649901 	 0.06564881239251126
22.247000000003027 	 1.1074278405680096e+42 	 42.04431543741059 	 0.06833409558136454
23.247000000003027 	 1.1004503015093652e+42 	 42.04157043374296 	 0.0707156062565632
24.235999999997148 	 1.0690435460316414e+42 	 42.02899539596282 	 0.07135067814351723
24.277000000001863 	 1.0800670592913727e+42 	 42.03345072083517 	 0.07219639173106895
25.247999999999593 	 1.0246676248231083e+42 	 42.01058301454868 	 0.07093686731747921
25.26299999999901 	 1.0386793261887848e+42 	 42.01648148753545 	 0.07194471997949246
26.249000000003434 	 9.68936450753772e+41 	 41.98629529408687 	 0.06940572294999607
26.258999999998196 	 9.876634431812065e+41 	 41.99460897933457 	 0.07077054877228185
27.247000000003027 	 9.334585823534741e+41 	 41.970095053024906 	 0.0690424018683411
#27.273000000001048 	 1.05886945579918e+42 	 42.02484242080554 	 0.07838177138834901
#27.279999999998836 	 1.0677442502457245e+42 	 42.02846724144911 	 0.07905594272631124
28.254000000000815 	 8.839444531143861e+41 	 41.946424974895585 	 0.06740393002430481
28.260000000002037 	 8.95334918213236e+41 	 41.95198552238145 	 0.06828452933118742
29.258999999998196 	 8.58781871718559e+41 	 41.93388286820984 	 0.06739026115434622
30.245999999999185 	 8.078920230808524e+41 	 41.90735332003974 	 0.06510398461471266
30.279999999998836 	 8.173467942140323e+41 	 41.91240636357949 	 0.06592444682405892
31.247000000003027 	 7.822775335376185e+41 	 41.89336085779205 	 0.06466451578435804
31.254000000000815 	 7.900218695522003e+41 	 41.89763911368839 	 0.06531596663971409
32.245999999999185 	 7.649431695909902e+41 	 41.883629171036176 	 0.06476692308526079
32.2609999999986 	 7.706154263801027e+41 	 41.88683769858393 	 0.06527003078728787
33.24500000000262 	 7.209450452189297e+41 	 41.85790216143541 	 0.062442441866396026
33.25800000000163 	 7.278505890110575e+41 	 41.86204223779158 	 0.06305864617016631
34.245999999999185 	 6.770560903391853e+41 	 41.83062464906289 	 0.05991713533444444
34.2609999999986 	 6.870544329476455e+41 	 41.83699114607311 	 0.060821040180850335
35.24199999999837 	 6.5381322227166184e+41 	 41.81545369920788 	 0.05904740774845784
35.26799999999639 	 6.6334250613364156e+41 	 41.82173782722122 	 0.05993895165377462
36.24399999999878 	 6.428452115292549e+41 	 41.80810641324872 	 0.05919449084577737
36.26600000000326 	 6.484958015501603e+41 	 41.81190716874778 	 0.059739604364400824
37.25499999999738 	 6.3022026216700354e+41 	 41.79949236203357 	 0.05912265338057007
37.29899999999907 	 6.349714604301972e+41 	 41.80275420583336 	 0.05961543861669238
37.675999999999476 	 6.275663113360637e+41 	 41.79765962198701 	 0.05931622702960823
37.71899999999732 	 6.295537820542817e+41 	 41.799032837305965 	 0.059549109623550915
38.28199999999924 	 6.146448420786027e+41 	 41.7886242414994 	 0.05870940661463346
38.684000000001106 	 6.15322042269244e+41 	 41.78910247280693 	 0.05917623269850347
38.728000000002794 	 6.129403486982317e+41 	 41.78741821107347 	 0.0589907480631594
39.26900000000023 	 6.051208067607483e+41 	 41.78184208617656 	 0.058762656847563016
40.25499999999738 	 5.9916826358609855e+41 	 41.77754880183018 	 0.05911140884929237
40.675999999999476 	 5.969738139133319e+41 	 41.775955281343165 	 0.05928184799983024
40.720000000001164 	 5.966905619151204e+41 	 41.77574916849501 	 0.059293896828219374
41.20999999999913 	 5.9059711923161954e+41 	 41.77129132426661 	 0.059128235064783534
41.30500000000029 	 5.851260847748936e+41 	 41.76724945928194 	 0.05866436318630535
41.677999999999884 	 5.814188707330252e+41 	 41.764489123275865 	 0.05861799381962688
41.72099999999773 	 5.7988042261720206e+41 	 41.76333844674987 	 0.05850010270490239
42.275000000001455 	 5.692642200672229e+41 	 41.75531388798212 	 0.057896428344502496
42.67500000000291 	 5.657970915744871e+41 	 41.75266071067771 	 0.057875439300232576
44.309000000001106 	 5.378113518460548e+41 	 41.73062996484911 	 0.056271987794235104
44.69600000000355 	 5.340546084467459e+41 	 41.72758566701831 	 0.056168910932922346
44.7390000000014 	 5.330346631403671e+41 	 41.7267554520305 	 0.056093663700389915
45.27100000000064 	 5.217439937865297e+41 	 41.71745745825425 	 0.055291199242438846
45.67500000000291 	 5.19098131165352e+41 	 41.715249465353445 	 0.05529970731720751
45.71800000000076 	 5.203213390966602e+41 	 41.71627163727772 	 0.05546071404118823
46.2300000000032 	 5.2049388190963895e+41 	 41.71641562900794 	 0.05584297921468589
46.68800000000192 	 5.150017709103834e+41 	 41.71180872243009 	 0.05557316972214893
46.73099999999977 	 5.144908250700624e+41 	 41.71137763438131 	 0.0555478720616772
47.20999999999913 	 5.081017474286932e+41 	 41.70595068850867 	 0.05518496399560902
47.71100000000297 	 4.996411363766116e+41 	 41.6986581874401 	 0.054599769363316626
48.2300000000032 	 5.007978922850104e+41 	 41.69966249238505 	 0.055070131760081326
48.292999999997846 	 4.924385023664319e+41 	 41.692352001837605 	 0.054191782215705135
48.6730000000025 	 4.924801967013368e+41 	 41.69238877161282 	 0.05444229283209295
48.71899999999732 	 4.919181686455621e+41 	 41.691892863211486 	 0.054409814647352034
49.25699999999779 	 4.814307915488419e+41 	 41.68253386361266 	 0.05358799361673109
49.697000000000116 	 4.772284092697173e+41 	 41.67872628919325 	 0.053392756146902656
49.741000000001804 	 4.7651927252157904e+41 	 41.67808047009609 	 0.05334055338458916
50.18000000000029 	 4.713355597383089e+41 	 41.673330206183465 	 0.05302737977098538
50.671000000002095 	 4.6226603940031624e+41 	 41.664891988954416 	 0.05229853787444573
50.71499999999651 	 4.6205834550313564e+41 	 41.664696818695006 	 0.05230108161890639
51.6730000000025 	 4.484058755253206e+41 	 41.65167129458196 	 0.05130337200051134
51.72099999999773 	 4.477454704436417e+41 	 41.65103120106203 	 0.051255088194742796
52.315999999998894 	 4.366962086884275e+41 	 41.64017942147746 	 0.050319119397759175
52.68099999999686 	 4.3509023647245816e+41 	 41.63857933773144 	 0.05033432750556866
52.72600000000239 	 4.3486344758473e+41 	 41.638352904608546 	 0.05033273048678119
53.25299999999697 	 4.300648632921581e+41 	 41.63353396173178 	 0.05006213163658059
53.68499999999767 	 4.28399391284045e+41 	 41.63184884506792 	 0.05010009906710098
53.73099999999977 	 4.277976623740139e+41 	 41.63123840711526 	 0.0500543445927298
54.26000000000204 	 4.229605218628503e+41 	 41.62629983324445 	 0.049767804354284045
55.302999999999884 	 4.163284937300043e+41 	 41.61943613523517 	 0.0495276029517913
55.68699999999808 	 4.154717127204479e+41 	 41.61854146030396 	 0.04962353486795256
55.7300000000032 	 4.152443772044388e+41 	 41.61830376041153 	 0.0496185083099489
56.29000000000087 	 4.099691409726486e+41 	 41.612751167915654 	 0.04927236432794503
56.68600000000151 	 4.075218831098197e+41 	 41.61015093444697 	 0.04917772706379191
57.18000000000029 	 4.046655825626689e+41 	 41.60709626854096 	 0.049079878956280305
57.675999999999476 	 4.009572900193474e+41 	 41.6030981140247 	 0.04887543424299456
57.733000000000175 	 3.999181809877088e+41 	 41.601971148377466 	 0.04877687530145876
58.25299999999697 	 3.9510981020136884e+41 	 41.59671781293487 	 0.048443627422345696
58.675999999999476 	 3.924326871418113e+41 	 41.59376517417705 	 0.04831987341463854
58.76600000000326 	 3.912049159152695e+41 	 41.59240430353238 	 0.04821206154317346
59.27399999999761 	 3.8725004755158114e+41 	 41.58799147975955 	 0.04796691350250038
59.67899999999645 	 3.8532479326025954e+41 	 41.58582695406802 	 0.047920597766860445
59.73099999999977 	 3.8530282826769296e+41 	 41.58580219690956 	 0.04794253722948725
60.25200000000041 	 3.8018867977868126e+41 	 41.57999918148565 	 0.047550122815154874
61.25200000000041 	 3.790014760937197e+41 	 41.57864090141427 	 0.04786864546273447
61.67399999999907 	 3.771359472002349e+41 	 41.576497929718414 	 0.04782930638808854
61.716999999996915 	 3.762516569620332e+41 	 41.57547842118099 	 0.04773711925502493
62.6730000000025 	 3.696218457169273e+41 	 41.567757631362845 	 0.047332336080099485
62.720000000001164 	 3.695829846955983e+41 	 41.56771196843845 	 0.04734883431892884
63.19999999999709 	 3.653531462135271e+41 	 41.56271285159444 	 0.04702387837413786
66.67899999999645 	 3.408617887379873e+41 	 41.53257831871095 	 0.04534809039737241
66.72099999999773 	 3.4058252752263127e+41 	 41.53222236413408 	 0.04532887112257323
67.70999999999913 	 3.3227319097961185e+41 	 41.521495302219705 	 0.04463593992262771
68.6840000000011 	 3.2386858904379616e+41 	 41.51036882924989 	 0.04390525196557156
68.73300000000017 	 3.2429723341726772e+41 	 41.510943243718486 	 0.043983480869965876
69.66300000000047 	 3.1532414234710563e+41 	 41.49875722316382 	 0.043138772547214974
69.70700000000215 	 3.1522436881131442e+41 	 41.49861978378959 	 0.043142778278541544
70.66000000000349 	 3.0894682417651878e+41 	 41.489883735236944 	 0.0426594750987194
70.70300000000134 	 3.0816623103519846e+41 	 41.48878504684645 	 0.04256865646496091
71.65899999999965 	 3.014187178757747e+41 	 41.47917021817686 	 0.04200664299742725
71.70300000000134 	 3.0212447510546745e+41 	 41.48018590889689 	 0.04212212397694665
72.12999999999738 	 3.013740075891845e+41 	 41.47910579327601 	 0.04218351255176495
76.65600000000268 	 2.733813634664804e+41 	 41.436768905185936 	 0.039888418163399934
76.69900000000052 	 2.723270406436293e+41 	 41.43509076664021 	 0.03975019416373574
77.65400000000227 	 2.6946489617586744e+41 	 41.4305021966467 	 0.03967672826186926
77.69700000000012 	 2.6972723686879013e+41 	 41.430924803421995 	 0.03973093171238792
79.12999999999738 	 2.6273705324805925e+41 	 41.41952132473279 	 0.03920972971188614
#t_peak = 20.2300000000032
#L_peak = 1.2193203529865286e+42
#M_ni = 0.06882122826523829
