## SN 	 z 	 MW_E_B_V 	 host E_B_V d [Mpc] 	 t_0 
## SN2011dh 	 0.002 	 0.031 	  0.05 	 7.87 	 55712.5
###############BVRIJH#######################
# t-t_0 	 Lbol [erg/s] 	 log(Lbol) 	 M_ni
3.1999999999970896 	 1.6236550335883564e+41 	 41.21049376325296 	 0.0028176810157898055
3.283000000003085 	 1.4794208545722531e+41 	 41.170091736416595 	 0.0025866009971358453
3.3649999999979627 	 1.4999341777205513e+41 	 41.176072201135696 	 0.0026418292499265283
3.5100000000020373 	 1.5108384371046283e+41 	 41.179218025142845 	 0.0026957887575547366
4.27900000000227 	 1.784759346851995e+41 	 41.251579665053164 	 0.003408998678938763
4.338999999999942 	 1.823446435225864e+41 	 41.26089301019024 	 0.0035012727072761653
5.220000000001164 	 2.541127626882162e+41 	 41.405026477824364 	 0.005266743440404978
5.271999999997206 	 2.2964685783045453e+41 	 41.361060507510395 	 0.00478092757212992
5.313999999998487 	 2.3524402430635576e+41 	 41.37151860024494 	 0.004915096601441066
6.220000000001164 	 3.3233880634378558e+41 	 41.52158105568427 	 0.0074967279438731506
6.2629999999990105 	 3.0885225728857414e+41 	 41.48975077978538 	 0.0069919921680669525
6.2739999999976135 	 3.0422361921842253e+41 	 41.4831929286454 	 0.006893530779350231
7.220000000001164 	 4.120972865722252e+41 	 41.61499975495024 	 0.010094305573850494
7.2850000000034925 	 3.861066308980136e+41 	 41.586707260152124 	 0.009507685134713674
7.351999999998952 	 3.915646314082379e+41 	 41.5928034566808 	 0.009694551905364389
8.277999999998428 	 4.492577932320534e+41 	 41.65249561951128 	 0.011975965116535987
8.343999999997322 	 4.603218484577755e+41 	 41.66306158849264 	 0.012334710931464345
9.27900000000227 	 5.146062083903627e+41 	 41.71147502138737 	 0.014823298028312571
9.330999999998312 	 5.2652784314968455e+41 	 41.72142134191569 	 0.015226828315685347
9.781000000002678 	 5.610452501328065e+41 	 41.748997889937925 	 0.016785339131899647
9.82499999999709 	 5.6392294889607285e+41 	 41.75121976860171 	 0.016927058311402
10.275000000001455 	 6.137764845245267e+41 	 41.78801024539122 	 0.019048746460909226
10.336999999999534 	 6.27089523835258e+41 	 41.79732954550738 	 0.01955080871999772
10.805000000000291 	 6.6928506275095145e+41 	 41.82561113243331 	 0.02158952685963714
10.855999999999767 	 6.720472792275771e+41 	 41.82739982719872 	 0.021758507991294092
11.286000000000058 	 6.975113185766566e+41 	 41.84355125933703 	 0.023287801527876777
11.756999999997788 	 7.441196253647801e+41 	 41.871642758744294 	 0.025679946630470886
11.802000000003318 	 7.47896179338107e+41 	 41.873841314615845 	 0.02589121498785021
12.703000000001339 	 8.371063626701756e+41 	 41.92278064292276 	 0.030818784753969004
12.790999999997439 	 8.433823646801723e+41 	 41.926024515575975 	 0.031233310032683138
13.286999999996624 	 8.8997958623344e+41 	 41.94938004519789 	 0.0340582772173583
14.319999999999709 	 9.710822036908458e+41 	 41.98725599519969 	 0.039703754859608024
14.347999999998137 	 9.698616938775049e+41 	 41.98670980656686 	 0.03972340073971848
15.27900000000227 	 1.0036058792658357e+42 	 42.0015631968088 	 0.04351796036316872
17.249000000003434 	 1.0395352734061366e+42 	 42.0168392303541 	 0.05045896131040349
18.275000000001455 	 1.0634055291370577e+42 	 42.026698914081855 	 0.05451265762584621
19.249000000003434 	 1.056614905345407e+42 	 42.023916732854424 	 0.05689642293993694
19.279999999998836 	 1.2071296133397044e+42 	 42.0817539041786 	 0.06510052427565957
20.2300000000032 	 1.208705675517519e+42 	 42.082320561356944 	 0.06822211160219949
20.247000000003027 	 1.0845656914140454e+42 	 42.03525586207138 	 0.061263972181687776
21.279999999998836 	 1.0994615764851037e+42 	 42.04118005642343 	 0.06508519852683303
22.247000000003027 	 1.0980227393793318e+42 	 42.04061133418029 	 0.06775375159863617
23.247000000003027 	 1.0912274937659752e+42 	 42.03791529961485 	 0.07012294301673583
24.235999999997148 	 1.0601986794493459e+42 	 42.025387258946985 	 0.07076034931072238
24.277000000001863 	 1.0711178684781816e+42 	 42.029837264308085 	 0.071598188795365
25.247999999999593 	 1.016298732514877e+42 	 42.007021383945165 	 0.07035749602782247
25.26299999999901 	 1.0301770563844813e+42 	 42.01291187325124 	 0.07135580537915552
26.249000000003434 	 9.611536191467759e+41 	 41.98279280558316 	 0.06884823225608996
26.258999999998196 	 9.79702064344774e+41 	 41.991094023158205 	 0.07020008000265363
27.247000000003027 	 9.261184643130493e+41 	 41.96666654295279 	 0.06849949681707426
27.273000000001048 	 1.0504603067143015e+42 	 42.02137964655574 	 0.07775929238724871
27.279999999998836 	 1.0592502722795041e+42 	 42.02499858430812 	 0.0784270473373063
28.254000000000815 	 8.771319659031368e+41 	 41.943064938579234 	 0.06688445347839667
28.260000000002037 	 8.884134988820931e+41 	 41.94861514875697 	 0.0677566532797607
29.258999999998196 	 8.52194366233767e+41 	 41.930538658799335 	 0.06687332696000019
30.245999999999185 	 8.017980718204445e+41 	 41.90406500751597 	 0.06461290350762676
30.279999999998836 	 8.111614036468855e+41 	 41.909107278056865 	 0.06542555399861874
31.247000000003027 	 7.764416153149742e+41 	 41.890108804430525 	 0.06418210793056499
31.254000000000815 	 7.841116838087138e+41 	 41.89437792519388 	 0.06482733523628866
32.245999999999185 	 7.592066782564097e+41 	 41.880360019647306 	 0.0642812204764713
32.2609999999986 	 7.648242576204417e+41 	 41.88356165382823 	 0.06477952702847652
33.24500000000262 	 7.15626895958043e+41 	 41.85468665462683 	 0.061981826694321576
33.25800000000163 	 7.224660358865608e+41 	 41.85881743513272 	 0.06259214571610548
34.245999999999185 	 6.721233453948595e+41 	 41.8274489803585 	 0.059480604372509814
34.2609999999986 	 6.820256602703229e+41 	 41.833800714691904 	 0.06037587139887246
35.24199999999837 	 6.490510895100139e+41 	 41.81227888327034 	 0.05861732835368464
35.26799999999639 	 6.584896964602311e+41 	 41.8185489838453 	 0.059500456725875464
36.24399999999878 	 6.381903684588477e+41 	 41.804950245553606 	 0.058765863455267194
36.26600000000326 	 6.437863842341457e+41 	 41.80874178733172 	 0.05930577159852468
37.25499999999738 	 6.256595574037095e+41 	 41.796338083115515 	 0.058694801432484185
37.29899999999907 	 6.303653178296995e+41 	 41.7995923106212 	 0.05918298262682212
37.675999999999476 	 6.230161322976032e+41 	 41.79449929236883 	 0.0588861538277882
37.71899999999732 	 6.2498173516698654e+41 	 41.79586732545272 	 0.05911664248721326
38.28199999999924 	 6.101677542196235e+41 	 41.78544925257791 	 0.05828176588039521
38.684000000001106 	 6.1081814535124555e+41 	 41.78591193000335 	 0.05874308772114066
38.728000000002794 	 6.084579195459066e+41 	 41.78423054815204 	 0.05855934907074953
39.26900000000023 	 6.007138059875343e+41 	 41.77866761329462 	 0.05833469755204716
40.25499999999738 	 5.947801882034499e+41 	 41.77435649398372 	 0.05867849987568819
40.675999999999476 	 5.9259662899321386e+41 	 41.77275917665161 	 0.0588471763190063
40.720000000001164 	 5.923148649480295e+41 	 41.772552631989065 	 0.05885907827891049
41.20999999999913 	 5.862964023981632e+41 	 41.7681172292975 	 0.05869766439724198
41.30500000000029 	 5.8087477709140726e+41 	 41.76408251882802 	 0.05823812982489792
41.677999999999884 	 5.771806362075354e+41 	 41.76131175255091 	 0.05819069980196269
41.72099999999773 	 5.756545841342555e+41 	 41.760161967447296 	 0.058073787251535385
42.275000000001455 	 5.651094283227548e+41 	 41.75213255315595 	 0.05747386955011432
42.67500000000291 	 5.6165210061466336e+41 	 41.74946738751196 	 0.057451447773468584
44.309000000001106 	 5.338677256714059e+41 	 41.727433666903075 	 0.055859360423683814
44.69600000000355 	 5.3013584936158775e+41 	 41.724387173502954 	 0.055756757519131936
44.7390000000014 	 5.291239137689373e+41 	 41.72355738992593 	 0.05568211774432565
45.27100000000064 	 5.179159307999335e+41 	 41.714259269875 	 0.0548855248200686
45.67500000000291 	 5.152907615252415e+41 	 41.712052356211174 	 0.05489410688425302
45.71800000000076 	 5.1651172637033995e+41 	 41.71308018575907 	 0.05505464989169759
46.2300000000032 	 5.167234592037184e+41 	 41.713258178927994 	 0.055438456425628675
46.68800000000192 	 5.112529188932597e+41 	 41.70863580053739 	 0.0551686359881337
46.73099999999977 	 5.107457657386152e+41 	 41.70820477486596 	 0.05514353039712315
47.20999999999913 	 5.044272692734881e+41 	 41.70279855643967 	 0.05478587868302387
47.71100000000297 	 4.960379785686921e+41 	 41.69551492901314 	 0.054206023590663205
48.2300000000032 	 4.971738053139178e+41 	 41.69650823882056 	 0.05467160982122604
48.292999999997846 	 4.8889321807750855e+41 	 41.689214012776326 	 0.053801631418895324
48.6730000000025 	 4.889011885689797e+41 	 41.68922109307959 	 0.05404664360579849
48.71899999999732 	 4.883428291948068e+41 	 41.688724814940045 	 0.05401435546487747
49.25699999999779 	 4.7793895376316655e+41 	 41.67937242854331 	 0.053199317644495425
49.697000000000116 	 4.7376316596614036e+41 	 41.675561292267936 	 0.05300506151870419
49.741000000001804 	 4.73058946260306e+41 	 41.674915260062434 	 0.052953211826102305
50.18000000000029 	 4.678985654282713e+41 	 41.67015171365223 	 0.05264070238417783
50.671000000002095 	 4.588951747101518e+41 	 41.66171349110549 	 0.051917174590876615
50.71499999999651 	 4.586864774294465e+41 	 41.66151593685241 	 0.05191941478170606
51.6730000000025 	 4.451008971781276e+41 	 41.648458469679326 	 0.05092524017206231
51.72099999999773 	 4.4444408010854136e+41 	 41.64781712587308 	 0.05087716577238266
52.315999999998894 	 4.334648275992437e+41 	 41.63695386352093 	 0.049946777601308376
52.68099999999686 	 4.3187405368526985e+41 	 41.63535711310099 	 0.04996225664725522
52.72600000000239 	 4.3164921177762625e+41 	 41.63513095219508 	 0.04996070274911213
53.25299999999697 	 4.268931604034278e+41 	 41.630319196680624 	 0.04969292638155869
53.68499999999767 	 4.252409025383502e+41 	 41.628635031233095 	 0.049730722727449016
53.73099999999977 	 4.246446414440689e+41 	 41.62802564812888 	 0.049685426269848516
54.26000000000204 	 4.198504922173858e+41 	 41.62309466667313 	 0.04940186157964919
55.302999999999884 	 4.132756030358476e+41 	 41.61623976826346 	 0.04916442252952247
55.68699999999808 	 4.124247526618403e+41 	 41.615344722619845 	 0.04925960893971178
55.7300000000032 	 4.1219933304009615e+41 	 41.61510728473276 	 0.04925464895996856
56.29000000000087 	 4.069768367439013e+41 	 41.60956969187737 	 0.04891273261569202
56.68600000000151 	 4.045471515569246e+41 	 41.60696914762335 	 0.04881875115977426
57.18000000000029 	 4.017072788188041e+41 	 41.60390970109239 	 0.04872108098600244
57.675999999999476 	 3.980073754171163e+41 	 41.59989111999649 	 0.048515848918690214
57.733000000000175 	 3.9697666457486766e+41 	 41.59876497844012 	 0.04841810696811621
58.25299999999697 	 3.922016439427957e+41 	 41.59350940971368 	 0.04808706294564805
58.675999999999476 	 3.895399954705817e+41 	 41.59055205487234 	 0.047963698967501106
58.76600000000326 	 3.883216174280594e+41 	 41.58919156790478 	 0.04785672407562789
59.27399999999761 	 3.843908285214314e+41 	 41.58477301695163 	 0.047612754961343255
59.67899999999645 	 3.8247323984864986e+41 	 41.582601054672324 	 0.047565966696037625
59.73099999999977 	 3.824501151004005e+41 	 41.58257479596157 	 0.047587579266051415
60.25200000000041 	 3.7736878686302615e+41 	 41.576765975707694 	 0.04719743936718099
61.25200000000041 	 3.7620494866819e+41 	 41.57542450404039 	 0.04751543844824149
61.67399999999907 	 3.743479532537334e+41 	 41.573275462966826 	 0.04747572615351983
61.716999999996915 	 3.734707775592083e+41 	 41.57225662585347 	 0.047384293774445356
62.6730000000025 	 3.6687527025981215e+41 	 41.564518438516195 	 0.04698062030866457
62.720000000001164 	 3.668354233653322e+41 	 41.56447126655438 	 0.04699683265328123
63.19999999999709 	 3.626458802462878e+41 	 41.55948274812489 	 0.0466754315442986
66.67899999999645 	 3.3827898129559417e+41 	 41.52927501407257 	 0.04500447492257749
66.72099999999773 	 3.3800138562983747e+41 	 41.52891848066274 	 0.04498534132068182
67.70999999999913 	 3.2975392071305195e+41 	 41.51818996793006 	 0.04429751359357148
68.6840000000011 	 3.214115568563944e+41 	 41.50706148844701 	 0.04357216434631866
68.73300000000017 	 3.2183478151519214e+41 	 41.50763297762457 	 0.0436495057540302
69.66300000000047 	 3.1293009586545264e+41 	 41.495447333167775 	 0.04281124854010675
69.70700000000215 	 3.1283042396221593e+41 	 41.49530898325092 	 0.042815134092195235
70.66000000000349 	 3.065883200758972e+41 	 41.48655560575904 	 0.04233381210730051
70.70300000000134 	 3.058141260248652e+41 	 41.48545754226976 	 0.04224374756816828
71.65899999999965 	 2.9910570268798975e+41 	 41.47582469327978 	 0.0416842940606205
71.70300000000134 	 2.9980357238038155e+41 	 41.47683680348172 	 0.04179854425938033
72.12999999999738 	 2.9904933230597114e+41 	 41.47574283709036 	 0.04185812626589162
76.65600000000268 	 2.712569052214285e+41 	 41.43338080256679 	 0.039578443563175573
76.69900000000052 	 2.7021216325952388e+41 	 41.431704894344044 	 0.039441496259730334
77.65400000000227 	 2.673590440162106e+41 	 41.427094879664715 	 0.03936665698696804
77.69700000000012 	 2.676183838502316e+41 	 41.42751594366409 	 0.03942029680489961
79.12999999999738 	 2.606958880779149e+41 	 41.416134181152394 	 0.03890511514142769
#t_peak = 20.2300000000032
#L_peak = 1.208705675517519e+42
#M_ni = 0.06822211160219949
