## SN 	 z 	 E_B_V_total 	 d [Mpc] 	 t_0 
## SN2011dh 	 0.002 	 0.085 	 7.87 	 55712.5 
###############W1UBVRI#######################
# t-t_0 	 Lbol [erg/s] 	 log(Lbol) 	 M_ni
3.2 	 1.84398925152e+41 	 41.2657583853 	 0.00312933956197
5.22 	 2.5201394318e+41 	 41.4014245697 	 0.00509364244791
6.22 	 3.24957470843e+41 	 41.5118265259 	 0.00713815654326
6.34 	 3.60724805809e+41 	 41.5571760083 	 0.00800217028293
10.37 	 7.13120209659e+41 	 41.8531627444 	 0.0215697839727
11.37 	 7.91021085081e+41 	 41.89818806 	 0.0256736942834
12.31 	 8.70010936348e+41 	 41.9395247119 	 0.0300985953017
13.31 	 8.95199015321e+41 	 41.9519195958 	 0.033059061422
14.28 	 9.58481155677e+41 	 41.9815835788 	 0.0376115020504
14.32 	 8.94401269209e+41 	 41.9515324068 	 0.0351829912397
16.31 	 1.06135255629e+42 	 42.0258596703 	 0.0468986022612
17.31 	 1.09091873762e+42 	 42.0377924013 	 0.0508988382415
18.3 	 1.12661560158e+42 	 42.0517757611 	 0.0553259288678
18.32 	 1.14014212637e+42 	 42.0569589924 	 0.0560466451681
19.28 	 1.11161232974e+42 	 42.0459533552 	 0.0572824314426
20.31 	 1.14454272494e+42 	 42.0586320092 	 0.0618776051676
21.29 	 1.15545491823e+42 	 42.0627530055 	 0.0652251519031
21.37 	 1.13829430033e+42 	 42.0562545613 	 0.0644768017338
22.27 	 1.12276793631e+42 	 42.0502900017 	 0.0660256207777
22.33 	 1.11444656056e+42 	 42.0470592482 	 0.0656957752777
23.28 	 1.068158267e+42 	 42.0286356061 	 0.0653665198623
24.28 	 1.00208364824e+42 	 42.0009039755 	 0.0636481530907
27.28 	 7.64376091436e+41 	 41.8833070945 	 0.0536264403044
28.28 	 7.22300257898e+41 	 41.8587177699 	 0.0521889701169
30.28 	 6.15847597025e+41 	 41.7894732512 	 0.0469662922969
31.32 	 5.63170914752e+41 	 41.7506402174 	 0.044068349383
31.33 	 5.53143272388e+41 	 41.7428376346 	 0.0432940772411
33.28 	 5.04363992416e+41 	 41.7027440738 	 0.0412673158678
34.27 	 4.815218432e+41 	 41.6826159927 	 0.0402263452895
36.3 	 4.41080949821e+41 	 41.6445183011 	 0.0383308755702
36.34 	 4.30654647339e+41 	 41.6341291382 	 0.0374524344621
37.29 	 4.21713018816e+41 	 41.6250170084 	 0.0373078547963
38.26 	 4.03660968674e+41 	 41.6060167581 	 0.0363123152955
39.35 	 3.85846142121e+41 	 41.5864141623 	 0.0353372726854
41.21 	 3.40846207632e+41 	 41.5325584663 	 0.0321256948176
42.35 	 3.3753433907e+41 	 41.5283179624 	 0.0323456625007
44.34 	 3.23029671227e+41 	 41.5092424154 	 0.0318146158517
46.23 	 2.9932311143e+41 	 41.476140251 	 0.0302079172837
47.21 	 2.91282594729e+41 	 41.4643145346 	 0.029755176205
48.23 	 2.88038681921e+41 	 41.4594508149 	 0.0297876610534
57.18 	 2.39326818179e+41 	 41.378991367 	 0.0272836088541
59.677 	 2.37380010335e+41 	 41.3754441444 	 0.0277463538907
60.359 	 2.38389830493e+41 	 41.3772877248 	 0.0280521823621
60.36 	 2.38258407818e+41 	 41.3770482352 	 0.0280369926719
60.362 	 2.35535855696e+41 	 41.3720570293 	 0.0277171613788
60.363 	 2.33283984765e+41 	 41.367884925 	 0.0274524374206
60.365 	 2.33594352898e+41 	 41.3684623396 	 0.0274895007761
60.365 	 2.33594352898e+41 	 41.3684623396 	 0.0274895007761
60.366 	 2.34969472777e+41 	 41.3710114424 	 0.0276515970609
60.368 	 2.38464770624e+41 	 41.377424228 	 0.0280634805568
60.368 	 2.38464770624e+41 	 41.377424228 	 0.0280634805568
60.369 	 2.35225210992e+41 	 41.3714838668 	 0.0276825081061
60.37 	 2.37087477699e+41 	 41.3749086164 	 0.0279019431293
60.371 	 2.33414887906e+41 	 41.3681285532 	 0.0274699993929
60.371 	 2.33414887906e+41 	 41.3681285532 	 0.0274699993929
60.372 	 2.38203850232e+41 	 41.376948777 	 0.0280338753096
60.373 	 2.33787798981e+41 	 41.3688218423 	 0.027514426587
60.374 	 2.38338037143e+41 	 41.3771933583 	 0.0280502183397
60.374 	 2.38338037143e+41 	 41.3771933583 	 0.0280502183397
60.375 	 2.33913842037e+41 	 41.3690559223 	 0.0275298011008
60.376 	 2.35676685542e+41 	 41.3723166218 	 0.0277375460847
60.377 	 2.38142621739e+41 	 41.3768371305 	 0.028028045192
60.377 	 2.38142621739e+41 	 41.3768371305 	 0.028028045192
60.378 	 2.3410333615e+41 	 41.3694076028 	 0.0275529145195
60.379 	 2.36577699447e+41 	 41.3739738043 	 0.0278444093497
60.38 	 2.34793915125e+41 	 41.3706868376 	 0.0276347351481
60.38 	 2.34793915125e+41 	 41.3706868376 	 0.0276347351481
60.381 	 2.38212511556e+41 	 41.376964568 	 0.0280373717799
60.382 	 2.33363841925e+41 	 41.3680335661 	 0.0274669579022
60.383 	 2.34545575582e+41 	 41.3702272449 	 0.0276063191259
60.383 	 2.34545575582e+41 	 41.3702272449 	 0.0276063191259
60.384 	 2.38612918835e+41 	 41.3776939533 	 0.0280853264152
60.385 	 2.33737375083e+41 	 41.3687281625 	 0.027511733013
60.386 	 2.38747839677e+41 	 41.3779394505 	 0.028101758645
60.386 	 2.38747839677e+41 	 41.3779394505 	 0.028101758645
60.387 	 2.37626112325e+41 	 41.3758941628 	 0.0279700005514
60.388 	 2.36135852451e+41 	 41.3731619309 	 0.0277948609799
60.389 	 2.3537123633e+41 	 41.3717533886 	 0.0277051322085
60.416 	 2.30740222001e+41 	 41.3631233061 	 0.0271672221735
60.646 	 2.38271115632e+41 	 41.3770713983 	 0.0281172359124
61.36 	 2.37604837447e+41 	 41.3758552783 	 0.0282347849292
61.361 	 2.36778222666e+41 	 41.3743417563 	 0.0281368315401
61.362 	 2.3825195847e+41 	 41.3770364793 	 0.0283122341783
61.362 	 2.3825195847e+41 	 41.3770364793 	 0.0283122341783
61.363 	 2.37737994987e+41 	 41.3760985957 	 0.0282514333311
61.364 	 2.38384685123e+41 	 41.377278351 	 0.0283285581231
61.365 	 2.3393238484e+41 	 41.3690903483 	 0.0277997375463
61.365 	 2.3393238484e+41 	 41.3690903483 	 0.0277997375463
61.366 	 2.33149576296e+41 	 41.3676346305 	 0.0277069809651
61.367 	 2.38001784443e+41 	 41.3765802132 	 0.0282838820369
61.368 	 2.33574029681e+41 	 41.3684245534 	 0.0277579625569
61.368 	 2.33574029681e+41 	 41.3684245534 	 0.0277579625569
61.369 	 2.36098061294e+41 	 41.3730924209 	 0.0280581919079
61.37 	 2.3794222213e+41 	 41.3764715131 	 0.0282776296111
61.371 	 2.33458260609e+41 	 41.3682092455 	 0.0277450148826
61.371 	 2.33458260609e+41 	 41.3682092455 	 0.0277450148826
61.372 	 2.36228415106e+41 	 41.3733321362 	 0.0280745032707
61.373 	 2.36230033823e+41 	 41.3733351121 	 0.0280749689665
61.374 	 2.33162525093e+41 	 41.36765875 	 0.027710677928
61.374 	 2.33162525093e+41 	 41.36765875 	 0.027710677928
61.374 	 2.33162525093e+41 	 41.36765875 	 0.027710677928
61.375 	 2.37821657772e+41 	 41.3762514021 	 0.0282646772577
61.376 	 2.36423571158e+41 	 41.373690773 	 0.0280987907178
61.377 	 2.33227389309e+41 	 41.3677795509 	 0.0277191963902
61.377 	 2.33227389309e+41 	 41.3677795509 	 0.0277191963902
61.378 	 2.3750590458e+41 	 41.375674411 	 0.0282279749513
61.379 	 2.37892432833e+41 	 41.3763806277 	 0.0282741897284
61.38 	 2.37958410476e+41 	 41.3765010592 	 0.0282823066811
61.38 	 2.37958410476e+41 	 41.3765010592 	 0.0282823066811
61.381 	 2.36494675731e+41 	 41.3738213678 	 0.0281086095953
61.382 	 2.35432984849e+41 	 41.3718673087 	 0.0279826945706
61.383 	 2.37578003964e+41 	 41.3758062292 	 0.0282379185003
62.526 	 2.3574926579e+41 	 41.3724503489 	 0.0283326877819
62.645 	 2.419247656e+41 	 41.3836803289 	 0.0291082633988
63.358 	 2.63174954764e+41 	 41.420244557 	 0.0318829826651
63.359 	 2.60968231164e+41 	 41.4165876419 	 0.0316159470258
63.36 	 2.62750588453e+41 	 41.4195436973 	 0.0318321826299
63.361 	 2.63843649952e+41 	 41.4213466463 	 0.0319649135268
63.361 	 2.63843649952e+41 	 41.4213466463 	 0.0319649135268
63.362 	 2.65267153805e+41 	 41.4236834776 	 0.0321376807609
63.363 	 2.64643665741e+41 	 41.4226615036 	 0.0320624514947
63.364 	 2.65894597088e+41 	 41.4247095127 	 0.0322143150424
63.364 	 2.65894597088e+41 	 41.4247095127 	 0.0322143150424
63.365 	 2.62446982987e+41 	 41.4190415846 	 0.0317969263235
63.366 	 2.63352324073e+41 	 41.4205371553 	 0.0319069196244
63.367 	 2.61908188634e+41 	 41.418149077 	 0.0317322572892
63.367 	 2.61908188634e+41 	 41.418149077 	 0.0317322572892
63.368 	 2.66018612266e+41 	 41.4249120236 	 0.0322305770036
63.369 	 2.65200387709e+41 	 41.4235741546 	 0.0321317499422
63.37 	 2.6595416475e+41 	 41.4248067956 	 0.0322233869409
63.37 	 2.6595416475e+41 	 41.4248067956 	 0.0322233869409
63.371 	 2.61846320395e+41 	 41.4180464753 	 0.0317259790406
63.372 	 2.62502771779e+41 	 41.4191338935 	 0.0318058215525
63.372 	 2.62502771779e+41 	 41.4191338935 	 0.0318058215525
63.373 	 2.62803037781e+41 	 41.419630381 	 0.0318425084192
63.373 	 2.62803037781e+41 	 41.419630381 	 0.0318425084192
63.374 	 2.60550207356e+41 	 41.4158914231 	 0.0315698472986
63.375 	 2.6214174565e+41 	 41.4185361871 	 0.0317629924985
63.376 	 2.65887364972e+41 	 41.4246977 	 0.0322171479624
63.376 	 2.65887364972e+41 	 41.4246977 	 0.0322171479624
63.377 	 2.61605421515e+41 	 41.4176467401 	 0.0316986158244
63.378 	 2.64510735578e+41 	 41.4224433032 	 0.0320509589736
63.379 	 2.64448273473e+41 	 41.4223407359 	 0.0320436978232
63.379 	 2.64448273473e+41 	 41.4223407359 	 0.0320436978232
63.38 	 2.62558013838e+41 	 41.4192252784 	 0.0318149567173
63.381 	 2.6172154348e+41 	 41.4178394728 	 0.0317139033088
63.382 	 2.61484094532e+41 	 41.4174452769 	 0.0316854346034
63.382 	 2.61484094532e+41 	 41.4174452769 	 0.0316854346034
63.383 	 2.64137418822e+41 	 41.4218299296 	 0.0320072592541
63.384 	 2.60427812777e+41 	 41.4156873635 	 0.0315580447773
63.39 	 2.61597588669e+41 	 41.4176337365 	 0.0317016202687
63.391 	 2.62191837067e+41 	 41.4186191665 	 0.0317739388874
63.601 	 2.59661115473e+41 	 41.4144069184 	 0.0315306651005
64.302 	 2.49402902921e+41 	 41.3969015041 	 0.0304886254313
64.36 	 2.46731183744e+41 	 41.3922240424 	 0.0301787050576
64.361 	 2.48475756054e+41 	 41.3952840207 	 0.0303923806528
64.362 	 2.50695568584e+41 	 41.3991466572 	 0.0306641900112
64.362 	 2.50695568584e+41 	 41.3991466572 	 0.0306641900112
64.363 	 2.48707137277e+41 	 41.3956882486 	 0.0304212622267
64.364 	 2.48290985407e+41 	 41.3949609521 	 0.0303706490992
64.365 	 2.47760585193e+41 	 41.3940322181 	 0.0303060601514
64.365 	 2.47760585193e+41 	 41.3940322181 	 0.0303060601514
64.366 	 2.50746198103e+41 	 41.3992343568 	 0.0306715525858
64.367 	 2.50804754417e+41 	 41.399335765 	 0.0306790077678
64.368 	 2.50375055033e+41 	 41.3985910578 	 0.030626737971
64.368 	 2.50375055033e+41 	 41.3985910578 	 0.030626737971
64.369 	 2.4722667223e+41 	 41.3930953231 	 0.0302419052946
64.37 	 2.49945477235e+41 	 41.3978452826 	 0.0305747735556
64.371 	 2.49162031399e+41 	 41.396481863 	 0.0304792285357
64.371 	 2.49162031399e+41 	 41.396481863 	 0.0304792285357
64.372 	 2.47218803176e+41 	 41.3930814996 	 0.0302418077077
64.373 	 2.5011912982e+41 	 41.3981469091 	 0.0305968908853
64.374 	 2.48500729688e+41 	 41.3953276683 	 0.0303992030054
64.374 	 2.48500729688e+41 	 41.3953276683 	 0.0303992030054
64.375 	 2.4703742333e+41 	 41.3927627489 	 0.0302204842215
64.376 	 2.48791678696e+41 	 41.3958358505 	 0.0304353752644
64.377 	 2.47147798972e+41 	 41.3929567471 	 0.0302345631578
64.377 	 2.47147798972e+41 	 41.3929567471 	 0.0302345631578
64.378 	 2.49924494894e+41 	 41.3978088231 	 0.0305745387942
64.379 	 2.46566572999e+41 	 41.391934199 	 0.0301640346518
64.38 	 2.4955770829e+41 	 41.3971709888 	 0.0305302500518
64.38 	 2.4955770829e+41 	 41.3971709888 	 0.0305302500518
64.381 	 2.47253143238e+41 	 41.3931418213 	 0.0302486038543
64.382 	 2.49612581889e+41 	 41.3972664725 	 0.030537545414
64.383 	 2.46556083633e+41 	 41.391915723 	 0.0301639016958
64.383 	 2.46556083633e+41 	 41.391915723 	 0.0301639016958
64.647 	 2.37441134119e+41 	 41.375555958 	 0.0291219168445
64.677 	 2.39520895269e+41 	 41.3793434063 	 0.0293853868658
65.365 	 2.3746807944e+41 	 41.3756052398 	 0.029324547946
65.366 	 2.34697680276e+41 	 41.3705087971 	 0.028982710608
65.366 	 2.34697680276e+41 	 41.3705087971 	 0.028982710608
65.367 	 2.37903548142e+41 	 41.3764009192 	 0.0293788802993
65.368 	 2.37043509142e+41 	 41.3748280677 	 0.0292729509743
65.369 	 2.3852910873e+41 	 41.3775413854 	 0.0294566897253
65.369 	 2.3852910873e+41 	 41.3775413854 	 0.0294566897253
65.37 	 2.38281120513e+41 	 41.3770896337 	 0.0294263438622
65.371 	 2.36137418678e+41 	 41.3731648115 	 0.0291618855037
65.372 	 2.35121718026e+41 	 41.3712927465 	 0.0290367264074
65.372 	 2.35121718026e+41 	 41.3712927465 	 0.0290367264074
65.373 	 2.36807476837e+41 	 41.3743954105 	 0.0292451890824
65.374 	 2.39039225537e+41 	 41.3784691731 	 0.0295210848643
65.375 	 2.35482565728e+41 	 41.3719587591 	 0.0290821169288
65.375 	 2.35482565728e+41 	 41.3719587591 	 0.0290821169288
65.376 	 2.35245671192e+41 	 41.3715216406 	 0.0290531358473
65.377 	 2.39514932419e+41 	 41.3793325944 	 0.029580675384
65.378 	 2.36678074325e+41 	 41.3741580271 	 0.0292305936183
65.378 	 2.36678074325e+41 	 41.3741580271 	 0.0292305936183
65.379 	 2.36617467992e+41 	 41.3740468027 	 0.0292233855414
65.38 	 2.38019184062e+41 	 41.3766119621 	 0.0293967828252
65.381 	 2.39388022615e+41 	 41.3791024174 	 0.0295661227851
65.381 	 2.39388022615e+41 	 41.3791024174 	 0.0295661227851
65.382 	 2.40146316598e+41 	 41.3804759297 	 0.0296600586414
65.383 	 2.38948853269e+41 	 41.3783049507 	 0.0295124417618
65.384 	 2.39261610643e+41 	 41.378873022 	 0.029551350378
65.384 	 2.39261610643e+41 	 41.378873022 	 0.029551350378
65.385 	 2.36195042502e+41 	 41.373270778 	 0.0291728731746
65.386 	 2.39449585619e+41 	 41.3792140898 	 0.029575127977
65.387 	 2.35479372045e+41 	 41.371952869 	 0.0290850308316
65.493 	 2.3873249919e+41 	 41.3779115445 	 0.0295164723563
65.618 	 2.35250447568e+41 	 41.3715304584 	 0.0291204102905
65.917 	 2.38122365045e+41 	 41.3768001873 	 0.0295594008862
66.367 	 2.371230658e+41 	 41.3749738014 	 0.0295606832718
66.367 	 2.371230658e+41 	 41.3749738014 	 0.0295606832718
66.368 	 2.36305969835e+41 	 41.3734746934 	 0.0294590987426
66.369 	 2.32976729357e+41 	 41.3673125441 	 0.0290443326844
66.37 	 2.3481613413e+41 	 41.3707279338 	 0.0292739204413
66.37 	 2.3481613413e+41 	 41.3707279338 	 0.0292739204413
66.371 	 2.36829111015e+41 	 41.3744350848 	 0.0295251515154
66.372 	 2.32921090896e+41 	 41.3672088155 	 0.0290382180103
66.373 	 2.3481537642e+41 	 41.3707265324 	 0.0292746542284
66.373 	 2.3481537642e+41 	 41.3707265324 	 0.0292746542284
66.374 	 2.36594973316e+41 	 41.3740055134 	 0.029496796428
66.375 	 2.34814874119e+41 	 41.3707256034 	 0.0292751437771
66.376 	 2.35841892456e+41 	 41.3726209511 	 0.0294034628308
66.376 	 2.35841892456e+41 	 41.3726209511 	 0.0294034628308
66.377 	 2.36536011218e+41 	 41.3738972689 	 0.0294902798315
66.378 	 2.33194488793e+41 	 41.3677182823 	 0.0290739475515
66.379 	 2.37237598966e+41 	 41.37518352 	 0.0295783086147
66.379 	 2.37237598966e+41 	 41.37518352 	 0.0295783086147
66.38 	 2.33193992172e+41 	 41.3677173574 	 0.0290744340062
66.381 	 2.34026085665e+41 	 41.3692642686 	 0.0291784539006
66.382 	 2.35840402594e+41 	 41.3726182075 	 0.0294049408679
66.382 	 2.35840402594e+41 	 41.3726182075 	 0.0294049408679
66.383 	 2.36070760245e+41 	 41.3730421986 	 0.0294339397838
66.384 	 2.32808497781e+41 	 41.3669988285 	 0.0290274658298
66.385 	 2.33082648066e+41 	 41.3675099435 	 0.0290619220116
66.385 	 2.33082648066e+41 	 41.3675099435 	 0.0290619220116
66.386 	 2.338574675e+41 	 41.3689512423 	 0.0291588053868
66.387 	 2.33745887196e+41 	 41.3687439781 	 0.0291451677037
66.388 	 2.37353157705e+41 	 41.3753950139 	 0.0295952279833
66.388 	 2.37353157705e+41 	 41.3753950139 	 0.0295952279833
66.808 	 2.36514785343e+41 	 41.3738582951 	 0.0296076073861
67.373 	 2.2749677351e+41 	 41.3569752416 	 0.0286303392661
67.374 	 2.28026760592e+41 	 41.3579858176 	 0.0286973072092
67.376 	 2.26523674062e+41 	 41.355113597 	 0.0285086780451
67.377 	 2.26307381713e+41 	 41.35469872 	 0.0284817243535
67.377 	 2.26307381713e+41 	 41.35469872 	 0.0284817243535
67.379 	 2.26872894193e+41 	 41.3557826113 	 0.0285534324764
67.38 	 2.27237619055e+41 	 41.3564802302 	 0.0285996039242
67.38 	 2.27237619055e+41 	 41.3564802302 	 0.0285996039242
67.381 	 2.27819364042e+41 	 41.3575906352 	 0.028673090145
67.382 	 2.28298598249e+41 	 41.3585032449 	 0.0287336757284
67.382 	 2.28298598249e+41 	 41.3585032449 	 0.0287336757284
67.383 	 2.31750297685e+41 	 41.3650203007 	 0.0291683806151
67.384 	 2.32262361841e+41 	 41.365978838 	 0.0292331040345
67.385 	 2.30375028504e+41 	 41.362435402 	 0.0289958318441
67.385 	 2.30375028504e+41 	 41.362435402 	 0.0289958318441
67.386 	 2.26932829105e+41 	 41.3558973274 	 0.0285628523093
67.387 	 2.31039229865e+41 	 41.3636857282 	 0.0290799765154
67.388 	 2.29630001985e+41 	 41.3610286296 	 0.0289028739663
67.388 	 2.29630001985e+41 	 41.3610286296 	 0.0289028739663
67.389 	 2.29071358789e+41 	 41.359970792 	 0.0288328297642
67.39 	 2.26589680193e+41 	 41.3552401265 	 0.0285207327139
67.391 	 2.31640490334e+41 	 41.3648144756 	 0.0291567493897
67.602 	 2.28787664616e+41 	 41.3594326052 	 0.028854723912
67.619 	 2.32912380866e+41 	 41.3671925748 	 0.0293796164844
68.356 	 2.29679503033e+41 	 41.3611222398 	 0.0291724079262
68.357 	 2.27558296573e+41 	 41.3570926741 	 0.0289032561461
68.357 	 2.27558296573e+41 	 41.3570926741 	 0.0289032561461
68.359 	 2.29240360397e+41 	 41.3602910826 	 0.0291174473756
68.361 	 2.29417169985e+41 	 41.3606259181 	 0.0291404499866
68.362 	 2.28199738543e+41 	 41.3583151425 	 0.0289860834172
68.363 	 2.27597675982e+41 	 41.3571678231 	 0.0289098792556
68.363 	 2.27597675982e+41 	 41.3571678231 	 0.0289098792556
68.364 	 2.28857978891e+41 	 41.3595660582 	 0.0290702369958
68.365 	 2.29037142411e+41 	 41.3599059166 	 0.029093266831
68.366 	 2.27766615377e+41 	 41.3574900682 	 0.0289321495444
68.366 	 2.27766615377e+41 	 41.3574900682 	 0.0289321495444
68.367 	 2.27584221022e+41 	 41.3571421481 	 0.0289092510426
68.369 	 2.27102490318e+41 	 41.3562218966 	 0.0288485977218
68.369 	 2.27102490318e+41 	 41.3562218966 	 0.0288485977218
68.37 	 2.2769343059e+41 	 41.3573505005 	 0.0289239346132
68.372 	 2.28407132258e+41 	 41.3587096611 	 0.0290151386574
68.372 	 2.28407132258e+41 	 41.3587096611 	 0.0290151386574
68.374 	 2.29434739457e+41 	 41.3606591765 	 0.0291462230603
68.375 	 2.29615593636e+41 	 41.3610013785 	 0.0291694704968
68.375 	 2.29615593636e+41 	 41.3610013785 	 0.0291694704968
68.376 	 2.27316017993e+41 	 41.3566300397 	 0.0288776112774
68.377 	 2.28390321892e+41 	 41.3586776966 	 0.0290143591241
68.378 	 2.26954024874e+41 	 41.3559378891 	 0.0288321636203
68.378 	 2.26954024874e+41 	 41.3559378891 	 0.0288321636203
68.379 	 2.27782690836e+41 	 41.357520719 	 0.0289377075381
68.381 	 2.26767041241e+41 	 41.3555799336 	 0.0288092170791
68.381 	 2.26767041241e+41 	 41.3555799336 	 0.0288092170791
68.382 	 2.27593411926e+41 	 41.3571596865 	 0.0289144721289
68.383 	 2.29098588902e+41 	 41.3600224142 	 0.0291059684975
68.383 	 2.29098588902e+41 	 41.3600224142 	 0.0291059684975
68.601 	 2.20460111349e+41 	 41.3433300224 	 0.0280655895124
69.353 	 2.19832507999e+41 	 41.3420919147 	 0.0281826264077
69.353 	 2.19832507999e+41 	 41.3420919147 	 0.0281826264077
69.354 	 2.21265826483e+41 	 41.3449143443 	 0.028366642622
69.355 	 2.19046753487e+41 	 41.3405368208 	 0.028082415309
69.356 	 2.2082411698e+41 	 41.3440465025 	 0.0283105419673
69.356 	 2.2082411698e+41 	 41.3440465025 	 0.0283105419673
69.357 	 2.18794527333e+41 	 41.3400364549 	 0.0280506015872
69.358 	 2.20385134651e+41 	 41.3431822973 	 0.0282547888507
69.359 	 2.1664848026e+41 	 41.3357556469 	 0.0277759844084
69.359 	 2.1664848026e+41 	 41.3357556469 	 0.0277759844084
69.36 	 2.19710922355e+41 	 41.3418516473 	 0.0281688750905
69.361 	 2.21386175695e+41 	 41.3451504982 	 0.0283839216155
69.362 	 2.20650202751e+41 	 41.3437043308 	 0.0282898259411
69.362 	 2.20650202751e+41 	 41.3437043308 	 0.0282898259411
69.363 	 2.18565963766e+41 	 41.3395825323 	 0.0280228641025
69.364 	 2.20813465619e+41 	 41.344025554 	 0.0283112852964
69.365 	 2.21411614891e+41 	 41.3452003995 	 0.0283882404873
69.365 	 2.21411614891e+41 	 41.3452003995 	 0.0283882404873
69.366 	 2.19895588864e+41 	 41.3422165174 	 0.0281941260726
69.367 	 2.16804053018e+41 	 41.3360673968 	 0.02779800064
69.368 	 2.18463259456e+41 	 41.339378409 	 0.0280110001976
69.368 	 2.18463259456e+41 	 41.339378409 	 0.0280110001976
69.369 	 2.17931927638e+41 	 41.3383208603 	 0.0279431338868
69.37 	 2.16947929059e+41 	 41.3363555088 	 0.0278172250397
69.371 	 2.18670232881e+41 	 41.3397896675 	 0.028038321185
69.371 	 2.18670232881e+41 	 41.3397896675 	 0.028038321185
69.372 	 2.17044111825e+41 	 41.3365480084 	 0.0278300759171
69.373 	 2.19654930904e+41 	 41.3417409569 	 0.0281651055629
69.374 	 2.18003289736e+41 	 41.3384630473 	 0.0279535852613
69.374 	 2.18003289736e+41 	 41.3384630473 	 0.0279535852613
69.375 	 2.1993502396e+41 	 41.3422943949 	 0.0282015454697
69.376 	 2.17696628767e+41 	 41.3378517036 	 0.0279147833204
69.377 	 2.17515044919e+41 	 41.3374893013 	 0.0278917588995
69.595 	 2.19877309236e+41 	 41.3421804136 	 0.02825193413
70.28 	 2.0207325399e+41 	 41.305508835 	 0.0261300971345
70.351 	 2.08547336842e+41 	 41.3192046483 	 0.0269850358561
70.352 	 2.10030149533e+41 	 41.3222816416 	 0.0271771569676
70.354 	 2.0939926485e+41 	 41.3209751526 	 0.0270960255853
70.357 	 2.09058459221e+41 	 41.3202677453 	 0.0270526787994
70.357 	 2.09058459221e+41 	 41.3202677453 	 0.0270526787994
70.358 	 2.0985924335e+41 	 41.3219281027 	 0.0271565542242
70.359 	 2.09687174954e+41 	 41.3215718686 	 0.0271345397278
70.36 	 2.06828486438e+41 	 41.3156103538 	 0.0267648598904
70.36 	 2.06828486438e+41 	 41.3156103538 	 0.0267648598904
70.363 	 2.09288076323e+41 	 41.3207444862 	 0.0270838996583
70.363 	 2.09288076323e+41 	 41.3207444862 	 0.0270838996583
70.364 	 2.09631455034e+41 	 41.3214564487 	 0.0271285879063
70.365 	 2.09976734775e+41 	 41.322171178 	 0.0271735229967
70.366 	 2.05423790573e+41 	 41.3126507388 	 0.0265845637573
70.366 	 2.05423790573e+41 	 41.3126507388 	 0.0265845637573
70.367 	 2.09575132197e+41 	 41.3213397488 	 0.0271220540985
70.368 	 2.08665692639e+41 	 41.3194510513 	 0.0270046100333
70.369 	 2.09805332725e+41 	 41.3218165227 	 0.0271523492572
70.369 	 2.09805332725e+41 	 41.3218165227 	 0.0271523492572
70.37 	 2.08440993965e+41 	 41.3189831355 	 0.0269760311105
70.371 	 2.08779665944e+41 	 41.3196881984 	 0.0270201120964
70.372 	 2.06179006227e+41 	 41.314244442 	 0.0266837842031
70.372 	 2.06179006227e+41 	 41.314244442 	 0.0266837842031
70.373 	 2.07604253652e+41 	 41.3172362476 	 0.0268684897005
70.374 	 2.07272719141e+41 	 41.3165421448 	 0.0268258308566
70.375 	 2.04788788328e+41 	 41.3113061764 	 0.0265045993194
70.375 	 2.04788788328e+41 	 41.3113061764 	 0.0265045993194
70.376 	 2.07163161466e+41 	 41.3163125301 	 0.0268121491426
70.377 	 2.09750492216e+41 	 41.3217029886 	 0.0271472670233
70.378 	 2.06615783074e+41 	 41.3151634936 	 0.0267418007902
70.577 	 2.06150875721e+41 	 41.314185184 	 0.0267309240159
70.594 	 2.10894270382e+41 	 41.3240647809 	 0.0273502956491
71.353 	 2.07504815833e+41 	 41.3170281804 	 0.027100549139
71.353 	 2.07504815833e+41 	 41.3170281804 	 0.027100549139
71.355 	 2.11267147366e+41 	 41.3248319683 	 0.0275924277153
71.356 	 2.0745108798e+41 	 41.3169157168 	 0.0270942840337
71.357 	 2.10483570328e+41 	 41.3232182019 	 0.0274905976467
71.358 	 2.07714937807e+41 	 41.3174677299 	 0.0271292461978
71.359 	 2.11153436406e+41 	 41.3245981537 	 0.0275785969475
71.359 	 2.11153436406e+41 	 41.3245981537 	 0.0275785969475
71.361 	 2.07926462429e+41 	 41.3179097647 	 0.0271576266271
71.362 	 2.09873883306e+41 	 41.3219583984 	 0.0274122361172
71.363 	 2.1245819435e+41 	 41.3272734862 	 0.0277500371543
71.363 	 2.1245819435e+41 	 41.3272734862 	 0.0277500371543
71.365 	 2.07448297626e+41 	 41.3169098752 	 0.0270961752356
71.366 	 2.12687232611e+41 	 41.3277414204 	 0.0277807236687
71.366 	 2.12687232611e+41 	 41.3277414204 	 0.0277807236687
71.367 	 2.08191275137e+41 	 41.3184625252 	 0.0271937234397
71.368 	 2.12571523559e+41 	 41.3275050853 	 0.0277661236679
71.368 	 2.12571523559e+41 	 41.3275050853 	 0.0277661236679
71.369 	 2.09542592004e+41 	 41.3212723118 	 0.0273707373521
71.37 	 2.07552391492e+41 	 41.3171277418 	 0.0271110254302
71.371 	 2.11600844768e+41 	 41.3255173972 	 0.0276401004345
71.371 	 2.11600844768e+41 	 41.3255173972 	 0.0276401004345
71.373 	 2.10035722269e+41 	 41.3222931646 	 0.0274361657718
71.374 	 2.10645232195e+41 	 41.3235516336 	 0.0275160382395
71.374 	 2.10645232195e+41 	 41.3235516336 	 0.0275160382395
71.375 	 2.08618037142e+41 	 41.3193518549 	 0.0272514830895
71.376 	 2.12799440349e+41 	 41.3279704815 	 0.0277979510713
71.377 	 2.12626257946e+41 	 41.327616896 	 0.0277755851942
71.377 	 2.12626257946e+41 	 41.327616896 	 0.0277755851942
71.378 	 2.07391527482e+41 	 41.3167910103 	 0.0270920175929
71.586 	 2.11592308542e+41 	 41.3254998769 	 0.0276939872227
71.632 	 2.06633622032e+41 	 41.3152009884 	 0.0270564774231
72.354 	 2.13730250144e+41 	 41.329865994 	 0.028172887982
72.355 	 2.11701522386e+41 	 41.3257239811 	 0.0279057282944
72.356 	 2.136701742e+41 	 41.3297439041 	 0.0281654886395
72.357 	 2.13025691064e+41 	 41.3284319828 	 0.0280807934299
72.358 	 2.12042746619e+41 	 41.3264234211 	 0.0279514806758
72.358 	 2.12042746619e+41 	 41.3264234211 	 0.0279514806758
72.359 	 2.13141056898e+41 	 41.328667115 	 0.0280965191186
72.36 	 2.13257246519e+41 	 41.3289037975 	 0.0281120946734
72.361 	 2.08315714812e+41 	 41.3187220333 	 0.0274609430994
72.361 	 2.08315714812e+41 	 41.3187220333 	 0.0274609430994
72.362 	 2.13373042919e+41 	 41.3291395507 	 0.0281278781152
72.363 	 2.13255420678e+41 	 41.3289000792 	 0.0281126318734
72.364 	 2.10734299135e+41 	 41.3237352272 	 0.0277805384692
72.364 	 2.10734299135e+41 	 41.3237352272 	 0.0277805384692
72.365 	 2.10063821459e+41 	 41.3223512619 	 0.0276924066121
72.366 	 2.10174344375e+41 	 41.3225797013 	 0.0277072322428
72.366 	 2.10174344375e+41 	 41.3225797013 	 0.0277072322428
72.367 	 2.10285072236e+41 	 41.322808444 	 0.0277220851618
72.368 	 2.12497021074e+41 	 41.3273528462 	 0.0280139469076
72.369 	 2.09289174108e+41 	 41.3207467642 	 0.0275913039129
72.369 	 2.09289174108e+41 	 41.3207467642 	 0.0275913039129
72.37 	 2.10506536039e+41 	 41.3232655848 	 0.027752048845
72.371 	 2.13543492529e+41 	 41.3294863414 	 0.028152684506
72.372 	 2.13249945528e+41 	 41.3288889289 	 0.0281142437982
72.372 	 2.13249945528e+41 	 41.3288889289 	 0.0281142437982
72.373 	 2.08308414348e+41 	 41.3187068131 	 0.0274630202022
72.374 	 2.12666883269e+41 	 41.3276998663 	 0.0280378917888
72.375 	 2.11917842972e+41 	 41.3261675248 	 0.0279393963949
72.375 	 2.11917842972e+41 	 41.3261675248 	 0.0279393963949
72.376 	 2.09175411527e+41 	 41.3205106321 	 0.0275780866763
72.377 	 2.08956396456e+41 	 41.3200556701 	 0.0275494654034
72.378 	 2.08197669174e+41 	 41.3184758632 	 0.0274496855959
72.63 	 2.04963214429e+41 	 41.3116759235 	 0.0270861013396
72.634 	 2.01989740828e+41 	 41.3053293119 	 0.0266941378538
72.811 	 2.08463146462e+41 	 41.3190292886 	 0.0275946070899
73.31 	 1.94475148823e+41 	 41.2888641125 	 0.0258615333355
73.665 	 2.05189142259e+41 	 41.312154376 	 0.0273755272787
74.351 	 2.02671702154e+41 	 41.306793115 	 0.0272105893737
74.352 	 2.00262354933e+41 	 41.3015993188 	 0.0268873585549
74.353 	 2.02169377963e+41 	 41.3057153749 	 0.0271436458937
74.355 	 2.00978377695e+41 	 41.3031493363 	 0.026984235285
74.355 	 2.00978377695e+41 	 41.3031493363 	 0.026984235285
74.356 	 2.02365227621e+41 	 41.3061358898 	 0.0271706892067
74.357 	 2.01603674887e+41 	 41.3044984443 	 0.0270686873232
74.358 	 2.02242993365e+41 	 41.3058734846 	 0.0271547758345
74.358 	 2.02242993365e+41 	 41.3058734846 	 0.0271547758345
74.36 	 2.01582929757e+41 	 41.3044537528 	 0.0270666472335
74.361 	 2.0046215113e+41 	 41.3020323864 	 0.0269164067441
74.361 	 2.0046215113e+41 	 41.3020323864 	 0.0269164067441
74.362 	 2.01676313896e+41 	 41.304654895 	 0.0270796830724
74.363 	 2.00553483122e+41 	 41.302230209 	 0.0269291643888
74.364 	 2.02472894247e+41 	 41.3063668909 	 0.0271871413748
74.364 	 2.02472894247e+41 	 41.3063668909 	 0.0271871413748
74.366 	 1.99904708129e+41 	 41.3008230227 	 0.0268427897459
74.367 	 1.99276658598e+41 	 41.2994564325 	 0.0267587021596
74.367 	 1.99276658598e+41 	 41.2994564325 	 0.0267587021596
74.368 	 2.03598797357e+41 	 41.3087752083 	 0.0273393262491
74.369 	 1.97390311157e+41 	 41.2953258316 	 0.0265058915716
74.371 	 1.97625830386e+41 	 41.2958437078 	 0.0265380046239
74.372 	 2.00281191202e+41 	 41.3016401658 	 0.0268948241817
74.373 	 1.97512150995e+41 	 41.2955938187 	 0.0265232261648
74.373 	 1.97512150995e+41 	 41.2955938187 	 0.0265232261648
74.374 	 1.9755515983e+41 	 41.2956883773 	 0.0265292451657
74.375 	 1.97949214002e+41 	 41.2965537816 	 0.0265824058084
74.376 	 1.97791607114e+41 	 41.2962078592 	 0.0265614847215
74.376 	 1.97791607114e+41 	 41.2962078592 	 0.0265614847215
74.377 	 2.02165916846e+41 	 41.3057079397 	 0.0271491610577
74.639 	 1.89946009785e+41 	 41.2786301747 	 0.0255695272489
75.28 	 1.87757043318e+41 	 41.2735962376 	 0.0254238112756
75.592 	 1.96152828793e+41 	 41.2925945756 	 0.0266366681462
75.693 	 1.96358339088e+41 	 41.2930493499 	 0.0266892405147
76.26 	 1.86849161022e+41 	 41.2714911521 	 0.0255288227037
76.569 	 1.88031528973e+41 	 41.2742306775 	 0.0257630352103
76.584 	 1.89316136191e+41 	 41.2771876322 	 0.0259426008617
76.585 	 1.91827047482e+41 	 41.2829098424 	 0.0262869193548
76.586 	 1.89978156511e+41 	 41.2787036691 	 0.0260337954508
76.625 	 1.90650158389e+41 	 41.2802371704 	 0.0261351962238
#t_peak = 21.29
#L_peak = 1.15545491823e+42
#M_ni = 0.0652251519031
