#Table 1
#Combined Swift-UVOT and PROMPT Photometry of SN 2011ei
#JD	Swift-UVOT	PROMPT	
#-2400000	uvw1	u	b	v	B	V	R	I	
55769.73	 99	99 	 99	99 	 99	99 	 99	99 	19.264 0.058	18.786 0.104	 99	99 	 99	99 	
55770.65	 99	99 	 99	99 	 99	99 	 99	99 	 99	99 	18.445 0.065	18.087 0.024	18.127 0.049	
55776.82	 99	99 	16.67 0.06	17.63 0.07	17.58 0.11	 99	99 	 99	99 	 99	99 	 99	99 	
55776.84	17.95 0.07	 99	99 	 99	99 	 99	99 	 99	99 	 99	99 	 99	99 	 99	99 	
55777.71	18.31 0.12	16.75 0.09	17.86 0.11	 99	99 	 99	99 	 99	99 	 99	99 	 99	99 	
55778.52	17.90 0.13	 99	99 	 99	99 	17.53 0.21	 99	99 	 99	99 	 99	99 	 99	99 	
55779.25	 99	99 	16.67 0.07	17.44 0.08	 99	99 	 99	99 	 99	99 	 99	99 	 99	99 	
55779.32	17.82 0.09	 99	99 	 99	99 	17.41 0.15	 99	99 	 99	99 	 99	99 	 99	99 	
55780.64	17.91 0.10	16.61 0.08	17.38 0.08	17.31 0.14	 99	99 	 99	99 	 99	99 	 99	99 	
55782.61	17.90 0.10	 99	99 	 99	99 	17.10 0.12	 99	99 	 99	99 	 99	99 	 99	99 	
55783.14	 99	99 	16.70 0.07	17.38 0.08	 99	99 	 99	99 	 99	99 	 99	99 	 99	99 	
55783.75	18.04 0.16	 99	99 	 99	99 	 99	99 	 99	99 	 99	99 	 99	99 	 99	99 	
55783.77	 99	99 	 99	99 	 99	99 	 99	99 	17.381 0.020	17.031 0.013	16.866 0.011	16.729 0.019	
55784.68	 99	99 	 99	99 	 99	99 	 99	99 	17.362 0.017	17.020 0.017	16.846 0.012	16.695 0.021	
55785.58	 99	99 	 99	99 	 99	99 	 99	99 	17.422 0.019	17.006 0.025	16.813 0.022	 99	99 	
55788.13	18.31 0.11	17.27 0.10	17.48 0.09	16.99 0.11	 99	99 	 99	99 	 99	99 	 99	99 	
55788.70	 99	99 	 99	99 	 99	99 	 99	99 	17.636 0.018	17.006 0.019	16.796 0.013	16.575 0.021	
55788.96	18.40 0.12	17.44 0.11	17.48 0.09	 99	99 	 99	99 	 99	99 	 99	99 	 99	99 	
55789.30	 99	99 	 99	99 	 99	99 	17.07 0.10	 99	99 	 99	99 	 99	99 	 99	99 	
55789.66	18.56 0.13	17.55 0.12	17.49 0.09	 99	99 	 99	99 	 99	99 	 99	99 	 99	99 	
55791.03	18.49 0.13	17.64 0.13	17.61 0.09	 99	99 	 99	99 	 99	99 	 99	99 	 99	99 	
55791.44	 99	99 	 99	99 	 99	99 	17.17 0.11	 99	99 	 99	99 	 99	99 	 99	99 	
55792.04	18.43 0.12	 99	99 	 99	99 	 99	99 	 99	99 	 99	99 	 99	99 	 99	99 	
55792.23	 99	99 	18.12 0.15	17.84 0.10	 99	99 	 99	99 	 99	99 	 99	99 	 99	99 	
55792.63	18.74 0.23	 99	99 	 99	99 	 99	99 	 99	99 	 99	99 	 99	99 	 99	99 	
55794.01	18.61 0.18	 99	99 	 99	99 	 99	99 	 99	99 	 99	99 	 99	99 	 99	99 	
55794.48	 99	99 	18.70 0.23	18.15 0.12	 99	99 	 99	99 	 99	99 	 99	99 	 99	99 	
55794.59	 99	99 	 99	99 	 99	99 	 99	99 	18.345 0.031	17.354 0.019	16.950 0.019	16.626 0.026	
55795.18	18.93 0.16	 99	99 	 99	99 	 99	99 	 99	99 	 99	99 	 99	99 	 99	99 	
55795.73	 99	99 	 99	99 	 99	99 	 99	99 	18.508 0.038	17.497 0.027	16.999 0.018	16.674 0.022	
55796.13	 99	99 	19.12 0.29	18.41 0.15	 99	99 	 99	99 	 99	99 	 99	99 	 99	99 	
55796.59	18.94 0.12	 99	99 	 99	99 	 99	99 	 99	99 	 99	99 	 99	99 	 99	99 	
55798.09	 99	99 	 99	99 	18.61 0.16	 99	99 	 99	99 	 99	99 	 99	99 	 99	99 	
55798.72	 99	99 	 99	99 	 99	99 	 99	99 	18.915 0.054	17.721 0.022	17.085 0.015	16.765 0.019	
55800.13	18.95 0.12	19.59 0.43	 99	99 	 99	99 	 99	99 	 99	99 	 99	99 	 99	99 	
55802.11	 99	99 	 99	99 	18.92 0.19	 99	99 	 99	99 	 99	99 	 99	99 	 99	99 	
55802.74	 99	99 	 99	99 	 99	99 	 99	99 	19.131 0.242	17.980 0.034	17.210 0.017	16.846 0.018	
55804.04	19.04 0.12	20.05 0.63	 99	99 	 99	99 	 99	99 	 99	99 	 99	99 	 99	99 	
55805.77	 99	99 	 99	99 	 99	99 	 99	99 	 99	99 	18.185 0.023	17.297 0.017	16.973 0.017	
55805.98	 99	99 	 99	99 	19.27 0.25	 99	99 	 99	99 	 99	99 	 99	99 	 99	99 	
55808.15	 99	99 	19.98 0.67	 99	99 	 99	99 	 99	99 	 99	99 	 99	99 	 99	99 	
55819.61	 99	99 	 99	99 	 99	99 	 99	99 	 99	99 	18.337 0.055	17.552 0.020	17.167 0.024	
