2004ew  1  02 05 03.79  -55 03 51.2  16.917 0.036  15.692 0.017  15.249 0.015  15.073 0.012  16.076 0.009  15.466 0.301
2004ew  2  02 05 19.69  -55 04 42.8   ---   ---    17.741 0.026  16.774 0.015  16.395 0.012  18.373 0.041  17.337 0.301
2004ew  3  02 05 21.51  -55 04 35.0  19.048 0.060  17.677 0.019  17.142 0.015  16.942 0.019  18.103 0.031  17.405 0.342
2004ew  4  02 05 15.02  -55 04 59.8   ---   ---    18.793 0.070  18.088 0.055  17.853 0.059  19.303 0.076  18.463 0.102
2004ew  5  02 05 07.29  -55 04 58.9   ---   ---    18.701 0.056  17.338 0.011  15.716 0.014  19.795 0.052  18.122 0.303
2004ew  6  02 04 56.86  -55 07 06.2  17.464 0.037  16.071 0.015  15.606 0.012  15.435 0.009  16.473 0.012  15.839 0.296
2004ew  7  02 04 49.00  -55 08 22.2  19.461 0.074  18.179 0.047  17.704 0.026  17.532 0.024  18.576 0.050  17.927 0.313
2004ew  8  02 05 29.00  -55 08 18.1  16.105 0.035  15.038 0.013  14.705 0.010  14.600 0.008  15.353 0.010  14.863 0.319
2004ew  9  02 05 31.10  -55 07 00.6  19.624 0.089  18.000 0.032  17.313 0.010  17.020 0.027  18.457 0.058  17.663 0.278
2004ew 10  02 05 26.01  -55 08 55.4   ---   ---    19.376 0.066  17.953 0.034  16.813 0.015  20.262 0.102  18.738 0.072
2004ew 11  02 05 23.11  -55 08 39.0   ---   ---    20.052 0.108  19.078 0.039  18.701 0.101  20.673 0.098  19.640 0.151
2004ew 12  02 04 58.68  -55 10 05.1  16.493 0.036  15.389 0.014  14.947 0.008  14.770 0.005  15.750 0.012  15.167 0.299
2004ew 13  02 04 41.12  -55 07 15.5   ---   ---    18.198 0.042  17.337 0.025  17.024 0.033  18.775 0.050  17.836 0.017
2004ex  1  00 38 07.05  +02 42 50.2   ---   ---    18.768 0.126  17.472 0.045  16.821 0.038  19.509 0.090  18.236 0.085
2004ex  2  00 38 03.82  +02 41 17.5   ---   ---    18.016 0.026  16.849 0.015  16.388 0.022  18.711 0.051  17.512 0.043
2004ex  3  00 37 59.75  +02 41 16.5   ---   ---    19.409 0.045  18.766 0.041  18.366 0.102  19.870 0.053  19.088 0.054
2004ex  4  00 38 22.43  +02 46 09.7   ---   ---    18.850 0.101  18.080 0.056  17.755 0.065  19.472 0.093  18.525 0.107
2004ex  5  00 38 11.02  +02 41 21.2  16.805 0.052  15.239 0.004  14.679 0.003  14.471 0.008  15.693 0.015  14.962 0.012
2004ex  6  00 38 13.21  +02 39 27.0  18.327 0.046  17.246 0.008  16.847 0.013  16.721 0.034  17.609 0.016  17.049 0.004
2004ex  7  00 38 03.10  +02 47 30.6   ---   ---     ---   ---    14.109 0.009  13.962 0.008  14.885 0.011  14.300 0.012
2004ex  8  00 38 25.26  +02 44 06.7   ---   ---    19.386 0.371  18.387 0.043  17.183 0.023   ---   ---     ---   ---
2004ex  9  00 38 26.42  +02 43 07.2   ---   ---    19.944 0.016  18.807 0.119  17.752 0.072   ---   ---     ---   ---
2004ex 10  00 38 03.71  +02 40 48.7   ---   ---    17.345 0.028  16.105 0.015  15.553 0.013  18.065 0.076  16.805 0.019
2004ex 12  00 38 09.30  +02 40 46.2   ---   ---     ---   ---    19.064 0.045  17.845 0.080   ---   ---     ---   ---
2004fe  3  00 30 16.51  +02 04 49.3  18.909 0.041  18.080 0.042  17.890 0.004  17.807 0.009  18.374 0.029  18.016 0.015
2004fe  4  00 30 11.30  +02 07 03.2   ---   ---    18.049 0.059  17.209 0.005  16.883 0.008  18.637 0.033  17.673 0.024
2004fe  5  00 30 00.78  +02 08 04.4   ---   ---    17.386 0.026  16.015 0.003  15.212 0.018  18.140 0.036  16.781 0.017
2004fe  6  00 29 55.83  +02 05 25.1   ---   ---    17.896 0.048  16.612 0.013  15.761 0.006  18.651 0.052  17.383 0.011
2004fe  7  00 29 57.89  +02 04 28.9   ---   ---    17.277 0.020  16.195 0.008  15.734 0.008  17.915 0.062  16.825 0.015
2004fe  8  00 30 02.88  +02 05 06.4  19.111 0.062  18.125 0.021  17.751 0.045  17.638 0.020  18.457 0.013  17.938 0.030
2004fe  9  00 30 05.70  +02 05 13.9   ---   ---    19.186 0.023  17.880 0.014  16.604 0.018  20.117 0.086  18.706 0.046
2004fe 10  00 30 03.73  +02 03 58.7  18.468 0.102  19.105 0.143  18.820 0.104  18.607 0.058  19.547 0.042  19.076 0.037
2004fe 11  00 30 05.70  +02 03 43.6  19.464 0.085  18.498 0.036  18.129 0.042  18.022 0.004  18.857 0.031  18.284 0.038
2004fe 13  00 30 21.60  +02 08 54.7   ---   ---    17.557 0.015  16.416 0.003  15.967 0.004  18.253 0.050  17.073 0.004
2004fe 15  00 30 27.31  +02 05 02.1   ---   ---    18.244 0.012  16.952 0.029  16.425 0.016  18.949 0.048  17.683 0.008
2004ff  1  04 58 40.81  -21 33 54.1  17.064 0.039  15.503 0.004  14.924 0.003  14.722 0.004  15.965 0.003  15.235 0.008
2004ff  2  04 58 55.07  -21 35 19.8  18.099 0.066  16.050 0.003  15.355 0.006  15.117 0.003  16.592 0.016  15.727 0.008
2004ff  3  04 58 53.32  -21 36 08.1  17.556 0.015  16.513 0.010  16.106 0.004  15.963 0.028  16.865 0.008  16.308 0.003
2004ff  4  04 58 50.10  -21 36 02.2  19.494 0.085  17.870 0.013  17.230 0.009  16.957 0.011  18.410 0.020  17.599 0.026
2004ff  5  04 58 44.84  -21 36 31.7   ---   ---    17.630 0.034  16.277 0.027  15.344 0.015  18.426 0.049  17.068 0.035
2004ff  6  04 58 42.11  -21 35 52.0  19.622 0.092  17.448 0.008  16.564 0.007  16.242 0.006  18.063 0.017  17.076 0.027
2004ff  7  04 58 36.32  -21 35 49.0  19.133 0.066  16.619 0.005  15.526 0.003  15.108 0.004  17.283 0.011  16.153 0.007
2004ff  8  04 58 37.56  -21 34 57.7  18.607 0.052  17.518 0.017  17.120 0.014  16.985 0.011  17.859 0.040  17.351 0.007
2004ff  9  04 58 51.07  -21 31 55.4   ---   ---    17.889 0.013  17.072 0.010  16.766 0.006  18.178 0.149  17.535 0.028
2004ff 10  04 58 54.07  -21 32 28.0  18.500 0.044  17.243 0.003  16.801 0.010  16.631 0.014  17.635 0.016  17.023 0.007
2004ff 12  04 58 48.81  -21 36 37.4   ---   ---    17.482 0.012  16.205 0.006  15.618 0.013  18.213 0.046  16.929 0.006
2004ff 13  04 58 36.53  -21 33 49.2  18.096 0.033  17.180 0.013  16.860 0.014  16.745 0.022  17.500 0.013  17.032 0.032
2004ff 14  04 58 58.25  -21 35 36.2  18.866 0.353  18.081 0.012  17.745 0.035  17.569 0.014  18.443 0.033  17.905 0.021
2004ff 15  04 58 57.96  -21 35 59.0  19.069 0.067  18.152 0.016  17.765 0.017  17.602 0.017  18.508 0.009  17.970 0.022
2004gq  2  05 12 11.06  -15 38 02.6  16.673 0.019  15.362 0.010  14.898 0.011  14.739 0.004  15.755 0.010  15.143 0.011
2004gq  3  05 12 12.01  -15 38 31.1  19.137 0.100  17.396 0.009  16.673 0.017  16.374 0.010  17.882 0.043  17.057 0.048
2004gq  4  05 12 12.59  -15 40 09.1   ---   ---    18.390 0.044  17.062 0.018  15.924 0.009  19.409 0.042  17.867 0.028
2004gq  7  05 12 11.37  -15 43 52.6  16.385 0.013  15.038 0.010  14.540 0.004  14.363 0.006  15.465 0.011  14.799 0.016
2004gq  8  05 11 58.61  -15 38 26.9  17.543 0.063  16.314 0.017  15.854 0.014  15.669 0.010  16.692 0.027  16.098 0.009
2004gq 14  05 11 52.48  -15 42 41.0  18.319 0.068  16.407 0.015  15.690 0.005  15.398 0.005  16.938 0.030  16.091 0.006
2004gq 15  05 12 14.16  -15 40 39.8  18.139 0.052  16.202 0.010  15.476 0.006  15.202 0.006  16.776 0.020  15.882 0.009
2004gt  4  12 01 38.38  -18 51 22.2   ---   ---    16.347 0.015  15.738 0.017  15.524 0.010  16.835 0.003  16.053 0.017
2004gt  5  12 01 38.49  -18 54 22.1  17.845 0.061  16.498 0.017  16.036 0.030  15.857 0.031  16.928 0.011  16.260 0.059
2004gt  6  12 01 46.57  -18 54 26.0  17.130 0.084  16.025 0.020  15.632 0.020  15.505 0.029  16.358 0.089  15.807 0.024
2004gv  4  02 13 29.89  -00 42 21.4  17.552 0.021  16.196 0.009  15.692 0.011  15.510 0.008  16.621 0.035  15.948 0.023
2004gv  5  02 13 24.11  -00 41 09.7  15.937 0.008  14.809 0.003  14.941 0.003  15.089 0.008  14.899 0.011  14.834 0.006
2004gv  6  02 13 49.77  -00 42 52.3   ---   ---    17.066 0.012  15.768 0.008  15.198 0.005  17.827 0.065  16.521 0.020
2004gv  7  02 13 27.60  -00 46 06.2  17.508 0.089  16.292 0.012  15.785 0.012  15.583 0.015  16.655 0.016  16.061 0.020
2004gv  8  02 13 29.27  -00 46 36.5   ---   ---    18.299 0.117  17.889 0.055  17.733 0.052  18.639 0.084  18.040 0.156
2004gv  9  02 13 42.52  -00 41 08.7  18.979 0.092  16.975 0.026  16.310 0.008  16.078 0.011  17.507 0.036  16.687 0.027
2004gv 10  02 13 42.90  -00 39 14.2   ---   ---    18.839 0.021  17.503 0.022  16.827 0.040  19.592 0.062  18.245 0.046
2004gv 11  02 13 53.09  -00 41 38.8   ---   ---    17.539 0.019  16.623 0.013  16.305 0.012  18.077 0.015  17.135 0.024
2004gv 12  02 13 35.49  -00 42 02.0  18.873 0.087  17.337 0.015  16.814 0.025  16.689 0.035  17.725 0.069  17.057 0.016
2004gv 13  02 13 31.01  -00 40 26.1   ---   ---    18.139 0.038  17.539 0.075  17.316 0.018  18.534 0.147  17.803 0.055
2004gv 14  02 13 52.51  -00 45 08.1   ---   ---    18.404 0.055  17.745 0.060  17.544 0.082  18.949 0.034  18.070 0.071
2004gv 15  02 13 25.90  -00 46 53.5  17.261 0.029  16.030 0.011  15.612 0.011  15.484 0.016  16.401 0.023  15.822 0.015
2005Q   1  01 29 56.50  -42 41 09.4  17.122 0.008  15.907 0.012  15.487 0.013  15.339 0.013  16.261 0.054  15.687 0.013
2005Q   2  01 30 12.81  -42 40 07.5   ---   ---    16.743 0.013  15.512 0.010  14.946 0.062  17.481 0.047  16.220 0.008
2005Q   3  01 30 10.78  -42 37 41.9  17.576 0.051  15.358 0.014  14.571 0.008  14.306 0.009  15.911 0.022  15.007 0.006
2005Q   4  01 30 15.16  -42 38 35.1  17.633 0.055  15.913 0.017  15.251 0.009  14.983 0.010  16.415 0.020  15.610 0.005
2005Q   5  01 30 17.65  -42 38 20.4   ---   ---    17.384 0.012  16.580 0.011  16.296 0.017  17.955 0.039  17.040 0.030
2005Q   6  01 29 42.10  -42 38 19.9   ---   ---    16.387 0.018  16.019 0.240  15.570 0.023   ---   ---     ---   ---
2005Q   7  01 29 44.67  -42 40 59.8   ---   ---    18.647 0.041  17.278 0.015  16.484 0.007  19.529 0.060  18.081 0.032
2005Q   8  01 29 44.46  -42 44 30.3  14.508 0.029  13.257 0.011  12.855 0.020  12.751 0.011  13.620 0.013  13.056 0.008
2005Q   9  01 30 14.19  -42 39 47.5  15.820 0.050  13.780 0.008  13.053 0.003  12.796 0.006  14.321 0.011  13.441 0.005
2005Q  10  01 30 15.07  -42 43 01.1  18.569 0.232  17.597 0.015  17.178 0.024  17.020 0.052  17.961 0.029  17.389 0.017
2005Q  11  01 30 15.76  -42 42 32.3   ---   ---    18.392 0.053  18.087 0.040  17.932 0.055  18.746 0.083  18.241 0.082
2005Q  12  01 30 19.18  -42 44 06.4  18.289 0.067  17.168 0.015  16.745 0.013  16.616 0.028  17.504 0.024  16.966 0.013
2005Q  13  01 30 08.86  -42 38 56.9   ---   ---    19.155 0.022  17.792 0.077  16.621 0.009  19.879 0.033  18.563 0.056
2005Q  14  01 29 53.96  -42 38 33.8   ---   ---    19.064 0.197  18.505 0.015  18.277 0.063  19.420 0.065  18.573 0.234
2005aw  3  19 15 08.05  -54 10 56.9  16.380 0.025  14.845 0.005  14.324 0.005  14.149 0.003  15.292 0.003  14.594 0.006
2005aw  4  19 15 31.17  -54 06 18.3  17.040 0.008  15.389 0.011  14.710 0.003  14.396 0.003  15.907 0.017  15.071 0.007
2005aw  5  19 15 22.84  -54 07 00.2   ---   ---    17.327 0.050  15.948 0.008  15.345 0.008  18.019 0.095  16.714 0.029
2005aw  6  19 15 29.10  -54 10 38.5   ---   ---    17.263 0.023  16.521 0.010  16.248 0.010  17.861 0.077  16.936 0.008
2005aw  7  19 15 11.60  -54 08 42.3   ---   ---    16.554 0.011  15.914 0.005  15.691 0.018  17.078 0.013  16.264 0.007
2005aw  8  19 15 38.94  -54 11 40.9  17.939 0.071  16.100 0.018  15.405 0.004  15.166 0.015  16.602 0.049  15.790 0.010
2005aw  9  19 15 01.87  -54 10 29.0  18.087 0.098  16.433 0.011  15.880 0.005  15.665 0.021  16.928 0.034  16.181 0.010
2005aw 10  19 15 41.10  -54 09 41.9  17.540 0.060  16.194 0.009  15.713 0.008  15.511 0.015  16.572 0.014  15.977 0.005
2005aw 11  19 15 10.20  -54 10 19.8  16.645 0.036  14.947 0.006  14.372 0.003  14.186 0.008  15.411 0.011  14.667 0.010
2005aw 12  19 15 23.43  -54 10 43.5  16.872 0.027  15.278 0.011  14.753 0.003  14.575 0.013  15.737 0.003  15.023 0.004
2005aw 13  19 15 40.07  -54 06 40.6  17.604 0.028  16.379 0.012  15.943 0.007  15.772 0.019  16.753 0.013  16.211 0.025
2005aw 14  19 15 04.86  -54 09 10.9   ---   ---    17.776 0.046  17.170 0.042  16.960 0.007  18.172 0.080  17.458 0.044
2005bf  3  10 24 08.43  -03 13 45.1  19.319 0.046  16.545 0.016  15.478 0.003  15.086 0.012  17.217 0.012  16.093 0.012
2005bf  5  10 23 49.03  -03 09 32.5   ---   ---    17.317 0.050  16.124 0.003  15.636 0.003  18.015 0.012  16.800 0.010
2005bf  7  10 23 45.82  -03 09 24.7   ---   ---    18.969 0.047  18.026 0.003  17.707 0.019  19.470 0.093  18.498 0.070
2005bf  8  10 23 48.20  -03 09 23.0  18.308 0.107  17.051 0.015  16.540 0.003  16.335 0.008  17.466 0.014  16.794 0.009
2005bf  9  10 24 06.23  -03 11 40.6   ---   ---    20.647 0.097  19.395 0.058  18.300 0.005  19.520 0.065   ---   ---
2005bf 10  10 24 01.55  -03 11 18.4  18.886 0.409  18.491 0.025  18.117 0.014  17.936 0.013  18.830 0.009  18.298 0.060
2005bf 11  10 24 00.12  -03 10 49.5   ---   ---    18.606 0.042  17.999 0.017  17.761 0.017  19.200 0.052  18.361 0.066
2005bf 12  10 24 06.35  -03 13 02.3   ---   ---    17.870 0.062  17.182 0.007  16.965 0.010  18.364 0.037  17.546 0.046
2005bf 13  10 23 50.81  -03 12 26.8   ---   ---     ---   ---    19.460 0.082  17.815 0.021   ---   ---     ---   ---
2005bf 14  10 24 05.06  -03 08 52.3  17.283 0.018  16.005 0.005  15.534 0.003  15.367 0.003  16.415 0.011  15.777 0.010
2005bj  1  16 49 49.44  +17 52 14.7  17.363 0.055  15.281 0.020  14.528 0.027  14.249 0.037  15.829 0.016  14.944 0.021
2005bj  2  16 49 47.91  +17 53 18.4  17.236 0.026  15.911 0.022  15.370 0.024  15.154 0.028  16.322 0.019  15.647 0.018
2005bj  3  16 49 38.41  +17 53 49.9  16.679 0.054  15.325 0.017  14.805 0.023  14.619 0.025  15.743 0.016  15.073 0.019
2005bj  4  16 49 43.25  +17 50 50.0  17.408 0.077  16.198 0.020  15.732 0.024  15.560 0.033  16.580 0.014  15.971 0.016
2005bj  5  16 49 52.89  +17 51 07.9  18.230 0.142  17.121 0.023  16.720 0.025  16.576 0.043  17.445 0.028  16.928 0.013
2005bj  6  16 49 48.78  +17 50 31.6  18.979 0.087  17.947 0.031  17.475 0.011  17.286 0.039  18.288 0.065  17.704 0.016
2005bj  7  16 49 51.76  +17 50 05.0  18.831 0.079  17.672 0.028  17.228 0.039  17.061 0.058  18.056 0.049  17.440 0.016
2005bj  9  16 49 39.72  +17 51 43.7  18.255 0.136  16.346 0.018  15.613 0.026  15.311 0.021  16.876 0.016  16.018 0.022
2005bj 10  16 49 34.91  +17 50 23.5  18.632 0.076  19.806 0.100  19.110 0.089  19.027 0.085  20.008 0.071  19.356 0.006
2005bj 11  16 49 43.25  +17 54 22.8   ---   ---    19.954 0.116  19.106 0.035  18.563 0.049   ---   ---     ---   ---
2005bj 12  16 49 57.21  +17 52 09.5   ---   ---    18.206 0.011  17.491 0.029  17.194 0.020  18.722 0.035  17.870 0.114
2005bj 13  16 49 57.42  +17 53 25.7   ---   ---    17.159 0.019  15.829 0.020  15.147 0.031  17.955 0.010  16.589 0.035
2005em  1  03 14 00.09  -00 15 19.4  16.400 0.259  14.634 0.453  13.983 0.283  13.758 0.271  15.126 0.326  14.319 0.104
2005em  2  03 13 38.65  -00 13 57.6  16.886 0.224  15.715 0.370  15.268 0.263  15.085 0.228  16.072 0.321  15.487 0.080
2005em  3  03 13 47.53  -00 16 31.9  16.164 0.251  14.875 0.452  14.370 0.282  14.181 0.241  15.296 0.338  14.632 0.098
2005em  4  03 13 46.41  -00 17 32.2  18.377 0.026  16.328 0.348  15.529 0.246  15.192 0.197  16.900 0.014  15.965 0.077
2005em  5  03 13 44.17  -00 11 02.0  18.154 0.038  16.455 0.376  15.774 0.258  15.508 0.200  16.994 0.307  16.138 0.080
2005em  6  03 13 57.16  -00 14 08.2  17.800 0.248  16.548 0.370  16.072 0.228  15.893 0.011  16.943 0.294  16.331 0.072
2005em  7  03 13 57.02  -00 16 06.7   ---   ---    17.599 0.393  16.570 0.228  16.167 0.009  18.217 0.032  17.153 0.079
2005em  8  03 13 45.42  -00 12 46.0  18.964 0.042  17.324 0.327  16.662 0.232  16.394 0.011  17.811 0.051  17.010 0.102
2005em  9  03 13 48.96  -00 11 27.9  18.464 0.098  17.348 0.360  16.860 0.229  16.702 0.044  17.717 0.077  17.102 0.086
2005em 10  03 13 46.14  -00 18 28.9  18.468 0.119  17.438 0.031  17.014 0.031  16.822 0.014  17.825 0.028  17.231 0.025
2005em 11  03 13 37.53  -00 14 31.9   ---   ---    19.022 0.035  17.599 0.217  16.955 0.055  19.853 0.057  18.410 0.104
2005em 12  03 13 53.90  -00 13 15.7  19.483 0.093  18.251 0.009  17.703 0.263  17.495 0.066  18.752 0.060  17.994 0.080
2005em 13  03 13 49.94  -00 14 24.5   ---   ---    18.985 0.006  17.753 0.024  17.174 0.074  19.354 0.300  18.487 0.067
2005em 14  03 13 35.77  -00 15 22.1   ---   ---    18.505 0.045  17.802 0.066  17.494 0.087  18.926 0.024  18.134 0.038
2005em 15  03 13 33.91  -00 17 07.1   ---   ---    19.473 0.024  18.405 0.041  18.023 0.022  20.004 0.067  19.187 0.173
2005em 16  03 13 33.32  -00 12 11.0   ---   ---    20.574 0.103  19.008 0.051  17.823 0.051  19.949 0.066  19.847 0.087
2006T   1  09 54 43.22  -25 42 23.4  15.828 0.030  14.584 0.009  14.176 0.003  14.014 0.018  14.953 0.037  14.378 0.010
2006T   4  09 54 20.27  -25 45 38.4  17.104 0.022  15.656 0.016  15.167 0.012  15.002 0.009  16.072 0.038  15.412 0.013
2006T   5  09 54 23.83  -25 45 02.7  17.635 0.025  15.941 0.018  15.373 0.012  15.193 0.006  16.406 0.045  15.671 0.020
2006T   6  09 54 37.12  -25 45 36.4  17.911 0.049  16.046 0.020  15.424 0.012  15.230 0.010  16.546 0.034  15.747 0.018
2006T   7  09 54 35.80  -25 45 08.4  17.079 0.030  15.877 0.018  15.487 0.014  15.363 0.009  16.230 0.035  15.684 0.014
2006T   8  09 54 19.20  -25 42 55.1  19.224 0.096  16.958 0.022  16.128 0.016  15.818 0.014  17.546 0.063  16.592 0.019
2006T   9  09 54 23.32  -25 40 23.2   ---   ---    17.185 0.040  16.109 0.018  15.625 0.013  17.854 0.029  16.732 0.019
2006T  10  09 54 42.61  -25 42 48.2  18.800 0.014  16.866 0.036  16.185 0.021  15.891 0.007  17.412 0.035  16.561 0.014
2006T  11  09 54 16.58  -25 45 27.4  18.034 0.067  16.692 0.023  16.214 0.015  16.036 0.019  17.105 0.042  16.466 0.023
2006T  12  09 54 41.93  -25 39 02.3  19.089 0.087  17.103 0.044  16.419 0.030  16.174 0.009  17.632 0.053  16.796 0.020
2006T  13  09 54 13.98  -25 42 21.7  18.977 0.096  17.242 0.037  16.492 0.022  16.196 0.013  17.766 0.046  16.891 0.026
2006T  14  09 54 38.07  -25 38 53.2  18.369 0.103  16.991 0.039  16.500 0.020  16.301 0.018  17.410 0.065  16.769 0.014
2006T  15  09 54 43.29  -25 40 34.1  19.294 0.100  17.299 0.035  16.496 0.017  16.214 0.023  17.835 0.070  16.944 0.027
2006T  16  09 54 23.99  -25 39 18.9  18.314 0.116  16.993 0.027  16.522 0.014  16.346 0.022  17.396 0.053  16.780 0.024
2006T  17  09 54 20.60  -25 42 26.8  18.936 0.077  17.319 0.033  16.663 0.017  16.416 0.012  17.792 0.054  17.011 0.033
2006T  19  09 54 38.55  -25 41 03.0   ---   ---    17.834 0.027  17.068 0.025  16.759 0.021  18.368 0.065  17.494 0.083
2006T  20  09 54 35.62  -25 42 18.7  18.540 0.068  17.530 0.032  17.160 0.026  17.015 0.024  17.890 0.046  17.368 0.025
2006T  21  09 54 40.55  -25 45 27.5   ---   ---    18.721 0.100  17.436 0.030  16.830 0.024  19.567 0.090  18.180 0.055
2006T  22  09 54 40.49  -25 44 21.8  19.379 0.107  18.000 0.068  17.589 0.042  17.433 0.047  18.364 0.057  17.791 0.050
2006T  23  09 54 24.50  -25 44 08.8   ---   ---    18.280 0.064  17.572 0.054  17.299 0.046  18.755 0.054  17.937 0.040
2006T  24  09 54 31.73  -25 44 21.3   ---   ---    19.120 0.083  17.757 0.045  16.663 0.023  19.898 0.059  18.541 0.086
2006T  25  09 54 19.41  -25 40 37.9   ---   ---    18.313 0.033  17.829 0.023  17.631 0.060  18.680 0.115  18.061 0.128
2006ba  1  09 42 59.75  -09 36 38.2   ---   ---     ---   ---     ---   ---    14.723 0.024  15.734 0.010  15.118 0.008
2006ba  7  09 43 07.89  -09 39 06.5  17.530 0.034  15.809 0.015  15.209 0.008  15.021 0.005  16.272 0.020  15.520 0.004
2006ba  8  09 43 11.95  -09 36 03.6  18.058 0.101  16.532 0.057  15.997 0.049  15.869 0.023  17.006 0.017  16.324 0.040
2006ba  9  09 43 12.29  -09 40 45.0   ---   ---    16.841 0.020  16.124 0.005  15.834 0.004  17.289 0.032  16.480 0.019
2006ba 10  09 43 25.18  -09 34 57.0   ---   ---    16.900 0.007  16.280 0.004  16.071 0.004  17.385 0.051  16.640 0.019
2006ba 11  09 43 16.02  -09 39 12.0   ---   ---    16.934 0.014  16.409 0.006  16.259 0.007  17.354 0.036  16.636 0.030
2006ba 12  09 43 24.74  -09 38 55.9   ---   ---    17.735 0.030  16.665 0.020  16.196 0.014  18.327 0.026  17.286 0.024
2006ba 13  09 43 26.06  -09 33 24.7   ---   ---    17.633 0.051  16.869 0.025  16.579 0.022  18.143 0.006  17.323 0.052
2006ba 14  09 43 24.64  -09 38 29.6   ---   ---    17.659 0.026  16.965 0.012  16.726 0.016  18.079 0.007  17.356 0.026
2006ba 15  09 43 03.18  -09 40 39.5   ---   ---    17.878 0.045  17.150 0.023  16.934 0.003  18.218 0.028  17.543 0.017
2006ba 16  09 43 26.58  -09 35 43.3   ---   ---    17.604 0.006  17.192 0.023  16.971 0.042  17.942 0.036  17.434 0.032
2006ba 17  09 43 18.93  -09 37 58.3   ---   ---    17.925 0.069  17.353 0.016  17.154 0.023  18.360 0.042  17.631 0.062
2006ba 18  09 43 21.90  -09 39 13.4   ---   ---    17.989 0.056  17.399 0.025  17.195 0.040  18.224 0.022  17.662 0.043
2006ba 19  09 42 58.96  -09 33 40.8   ---   ---    18.204 0.070  17.330 0.025  17.004 0.067  18.867 0.064  17.889 0.042
2006ba 20  09 43 29.18  -09 38 13.8   ---   ---    17.991 0.018  17.435 0.043  17.310 0.018  18.249 0.036  17.711 0.033
2006ba 21  09 43 02.43  -09 36 22.6   ---   ---    18.376 0.017  17.722 0.019  17.430 0.028  18.843 0.003  18.105 0.057
2006ba 22  09 43 18.75  -09 39 20.9   ---   ---    18.441 0.007  17.863 0.096  17.560 0.087  18.881 0.032  18.165 0.062
2006ba 23  09 43 06.98  -09 40 33.1   ---   ---    18.466 0.111  17.849 0.038  17.692 0.030  18.791 0.011  18.209 0.010
2006ba 24  09 43 04.36  -09 33 35.7   ---   ---    18.410 0.055  17.947 0.036  17.824 0.091  18.768 0.020  18.190 0.004
2006ba 25  09 43 24.38  -09 39 22.4   ---   ---    18.710 0.046  18.092 0.003  17.781 0.060  19.356 0.097  18.442 0.032
2006ba 26  09 43 19.37  -09 33 15.9   ---   ---    19.388 0.053  18.284 0.065  17.899 0.163   ---   ---     ---   ---
2006ba 27  09 43 04.35  -09 36 09.9   ---   ---    19.589 0.061  18.900 0.046  18.442 0.071   ---   ---     ---   ---
2006bf  2  12 58 45.14  +09 43 01.6  17.496 0.011  16.054 0.018  15.474 0.033  15.221 0.030  16.526 0.015  15.789 0.019
2006bf  3  12 59 04.28  +09 43 17.7  18.302 0.107  16.382 0.023  15.695 0.032  15.478 0.030  16.909 0.010  16.065 0.016
2006bf  4  12 59 02.99  +09 41 38.1   ---   ---    16.579 0.019  15.863 0.025  15.632 0.031  17.096 0.007  16.248 0.016
2006bf  5  12 58 41.40  +09 37 36.1  17.151 0.041  16.213 0.019  15.909 0.023  15.793 0.024  16.479 0.007  16.061 0.019
2006bf  6  12 59 04.52  +09 37 52.7   ---   ---     ---   ---    16.212 0.032  15.381 0.031   ---   ---     ---   ---
2006bf  7  12 58 45.93  +09 40 23.6   ---   ---    17.068 0.019  16.267 0.027  15.992 0.030  17.643 0.048  16.733 0.021
2006bf  8  12 58 47.78  +09 38 04.5  18.172 0.104  16.934 0.017  16.485 0.033  16.308 0.024  17.364 0.008  16.711 0.018
2006bf 10  12 58 57.35  +09 41 09.6   ---   ---    18.695 0.058  17.597 0.028  17.189 0.054  19.109 0.067  18.134 0.102
2006bf 11  12 59 01.41  +09 42 25.1   ---   ---    19.071 0.082  17.744 0.026  16.493 0.021   ---   ---     ---   ---
2006bf 12  12 58 51.90  +09 42 14.5   ---   ---    19.444 0.070  18.247 0.062  17.376 0.040   ---   ---     ---   ---
2006bf 13  12 58 46.70  +09 40 59.3   ---   ---    18.550 0.040  18.331 0.060  18.154 0.021  18.893 0.138  18.467 0.133
2006bf 14  12 58 37.21  +09 42 32.5   ---   ---    19.819 0.097  18.487 0.012  18.044 0.042   ---   ---     ---   ---
2006bf 15  12 59 06.17  +09 39 27.3   ---   ---    18.695 0.043  18.428 0.068  18.353 0.092  18.954 0.151  18.622 0.069
2006bf 16  12 58 59.12  +09 41 07.2   ---   ---    18.992 0.032  18.568 0.091  18.384 0.165   ---   ---     ---   ---
2006bf 17  12 59 01.36  +09 37 46.6   ---   ---    19.657 0.082  18.561 0.045  17.567 0.028   ---   ---     ---   ---
2006bf 18  12 58 45.60  +09 38 44.8   ---   ---    19.176 0.062  18.798 0.076  18.566 0.074  19.438 0.095  18.952 0.071
2006bf 19  12 59 06.36  +09 38 29.9   ---   ---    19.855 0.094  18.954 0.151  18.585 0.029   ---   ---     ---   ---
2006bf 20  12 58 52.99  +09 42 18.7   ---   ---    19.072 0.074  18.893 0.004  18.714 0.104  19.415 0.090  19.031 0.041
2006bf 22  12 58 47.81  +09 40 59.6   ---   ---     ---   ---    18.939 0.088  18.454 0.074   ---   ---     ---   ---
2006bf 23  12 58 53.88  +09 37 31.2   ---   ---     ---   ---    19.343 0.098  17.920 0.044   ---   ---     ---   ---
2006ep  1  00 41 25.99  +25 32 41.1  16.730 0.023  14.864 0.017  14.197 0.008  13.957 0.004  15.356 0.015  14.553 0.009
2006ep  2  00 41 15.84  +25 29 15.3  16.477 0.012  15.263 0.015  14.821 0.008  14.666 0.006  15.637 0.011  15.044 0.007
2006ep  3  00 41 38.07  +25 32 19.9  17.043 0.024  15.947 0.022  15.527 0.011  15.361 0.006  16.307 0.020  15.739 0.015
2006ep  4  00 41 26.15  +25 31 58.0  17.221 0.137  16.110 0.020  15.746 0.005  15.623 0.010  16.436 0.022  15.925 0.011
2006ep  5  00 41 33.33  +25 29 00.5  17.335 0.061  16.204 0.014  15.792 0.008  15.645 0.015  16.575 0.021  15.992 0.007
2006ep  6  00 41 44.18  +25 30 04.6  18.895 0.091  16.459 0.015  15.514 0.009  15.151 0.007  17.083 0.011  16.059 0.009
2006ep  7  00 41 24.09  +25 27 13.6  17.536 0.080  16.296 0.016  15.858 0.008  15.717 0.013  16.678 0.015  16.080 0.018
2006ep  8  00 41 14.12  +25 28 56.2  18.297 0.074  16.462 0.011  15.819 0.009  15.595 0.006  16.945 0.012  16.169 0.021
2006ep  9  00 41 13.98  +25 29 18.7  17.596 0.027  16.470 0.017  16.073 0.004  15.930 0.006  16.825 0.022  16.281 0.016
2006ep 10  00 41 24.04  +25 28 21.2  17.883 0.043  16.517 0.022  16.067 0.008  15.911 0.018  16.918 0.025  16.298 0.006
2006ep 11  00 41 38.14  +25 27 13.9  18.377 0.045  16.685 0.014  16.113 0.014  15.919 0.014  17.154 0.022  16.411 0.016
2006ep 12  00 41 16.17  +25 28 01.0  17.780 0.069  16.670 0.014  16.252 0.013  16.097 0.021  17.050 0.021  16.452 0.028
2006ep 13  00 41 22.66  +25 27 40.8   ---   ---    17.457 0.035  16.730 0.023  16.494 0.034  18.002 0.058  17.148 0.014
2006ep 14  00 41 42.25  +25 33 21.7  18.969 0.102  17.438 0.028  16.934 0.019  16.755 0.022  17.811 0.026  17.232 0.034
2006ep 15  00 41 20.91  +25 29 12.5   ---   ---    17.610 0.036  16.783 0.020  16.468 0.009  18.189 0.027  17.232 0.030
2006ep 16  00 41 37.92  +25 34 03.1   ---   ---    18.031 0.062  17.008 0.022  16.628 0.017  18.726 0.060  17.587 0.023
2006ep 17  00 41 32.97  +25 33 34.9   ---   ---    18.122 0.023  17.163 0.013  16.819 0.019  18.721 0.057  17.720 0.027
2006ep 18  00 41 42.28  +25 31 44.2  19.099 0.107  18.026 0.031  17.550 0.013  17.394 0.037  18.474 0.055  17.819 0.036
2006ep 19  00 41 39.11  +25 31 58.8   ---   ---    18.521 0.064  17.273 0.032  16.663 0.010  19.316 0.024  17.950 0.030
2006ep 20  00 41 23.01  +25 30 46.2   ---   ---    18.725 0.014  17.967 0.026  17.668 0.036  19.301 0.051  18.413 0.073
2006ep 21  00 41 13.09  +25 29 25.8   ---   ---    18.755 0.037  17.912 0.028  17.495 0.033  19.363 0.062  18.426 0.057
2006ep 22  00 41 44.81  +25 32 09.9   ---   ---    19.308 0.080  17.924 0.032  17.058 0.026  19.754 0.112  18.687 0.095
2006ep 23  00 41 39.72  +25 29 47.8  26.370 0.037  19.263 0.023  17.923 0.018  17.301 0.021  19.794 0.076  18.632 0.095
2006ep 24  00 41 29.50  +25 32 20.4  26.383 0.037  19.294 0.026  18.488 0.061  18.137 0.088  19.839 0.081  18.954 0.052
2006fo  4  02 32 32.10  +00 35 34.9  17.868 0.064  16.065 0.010  15.380 0.004  15.118 0.003  16.577 0.015  15.738 0.003
2006fo  5  02 32 37.04  +00 39 40.5   ---   ---    16.897 0.012  15.835 0.003  15.367 0.023  17.486 0.032  16.443 0.039
2006fo  6  02 32 27.14  +00 39 10.4   ---   ---    17.079 0.010  15.951 0.003  15.487 0.008  17.803 0.033  16.608 0.013
2006fo  7  02 32 52.89  +00 39 39.6  17.518 0.047  16.489 0.006  16.070 0.006  15.902 0.017  16.869 0.011  16.288 0.019
2006fo  8  02 32 24.29  +00 35 12.3  17.583 0.098  16.697 0.013  16.296 0.027  16.146 0.024  17.018 0.032  16.495 0.007
2006fo  9  02 32 35.12  +00 35 53.2   ---   ---    17.758 0.044  16.437 0.008  15.756 0.011  18.483 0.034  17.199 0.018
2006fo 10  02 32 44.18  +00 37 27.2  18.463 0.085  17.098 0.007  16.562 0.016  16.370 0.015  17.537 0.044  16.859 0.012
2006fo 11  02 32 41.42  +00 35 52.9   ---   ---    17.761 0.040  17.086 0.013  16.810 0.020  18.286 0.099  17.468 0.032
2006fo 12  02 32 30.71  +00 38 58.4   ---   ---    18.118 0.028  17.358 0.032  17.065 0.016  18.551 0.079  17.766 0.027
2006fo 13  02 32 49.60  +00 40 00.9   ---   ---    18.708 0.013  17.383 0.010  16.778 0.023  19.459 0.063  18.146 0.071
2006fo 14  02 32 48.05  +00 37 35.8  18.151 0.072  17.800 0.033  17.466 0.019  17.336 0.038  18.087 0.036  17.642 0.084
2006fo 15  02 32 39.39  +00 35 33.8   ---   ---    19.122 0.047  17.826 0.061  16.791 0.021   ---   ---     ---   ---
2006fo 16  02 32 25.64  +00 39 01.4   ---   ---    18.268 0.057  17.918 0.062  17.864 0.036  18.650 0.034  18.191 0.037
2006fo 17  02 32 50.10  +00 36 48.3   ---   ---    19.788 0.072  18.183 0.068  17.276 0.036   ---   ---     ---   ---
2006fo 18  02 32 30.50  +00 34 18.7   ---   ---    19.325 0.046  18.468 0.033  18.133 0.025   ---   ---     ---   ---
2006fo 19  02 32 38.03  +00 33 38.8   ---   ---    19.107 0.037  18.543 0.015  18.328 0.085  19.596 0.074  18.754 0.046
2006fo 20  02 32 51.97  +00 33 33.3   ---   ---    19.447 0.051  18.612 0.038  18.351 0.062  19.751 0.089  18.967 0.054
2006fo 21  02 32 31.67  +00 35 15.7   ---   ---    19.983 0.084  18.659 0.004  18.187 0.123   ---   ---     ---   ---
2006fo 22  02 32 43.84  +00 39 50.1   ---   ---     ---   ---    19.056 0.060  18.180 0.045   ---   ---     ---   ---
2006fo 23  02 32 45.30  +00 38 48.4   ---   ---     ---   ---    19.058 0.060  17.729 0.030   ---   ---     ---   ---
2006ir  3  23 04 40.13  +07 39 58.5  18.296 0.013  16.209 0.020  15.427 0.026  15.119 0.023  16.775 0.052  15.871 0.038
2006ir  4  23 04 43.24  +07 38 49.9   ---   ---    16.671 0.034  15.982 0.022  15.731 0.013  17.211 0.051  16.344 0.023
2006ir  5  23 04 24.39  +07 32 42.3  18.011 0.071  16.829 0.051  16.373 0.026  16.210 0.026  17.231 0.033  16.619 0.031
2006ir  6  23 04 33.19  +07 37 54.2  18.144 0.309  16.903 0.018  16.416 0.013  16.248 0.028  17.347 0.026  16.672 0.042
2006ir  7  23 04 39.76  +07 38 05.2  18.163 0.076  17.020 0.036  16.517 0.029  16.315 0.021  17.445 0.024  16.791 0.006
2006ir  8  23 04 47.32  +07 35 01.9   ---   ---    17.723 0.012  17.109 0.036  16.850 0.006  18.184 0.008  17.455 0.032
2006ir  9  23 04 34.24  +07 35 37.9   ---   ---    17.809 0.026  17.286 0.053  17.156 0.044  18.318 0.010  17.620 0.113
2006ir 10  23 04 30.18  +07 39 02.2   ---   ---    18.739 0.028  17.362 0.021  16.232 0.039  19.580 0.049  18.155 0.740
2006ir 11  23 04 31.80  +07 33 47.4   ---   ---    18.733 0.027  17.369 0.026  16.637 0.019  19.685 0.072  18.219 0.072
2006ir 12  23 04 35.22  +07 39 38.4   ---   ---    18.545 0.024  17.536 0.027  17.145 0.043  19.276 0.017  18.113 0.035
2006ir 13  23 04 33.01  +07 35 25.4   ---   ---    18.987 0.033  17.645 0.024  16.967 0.024  19.749 0.032  18.424 0.047
2006ir 14  23 04 30.46  +07 37 30.0   ---   ---    19.105 0.039  17.769 0.025  17.018 0.024  19.516 0.208  18.423 0.022
2006ir 15  23 04 21.31  +07 38 03.8   ---   ---    18.429 0.073  17.729 0.020  17.480 0.080  18.880 0.076  18.082 0.020
2006ir 16  23 04 33.84  +07 33 34.3   ---   ---    19.365 0.047  17.888 0.059  17.089 0.065   ---   ---     ---   ---
2006ir 17  23 04 50.25  +07 34 00.7   ---   ---    19.396 0.047  17.870 0.024  16.650 0.043   ---   ---     ---   ---
2006ir 18  23 04 43.34  +07 36 38.7   ---   ---    18.693 0.170  18.051 0.016  17.679 0.028  19.216 0.043  18.449 0.043
2006ir 19  23 04 29.89  +07 39 15.2   ---   ---    19.466 0.051  18.152 0.083  17.474 0.106   ---   ---     ---   ---
2006ir 20  23 04 47.76  +07 36 07.9   ---   ---    19.509 0.051  18.099 0.026  17.483 0.065   ---   ---     ---   ---
2006ir 21  23 04 21.90  +07 36 08.5   ---   ---    19.557 0.055  18.443 0.122  17.909 0.043   ---   ---     ---   ---
2006ir 22  23 04 22.02  +07 33 47.3   ---   ---    19.724 0.062  18.425 0.004  17.649 0.060   ---   ---     ---   ---
2006ir 23  23 04 23.91  +07 38 42.5   ---   ---    19.860 0.076  18.626 0.084  17.475 0.046   ---   ---     ---   ---
2006ir 24  23 04 39.01  +07 38 55.7   ---   ---    19.249 0.043  18.767 0.057  18.429 0.056  19.733 0.086  18.956 0.024
2006lc  1  22 44 38.89  -00 07 43.5   ---   ---    16.407 0.022  15.278 0.020  14.815 0.023  17.128 0.017  15.936 0.017
2006lc  2  22 44 33.07  -00 09 47.6  17.436 0.042  15.909 0.027  15.352 0.018  15.150 0.025  16.384 0.027  15.648 0.020
2006lc  3  22 44 20.51  -00 07 04.6  17.974 0.157  16.099 0.022  15.363 0.032  15.093 0.022  16.644 0.041  15.772 0.025
2006lc  4  22 44 39.29  -00 06 50.4  17.661 0.061  16.084 0.023  15.471 0.024  15.269 0.022  16.558 0.033  15.804 0.008
2006lc  5  22 44 13.58  -00 10 29.0   ---   ---    18.079 0.056  16.698 0.044  15.745 0.024  19.093 0.016  17.554 0.005
2006lc  6  22 44 36.52  -00 05 58.3   ---   ---    18.215 0.018  16.862 0.014  15.868 0.027  19.116 0.063  17.671 0.011
2006lc  7  22 44 16.12  -00 11 11.7   ---   ---    17.922 0.019  16.987 0.053  16.671 0.007  18.590 0.027  17.518 0.009
2006lc  8  22 44 18.90  -00 09 48.1   ---   ---    17.592 0.019  17.042 0.018  16.839 0.016  18.083 0.019  17.333 0.021
2006lc  9  22 44 27.24  -00 07 17.6   ---   ---    18.243 0.011  17.201 0.003  16.754 0.023  18.876 0.065  17.795 0.031
2006lc 10  22 44 29.08  -00 10 03.8   ---   ---    17.879 0.013  17.228 0.033  17.000 0.017  18.394 0.025  17.591 0.007
2006lc 11  22 44 16.50  -00 07 00.8   ---   ---    18.801 0.059  17.411 0.027  16.310 0.019  19.407 0.169  18.242 0.042
2006lc 12  22 44 23.34  -00 07 47.0   ---   ---    18.139 0.052  17.411 0.021  17.164 0.003  18.755 0.009  17.868 0.011
2006lc 13  22 44 20.81  -00 09 14.3   ---   ---    18.824 0.010  17.473 0.061  16.657 0.029  19.640 0.099  18.252 0.038
2006lc 14  22 44 14.83  -00 07 53.0   ---   ---    18.440 0.016  17.897 0.020  17.652 0.032  18.940 0.011  18.120 0.028
2006lc 16  22 44 14.24  -00 10 53.7   ---   ---    18.153 0.183  17.906 0.166  17.737 0.101  18.266 0.103  17.924 0.158
2006lc 17  22 44 32.93  -00 07 20.6   ---   ---    19.641 0.030  18.436 0.023  17.494 0.034   ---   ---     ---   ---
2006lc 18  22 44 18.00  -00 10 37.1   ---   ---    19.029 0.003  18.665 0.003  18.553 0.085  19.285 0.078  18.770 0.068
2006lc 19  22 44 25.80  -00 12 45.3   ---   ---    19.790 0.098  18.837 0.186  18.180 0.027   ---   ---     ---   ---
2006lc 20  22 44 34.58  -00 06 47.7   ---   ---    19.781 0.094  18.962 0.003  18.523 0.021   ---   ---     ---   ---
2006lc 21  22 44 12.97  -00 08 17.7   ---   ---     ---   ---    18.879 0.027  17.928 0.045   ---   ---     ---   ---
2006lc 22  22 44 34.86  -00 10 39.8   ---   ---     ---   ---    18.967 0.085  18.258 0.015   ---   ---     ---   ---
2006lc 23  22 44 24.19  -00 06 24.7   ---   ---    19.639 0.098  19.068 0.005  18.645 0.094   ---   ---     ---   ---
2006lc 25  22 44 34.81  -00 08 03.3   ---   ---    19.693 0.087  18.983 0.038  18.702 0.098   ---   ---     ---   ---
2006lc 26  22 44 17.65  -00 08 30.5   ---   ---     ---   ---     ---   ---    18.172 0.016   ---   ---     ---   ---
2006lc 27  22 44 29.19  -00 12 22.4   ---   ---     ---   ---    18.606 0.049  18.679 0.068   ---   ---     ---   ---
2006lc 28  22 44 27.55  -00 11 18.1   ---   ---     ---   ---     ---   ---    18.158 0.066   ---   ---     ---   ---
2007C   1  13 08 55.64  -06 50 10.6  17.521 0.044  15.518 0.011  14.705 0.010  14.353 0.015  16.098 0.009  15.144 0.003
2007C   2  13 08 48.07  -06 50 35.7  17.393 0.043  15.535 0.003  14.840 0.010  14.555 0.015  16.067 0.016  15.210 0.006
2007C   3  13 09 07.62  -06 44 17.2  16.987 0.041  15.493 0.015  14.978 0.012  14.837 0.010  15.932 0.018  15.255 0.006
2007C   4  13 08 39.66  -06 46 16.7  18.584 0.066  15.980 0.003  15.052 0.005  14.739 0.012  16.615 0.021  15.579 0.027
2007C   5  13 08 42.47  -06 44 44.3  18.937 0.086  16.259 0.007  14.886 0.010  14.095 0.015  17.080 0.020  15.677 0.007
2007C   6  13 09 08.37  -06 44 48.7  16.695 0.041  15.651 0.008  15.285 0.005  15.169 0.018  16.016 0.030  15.484 0.011
2007C   7  13 08 54.18  -06 45 28.8  19.230 0.100  16.471 0.019  15.323 0.006  14.884 0.020  17.180 0.045  15.989 0.009
2007C   8  13 09 00.55  -06 49 43.4  19.074 0.089  16.409 0.014  15.392 0.011  14.965 0.012  17.102 0.026  15.979 0.023
2007C   9  13 08 57.81  -06 49 35.1   ---   ---    17.069 0.007  16.161 0.022  15.812 0.023  17.687 0.041  16.697 0.006
2007C  10  13 08 36.40  -06 46 28.7  18.924 0.083  17.057 0.007  16.386 0.017  16.166 0.068  17.487 0.040  16.755 0.009
2007C  11  13 08 42.07  -06 43 12.0   ---   ---    17.532 0.053  16.566 0.010  16.198 0.045  18.123 0.016  17.144 0.016
2007C  12  13 08 51.46  -06 50 29.0  18.367 0.060  17.313 0.045  16.898 0.021  16.749 0.043  17.688 0.018  17.151 0.042
2007C  13  13 08 58.70  -06 49 49.6   ---   ---    17.810 0.005  16.570 0.022  16.064 0.019  18.516 0.033  17.243 0.090
2007C  14  13 08 35.76  -06 49 56.7   ---   ---    17.811 0.033  16.660 0.014  16.247 0.049  18.415 0.021  17.290 0.010
2007C  15  13 08 34.74  -06 49 10.7  18.879 0.081  17.656 0.012  17.154 0.020  16.945 0.013  18.032 0.008  17.453 0.003
2007C  16  13 08 50.84  -06 45 37.2   ---   ---    18.071 0.031  17.479 0.033  17.193 0.042  18.631 0.103  17.760 0.041
2007C  17  13 09 05.94  -06 42 28.7   ---   ---    18.094 0.096  17.417 0.054  17.189 0.046   ---   ---     ---   ---
2007C  18  13 09 00.66  -06 45 50.9  19.050 0.094  17.940 0.013  17.589 0.022  17.397 0.028  18.251 0.020  17.697 0.067
2007C  19  13 08 50.10  -06 50 25.6   ---   ---    18.177 0.043  17.416 0.037  17.116 0.009  18.743 0.060  17.890 0.037
2007C  20  13 08 51.85  -06 42 23.8   ---   ---    17.986 0.086  17.632 0.061  17.463 0.055   ---   ---     ---   ---
2007C  21  13 08 56.55  -06 43 10.1  19.031 0.093  18.117 0.012  17.801 0.063  17.703 0.003  18.326 0.054  17.961 0.005
2007C  22  13 08 41.93  -06 45 24.4   ---   ---    18.574 0.035  17.908 0.091  17.919 0.099  18.932 0.086  18.288 0.011
2007C  23  13 08 52.79  -06 47 48.2   ---   ---    18.753 0.061  18.539 0.043  18.302 0.061  19.068 0.060  18.727 0.013
2007C  24  13 08 45.22  -06 44 38.9   ---   ---    18.994 0.040  18.314 0.095  18.095 0.015   ---   ---     ---   ---
2007C  25  13 08 52.43  -06 42 49.8   ---   ---    19.252 0.051  18.463 0.039  17.956 0.044  19.664 0.098  18.660 0.315
2007Y   2  03 02 23.60  -22 49 49.4  17.299 0.121  15.977 0.021  15.456 0.012  15.255 0.022  16.396 0.022  15.743 0.018
2007Y   3  03 02 45.71  -22 49 38.0  17.315 0.005  16.124 0.007  15.701 0.007  15.537 0.010  16.555 0.045  15.936 0.015
2007Y   4  03 02 36.95  -22 50 09.6   ---   ---    16.653 0.021  15.432 0.012  14.891 0.016  17.359 0.037  16.159 0.007
2007Y   5  03 02 25.38  -22 55 55.1  17.931 0.080  16.642 0.038  16.247 0.023  16.089 0.021  17.011 0.041  16.472 0.016
2007Y   6  03 02 41.30  -22 50 59.9   ---   ---    17.183 0.028  15.957 0.013  15.438 0.018  17.850 0.037  16.671 0.009
2007Y   7  03 02 28.43  -22 53 08.4   ---   ---    17.006 0.036  16.447 0.022  16.276 0.036  17.468 0.033  16.734 0.028
2007Y   8  03 02 23.58  -22 52 02.7   ---   ---    17.401 0.038  16.905 0.027  16.730 0.022  17.842 0.070  17.202 0.022
2007Y   9  03 02 20.94  -22 56 21.4   ---   ---    17.552 0.019  16.871 0.025  16.616 0.023  18.013 0.060  17.231 0.022
2007Y  10  03 02 34.71  -22 50 39.3   ---   ---    17.588 0.041  17.024 0.034  16.717 0.062  18.140 0.079  17.344 0.043
2007Y  11  03 02 28.01  -22 51 28.1   ---   ---    17.788 0.063  16.953 0.019  16.668 0.016  18.336 0.026  17.396 0.056
2007Y  12  03 02 30.99  -22 50 25.0   ---   ---    17.667 0.058  17.330 0.045  17.237 0.037  17.909 0.047  17.543 0.042
2007Y  14  03 02 29.06  -22 56 44.3   ---   ---    18.195 0.043  16.934 0.024  16.170 0.037   ---   ---     ---   ---
2007Y  15  03 02 31.60  -22 55 34.0   ---   ---    18.453 0.063  17.136 0.027  16.461 0.038   ---   ---     ---   ---
2007Y  16  03 02 23.62  -22 51 17.4   ---   ---    18.450 0.113  17.705 0.054  17.434 0.027  18.975 0.100  18.179 0.038
2007Y  17  03 02 23.70  -22 55 06.3   ---   ---    18.789 0.099  17.521 0.007  16.780 0.036   ---   ---     ---   ---
2007Y  18  03 02 20.53  -22 51 32.4   ---   ---     ---   ---    17.618 0.051  16.916 0.027   ---   ---     ---   ---
2007Y  19  03 02 42.40  -22 54 59.5   ---   ---     ---   ---    17.512 0.034  16.403 0.014   ---   ---     ---   ---
2007Y  20  03 02 29.43  -22 55 36.1   ---   ---     ---   ---    17.782 0.006  16.478 0.030   ---   ---     ---   ---
2007ag  3  10 01 20.78  +21 40 24.1  16.337 0.157  14.804 0.041  14.355 0.018  14.069 0.041  15.247 0.111  14.807 0.284
2007ag  4  10 01 45.56  +21 33 45.6  16.929 0.139  15.911 0.050  15.585 0.058  15.431 0.053  16.186 0.127  15.969 0.278
2007ag  6  10 01 39.69  +21 37 55.3  17.791 0.081  16.155 0.051  15.616 0.052  15.429 0.046  16.599 0.106  16.154 0.275
2007ag  7  10 01 24.34  +21 40 54.8   ---   ---    16.860 0.050  16.441 0.034  16.285 0.019  17.302 0.102  17.178 0.066
2007ag  8  10 01 35.64  +21 34 15.6  18.073 0.072  16.980 0.038  16.527 0.031  16.347 0.065  17.394 0.068  16.975 0.240
2007ag  9  10 01 52.41  +21 34 48.3   ---   ---    17.331 0.078  16.489 0.046  16.188 0.067  17.912 0.108  17.263 0.336
2007ag 10  10 01 24.50  +21 37 34.5   ---   ---    17.423 0.027  16.601 0.035  16.316 0.035  17.986 0.070  17.260 0.227
2007ag 11  10 01 41.91  +21 39 02.1   ---   ---    18.032 0.024  17.248 0.034  17.054 0.086  18.542 0.047  17.614 0.027
2007ag 12  10 01 29.90  +21 40 55.1   ---   ---    17.952 0.050  17.040 0.034  16.733 0.054   ---   ---     ---   ---
2007ag 13  10 01 20.60  +21 36 55.8   ---   ---    18.112 0.119  16.681 0.047  15.021 0.049  19.096 0.060  17.592 0.177
2007ag 14  10 01 45.12  +21 37 53.3   ---   ---    17.704 0.027  17.018 0.045  16.823 0.045  18.135 0.096  17.384 0.023
2007ag 15  10 01 29.61  +21 32 59.4   ---   ---    17.514 0.088  17.259 0.098  17.175 0.125  17.813 0.011  17.355 0.024
2007ag 16  10 01 30.79  +21 34 24.6   ---   ---    18.114 0.273  16.910 0.033  16.067 0.030  18.931 0.058  17.592 0.025
2007ag 17  10 01 28.55  +21 36 39.9   ---   ---    18.214 0.032  17.293 0.080  16.864 0.054  18.904 0.060  17.825 0.030
2007ag 18  10 01 54.62  +21 35 51.8   ---   ---    18.331 0.207  17.395 0.104  17.023 0.081   ---   ---     ---   ---
2007ag 19  10 01 27.55  +21 39 58.0   ---   ---    18.276 0.086  18.035 0.059  17.967 0.046  18.699 0.054  18.141 0.040
2007ag 20  10 01 27.83  +21 35 30.2   ---   ---    18.158 0.085  17.902 0.108  17.769 0.058  18.522 0.048  18.121 0.039
2007ag 21  10 01 46.65  +21 39 20.4   ---   ---    18.779 0.039  17.741 0.056  17.379 0.068   ---   ---     ---   ---
2007ag 22  10 01 38.91  +21 39 04.5   ---   ---    18.597 0.034  17.980 0.063  17.610 0.134  19.031 0.070  18.362 0.049
2007ag 23  10 01 41.36  +21 36 35.8   ---   ---    19.191 0.055  17.885 0.010  16.781 0.037   ---   ---     ---   ---
2007ag 24  10 01 33.33  +21 37 25.1   ---   ---    19.063 0.048  18.352 0.024  18.376 0.085  19.393 0.092  18.626 0.061
2007ag 25  10 01 47.82  +21 34 24.6   ---   ---    19.438 0.070  17.981 0.017  17.130 0.061   ---   ---     ---   ---
2007hn  1  21 02 53.25  -04 02 36.1  18.809 0.066  16.041 0.016  15.003 0.017  14.568 0.020  16.706 0.007  15.574 0.022
2007hn  2  21 02 53.22  -04 03 53.7  17.059 0.076  15.182 0.029  14.559 0.017  14.326 0.020  15.683 0.032  14.887 0.028
2007hn  3  21 03 04.89  -04 04 46.7  16.555 0.032  15.145 0.015  14.663 0.017  14.518 0.020  15.560 0.017  14.925 0.039
2007hn  6  21 03 03.15  -04 06 06.5  18.373 0.043  15.947 0.039  15.069 0.017  14.770 0.039  16.539 0.015  15.544 0.028
2007hn  7  21 02 44.10  -04 03 17.6  18.174 0.043  16.084 0.042  15.322 0.041  14.988 0.017  16.678 0.011  15.717 0.040
2007hn  8  21 02 44.68  -04 05 35.2  17.096 0.032  15.902 0.013  15.461 0.031  15.287 0.013  16.274 0.034  15.683 0.020
2007hn  9  21 02 50.99  -04 07 24.0  17.123 0.056  15.933 0.022  15.487 0.019  15.327 0.031  16.332 0.013  15.703 0.019
2007hn 10  21 02 50.83  -04 06 31.8  17.979 0.044  16.305 0.024  15.643 0.023  15.392 0.027  16.797 0.023  16.008 0.022
2007hn 11  21 03 05.01  -04 03 39.9  18.253 0.006  16.499 0.037  15.812 0.004  15.542 0.029  16.997 0.038  16.169 0.016
2007hn 13  21 02 40.73  -04 06 50.0   ---   ---    17.316 0.109  16.133 0.030  15.621 0.021  18.009 0.020  16.814 0.005
2007hn 14  21 02 45.24  -04 07 12.9  18.068 0.651  16.789 0.042  16.147 0.012  15.891 0.017  17.273 0.037  16.477 0.029
2007hn 15  21 02 53.31  -04 03 15.7  17.804 0.042  16.602 0.065  16.138 0.023  15.964 0.029  17.004 0.006  16.375 0.024
2007hn 16  21 02 39.21  -04 02 44.4  18.103 0.066  16.673 0.036  16.198 0.029  16.016 0.014  17.065 0.016  16.426 0.036
2007hn 17  21 02 52.26  -04 05 11.1  18.222 0.037  16.942 0.082  16.460 0.019  16.297 0.013  17.335 0.067  16.716 0.020
2007hn 18  21 02 46.31  -04 02 45.6   ---   ---    17.571 0.061  16.695 0.018  16.340 0.010  18.143 0.078  17.195 0.018
2007hn 19  21 02 57.35  -04 06 15.9  18.209 0.054  17.012 0.036  16.571 0.005  16.403 0.023  17.380 0.003  16.789 0.032
2007hn 20  21 02 43.07  -04 03 44.7  18.156 0.134  17.126 0.072  16.732 0.024  16.566 0.008  17.454 0.042  16.917 0.009
2007hn 21  21 02 56.39  -04 07 55.4   ---   ---    17.637 0.076  16.889 0.004  16.635 0.042  18.140 0.037  17.286 0.022
2007hn 22  21 02 45.28  -04 07 38.7  19.005 0.087  17.819 0.070  17.333 0.015  17.173 0.030  18.239 0.017  17.553 0.023
2007hn 23  21 03 04.18  -04 06 30.5  19.189 0.099  17.881 0.059  17.379 0.010  17.163 0.008  18.360 0.025  17.690 0.037
2007hn 24  21 03 01.07  -04 02 55.4   ---   ---    18.428 0.093  17.575 0.013  17.197 0.033  18.971 0.025  18.095 0.034
2007hn 26  21 02 37.12  -04 05 06.7   ---   ---    18.412 0.089  17.850 0.019  17.611 0.019  18.689 0.089  18.157 0.024
2007hn 27  21 02 42.53  -04 04 20.0  17.682 0.049  19.895 0.115  18.698 0.086  17.631 0.021   ---   ---     ---   ---
2007hn 28  21 02 45.77  -04 03 43.5   ---   ---     ---   ---    19.211 0.015  17.681 0.037   ---   ---     ---   ---
2007hn 29  21 02 59.25  -04 08 22.2   ---   ---    20.333 0.100  19.232 0.067  17.725 0.024   ---   ---     ---   ---
2007kj  1  00 01 16.21  +13 07 19.8  15.771 0.026  14.534 0.021  14.103 0.024  13.938 0.020  14.923 0.017  14.325 0.007
2007kj  2  00 01 16.52  +13 07 02.5  16.861 0.068  15.443 0.026  14.895 0.033  14.703 0.052  15.866 0.013  15.172 0.006
2007kj  3  00 01 13.13  +13 08 02.5  17.479 0.083  15.631 0.020  14.876 0.036  14.550 0.058  16.182 0.018  15.292 0.007
2007kj  4  00 01 11.85  +13 09 36.6  17.155 0.069  15.772 0.017  15.249 0.033  15.052 0.056  16.198 0.029  15.510 0.010
2007kj  5  00 01 35.81  +13 06 02.7  17.499 0.101  16.146 0.013  15.654 0.035  15.479 0.044  16.542 0.026  15.921 0.010
2007kj  6  00 01 08.30  +13 05 16.3  17.641 0.104  16.345 0.020  15.853 0.030  15.653 0.039  16.750 0.026  16.113 0.018
2007kj  7  00 01 20.59  +13 04 00.2   ---   ---    17.120 0.085  15.750 0.032  15.068 0.053  17.931 0.034  16.522 0.004
2007kj  8  00 01 07.50  +13 02 33.3  19.127 0.104  17.222 0.035  16.372 0.016  16.057 0.030  17.840 0.026  16.863 0.014
2007kj  9  00 01 14.20  +13 03 04.1   ---   ---    17.879 0.060  16.519 0.024  15.452 0.053  18.790 0.239  17.321 0.054
2007kj 10  00 01 28.58  +13 10 13.9   ---   ---    17.958 0.104  16.567 0.030  15.330 0.051  18.852 0.015  17.356 0.039
2007kj 11  00 01 08.23  +13 08 14.9   ---   ---    18.186 0.387  17.895 0.292  17.786 0.252  18.396 0.461  18.108 0.188
2007kj 12  00 01 32.00  +13 08 39.5  19.028 0.100  17.708 0.034  17.193 0.029  16.972 0.043  18.139 0.023  17.494 0.010
2007kj 13  00 01 12.87  +13 09 08.9   ---   ---    17.872 0.041  17.188 0.038  16.915 0.051  18.470 0.047  17.588 0.016
2007kj 14  00 01 28.63  +13 06 21.5  17.410 0.063  17.997 0.030  17.571 0.027  17.437 0.076  18.370 0.013  17.779 0.073
2007kj 15  00 01 15.89  +13 03 09.2   ---   ---    18.470 0.046  17.352 0.011  16.895 0.038  19.101 0.073  18.005 0.059
2007kj 16  00 01 33.56  +13 10 19.2   ---   ---    18.424 0.045  17.687 0.056  17.352 0.045  18.924 0.090  18.014 0.013
2007kj 17  00 01 20.34  +13 08 18.6   ---   ---    18.521 0.062  18.159 0.037  17.997 0.065  18.899 0.026  18.366 0.031
2007kj 18  00 01 06.62  +13 06 57.8   ---   ---    18.842 0.053  18.021 0.045  17.682 0.089  19.351 0.088  18.473 0.012
2007kj 19  00 01 23.81  +13 04 31.1   ---   ---    19.224 0.058  17.940 0.046  16.580 0.094   ---   ---     ---   ---
2007kj 20  00 01 07.83  +13 09 05.1   ---   ---    19.273 0.042  17.939 0.048  16.818 0.063   ---   ---     ---   ---
2007kj 21  00 01 22.65  +13 07 26.7   ---   ---    19.325 0.252  18.376 0.086  17.495 0.050   ---   ---     ---   ---
2007kj 22  00 01 06.63  +13 05 25.5   ---   ---    19.484 0.052  18.659 0.094  18.379 0.046   ---   ---     ---   ---
2007kj 23  00 01 20.49  +13 10 09.0   ---   ---     ---   ---    18.824 0.035  17.783 0.069   ---   ---     ---   ---
2007rz  4  04 31 04.89  +07 40 13.0  16.777 0.024  15.429 0.012  14.908 0.025  14.692 0.025  15.852 0.007  15.193 0.010
2007rz  5  04 31 24.62  +07 37 35.8  16.841 0.030  15.610 0.014  15.273 0.011  15.165 0.005  15.958 0.018  15.445 0.008
2007rz  6  04 31 00.08  +07 38 03.4  18.089 0.088  15.909 0.006  15.046 0.008  14.679 0.003  16.549 0.013  15.530 0.013
2007rz  7  04 30 57.88  +07 39 28.5  17.436 0.066  16.119 0.006  15.689 0.012  15.502 0.011  16.512 0.008  15.939 0.019
2007rz  8  04 31 17.56  +07 40 22.6  17.935 0.140  16.325 0.011  15.716 0.010  15.450 0.013  16.817 0.024  16.044 0.014
2007rz  9  04 31 01.87  +07 36 36.0  17.668 0.079  16.452 0.017  15.961 0.009  15.761 0.008  16.869 0.017  16.221 0.010
2007rz 10  04 30 57.49  +07 33 55.5  17.799 0.124  16.673 0.010  15.975 0.017  15.626 0.004  17.201 0.058  16.353 0.011
2007rz 11  04 30 58.84  +07 40 52.7  18.272 0.076  16.966 0.024  16.458 0.007  16.234 0.013  17.399 0.069  16.750 0.038
2007rz 12  04 31 10.99  +07 39 46.0   ---   ---    17.172 0.025  16.369 0.018  16.035 0.010  17.784 0.139  16.827 0.022
2007rz 13  04 31 12.47  +07 34 12.8   ---   ---    17.162 0.020  16.580 0.024  16.353 0.010  17.642 0.047  16.890 0.056
2007rz 14  04 30 56.75  +07 38 42.4  18.627 0.102  17.631 0.003  17.116 0.005  16.921 0.016  17.972 0.009  17.401 0.025
2007rz 15  04 31 02.92  +07 33 51.9   ---   ---    17.426 0.076  17.041 0.039  16.862 0.018  17.856 0.032  17.301 0.033
2007rz 16  04 31 25.89  +07 36 18.7   ---   ---    18.204 0.022  17.505 0.037  17.245 0.059  18.685 0.030  17.866 0.015
2007rz 17  04 31 05.66  +07 37 35.4   ---   ---    18.362 0.023  17.574 0.041  17.306 0.034  18.945 0.078  18.007 0.053
2007rz 18  04 31 11.15  +07 38 08.2   ---   ---    18.503 0.212  17.782 0.068  17.503 0.125  18.835 0.052  18.098 0.038
2007rz 19  04 31 15.77  +07 38 43.0   ---   ---    18.523 0.024  18.053 0.040  17.885 0.060  18.895 0.027  18.300 0.024
2007rz 20  04 31 03.12  +07 39 40.0   ---   ---    18.679 0.042  17.969 0.045  17.694 0.044  19.226 0.056  18.321 0.058
2007rz 21  04 31 21.02  +07 38 59.0   ---   ---    18.972 0.026  17.930 0.058  17.508 0.047  19.756 0.087  18.519 0.182
2008aq  3  12 50 29.93  -10 48 50.5  17.055 0.041  15.133 0.011  14.930 0.009  14.843 0.009  15.599 0.022  14.832 0.036
2008aq  4  12 50 15.72  -10 53 56.1  17.230 0.064  15.820 0.019  15.342 0.005  15.201 0.012  16.220 0.016  15.605 0.036
2008aq  5  12 50 44.26  -10 49 01.8  18.126 0.115  16.431 0.015  15.865 0.018  15.684 0.014  16.864 0.022  16.183 0.029
2008aq  6  12 50 39.19  -10 47 49.3  17.864 0.052  16.593 0.012  16.121 0.011  15.947 0.011  16.962 0.062  16.391 0.038
2008aq  7  12 50 16.07  -10 47 57.3  19.388 0.101  16.953 0.023  15.944 0.008  15.551 0.015  17.522 0.067  16.544 0.038
2008aq  8  12 50 39.34  -10 47 26.6  18.202 0.053  16.901 0.013  16.444 0.017  16.263 0.018  17.311 0.036  16.704 0.034
2008aq  9  12 50 27.38  -10 52 29.0  18.377 0.008  17.494 0.021  17.175 0.047  17.057 0.020  17.763 0.044  17.349 0.067
2008aq 10  12 50 14.92  -10 54 01.7  18.631 0.065  17.668 0.005  17.283 0.017  17.159 0.019  18.044 0.059  17.490 0.035
2008aq 11  12 50 24.17  -10 54 58.5  19.118 0.085  18.035 0.024  17.540 0.024  17.360 0.050  18.494 0.073  17.835 0.043
2008aq 12  12 50 24.67  -10 54 07.0   ---   ---    18.154 0.034  17.697 0.037  17.564 0.045  18.450 0.031  17.956 0.067
2008aq 13  12 50 25.86  -10 52 40.3   ---   ---    18.655 0.043  18.209 0.058  18.116 0.065  18.916 0.089  18.434 0.067
2008aq 14  12 50 38.26  -10 54 48.8   ---   ---    18.827 0.038  17.510 0.040  16.738 0.032  19.614 0.054  18.235 0.053
2008aq 15  12 50 45.23  -10 55 15.0   ---   ---    19.000 0.026  17.850 0.041  17.340 0.010  19.843 0.064  18.551 0.059
2008aq 16  12 50 45.40  -10 52 55.1   ---   ---    19.400 0.024  18.075 0.043  17.328 0.030  20.321 0.092  18.789 0.026
2008gc  1  02 10 10.74  -53 44 47.0  18.731 0.063  16.369 0.024  15.423 0.032  15.060 0.027  16.975 0.026  15.926 0.034
2008gc  2  02 10 58.93  -53 45 15.3  18.371 0.223  16.393 0.019  15.610 0.024  15.320 0.024  16.920 0.046  16.049 0.034
2008gc  3  02 10 18.13  -53 44 36.7  17.479 0.027  16.207 0.021  15.748 0.023  15.555 0.030  16.616 0.027  15.980 0.040
2008gc  4  02 10 33.25  -53 45 55.5  19.331 0.097  16.885 0.026  15.943 0.025  15.607 0.026  17.501 0.031  16.488 0.032
2008gc  5  02 10 30.81  -53 48 35.6   ---   ---    17.672 0.052  16.369 0.026  15.787 0.039  18.449 0.066  17.117 0.045
2008gc  6  02 10 34.62  -53 42 26.6   ---   ---    18.436 0.085  17.025 0.023  16.163 0.019  19.129 0.071  17.841 0.051
2008gc  7  02 10 46.49  -53 47 20.6  18.175 0.143  16.808 0.026  16.303 0.022  16.154 0.030  17.232 0.041  16.553 0.048
2008gc  8  02 10 07.80  -53 46 38.4   ---   ---    18.081 0.032  16.875 0.020  16.339 0.015  18.763 0.045  17.599 0.048
2008gc  9  02 10 06.40  -53 47 40.6   ---   ---    18.077 0.022  16.881 0.019  16.389 0.029  18.841 0.047   ---   ---
2008gc 10  02 10 21.02  -53 49 43.6  17.965 0.085  16.844 0.028  16.571 0.026  16.499 0.020  17.164 0.037  16.723 0.031
2008gc 11  02 10 43.10  -53 46 56.4   ---   ---    18.239 0.027  17.147 0.027  16.651 0.031  18.908 0.050  17.787 0.065
2008gc 12  02 10 41.44  -53 45 42.4   ---   ---    19.204 0.065  17.828 0.027  16.617 0.037  20.115 0.097  18.599 0.173
2008gc 13  02 10 34.91  -53 49 44.5  19.469 0.105  17.726 0.031  17.018 0.027  16.741 0.031  18.297 0.106  17.433 0.054
2008gc 14  02 10 44.05  -53 47 54.6   ---   ---    18.706 0.154  17.435 0.039  16.815 0.026  19.681 0.098  18.134 0.095
2008gc 15  02 10 54.88  -53 47 46.8  18.862 0.070  17.602 0.029  17.029 0.033  16.828 0.018  18.052 0.022  17.348 0.048
2008gc 16  02 11 00.91  -53 43 59.8   ---   ---    19.396 0.060  18.168 0.037  16.925 0.037  20.141 0.152  18.920 0.027
2008gc 18  02 10 15.13  -53 42 21.5  19.229 0.094  18.242 0.066  17.762 0.037  17.537 0.070  18.710 0.033  18.083 0.042
2008gc 19  02 10 15.72  -53 49 49.3   ---   ---    18.672 0.072  18.133 0.070  17.888 0.081  19.105 0.085  18.461 0.084
2008gc 20  02 10 52.02  -53 46 46.6   ---   ---    20.761 0.200  19.213 0.070  17.881 0.110   ---   ---     ---   ---
2008gc 21  02 10 21.83  -53 45 37.8   ---   ---    20.173 0.079  19.027 0.131  17.953 0.044   ---   ---     ---   ---
2008gc 22  02 10 34.90  -53 44 17.4   ---   ---    20.181 0.080  18.995 0.085  18.289 0.051   ---   ---     ---   ---
2008gc 23  02 10 18.07  -53 48 52.8   ---   ---    20.084 0.070  19.184 0.052  18.389 0.113   ---   ---     ---   ---
2008gc 24  02 10 48.30  -53 44 32.1   ---   ---    19.707 0.084  18.956 0.067  18.559 0.057  20.182 0.114  19.371 0.088
2008gc 25  02 10 41.04  -53 46 08.5   ---   ---     ---   ---     ---   ---    19.276 0.067   ---   ---     ---   ---
2008gc 26  02 10 14.18  -53 45 04.2   ---   ---    20.504 0.112  19.420 0.079  19.375 0.086   ---   ---     ---   ---
2008gc 27  02 10 38.87  -53 46 35.0   ---   ---    20.733 0.186  19.668 0.091  19.530 0.136  18.674 0.145   ---   ---
2008gc 28  02 10 51.28  -53 43 09.3   ---   ---     ---   ---    19.855 0.094  19.341 0.091  20.301 0.184   ---   ---
2008hh  5  01 26 17.42  +11 29 42.3  17.719 0.140  16.023 0.040  15.392 0.024  15.158 0.045  16.528 0.031  15.700 0.074
2008hh  6  01 25 48.68  +11 28 16.7  17.845 0.056  16.328 0.026  15.831 0.013  15.643 0.012  16.837 0.019  16.148 0.015
2008hh  7  01 26 06.81  +11 28 42.5  18.832 0.096  16.662 0.005  15.991 0.031  15.725 0.046  17.288 0.024  16.373 0.047
2008hh  8  01 26 17.76  +11 29 52.1  17.790 0.022  16.764 0.007  16.505 0.032  16.436 0.059  17.045 0.060  16.703 0.043
2008hh  9  01 26 08.04  +11 28 05.2   ---   ---    17.408 0.004  16.524 0.039  16.234 0.037  17.877 0.088  17.071 0.007
2008hh 10  01 26 07.97  +11 23 28.2  18.293 0.068  17.122 0.017  16.650 0.013  16.480 0.035  17.528 0.031  16.964 0.003
2008hh 11  01 26 00.08  +11 27 35.7   ---   ---    18.060 0.066  17.196 0.055  16.826 0.025  18.823 0.045  17.684 0.096
2008hh 12  01 26 14.01  +11 29 40.7   ---   ---    17.915 0.057  17.434 0.006  17.207 0.077  18.422 0.035  17.734 0.024
2008hh 13  01 26 01.74  +11 25 08.6   ---   ---    18.515 0.100  17.818 0.015  17.653 0.045  19.060 0.057  18.222 0.035
2008hh 14  01 25 49.93  +11 24 11.1   ---   ---     ---   ---    18.006 0.062  17.745 0.061  19.098 0.059  18.308 0.038
2008hh 15  01 26 07.40  +11 25 13.9   ---   ---     ---   ---    17.940 0.025  17.254 0.005   ---   ---     ---   ---
2008hh 16  01 25 50.32  +11 27 54.4   ---   ---     ---   ---    18.108 0.031  17.703 0.093   ---   ---     ---   ---
2008hh 17  01 25 52.79  +11 30 31.8   ---   ---     ---   ---    18.383 0.035  17.017 0.040   ---   ---     ---   ---
2008hh 19  01 26 06.66  +11 22 57.8   ---   ---     ---   ---    18.446 0.094  17.398 0.003   ---   ---     ---   ---
2008hh 20  01 26 16.49  +11 26 43.5   ---   ---     ---   ---    18.401 0.094  18.080 0.030   ---   ---     ---   ---
2008hh 21  01 25 54.32  +11 25 01.4   ---   ---     ---   ---    18.523 0.097  18.226 0.038  19.634 0.094  18.966 0.062
2008hh 23  01 26 13.51  +11 23 56.3   ---   ---     ---   ---     ---   ---    17.849 0.034   ---   ---     ---   ---
2008hh 25  01 25 59.47  +11 28 26.0   ---   ---     ---   ---     ---   ---    17.768 0.035   ---   ---     ---   ---
2009K   2  04 36 53.66  -00 11 25.4  15.927 0.030  14.505 0.017  14.056 0.017  13.911 0.011  14.894 0.026  14.264 0.021
2009K   3  04 36 32.74  -00 09 47.4  17.395 0.027  16.025 0.015  15.555 0.023  15.401 0.023  16.438 0.019  15.809 0.028
2009K   4  04 36 45.48  -00 12 19.3  17.345 0.023  16.088 0.022  15.617 0.023  15.473 0.018  16.467 0.024  15.847 0.030
2009K   5  04 36 28.79  -00 05 15.8  17.081 0.030  15.975 0.029  15.635 0.018  15.520 0.031  16.309 0.035  15.801 0.024
2009K   6  04 36 50.06  -00 06 32.3   ---   ---    16.826 0.016  15.675 0.020  15.204 0.022  17.482 0.051  16.353 0.030
2009K   7  04 36 43.48  -00 04 29.1  18.103 0.205  16.413 0.045  15.692 0.019  15.338 0.031  16.909 0.034  16.120 0.027
2009K   8  04 36 38.16  -00 07 05.5   ---   ---    17.384 0.046  16.316 0.039  15.795 0.040  17.983 0.071  16.932 0.036
2009K   9  04 36 25.65  -00 04 34.4  18.463 0.089  17.032 0.050  16.406 0.025  16.157 0.030  17.497 0.041  16.755 0.018
2009K  10  04 36 40.57  -00 10 59.2   ---   ---    17.390 0.042  16.531 0.016  16.262 0.032  17.929 0.090  17.041 0.036
2009K  11  04 36 35.44  -00 10 21.4   ---   ---    17.255 0.014  16.577 0.030  16.345 0.025  17.823 0.058  16.978 0.031
2009K  12  04 36 33.29  -00 10 38.9   ---   ---    17.992 0.067  16.713 0.031  16.041 0.020  18.660 0.081  17.435 0.059
2009K  13  04 36 28.94  -00 06 49.1   ---   ---    17.507 0.032  16.884 0.021  16.656 0.030  17.886 0.069  17.185 0.026
2009K  14  04 36 47.31  -00 06 36.3   ---   ---    18.110 0.059  16.916 0.033  16.342 0.022  18.649 0.098  17.583 0.057
2009K  15  04 36 45.48  -00 07 30.6   ---   ---    18.242 0.110  17.008 0.037  16.136 0.027  19.105 0.058  17.747 0.083
2009K  16  04 36 23.81  -00 09 08.1   ---   ---    17.851 0.031  17.191 0.028  16.967 0.021  18.277 0.045  17.521 0.032
2009K  17  04 36 30.36  -00 07 47.7   ---   ---    18.479 0.053  17.294 0.035  16.830 0.036  19.139 0.115  18.002 0.055
2009K  18  04 36 51.61  -00 09 51.6   ---   ---    18.001 0.058  17.531 0.072  17.347 0.016  18.344 0.079  17.744 0.067
2009K  19  04 36 23.94  -00 09 57.8   ---   ---    18.542 0.057  17.697 0.015  17.354 0.046  18.976 0.032  18.135 0.052
2009Z   1  14 01 43.02  -01 20 05.2   ---   ---     ---   ---     ---   ---    14.226 0.021  16.002 0.031  15.052 0.030
2009Z   2  14 02 06.78  -01 22 24.6  17.189 0.082  15.553 0.032  15.001 0.018  14.848 0.027  16.005 0.030  15.302 0.028
2009Z   3  14 01 42.60  -01 22 56.1  18.553 0.051  16.074 0.036  15.147 0.030  14.800 0.035  16.689 0.030  15.673 0.027
2009Z   4  14 02 08.63  -01 20 50.2  17.140 0.042  15.886 0.031  15.452 0.028  15.299 0.032  16.297 0.040  15.679 0.035
2009Z   5  14 01 58.16  -01 19 14.7   ---   ---    16.934 0.058  15.585 0.027  14.813 0.032  17.761 0.041  16.369 0.041
2009Z   6  14 02 02.67  -01 19 19.4  18.540 0.062  16.404 0.038  15.651 0.031  15.363 0.028  16.972 0.027  16.084 0.035
2009Z   7  14 01 37.14  -01 16 33.1   ---   ---    17.028 0.034  15.653 0.039  14.788 0.030  17.894 0.082  16.442 0.025
2009Z   8  14 01 49.50  -01 17 52.4  19.138 0.049  16.914 0.047  16.056 0.028  15.765 0.037  17.484 0.062  16.539 0.016
2009Z   9  14 02 10.10  -01 19 44.5  19.268 0.021  17.107 0.033  16.213 0.027  15.852 0.019  17.711 0.054  16.732 0.047
2009Z  10  14 01 44.64  -01 22 06.1  18.520 0.147  16.893 0.029  16.304 0.027  16.113 0.025  17.385 0.032  16.647 0.046
2009Z  11  14 01 50.17  -01 20 12.7  17.483 0.059  16.484 0.032  16.376 0.039  16.362 0.045  16.704 0.037  16.415 0.031
2009Z  12  14 01 43.09  -01 17 28.0  18.162 0.076  17.136 0.038  16.665 0.030  16.505 0.020  17.496 0.081  16.922 0.056
2009Z  13  14 01 47.83  -01 18 27.1  19.143 0.057  17.347 0.015  16.701 0.030  16.440 0.038  17.878 0.066  17.047 0.047
2009Z  14  14 01 52.61  -01 21 35.4  18.616 0.057  18.034 0.049  16.746 0.041  16.081 0.034  18.886 0.107  17.553 0.082
2009Z  15  14 02 01.60  -01 24 39.7  18.627 0.050  17.245 0.022  16.766 0.013  16.591 0.005  17.671 0.036  17.040 0.031
2009Z  16  14 01 48.65  -01 18 20.2  18.552 0.076  17.402 0.064  16.988 0.032  16.839 0.022  17.810 0.052  17.211 0.058
2009Z  17  14 02 08.48  -01 19 51.0  19.203 0.451  17.757 0.073  17.162 0.035  16.928 0.039  18.194 0.040  17.473 0.053
2009Z  18  14 02 00.71  -01 20 12.2   ---   ---    18.084 0.047  17.224 0.053  16.888 0.027  18.670 0.064  17.754 0.052
2009Z  19  14 01 42.15  -01 23 59.4  18.553 0.100  17.645 0.061  17.235 0.038  17.081 0.023  17.980 0.092  17.421 0.048
2009Z  20  14 01 46.81  -01 17 16.0   ---   ---    18.453 0.064  17.181 0.022  16.393 0.032  19.417 0.088  17.891 0.084
2009Z  21  14 02 02.57  -01 17 18.6  18.768 0.147  17.904 0.044  17.529 0.043  17.391 0.050  18.176 0.095  17.752 0.066
2009Z  22  14 02 05.38  -01 20 20.4   ---   ---    18.977 0.084  17.623 0.073  16.638 0.045  19.840 0.095  18.399 0.072
2009Z  23  14 01 50.78  -01 22 26.5  18.969 0.015  18.102 0.046  17.720 0.070  17.571 0.036  18.318 0.056  17.919 0.071
2009Z  24  14 01 54.11  -01 18 40.0  18.604 0.058  18.328 0.026  17.750 0.058  17.546 0.032  18.772 0.037  18.071 0.084
2009Z  25  14 01 50.59  -01 23 06.5   ---   ---    18.591 0.063  18.253 0.077  17.997 0.055  18.970 0.055  18.385 0.062
2009bb  1  10 31 45.36  -40 00 42.7   ---   ---     ---   ---     ---   ---    14.133 0.003  15.231 0.020  14.538 0.027
2009bb  8  10 31 50.94  -39 57 50.1  17.171 0.075  15.374 0.024  14.666 0.008  14.408 0.016  15.896 0.018  15.056 0.023
2009bb  9  10 31 20.93  -39 59 52.5  17.068 0.038  15.330 0.027  14.715 0.009  14.527 0.015  15.821 0.028  15.043 0.021
2009bb 10  10 31 48.01  -39 54 23.7  16.309 0.034  15.144 0.016  14.749 0.009  14.614 0.015  15.500 0.022  14.954 0.022
2009bb 11  10 31 33.87  -40 00 09.7  16.993 0.074  15.377 0.021  14.818 0.019  14.656 0.014  15.840 0.030  15.107 0.024
2009bb 12  10 31 26.27  -39 56 48.2  16.613 0.037  15.329 0.024  14.869 0.023  14.726 0.020  15.728 0.024  15.101 0.021
2009bb 13  10 31 45.75  -39 56 32.2  16.760 0.044  15.429 0.020  14.982 0.017  14.846 0.019  15.820 0.027  15.211 0.023
2009bb 14  10 31 51.47  -39 54 42.6  17.148 0.057  15.787 0.019  15.245 0.024  15.029 0.021  16.240 0.027  15.531 0.022
2009bb 15  10 31 51.93  -39 54 27.9  17.470 0.147  15.870 0.020  15.256 0.024  15.002 0.020  16.358 0.022  15.581 0.025
2009bb 16  10 31 24.01  -39 59 29.9  17.637 0.048  15.919 0.021  15.339 0.023  15.152 0.021  16.403 0.030  15.646 0.024
2009bb 17  10 31 14.06  -39 58 45.6  17.714 0.066  15.963 0.017  15.356 0.018  15.145 0.023  16.446 0.014  15.674 0.020
2009bb 18  10 31 16.58  -39 56 39.7  16.887 0.088  15.770 0.095  15.389 0.102  15.257 0.098  16.131 0.096  15.622 0.104
2009bb 19  10 31 18.86  -39 57 51.3  17.559 0.047  16.042 0.021  15.477 0.015  15.278 0.021  16.496 0.030  15.776 0.020
2009bb 20  10 31 23.85  -39 54 50.4  17.437 0.048  16.051 0.023  15.562 0.020  15.385 0.018  16.485 0.032  15.821 0.021
2009bb 21  10 31 24.44  -39 55 08.3  17.925 0.117  16.275 0.021  15.655 0.013  15.455 0.025  16.771 0.040  15.994 0.018
2009bb 22  10 31 46.67  -39 58 40.2  17.936 0.137  16.530 0.018  16.026 0.025  15.869 0.023  16.957 0.032  16.285 0.030
2009bb 23  10 31 31.20  -39 53 32.5  18.931 0.124  16.995 0.040  16.245 0.023  15.968 0.024  17.527 0.068  16.653 0.028
2009bb 24  10 31 49.82  -40 00 16.8   ---   ---    17.781 0.063  16.407 0.024  15.576 0.017  18.635 0.058  17.203 0.050
2009bb 25  10 31 42.70  -39 58 20.8  18.482 0.114  17.122 0.019  16.638 0.030  16.429 0.043  17.530 0.014  16.887 0.030
2009bb 26  10 31 48.43  -40 01 29.9  18.926 0.060  17.389 0.015  16.864 0.051  16.685 0.030  17.823 0.090  17.142 0.033
2009bb 27  10 31 54.88  -39 56 16.6   ---   ---    18.486 0.059  17.104 0.031  16.414 0.024  19.246 0.209  17.905 0.076
2009bb 28  10 31 33.46  -39 58 54.0  18.932 0.869  17.685 0.027  17.202 0.026  17.005 0.022  18.080 0.041  17.448 0.043
2009bb 29  10 31 37.38  -39 57 52.8   ---   ---    18.273 0.032  17.448 0.027  17.119 0.063  18.891 0.053  17.901 0.027
2009bb 30  10 31 33.00  -39 58 26.7   ---   ---    18.709 0.038  17.667 0.059  17.255 0.040  19.360 0.089  18.292 0.071
2009bb 31  10 31 31.99  -39 58 28.8   ---   ---    18.401 0.043  17.800 0.052  17.543 0.058  18.856 0.060  18.102 0.040
2009ca  2  21 26 43.20  -40 55 28.0  16.212 0.065  15.032 0.035  14.621 0.019  14.481 0.016  15.401 0.028  14.827 0.033
2009ca  3  21 26 12.95  -40 51 54.9  16.984 0.073  15.599 0.033  15.155 0.025  15.010 0.032  16.027 0.033  15.391 0.028
2009ca  4  21 26 16.57  -40 48 36.0  16.736 0.042  15.582 0.032  15.195 0.019  15.079 0.030  15.941 0.035  15.389 0.024
2009ca  5  21 26 02.05  -40 54 56.2  17.745 0.079  16.272 0.036  15.706 0.027  15.457 0.030  16.792 0.040  16.012 0.028
2009ca  6  21 26 40.16  -40 48 13.5  16.931 0.075  16.062 0.035  15.702 0.027  15.566 0.029  16.392 0.046  15.878 0.031
2009ca  7  21 26 36.40  -40 52 06.9  17.135 0.061  16.157 0.037  15.782 0.030  15.657 0.026  16.551 0.044  16.016 0.032
2009ca  8  21 26 20.64  -40 49 33.2  19.297 0.122  17.096 0.050  16.312 0.031  16.090 0.025  17.668 0.079  16.762 0.022
2009ca  9  21 26 24.48  -40 50 48.2  18.066 0.235  16.914 0.031  16.420 0.025  16.255 0.043  17.322 0.057  16.678 0.038
2009ca 10  21 26 26.86  -40 52 20.5  18.400 0.020  16.923 0.053  16.411 0.034  16.231 0.078  17.438 0.055  16.698 0.027
2009ca 11  21 26 20.63  -40 48 27.2  19.531 0.088  17.400 0.045  16.580 0.023  16.270 0.033  17.919 0.089  17.031 0.077
2009ca 12  21 26 22.38  -40 51 07.7  18.191 0.010  17.161 0.044  16.612 0.032  16.408 0.046  17.538 0.062  16.929 0.051
2009ca 13  21 26 28.70  -40 49 52.2  18.051 0.011  17.008 0.043  16.653 0.042  16.618 0.050  17.370 0.064  16.853 0.037
2009ca 14  21 26 43.48  -40 51 59.5   ---   ---    17.770 0.102  16.860 0.049  16.518 0.035  18.441 0.062  17.413 0.057
2009ca 15  21 26 18.71  -40 51 01.4  18.749 0.205  17.759 0.095  17.245 0.048  17.101 0.053  18.143 0.057  17.513 0.065
2009ca 16  21 26 22.99  -40 52 22.4  18.926 0.100  17.911 0.063  17.387 0.029  17.250 0.051  18.342 0.023  17.708 0.053
2009ca 17  21 26 19.44  -40 54 55.6  19.100 0.029  18.072 0.065  17.635 0.036  17.460 0.053  18.509 0.046  17.902 0.035
2009ca 18  21 26 07.18  -40 51 03.3   ---   ---    18.437 0.006  17.619 0.075  17.302 0.071  18.940 0.090  18.086 0.078
2009ca 19  21 26 04.03  -40 54 15.0   ---   ---    18.537 0.100  17.739 0.049  17.277 0.033  19.310 0.102  18.236 0.022
2009ca 20  21 26 23.21  -40 54 38.6  18.897 0.108  17.943 0.096  17.693 0.066  17.557 0.038  18.202 0.073  17.791 0.051
2009ca 21  21 26 37.70  -40 47 54.5   ---   ---    18.459 0.033  17.877 0.050  17.670 0.034  19.027 0.055  18.212 0.046
2009ca 22  21 26 12.22  -40 50 08.1   ---   ---    18.647 0.161  17.928 0.050  17.584 0.021  19.268 0.119  18.229 0.093
2009ca 23  21 26 31.89  -40 54 52.1   ---   ---    18.875 0.036  18.073 0.093  17.637 0.031  19.415 0.005  18.496 0.033
2009ca 24  21 26 35.67  -40 54 23.4   ---   ---    18.882 0.111  18.079 0.073  17.757 0.044  19.406 0.049  18.528 0.029
2009ca 25  21 26 32.79  -40 49 58.2  19.270 0.095  18.355 0.109  18.075 0.070  17.869 0.048  18.742 0.093  18.233 0.036
2009ca 26  21 26 33.46  -40 53 56.0  20.039 0.173  18.622 0.030  18.116 0.056  17.940 0.067  19.154 0.038  18.350 0.004
2009dp  3  20 26 47.55  -18 40 41.7  18.995 0.091  16.151 0.036  14.958 0.010  14.475 0.013  16.846 0.057  15.648 0.038
2009dp  4  20 26 59.75  -18 33 26.3  16.701 0.021  15.319 0.024  14.792 0.013  14.607 0.018  15.754 0.029  15.072 0.026
2009dp  5  20 26 54.76  -18 38 51.5  17.232 0.017  15.587 0.033  14.920 0.009  14.676 0.024  16.083 0.041  15.270 0.033
2009dp  6  20 27 00.51  -18 35 01.1  16.631 0.017  15.428 0.022  14.999 0.024  14.836 0.018  15.788 0.028  15.216 0.031
2009dp  7  20 27 04.42  -18 33 43.6  17.483 0.022  16.068 0.029  15.503 0.025  15.290 0.019  16.505 0.034  15.794 0.030
2009dp  8  20 26 36.24  -18 36 17.5  18.103 0.045  16.482 0.026  15.883 0.029  15.680 0.015  16.964 0.030  16.190 0.028
2009dp  9  20 26 52.35  -18 38 14.1  18.727 0.171  16.804 0.009  16.024 0.034  15.743 0.021  17.365 0.036  16.453 0.035
2009dp 10  20 26 49.51  -18 33 35.2   ---   ---    17.851 0.008  16.503 0.021  15.793 0.014  18.582 0.040  17.296 0.016
2009dp 11  20 26 51.34  -18 36 34.8   ---   ---    18.664 0.135  17.285 0.038  16.009 0.013  19.595 0.071  18.069 0.100
2009dp 12  20 26 52.14  -18 36 29.6  18.829 0.107  16.907 0.026  16.212 0.020  15.995 0.014  17.464 0.050  16.609 0.027
2009dp 13  20 27 02.99  -18 36 07.8  18.197 0.118  16.847 0.037  16.361 0.038  16.196 0.030  17.265 0.044  16.599 0.032
2009dp 14  20 27 08.57  -18 38 59.8   ---   ---    18.560 0.062  17.119 0.049  16.206 0.039  19.371 0.072  17.963 0.029
2009dp 15  20 27 10.50  -18 39 55.0   ---   ---    18.443 0.031  17.030 0.015  16.267 0.015   ---   ---     ---   ---
2009dp 16  20 26 47.55  -18 35 25.3   ---   ---    17.940 0.017  16.735 0.029  16.207 0.015  18.662 0.215  17.398 0.029
2009dp 17  20 27 02.19  -18 40 26.3  18.950 0.061  17.621 0.045  16.755 0.036  16.454 0.016  18.195 0.046  17.209 0.056
2009dp 18  20 26 48.78  -18 38 52.4  18.821 0.202  17.428 0.030  16.762 0.031  16.533 0.013  17.913 0.046  17.124 0.047
2009dp 19  20 26 43.00  -18 33 35.9  18.612 0.079  17.211 0.020  16.728 0.027  16.534 0.017  17.611 0.056  16.985 0.038
2009dp 20  20 26 58.40  -18 38 07.4  18.807 0.346  17.321 0.030  16.799 0.033  16.627 0.023  17.803 0.060  17.064 0.041
2009dp 21  20 26 49.45  -18 34 27.1   ---   ---    18.554 0.031  17.260 0.195  16.668 0.020  19.239 0.089  18.043 0.045
2009dp 22  20 26 44.02  -18 34 35.8   ---   ---    19.277 0.146  17.837 0.052  16.600 0.027  19.942 0.046  18.578 0.064
2009dp 23  20 26 49.22  -18 38 16.4  18.804 0.045  17.483 0.041  16.941 0.021  16.722 0.022  17.897 0.048  17.216 0.015
2009dp 24  20 26 40.35  -18 38 29.7  18.650 0.027  17.402 0.025  16.924 0.040  16.702 0.019  17.751 0.033  17.175 0.029
2009dp 25  20 27 02.46  -18 34 08.5  19.263 0.349  17.761 0.011  17.169 0.019  16.925 0.020  18.224 0.008  17.444 0.040
2009dp 26  20 26 59.95  -18 36 20.4  19.512 0.102  17.973 0.040  17.287 0.040  17.086 0.016  18.391 0.025  17.637 0.046
2009dp 27  20 27 04.91  -18 39 31.0   ---   ---    19.965 0.027  18.762 0.028  17.470 0.042   ---   ---     ---   ---
2009dt  6  22 09 55.04  -36 07 33.3  17.024 0.017  15.349 0.048  14.772 0.082  14.600 0.095  15.808 0.072  15.074 0.020
2009dt  7  22 10 29.06  -36 06 27.0  16.620 0.027  15.516 0.048  15.128 0.066  15.016 0.083  15.875 0.062  15.312 0.024
2009dt  8  22 10 16.02  -36 05 38.5  18.181 0.113  16.006 0.048  15.175 0.066  14.891 0.085  16.587 0.062  15.633 0.020
2009dt  9  22 10 00.50  -36 07 27.2  17.427 0.032  16.087 0.046  15.531 0.068  15.338 0.085  16.537 0.064  15.831 0.021
2009dt 10  22 10 13.82  -36 09 07.8  19.471 0.100  16.409 0.051  15.309 0.072  14.855 0.089  17.236 0.063  15.908 0.027
2009dt 11  22 10 03.22  -36 04 12.3  18.120 0.052  16.755 0.049  16.197 0.067  15.987 0.099  17.189 0.080  16.495 0.021
2009dt 12  22 10 28.89  -36 06 10.2  17.990 0.061  16.736 0.048  16.190 0.063  15.959 0.083  17.156 0.053  16.484 0.028
2009dt 13  22 09 53.06  -36 04 27.6  17.534 0.030  16.661 0.044  16.393 0.071  16.325 0.074  16.912 0.090  16.527 0.025
2009dt 14  22 10 08.18  -36 08 17.5  18.114 0.083  17.225 0.048  16.958 0.078  16.859 0.105  17.464 0.069  17.076 0.038
2009dt 15  22 10 12.36  -36 09 22.9  19.236 0.061  17.507 0.053  16.875 0.068  16.668 0.087  18.071 0.062  17.217 0.018
2009dt 16  22 10 27.85  -36 07 23.8   ---   ---    18.215 0.069  16.948 0.074  16.254 0.092  18.997 0.077  17.717 0.033
2009dt 17  22 10 11.62  -36 06 51.7  19.286 0.058  18.184 0.038  17.620 0.083  17.502 0.119  18.640 0.142  17.953 0.075
2009dt 18  22 10 04.06  -36 06 24.4   ---   ---    18.283 0.086  17.247 0.058  16.853 0.067  19.006 0.097  17.825 0.017
