#MJD (day	Deltat^a (day	B (mag	V (mag	R (mag	R(c^b (mag	r" (mag	i" (mag	I (mag	Tel.^c	
#54474.45	-0.12	>20.10	>19.80	 sdotsdotsdot 	 sdotsdotsdot 	>20.20	> 20.20	 sdotsdotsdot 	FLWO	
54475.41	0.84	19.08 0.03	18.52 0.04	 99	99  	 99	99  	18.31 0.04	18.17 0.03	 99	99  	FLWO	
54476.41	1.85	19.05 0.07	18.33 0.04	17.80 0.03	17.78 0.05	 99	99  	 99	99  	17.34 0.05	KAIT	
54476.43	1.87	18.98 0.03	18.38 0.03	 99	99  	 99	99  	18.11 0.03	17.86 0.03	 99	99  	FLWO	
54477.35	2.78	19.01 0.03	18.39 0.05	17.84 0.03	 99	99  	 99	99  	 99	99  	17.36 0.02	Nickel	
54477.36	2.79	19.11 0.02	18.44 0.03	 99	99  	 99	99  	18.15 0.02	17.86 0.02	 99	99  	FLWO	
54477.46	2.89	19.15 0.08	18.43 0.05	17.85 0.04	17.82 0.05	 99	99  	-	17.38 0.04	KAIT	
54478.34	3.78	19.09 0.03	18.37 0.02	17.89 0.02	 99	99  	 99	99  	 99	99  	17.37 0.02	Nickel	
54478.39	3.83	19.24 0.02	18.47 0.02	 99	99  	 99	99  	18.17 0.02	17.89 0.02	 99	99  	FLWO	
54478.44	3.87	19.22 0.09	18.43 0.05	17.83 0.04	17.81 0.05	 99	99  	 99	99  	17.40 0.04	KAIT	
54479.43	4.86	19.14 0.06	18.30 0.04	17.78 0.04	17.76 0.05	 99	99  	 99	99  	17.19 0.04	KAIT	
54480.39	5.83	19.34 0.06	18.22 0.04	 99	99  	 99	99  	18.02 0.03	17.72 0.04	 99	99  	FLWO	
54480.40	5.84	19.23 0.07	18.22 0.04	17.68 0.03	17.64 0.05	 99	99  	 99	99  	17.17 0.03	KAIT	
54481.43	6.86	18.95 0.11	17.97 0.05	17.47 0.06	17.48 0.05	 99	99  	 99	99  	16.97 0.05	KAIT	
54481.51	6.94	19.10 0.04	18.05 0.04	 99	99  	 99	99  	17.75 0.05	17.58 0.09	 99	99  	FLWO	
54482.39	7.82	18.88 0.11	17.93 0.05	17.34 0.03	17.31 0.05	 99	99  	 99	99  	16.81 0.04	KAIT	
54482.43	7.86	18.98 0.02	17.94 0.03	 99	99  	 99	99  	17.65 0.03	17.34 0.03	 99	99  	FLWO	
54483.27	8.71	18.89 0.05	17.70 0.03	 99	99  	 99	99  	17.51 0.02	17.25 0.03	 99	99  	FLWO	
54483.36	8.79	18.90 0.10	17.73 0.04	17.27 0.02	17.21 0.06	 99	99  	 99	99  	16.72 0.03	KAIT	
54484.36	9.79	18.69 0.07	17.69 0.04	17.13 0.02	17.07 0.06	 99	99  	 99	99  	16.58 0.02	KAIT	
54485.34	10.77	18.54 0.08	17.61 0.05	17.07 0.02	16.97 0.08	 99	99  	 99	99  	16.41 0.02	KAIT	
54489.41	19.90	18.76 0.05	17.63 0.03	 99	99  	 99	99  	17.00 0.02	16.87 0.02	 99	99  	FLWO	
54495.36	20.80	18.36 0.04	17.38 0.03	 99	99  	 99	99  	17.00 0.02	16.65 0.02	 99	99  	FLWO	
54496.34	21.77	18.52 0.03	17.41 0.02	 99	99  	 99	99  	16.95 0.02	16.59 0.02	 99	99  	FLWO	
54497.39	22.83	18.63 0.03	17.40 0.02	 99	99  	 99	99  	17.06 0.03	16.68 0.03	 99	99  	FLWO	
54498.30	23.74	18.63 0.05	17.50 0.04	 99	99  	 99	99  	17.05 0.02	16.65 0.02	 99	99  	FLWO	
54499.35	24.79	18.72 0.02	17.49 0.02	 99	99  	 99	99  	17.07 0.02	16.70 0.02	 99	99  	FLWO	
54501.42	26.85	18.92 0.07	17.54 0.03	16.82 0.02	 99	99  	 99	99  	 99	99  	16.20 0.02	KAIT	
54502.36	27.79	19.01 0.05	17.58 0.03	16.86 0.02	 99	99  	 99	99  	 99	99  	16.22 0.02	KAIT	
54502.44	27.87	18.93 0.04	17.51 0.02	 99	99  	 99	99  	17.18 0.02	16.77 0.02	 99	99  	FLWO	
54503.34	28.78	19.15 0.03	17.67 0.02	 99	99  	 99	99  	17.22 0.02	16.78 0.02	 99	99  	FLWO	
54503.38	28.81	19.13 0.06	17.64 0.03	16.86 0.02	 99	99  	 99	99  	 99	99  	16.24 0.02	KAIT	
54504.35	29.78	19.19 0.05	17.74 0.03	16.95 0.02	 99	99  	 99	99  	 99	99  	16.27 0.03	KAIT	
54504.37	29.81	19.25 0.04	17.71 0.02	 99	99  	 99	99  	17.29 0.02	16.83 0.02	 99	99  	FLWO	
54505.33	30.76	19.28 0.06	17.82 0.03	17.01 0.02	 99	99  	 99	99  	 99	99  	16.28 0.02	KAIT	
54507.32	32.75	19.52 0.08	17.92 0.03	17.11 0.02	 99	99  	 99	99  	 99	99  	16.38 0.02	KAIT	
54509.29	34.72	19.70 0.06	18.06 0.03	17.21 0.02	 99	99  	 99	99  	 99	99  	16.42 0.02	KAIT	
#
#Notes. Uncertainties of the measurements are indicated in parentheses.
#a Time in days since t0.
#b R 0.c-band magnitudes derived from unfiltered observations.
#c Telescopes used: KAIT = 0.76 m Katzman Automatic Imaging Telescope; Nickel = Lick Observatory 1 m Nickel telescope; FLWO = FLWO 1.2 m telescope.
