## SN 	 z 	 E_B_V_total 	 d [Mpc] 	 t_0 
## SN2007gr 	 0.0017 	 0.085 	 9.289 	 54325.0 
###############BVRI#######################
# t-t_0 	 Lbol [erg/s] 	 log(Lbol) 	 M_ni
5.069999999999709 	 4.601707203103835e+41 	 41.66291898197241 	 0.009415336517069522
5.19999999999709 	 4.910466957035181e+41 	 41.69112279298263 	 0.010159987959625926
7.180000000000291 	 6.621323762397837e+41 	 41.820944824066956 	 0.016166261649183417
7.19999999999709 	 6.453286878384758e+41 	 41.80978097193033 	 0.0157816320682802
8.230000000003201 	 7.426893679964034e+41 	 41.87080720679759 	 0.019723364656991434
9.12999999999738 	 8.047682288410224e+41 	 41.905670822692734 	 0.022919256158415825
9.19999999999709 	 7.95749086519912e+41 	 41.90077614874502 	 0.02278398897540991
10.239999999997963 	 8.13527193883845e+41 	 41.91037207473607 	 0.02518309529805375
11.010000000002037 	 8.505367916074946e+41 	 41.92969310459941 	 0.027843728607419675
11.099999999998545 	 8.61960926859172e+41 	 41.9354875794743 	 0.028399932258657563
13.029999999998836 	 9.028842285721884e+41 	 41.95563206690752 	 0.033972549377022286
13.099999999998545 	 8.940071748628363e+41 	 41.95134100424428 	 0.03379448893562512
13.930000000000291 	 8.64874945463559e+41 	 41.93695331622623 	 0.03450095607360332
14.099999999998545 	 8.92659963132203e+41 	 41.950686056583336 	 0.03599559981157251
16.87000000000262 	 8.1009790738214e+41 	 41.9085375103184 	 0.03850963253778413
17.0199999999968 	 8.059901872401976e+41 	 41.90632975439395 	 0.03863407542455029
18.779999999998836 	 7.409369854175882e+41 	 41.86978127403989 	 0.03897582655187044
21.46100000000297 	 6.97818639524843e+41 	 41.84374256576367 	 0.04163825572875849
21.7699999999968 	 6.705347667291976e+41 	 41.82642130061745 	 0.04054871452757492
22.44000000000233 	 6.582470726348526e+41 	 41.8183889363822 	 0.04094407384869634
23.400000000001455 	 6.165176181469614e+41 	 41.78994549188825 	 0.03985643566164718
24.989999999997963 	 5.345797025768248e+41 	 41.728012465033636 	 0.03667249557844897
25.169999999998254 	 5.4001653460281535e+41 	 41.732407057557836 	 0.037282486159795486
26.455000000001746 	 4.877042717506222e+41 	 41.68815655954809 	 0.03517204110934514
27.385999999998603 	 4.569174657819016e+41 	 41.65983775938581 	 0.03394166920977943
28.169999999998254 	 4.15565993897223e+41 	 41.61864000166898 	 0.03161008409391468
28.468999999997322 	 4.228673904648884e+41 	 41.62620419569975 	 0.03244821626073763
29.42899999999645 	 3.876039671778835e+41 	 41.588388213462956 	 0.030558894690349444
29.839999999996508 	 3.653470000903302e+41 	 41.562705545649855 	 0.029126801897363535
30.40299999999843 	 3.649997318179855e+41 	 41.56229254536055 	 0.029534005406618016
31.099999999998545 	 3.4594541210429905e+41 	 41.5390075754049 	 0.02849241665658208
31.421000000002095 	 3.511782169908675e+41 	 41.54552756949471 	 0.0291534534524043
32.0199999999968 	 3.4547433342326204e+41 	 41.53841578755188 	 0.0290960391045032
32.05000000000291 	 3.3245136021655144e+41 	 41.52172811419622 	 0.028019087580307606
32.099999999998545 	 3.2023568080222833e+41 	 41.50546971956392 	 0.027021374028684583
32.42199999999866 	 3.2761620453609955e+41 	 41.51536537467129 	 0.027852567880372485
33.029999999998836 	 3.2089572547969483e+41 	 41.506363932075416 	 0.027660918068874222
33.06999999999971 	 3.1176957711352e+41 	 41.49383373389212 	 0.026898267137686227
33.466999999996915 	 3.0712447863449184e+41 	 41.48731443224319 	 0.02673063979456633
34.94999999999709 	 2.8690272839329998e+41 	 41.45773467832798 	 0.025759846916822433
35.13999999999942 	 2.8016911234027058e+41 	 41.44742025414892 	 0.0252513735793115
36.94000000000233 	 2.584533563756948e+41 	 41.41238217645719 	 0.02410831712708496
38.099999999998545 	 2.3491971649668456e+41 	 41.370919468060585 	 0.022368872017508847
38.37999999999738 	 2.3465552832599573e+41 	 41.37043079035415 	 0.022451285012457606
38.94999999999709 	 2.308854888685411e+41 	 41.36339663840718 	 0.02230342174858486
39.0 	 2.2639763823717288e+41 	 41.35487189201308 	 0.021888044724438525
40.13999999999942 	 2.192073216022012e+41 	 41.34085505564414 	 0.021586983252483368
43.05999999999767 	 2.0103306241544934e+41 	 41.30326748848407 	 0.020676097545052303
44.383999999998196 	 1.934457032326135e+41 	 41.28655908772441 	 0.02026092672986233
44.93000000000029 	 1.900290620094703e+41 	 41.278820024664235 	 0.02004822185775069
45.40699999999924 	 1.8582098264487595e+41 	 41.26909475235069 	 0.019727056169346436
46.06999999999971 	 1.7650849500017765e+41 	 41.24676561195001 	 0.018898877742947955
48.099999999998545 	 1.7507777045077218e+41 	 41.243231007400226 	 0.01922235174401589
50.029999999998836 	 1.6636037594725427e+41 	 41.22104989312854 	 0.01868413508938031
52.33999999999651 	 1.6090253604323211e+41 	 41.20656288922583 	 0.01854516486569554
54.417999999997846 	 1.5541831365354063e+41 	 41.191502192393195 	 0.01831796331914736
56.01000000000204 	 1.5174534740064821e+41 	 41.181115384233614 	 0.01818502323426516
56.463000000003376 	 1.4924440104698406e+41 	 41.173898047406034 	 0.01796894578208304
57.05999999999767 	 1.462439049594876e+41 	 41.16507777494142 	 0.01771553682026142
57.099999999998545 	 1.4897150024009727e+41 	 41.17310319141673 	 0.018053304662339863
58.06999999999971 	 1.4693921013845388e+41 	 41.16713770099473 	 0.017982790669831432
58.36899999999878 	 1.4572406510307537e+41 	 41.163531277771696 	 0.01788776322367637
59.06999999999971 	 1.4469310505495773e+41 	 41.16044783652381 	 0.01788613453645344
59.43099999999686 	 1.4452925900009878e+41 	 41.15995577606125 	 0.017930126354982926
60.12999999999738 	 1.43621518742372e+41 	 41.1572195149127 	 0.017941135002779263
64.05000000000291 	 1.351675897620482e+41 	 41.13087256975004 	 0.017539543731781047
64.50499999999738 	 1.3377400858409174e+41 	 41.1263717410475 	 0.017434298661876624
64.90000000000146 	 1.3356131010180774e+41 	 41.125680670394274 	 0.017472189558451187
66.37400000000343 	 1.3001261229778859e+41 	 41.11398548450411 	 0.01724714051444964
67.09999999999854 	 1.3156540681349146e+41 	 41.119141712948455 	 0.01757290043081874
69.0199999999968 	 1.2488784157675883e+41 	 41.096520159806104 	 0.016983593892532678
69.40099999999802 	 1.2321595003365785e+41 	 41.09066692993264 	 0.016815832979412415
70.375 	 1.233455108464376e+41 	 41.09112334798791 	 0.0169866226811912
71.0199999999968 	 1.2198413499889867e+41 	 41.08630335091681 	 0.016899886456451876
72.9800000000032 	 1.159541049561328e+41 	 41.06428612794805 	 0.016357845697631677
73.45100000000093 	 1.1515690273629453e+41 	 41.061289975564975 	 0.01631594900708106
76.45599999999831 	 1.1101921626698207e+41 	 41.045398157132695 	 0.016168975469920525
77.08000000000175 	 1.1088837975896974e+41 	 41.04488603784464 	 0.016242219244281382
77.32299999999668 	 1.0918316665871794e+41 	 41.03815568607237 	 0.016027954722949753
78.08000000000175 	 1.0930339905539608e+41 	 41.038633667604316 	 0.01615674485302347
78.4890000000014 	 1.0773163604670328e+41 	 41.03234325522919 	 0.015983859258728753
79.39400000000023 	 1.0605029340372178e+41 	 41.02551187439375 	 0.015864538124776943
81.19999999999709 	 1.0545104917692073e+41 	 41.02305090507579 	 0.016035861798915352
81.37000000000262 	 1.0329590400069026e+41 	 41.01408310075325 	 0.0157323816902811
82.40200000000186 	 1.0098767997755142e+41 	 41.004268395127966 	 0.015525453474332495
84.36499999999796 	 9.775789906734513e+40 	 40.990151859497665 	 0.015298467294587418
85.19999999999709 	 9.772327987541476e+40 	 40.9899980347227 	 0.015408989598309228
#t_peak = 13.029999999998836
#L_peak = 9.028842285721884e+41
#M_ni = 0.033972549377022286
